155 3.1862
160 4.7282
165 5.6656
170 6.3431
175 6.8828
180 7.3447
185 7.7632
190 8.1587
195 8.5444
200 8.9289
205 9.3223
210 9.7289
215 10.1625
220 10.6302
225 11.1331
230 11.6727
235 12.2570
240 12.8844
245 13.5648
250 14.2955
255 15.0658
260 15.8993
265 16.7405
270 17.6265
275 18.5252
280 19.3696
285 20.2324
290 20.9366
295 21.5536
300 22.0593
305 22.3097
310 22.4124
315 22.2943
320 21.9532
325 21.4364
330 20.7913
335 19.9795
340 19.1144
345 18.2343
350 17.2716
355 16.4029
360 15.5361
365 14.6843
370 13.9268
375 13.1968
380 12.5279
385 11.9269
390 11.3655
395 10.8619
400 10.4000
405 9.9747
410 9.5938
415 9.2461
420 8.9292
425 8.6416
430 8.3793
435 8.1418
440 7.9267
445 7.7315
450 7.5521
