155 3.2870
160 4.9700
165 6.0524
170 6.8691
175 7.5370
180 8.1142
185 8.6344
190 9.1188
195 9.5818
200 10.0340
205 10.4886
210 10.9503
215 11.4271
220 11.9250
225 12.4484
230 13.0029
235 13.5944
240 14.2134
245 14.8698
250 15.5633
255 16.2872
260 17.0609
265 17.8090
270 18.5711
275 19.3168
280 19.9829
285 20.6340
290 21.0942
295 21.4308
300 21.6264
305 21.5649
310 21.3348
315 20.8905
320 20.2303
325 19.3990
330 18.4871
335 17.4385
340 16.3641
345 15.3066
350 14.2028
355 13.2188
360 12.2710
365 11.3664
370 10.5620
375 9.8082
380 9.1250
385 8.5153
390 7.9588
395 7.4632
400 7.0180
405 6.6176
410 6.2588
415 5.9374
420 5.6493
425 5.3909
430 5.1606
435 4.9507
440 4.7589
445 4.5855
450 4.4290
