155 3.3589
160 5.1052
165 6.2340
170 7.0785
175 7.7548
180 8.3213
185 8.8127
190 9.2516
195 9.6542
200 10.0323
205 10.3982
210 10.7578
215 11.1128
220 11.4677
225 11.8292
230 12.2057
235 12.5988
240 13.0095
245 13.4425
250 13.8868
255 14.3217
260 14.7659
265 15.1935
270 15.6205
275 16.0199
280 16.3440
285 16.6342
290 16.7646
295 16.7797
300 16.6722
305 16.3819
310 15.9554
315 15.4017
320 14.7199
325 13.9320
330 13.1210
335 12.2422
340 11.3673
345 10.5285
350 9.6858
355 8.9344
360 8.2290
365 7.5743
370 7.0032
375 6.4877
380 6.0280
385 5.6219
390 5.2635
395 4.9438
400 4.6623
405 4.4156
410 4.1953
415 4.0032
420 3.8356
425 3.6884
430 3.5622
435 3.4529
440 3.3594
445 3.2822
450 3.2074
