155 3.3128
160 4.9642
165 5.9601
170 6.6358
175 7.1089
180 7.4389
185 7.6615
190 7.8005
195 7.8727
200 7.8887
205 7.8407
210 7.7438
215 7.6141
220 7.4585
225 7.2783
230 7.0747
235 6.8540
240 6.6228
245 6.3858
250 6.1566
255 5.9553
260 5.7792
265 5.6731
270 5.6315
275 5.6748
280 5.8326
285 6.1000
290 6.5435
295 7.1538
300 7.9172
305 8.7935
310 9.8105
315 10.8973
320 12.0553
325 13.2760
330 14.3961
335 15.4886
340 16.4958
345 17.3762
350 18.1535
355 18.8272
360 19.3896
365 19.8469
370 20.2223
375 20.4960
380 20.7083
385 20.8742
390 20.9727
395 21.0467
400 21.0790
405 21.0710
410 21.0495
415 20.9990
420 20.9305
425 20.8566
430 20.7679
435 20.6719
440 20.5689
445 20.4556
450 20.3583
