155 3.1906
160 4.7061
165 5.5664
170 6.1108
175 6.4606
180 6.6783
185 6.8015
190 6.8556
195 6.8587
200 6.8254
205 6.7759
210 6.7151
215 6.6444
220 6.5695
225 6.4996
230 6.4471
235 6.4148
240 6.4075
245 6.4309
250 6.4898
255 6.5887
260 6.7363
265 6.9395
270 7.2065
275 7.5399
280 7.9362
285 8.4132
290 8.9222
295 9.4858
300 10.0903
305 10.6674
310 11.2642
315 11.8005
320 12.2745
325 12.7023
330 13.0286
335 13.2703
340 13.4388
345 13.5277
350 13.5262
355 13.4991
360 13.4096
365 13.2701
370 13.1333
375 12.9599
380 12.7765
385 12.5906
390 12.3849
395 12.1973
400 12.0105
405 11.8225
410 11.6454
415 11.4697
420 11.2975
425 11.1317
430 10.9683
435 10.8211
440 10.6906
445 10.5712
450 10.4561
