155 3.3578
160 5.1030
165 6.2311
170 7.0755
175 7.7523
180 8.3198
185 8.8127
190 9.2538
195 9.6589
200 10.0400
205 10.4089
210 10.7717
215 11.1311
220 11.4915
225 11.8594
230 12.2433
235 12.6449
240 13.0639
245 13.5055
250 13.9592
255 14.4045
260 14.8605
265 15.2996
270 15.7389
275 16.1504
280 16.4852
285 16.7860
290 16.9259
295 16.9499
300 16.8508
305 16.5675
310 16.1473
315 15.5960
320 14.9127
325 14.1208
330 13.3041
335 12.4173
340 11.5335
345 10.6852
350 9.8315
355 9.0705
360 8.3556
365 7.6913
370 7.1110
375 6.5862
380 6.1179
385 5.7039
390 5.3378
395 5.0114
400 4.7235
405 4.4709
410 4.2456
415 4.0491
420 3.8774
425 3.7264
430 3.5965
435 3.4835
440 3.3864
445 3.3054
450 3.2279
