155 3.3475
160 5.0840
165 6.2069
170 7.0497
175 7.7287
180 8.3023
185 8.8048
190 9.2590
195 9.6802
200 10.0802
205 10.4699
210 10.8555
215 11.2436
220 11.6394
225 12.0485
230 12.4785
235 12.9324
240 13.4038
245 13.8998
250 14.4131
255 14.9270
260 15.4602
265 15.9746
270 16.4922
275 16.9826
280 17.3901
285 17.7645
290 17.9701
295 18.0564
300 18.0159
305 17.7789
310 17.3992
315 16.8646
320 16.1745
325 15.3595
330 14.5082
335 13.5716
340 12.6316
345 11.7230
350 10.7995
355 9.9778
360 9.2018
365 8.4756
370 7.8364
375 7.2519
380 6.7278
385 6.2631
390 5.8484
395 5.4785
400 5.1502
405 4.8599
410 4.6022
415 4.3763
420 4.1776
425 4.0012
430 3.8477
435 3.7110
440 3.5901
445 3.4853
450 3.3896
