155 3.2122
160 4.7512
165 5.6327
170 6.1943
175 6.5563
180 6.7803
185 6.9039
190 6.9520
195 6.9428
200 6.8903
205 6.8114
210 6.7124
215 6.5970
220 6.4710
225 6.3433
230 6.2257
235 6.1213
240 6.0354
245 5.9738
250 5.9428
255 5.9493
260 6.0001
265 6.1112
270 6.2873
275 6.5347
280 6.8572
285 7.2671
290 7.7355
295 8.2787
300 8.8835
305 9.4897
310 10.1378
315 10.7479
320 11.3188
325 11.8620
330 12.3054
335 12.6750
340 12.9687
345 13.1744
350 13.2880
355 13.3606
360 13.3622
365 13.3046
370 13.2358
375 13.1206
380 12.9867
385 12.8427
390 12.6717
395 12.5111
400 12.3447
405 12.1711
410 12.0053
415 11.8368
420 11.6685
425 11.5039
430 11.3389
435 11.1879
440 11.0514
445 10.9240
450 10.8016
