155 3.1975
160 4.7587
165 5.7183
170 6.4197
175 6.9841
180 7.4712
185 7.9149
190 8.3357
195 8.7466
200 9.1561
205 9.5738
210 10.0042
215 10.4610
220 10.9513
225 11.4768
230 12.0396
235 12.6475
240 13.2978
245 14.0006
250 14.7532
255 15.5445
260 16.3986
265 17.2559
270 18.1550
275 19.0629
280 19.9104
285 20.7719
290 21.4646
295 22.0618
300 22.5391
305 22.7507
310 22.8057
315 22.6332
320 22.2311
325 21.6482
330 20.9396
335 20.0626
340 19.1354
345 18.1983
350 17.1817
355 16.2650
360 15.3547
365 14.4642
370 13.6735
375 12.9153
380 12.2218
385 11.5991
390 11.0196
395 10.4997
400 10.0237
405 9.5866
410 9.1954
415 8.8392
420 8.5149
425 8.2204
430 7.9522
435 7.7094
440 7.4898
445 7.2908
450 7.1074
