155 3.3556
160 5.0989
165 6.2260
170 7.0701
175 7.7476
180 8.3167
185 8.8122
190 9.2566
195 9.6658
200 10.0516
205 10.4256
210 10.7939
215 11.1603
220 11.5296
225 11.9080
230 12.3036
235 12.7188
240 13.1513
245 13.6067
250 14.0754
255 14.5379
260 15.0130
265 15.4710
270 15.9300
275 16.3612
280 16.7137
285 17.0323
290 17.1879
295 17.2267
300 17.1416
305 16.8698
310 16.4597
315 15.9123
320 15.2269
325 14.4287
330 13.6030
335 12.7034
340 11.8053
345 10.9416
350 10.0701
355 9.2938
360 8.5634
365 7.8835
370 7.2883
375 6.7485
380 6.2661
385 5.8393
390 5.4610
395 5.1235
400 4.8254
405 4.5632
410 4.3299
415 4.1261
420 3.9477
425 3.7904
430 3.6546
435 3.5356
440 3.4325
445 3.3456
450 3.2636
