155 3.3123
160 5.0193
165 6.1211
170 6.9521
175 7.6287
180 8.2090
185 8.7269
190 9.2043
195 9.6559
200 10.0927
205 10.5273
210 10.9650
215 11.4142
220 11.8807
225 12.3690
230 12.8852
235 13.4345
240 14.0065
245 14.6104
250 15.2444
255 15.8999
260 16.5951
265 17.2652
270 17.9444
275 18.6018
280 19.1759
285 19.7267
290 20.0928
295 20.3351
300 20.4407
305 20.3113
310 20.0221
315 19.5365
320 18.8533
325 18.0133
330 17.1093
335 16.0863
340 15.0457
345 14.0274
350 12.9739
355 12.0369
360 11.1413
365 10.2924
370 9.5381
375 8.8361
380 8.2020
385 7.6373
390 7.1256
395 6.6697
400 6.2619
405 5.8973
410 5.5718
415 5.2825
420 5.0248
425 4.7944
430 4.5907
435 4.4053
440 4.2363
445 4.0845
450 3.9485
