155 3.1570
160 4.6493
165 5.5237
170 6.1274
175 6.5844
180 6.9565
185 7.2792
190 7.5743
195 7.8558
200 8.1336
205 8.4234
210 8.7278
215 9.0566
220 9.4157
225 9.8074
230 10.2329
235 10.6994
240 11.2092
245 11.7706
250 12.3824
255 13.0375
260 13.7562
265 14.4939
270 15.2822
275 16.0965
280 16.8834
285 17.7041
290 18.4072
295 19.0543
300 19.6233
305 19.9839
310 20.2333
315 20.2949
320 20.1657
325 19.8861
330 19.4785
335 18.9183
340 18.2976
345 17.6443
350 16.9029
355 16.2318
360 15.5478
365 14.8630
370 14.2496
375 13.6471
380 13.0899
385 12.5858
390 12.1072
395 11.6801
400 11.2866
405 10.9217
410 10.5922
415 10.2881
420 10.0094
425 9.7572
430 9.5262
435 9.3170
440 9.1275
445 8.9549
450 8.7974
