155 3.2468
160 4.8831
165 5.9226
170 6.7028
175 7.3419
180 7.8982
185 8.4052
190 8.8838
195 9.3474
200 9.8055
205 10.2701
210 10.7456
215 11.2415
220 11.7642
225 12.3175
230 12.9064
235 13.5375
240 14.2041
245 14.9163
250 15.6735
255 16.4676
260 17.3208
265 18.1569
270 19.0183
275 19.8733
280 20.6551
285 21.4347
290 22.0228
295 22.4932
300 22.8234
305 22.8757
310 22.7539
315 22.4008
320 21.8143
325 21.0435
330 20.1682
335 19.1349
340 18.0642
345 17.0011
350 15.8755
355 14.8664
360 13.8819
365 12.9327
370 12.0905
375 11.2942
380 10.5697
385 9.9209
390 9.3236
395 8.7901
400 8.3071
405 7.8687
410 7.4755
415 7.1202
420 6.7990
425 6.5088
430 6.2470
435 6.0095
440 5.7939
445 5.5989
450 5.4199
