155 3.1656
160 4.6724
165 5.5664
170 6.1944
175 6.6796
180 7.0835
185 7.4409
190 7.7732
195 8.0938
200 8.4122
205 8.7416
210 9.0853
215 9.4550
220 9.8573
225 10.2936
230 10.7646
235 11.2781
240 11.8352
245 12.4449
250 13.1051
255 13.8075
260 14.5735
265 15.3548
270 16.1853
275 17.0371
280 17.8510
285 18.6933
290 19.4027
295 20.0446
300 20.5961
305 20.9211
310 21.1211
315 21.1205
320 20.9164
325 20.5518
330 20.0579
335 19.4051
340 18.6940
345 17.9564
350 17.1319
355 16.3869
360 15.6341
365 14.8862
370 14.2178
375 13.5662
380 12.9659
385 12.4246
390 11.9143
395 11.4575
400 11.0374
405 10.6488
410 10.2991
415 9.9779
420 9.6841
425 9.4182
430 9.1752
435 8.9549
440 8.7551
445 8.5731
450 8.4070
