155 3.1589
160 4.6407
165 5.4757
170 6.0068
175 6.3572
180 6.5901
185 6.7436
190 6.8425
195 6.9045
200 6.9435
205 6.9833
210 7.0261
215 7.0721
220 7.1262
225 7.1969
230 7.2949
235 7.4231
240 7.5856
245 7.7884
250 8.0341
255 8.3233
260 8.6681
265 9.0569
270 9.5055
275 10.0086
280 10.5480
285 11.1540
290 11.7419
295 12.3471
300 12.9535
305 13.4746
310 13.9725
315 14.3679
320 14.6582
325 14.8675
330 14.9682
335 14.9629
340 14.8882
345 14.7492
350 14.5209
355 14.2979
360 14.0286
365 13.7257
370 13.4488
375 13.1518
380 12.8616
385 12.5849
390 12.3020
395 12.0505
400 11.8120
405 11.5825
410 11.3701
415 11.1662
420 10.9725
425 10.7917
430 10.6191
435 10.4654
440 10.3303
445 10.2088
450 10.0932
