155 3.2807
160 4.8959
165 5.8533
170 6.4882
175 6.9185
180 7.2042
185 7.3814
190 7.4741
195 7.4995
200 7.4694
205 7.3849
210 7.2580
215 7.1007
220 6.9194
225 6.7185
230 6.5036
235 6.2798
240 6.0538
245 5.8307
250 5.6217
255 5.4425
260 5.2937
265 5.2120
270 5.1950
275 5.2587
280 5.4252
285 5.6943
290 6.0995
295 6.6395
300 7.3010
305 8.0395
310 8.8846
315 9.7605
320 10.6676
325 11.6039
330 12.4396
335 13.2304
340 13.9371
345 14.5287
350 15.0200
355 15.4269
360 15.7355
365 15.9545
370 16.1156
375 16.1949
380 16.2277
385 16.2267
390 16.1737
395 16.1075
400 16.0124
405 15.8895
410 15.7615
415 15.6153
420 15.4578
425 15.2978
430 15.1285
435 14.9611
440 14.7962
445 14.6296
450 14.4744
