0.000	5.456	0.0000	0.0000	0.0000	0.0000	0.0000	0.7994	0.0000
5.000	5.493	-0.0092	0.0000	0.0000	0.0000	0.0000	0.8015	-0.0012
10.000	5.600	-0.0359	0.0000	0.0000	0.0000	0.0000	0.8072	-0.0062
15.000	5.772	-0.0772	0.0000	0.0000	0.0000	0.0000	0.8150	-0.0179
20.000	6.000	-0.1294	0.0000	0.0000	0.0000	0.0000	0.8229	-0.0381
25.000	6.273	-0.1883	0.0000	0.0000	0.0000	0.0000	0.8285	-0.0674
30.000	6.581	-0.2500	0.0000	0.0000	0.0000	0.0000	0.8298	-0.1055
35.000	6.915	-0.3113	0.0000	0.0000	0.0000	0.0000	0.8250	-0.1517
40.000	7.269	-0.3695	0.0000	0.0000	0.0000	0.0000	0.8124	-0.2045
45.000	7.639	-0.4223	0.0000	0.0000	0.0000	0.0000	0.7908	-0.2626
50.000	8.021	-0.4680	0.0000	0.0000	0.0000	0.0000	0.7592	-0.3244
55.000	8.415	-0.5054	0.0000	0.0000	0.0000	0.0000	0.7166	-0.3882
60.000	8.822	-0.5333	0.0000	0.0000	0.0000	0.0000	0.6627	-0.4520
65.000	9.244	-0.5513	0.0000	0.0000	0.0000	0.0000	0.5976	-0.5140
70.000	9.684	-0.5592	0.0000	0.0000	0.0000	0.0000	0.5217	-0.5722
75.000	10.144	-0.5572	0.0000	0.0000	0.0000	0.0000	0.4359	-0.6247
80.000	10.627	-0.5458	0.0000	0.0000	0.0000	0.0000	0.3418	-0.6700
85.000	11.134	-0.5261	0.0000	0.0000	0.0000	0.0000	0.2410	-0.7066
90.000	11.666	-0.4992	0.0000	0.0000	0.0000	0.0000	0.1358	-0.7336
95.000	12.222	-0.4664	0.0000	0.0000	0.0000	0.0000	0.0282	-0.7503
100.000	12.801	-0.4293	0.0000	0.0000	0.0000	0.0000	-0.0796	-0.7568
105.000	13.399	-0.3892	0.0000	0.0000	0.0000	0.0000	-0.1857	-0.7531
110.000	14.011	-0.3476	0.0000	0.0000	0.0000	0.0000	-0.2884	-0.7397
115.000	14.631	-0.3057	0.0000	0.0000	0.0000	0.0000	-0.3861	-0.7175
120.000	15.252	-0.2644	0.0000	0.0000	0.0000	0.0000	-0.4778	-0.6873
125.000	15.866	-0.2247	0.0000	0.0000	0.0000	0.0000	-0.5628	-0.6500
130.000	16.465	-0.1873	0.0000	0.0000	0.0000	0.0000	-0.6404	-0.6065
135.000	17.040	-0.1526	0.0000	0.0000	0.0000	0.0000	-0.7103	-0.5579
140.000	17.583	-0.1210	0.0000	0.0000	0.0000	0.0000	-0.7725	-0.5050
145.000	18.085	-0.0929	0.0000	0.0000	0.0000	0.0000	-0.8268	-0.4484
150.000	18.538	-0.0683	0.0000	0.0000	0.0000	0.0000	-0.8735	-0.3890
155.000	18.934	-0.0475	0.0000	0.0000	0.0000	0.0000	-0.9126	-0.3273
160.000	19.268	-0.0304	0.0000	0.0000	0.0000	0.0000	-0.9443	-0.2638
165.000	19.534	-0.0171	0.0000	0.0000	0.0000	0.0000	-0.9688	-0.1989
170.000	19.727	-0.0076	0.0000	0.0000	0.0000	0.0000	-0.9862	-0.1331
175.000	19.844	-0.0019	0.0000	0.0000	0.0000	0.0000	-0.9965	-0.0667
180.000	19.883	0.0000	0.0000	0.0000	0.0000	0.0000	-1.0000	0.0000
