0.000	401.649	0.0000	0.0000	0.0000	0.0000	0.0000	-0.7805	0.0000
5.000	398.617	0.0019	0.0000	0.0000	0.0000	0.0000	-0.7761	0.0603
10.000	389.732	0.0077	0.0000	0.0000	0.0000	0.0000	-0.7630	0.1193
15.000	375.622	0.0175	0.0000	0.0000	0.0000	0.0000	-0.7411	0.1757
20.000	357.267	0.0313	0.0000	0.0000	0.0000	0.0000	-0.7107	0.2279
25.000	335.875	0.0491	0.0000	0.0000	0.0000	0.0000	-0.6716	0.2742
30.000	312.736	0.0707	0.0000	0.0000	0.0000	0.0000	-0.6241	0.3124
35.000	289.078	0.0957	0.0000	0.0000	0.0000	0.0000	-0.5689	0.3402
40.000	265.966	0.1234	0.0000	0.0000	0.0000	0.0000	-0.5072	0.3548
45.000	244.241	0.1525	0.0000	0.0000	0.0000	0.0000	-0.4413	0.3542
50.000	224.498	0.1816	0.0000	0.0000	0.0000	0.0000	-0.3741	0.3364
55.000	207.093	0.2088	0.0000	0.0000	0.0000	0.0000	-0.3094	0.3009
60.000	192.181	0.2324	0.0000	0.0000	0.0000	0.0000	-0.2516	0.2485
65.000	179.741	0.2505	0.0000	0.0000	0.0000	0.0000	-0.2048	0.1816
70.000	169.638	0.2621	0.0000	0.0000	0.0000	0.0000	-0.1722	0.1041
75.000	161.650	0.2665	0.0000	0.0000	0.0000	0.0000	-0.1562	0.0209
80.000	155.513	0.2638	0.0000	0.0000	0.0000	0.0000	-0.1572	-0.0628
85.000	150.945	0.2547	0.0000	0.0000	0.0000	0.0000	-0.1745	-0.1423
90.000	147.671	0.2405	0.0000	0.0000	0.0000	0.0000	-0.2059	-0.2136
95.000	145.436	0.2224	0.0000	0.0000	0.0000	0.0000	-0.2487	-0.2743
100.000	144.010	0.2018	0.0000	0.0000	0.0000	0.0000	-0.3000	-0.3228
105.000	143.198	0.1800	0.0000	0.0000	0.0000	0.0000	-0.3568	-0.3588
110.000	142.836	0.1579	0.0000	0.0000	0.0000	0.0000	-0.4166	-0.3827
115.000	142.791	0.1364	0.0000	0.0000	0.0000	0.0000	-0.4771	-0.3952
120.000	142.958	0.1159	0.0000	0.0000	0.0000	0.0000	-0.5367	-0.3975
125.000	143.257	0.0968	0.0000	0.0000	0.0000	0.0000	-0.5941	-0.3908
130.000	143.627	0.0794	0.0000	0.0000	0.0000	0.0000	-0.6483	-0.3762
135.000	144.025	0.0637	0.0000	0.0000	0.0000	0.0000	-0.6985	-0.3549
140.000	144.421	0.0499	0.0000	0.0000	0.0000	0.0000	-0.7442	-0.3279
145.000	144.796	0.0379	0.0000	0.0000	0.0000	0.0000	-0.7851	-0.2962
150.000	145.140	0.0276	0.0000	0.0000	0.0000	0.0000	-0.8209	-0.2605
155.000	145.450	0.0190	0.0000	0.0000	0.0000	0.0000	-0.8515	-0.2217
160.000	145.686	0.0121	0.0000	0.0000	0.0000	0.0000	-0.8765	-0.1803
165.000	145.934	0.0068	0.0000	0.0000	0.0000	0.0000	-0.8964	-0.1369
170.000	146.068	0.0030	0.0000	0.0000	0.0000	0.0000	-0.9104	-0.0920
175.000	146.148	0.0007	0.0000	0.0000	0.0000	0.0000	-0.9188	-0.0462
180.000	146.175	-0.0000	0.0000	0.0000	0.0000	0.0000	-0.9216	0.0000
