0.000	520.409	0.0000	0.0000	0.0000	0.0000	0.0000	-0.6066	0.0000
5.000	515.220	0.0046	0.0000	0.0000	0.0000	0.0000	-0.6049	0.0363
10.000	500.170	0.0184	0.0000	0.0000	0.0000	0.0000	-0.5998	0.0720
15.000	476.670	0.0415	0.0000	0.0000	0.0000	0.0000	-0.5905	0.1060
20.000	446.779	0.0738	0.0000	0.0000	0.0000	0.0000	-0.5761	0.1370
25.000	412.826	0.1153	0.0000	0.0000	0.0000	0.0000	-0.5561	0.1630
30.000	377.112	0.1654	0.0000	0.0000	0.0000	0.0000	-0.5297	0.1817
35.000	341.656	0.2230	0.0000	0.0000	0.0000	0.0000	-0.4970	0.1902
40.000	308.062	0.2861	0.0000	0.0000	0.0000	0.0000	-0.4588	0.1858
45.000	277.458	0.3518	0.0000	0.0000	0.0000	0.0000	-0.4169	0.1661
50.000	250.516	0.4163	0.0000	0.0000	0.0000	0.0000	-0.3738	0.1298
55.000	227.515	0.4752	0.0000	0.0000	0.0000	0.0000	-0.3329	0.0771
60.000	208.426	0.5241	0.0000	0.0000	0.0000	0.0000	-0.2979	0.0103
65.000	192.989	0.5594	0.0000	0.0000	0.0000	0.0000	-0.2721	-0.0663
70.000	180.813	0.5786	0.0000	0.0000	0.0000	0.0000	-0.2576	-0.1475
75.000	171.429	0.5814	0.0000	0.0000	0.0000	0.0000	-0.2554	-0.2273
80.000	164.347	0.5691	0.0000	0.0000	0.0000	0.0000	-0.2651	-0.3007
85.000	159.100	0.5441	0.0000	0.0000	0.0000	0.0000	-0.2852	-0.3638
90.000	155.258	0.5097	0.0000	0.0000	0.0000	0.0000	-0.3135	-0.4147
95.000	152.451	0.4690	0.0000	0.0000	0.0000	0.0000	-0.3478	-0.4524
100.000	150.370	0.4248	0.0000	0.0000	0.0000	0.0000	-0.3860	-0.4776
105.000	148.767	0.3795	0.0000	0.0000	0.0000	0.0000	-0.4265	-0.4914
110.000	147.455	0.3346	0.0000	0.0000	0.0000	0.0000	-0.4679	-0.4949
115.000	146.290	0.2912	0.0000	0.0000	0.0000	0.0000	-0.5095	-0.4898
120.000	145.186	0.2502	0.0000	0.0000	0.0000	0.0000	-0.5504	-0.4773
125.000	144.082	0.2119	0.0000	0.0000	0.0000	0.0000	-0.5902	-0.4584
130.000	142.949	0.1764	0.0000	0.0000	0.0000	0.0000	-0.6285	-0.4341
135.000	141.801	0.1440	0.0000	0.0000	0.0000	0.0000	-0.6650	-0.4050
140.000	140.610	0.1147	0.0000	0.0000	0.0000	0.0000	-0.6994	-0.3716
145.000	139.448	0.0886	0.0000	0.0000	0.0000	0.0000	-0.7312	-0.3344
150.000	138.321	0.0656	0.0000	0.0000	0.0000	0.0000	-0.7600	-0.2938
155.000	137.256	0.0459	0.0000	0.0000	0.0000	0.0000	-0.7855	-0.2501
160.000	136.269	0.0296	0.0000	0.0000	0.0000	0.0000	-0.8073	-0.2037
165.000	135.311	0.0168	0.0000	0.0000	0.0000	0.0000	-0.8250	-0.1551
170.000	134.766	0.0075	0.0000	0.0000	0.0000	0.0000	-0.8378	-0.1044
175.000	134.431	0.0019	0.0000	0.0000	0.0000	0.0000	-0.8455	-0.0525
180.000	134.317	-0.0000	0.0000	0.0000	0.0000	0.0000	-0.8481	0.0000
