0.000	560.056	0.0000	0.0000	0.0000	0.0000	0.0000	-0.6357	0.0000
5.000	554.655	0.0042	0.0000	0.0000	0.0000	0.0000	-0.6337	0.0391
10.000	538.960	0.0169	0.0000	0.0000	0.0000	0.0000	-0.6275	0.0774
15.000	514.381	0.0382	0.0000	0.0000	0.0000	0.0000	-0.6165	0.1141
20.000	482.990	0.0680	0.0000	0.0000	0.0000	0.0000	-0.6003	0.1476
25.000	447.164	0.1063	0.0000	0.0000	0.0000	0.0000	-0.5780	0.1761
30.000	409.282	0.1525	0.0000	0.0000	0.0000	0.0000	-0.5495	0.1974
35.000	371.458	0.2058	0.0000	0.0000	0.0000	0.0000	-0.5148	0.2088
40.000	335.398	0.2643	0.0000	0.0000	0.0000	0.0000	-0.4747	0.2077
45.000	302.325	0.3257	0.0000	0.0000	0.0000	0.0000	-0.4310	0.1919
50.000	272.995	0.3863	0.0000	0.0000	0.0000	0.0000	-0.3863	0.1598
55.000	247.745	0.4424	0.0000	0.0000	0.0000	0.0000	-0.3438	0.1116
60.000	226.586	0.4898	0.0000	0.0000	0.0000	0.0000	-0.3071	0.0491
65.000	209.282	0.5250	0.0000	0.0000	0.0000	0.0000	-0.2797	-0.0241
70.000	195.444	0.5457	0.0000	0.0000	0.0000	0.0000	-0.2638	-0.1030
75.000	184.599	0.5511	0.0000	0.0000	0.0000	0.0000	-0.2606	-0.1820
80.000	176.248	0.5421	0.0000	0.0000	0.0000	0.0000	-0.2699	-0.2560
85.000	169.904	0.5207	0.0000	0.0000	0.0000	0.0000	-0.2903	-0.3212
90.000	165.124	0.4897	0.0000	0.0000	0.0000	0.0000	-0.3198	-0.3749
95.000	161.520	0.4521	0.0000	0.0000	0.0000	0.0000	-0.3561	-0.4160
100.000	158.768	0.4105	0.0000	0.0000	0.0000	0.0000	-0.3969	-0.4447
105.000	156.610	0.3672	0.0000	0.0000	0.0000	0.0000	-0.4404	-0.4617
110.000	154.839	0.3239	0.0000	0.0000	0.0000	0.0000	-0.4850	-0.4681
115.000	153.313	0.2818	0.0000	0.0000	0.0000	0.0000	-0.5297	-0.4655
120.000	151.925	0.2418	0.0000	0.0000	0.0000	0.0000	-0.5736	-0.4550
125.000	150.608	0.2043	0.0000	0.0000	0.0000	0.0000	-0.6160	-0.4377
130.000	149.326	0.1697	0.0000	0.0000	0.0000	0.0000	-0.6566	-0.4148
135.000	148.061	0.1381	0.0000	0.0000	0.0000	0.0000	-0.6948	-0.3869
140.000	146.839	0.1097	0.0000	0.0000	0.0000	0.0000	-0.7304	-0.3547
145.000	145.660	0.0844	0.0000	0.0000	0.0000	0.0000	-0.7631	-0.3187
150.000	144.544	0.0623	0.0000	0.0000	0.0000	0.0000	-0.7924	-0.2795
155.000	143.511	0.0434	0.0000	0.0000	0.0000	0.0000	-0.8180	-0.2375
160.000	142.574	0.0279	0.0000	0.0000	0.0000	0.0000	-0.8396	-0.1931
165.000	141.693	0.0158	0.0000	0.0000	0.0000	0.0000	-0.8571	-0.1468
170.000	141.176	0.0070	0.0000	0.0000	0.0000	0.0000	-0.8696	-0.0987
175.000	140.859	0.0018	0.0000	0.0000	0.0000	0.0000	-0.8772	-0.0496
180.000	140.752	0.0000	0.0000	0.0000	0.0000	0.0000	-0.8797	0.0000
