0.000	282.003	0.0000	0.0000	0.0000	0.0000	0.0000	-0.7827	0.0000
5.000	280.038	0.0014	0.0000	0.0000	0.0000	0.0000	-0.7776	0.0656
10.000	274.271	0.0055	0.0000	0.0000	0.0000	0.0000	-0.7625	0.1296
15.000	265.088	0.0125	0.0000	0.0000	0.0000	0.0000	-0.7374	0.1908
20.000	253.108	0.0224	0.0000	0.0000	0.0000	0.0000	-0.7027	0.2473
25.000	239.104	0.0352	0.0000	0.0000	0.0000	0.0000	-0.6584	0.2973
30.000	223.913	0.0507	0.0000	0.0000	0.0000	0.0000	-0.6049	0.3386
35.000	208.340	0.0687	0.0000	0.0000	0.0000	0.0000	-0.5432	0.3686
40.000	193.095	0.0885	0.0000	0.0000	0.0000	0.0000	-0.4747	0.3847
45.000	178.743	0.1093	0.0000	0.0000	0.0000	0.0000	-0.4020	0.3846
50.000	165.694	0.1298	0.0000	0.0000	0.0000	0.0000	-0.3285	0.3666
55.000	154.201	0.1488	0.0000	0.0000	0.0000	0.0000	-0.2583	0.3302
60.000	144.381	0.1649	0.0000	0.0000	0.0000	0.0000	-0.1961	0.2761
65.000	136.239	0.1770	0.0000	0.0000	0.0000	0.0000	-0.1461	0.2072
70.000	129.691	0.1842	0.0000	0.0000	0.0000	0.0000	-0.1119	0.1272
75.000	124.599	0.1862	0.0000	0.0000	0.0000	0.0000	-0.0955	0.0414
80.000	120.791	0.1833	0.0000	0.0000	0.0000	0.0000	-0.0974	-0.0452
85.000	118.080	0.1760	0.0000	0.0000	0.0000	0.0000	-0.1167	-0.1276
90.000	116.279	0.1651	0.0000	0.0000	0.0000	0.0000	-0.1510	-0.2020
95.000	115.211	0.1518	0.0000	0.0000	0.0000	0.0000	-0.1975	-0.2657
100.000	114.717	0.1369	0.0000	0.0000	0.0000	0.0000	-0.2530	-0.3173
105.000	114.657	0.1213	0.0000	0.0000	0.0000	0.0000	-0.3144	-0.3561
110.000	114.914	0.1058	0.0000	0.0000	0.0000	0.0000	-0.3790	-0.3825
115.000	115.391	0.0907	0.0000	0.0000	0.0000	0.0000	-0.4444	-0.3973
120.000	116.007	0.0766	0.0000	0.0000	0.0000	0.0000	-0.5088	-0.4014
125.000	116.701	0.0636	0.0000	0.0000	0.0000	0.0000	-0.5708	-0.3960
130.000	117.425	0.0518	0.0000	0.0000	0.0000	0.0000	-0.6294	-0.3824
135.000	118.148	0.0414	0.0000	0.0000	0.0000	0.0000	-0.6836	-0.3616
140.000	118.838	0.0322	0.0000	0.0000	0.0000	0.0000	-0.7330	-0.3348
145.000	119.480	0.0243	0.0000	0.0000	0.0000	0.0000	-0.7772	-0.3030
150.000	120.042	0.0176	0.0000	0.0000	0.0000	0.0000	-0.8157	-0.2668
155.000	120.556	0.0121	0.0000	0.0000	0.0000	0.0000	-0.8486	-0.2273
160.000	121.025	0.0077	0.0000	0.0000	0.0000	0.0000	-0.8759	-0.1850
165.000	121.348	0.0043	0.0000	0.0000	0.0000	0.0000	-0.8969	-0.1405
170.000	121.579	0.0019	0.0000	0.0000	0.0000	0.0000	-0.9119	-0.0945
175.000	121.718	0.0005	0.0000	0.0000	0.0000	0.0000	-0.9209	-0.0475
180.000	121.764	-0.0000	0.0000	0.0000	0.0000	0.0000	-0.9239	0.0000
