0.000	498.763	0.0000	0.0000	0.0000	0.0000	0.0000	-0.5918	0.0000
5.000	493.705	0.0048	0.0000	0.0000	0.0000	0.0000	-0.5903	0.0350
10.000	479.047	0.0191	0.0000	0.0000	0.0000	0.0000	-0.5857	0.0693
15.000	456.200	0.0432	0.0000	0.0000	0.0000	0.0000	-0.5772	0.1021
20.000	427.203	0.0768	0.0000	0.0000	0.0000	0.0000	-0.5639	0.1318
25.000	394.352	0.1200	0.0000	0.0000	0.0000	0.0000	-0.5449	0.1566
30.000	359.891	0.1720	0.0000	0.0000	0.0000	0.0000	-0.5195	0.1739
35.000	325.790	0.2318	0.0000	0.0000	0.0000	0.0000	-0.4877	0.1809
40.000	293.589	0.2971	0.0000	0.0000	0.0000	0.0000	-0.4504	0.1747
45.000	264.367	0.3650	0.0000	0.0000	0.0000	0.0000	-0.4090	0.1529
50.000	238.753	0.4314	0.0000	0.0000	0.0000	0.0000	-0.3665	0.1142
55.000	216.996	0.4915	0.0000	0.0000	0.0000	0.0000	-0.3262	0.0590
60.000	199.049	0.5409	0.0000	0.0000	0.0000	0.0000	-0.2917	-0.0102
65.000	184.646	0.5757	0.0000	0.0000	0.0000	0.0000	-0.2664	-0.0888
70.000	173.394	0.5938	0.0000	0.0000	0.0000	0.0000	-0.2523	-0.1712
75.000	164.830	0.5949	0.0000	0.0000	0.0000	0.0000	-0.2503	-0.2515
80.000	158.475	0.5805	0.0000	0.0000	0.0000	0.0000	-0.2598	-0.3244
85.000	153.865	0.5535	0.0000	0.0000	0.0000	0.0000	-0.2793	-0.3865
90.000	150.584	0.5172	0.0000	0.0000	0.0000	0.0000	-0.3065	-0.4356
95.000	148.267	0.4749	0.0000	0.0000	0.0000	0.0000	-0.3394	-0.4715
100.000	146.613	0.4296	0.0000	0.0000	0.0000	0.0000	-0.3759	-0.4949
105.000	145.380	0.3834	0.0000	0.0000	0.0000	0.0000	-0.4144	-0.5068
110.000	144.382	0.3379	0.0000	0.0000	0.0000	0.0000	-0.4538	-0.5089
115.000	143.488	0.2942	0.0000	0.0000	0.0000	0.0000	-0.4933	-0.5025
120.000	142.601	0.2529	0.0000	0.0000	0.0000	0.0000	-0.5323	-0.4890
125.000	141.677	0.2144	0.0000	0.0000	0.0000	0.0000	-0.5704	-0.4694
130.000	140.687	0.1788	0.0000	0.0000	0.0000	0.0000	-0.6073	-0.4444
135.000	139.648	0.1463	0.0000	0.0000	0.0000	0.0000	-0.6426	-0.4147
140.000	138.535	0.1167	0.0000	0.0000	0.0000	0.0000	-0.6760	-0.3808
145.000	137.428	0.0903	0.0000	0.0000	0.0000	0.0000	-0.7072	-0.3430
150.000	136.334	0.0670	0.0000	0.0000	0.0000	0.0000	-0.7356	-0.3016
155.000	135.285	0.0470	0.0000	0.0000	0.0000	0.0000	-0.7609	-0.2570
160.000	134.298	0.0304	0.0000	0.0000	0.0000	0.0000	-0.7826	-0.2095
165.000	133.320	0.0172	0.0000	0.0000	0.0000	0.0000	-0.8003	-0.1597
170.000	132.775	0.0077	0.0000	0.0000	0.0000	0.0000	-0.8131	-0.1076
175.000	132.438	0.0019	0.0000	0.0000	0.0000	0.0000	-0.8209	-0.0541
180.000	132.324	0.0000	0.0000	0.0000	0.0000	0.0000	-0.8235	0.0000
