180.000000 	 1.119143e+02 	 1.119143e+02 	 1.119143e+02
179.000000 	 1.120643e+02 	 1.109808e+02 	 1.131479e+02
178.000000 	 1.120588e+02 	 1.098923e+02 	 1.142254e+02
177.000000 	 1.120497e+02 	 1.088014e+02 	 1.152981e+02
176.000000 	 1.120370e+02 	 1.077085e+02 	 1.163654e+02
175.000000 	 1.120205e+02 	 1.066143e+02 	 1.174268e+02
174.000000 	 1.120005e+02 	 1.055193e+02 	 1.184817e+02
173.000000 	 1.119768e+02 	 1.044241e+02 	 1.195295e+02
172.000000 	 1.119494e+02 	 1.033293e+02 	 1.205696e+02
171.000000 	 1.119184e+02 	 1.022355e+02 	 1.216014e+02
170.000000 	 1.118838e+02 	 1.011432e+02 	 1.226244e+02
169.000000 	 1.118456e+02 	 1.000532e+02 	 1.236381e+02
168.000000 	 1.118038e+02 	 9.896584e+01 	 1.246418e+02
167.000000 	 1.117584e+02 	 9.788187e+01 	 1.256348e+02
166.000000 	 1.117093e+02 	 9.680187e+01 	 1.266167e+02
165.000000 	 1.116567e+02 	 9.572643e+01 	 1.275869e+02
164.000000 	 1.116004e+02 	 9.465614e+01 	 1.285447e+02
163.000000 	 1.115407e+02 	 9.359168e+01 	 1.294896e+02
162.000000 	 1.114773e+02 	 9.253364e+01 	 1.304210e+02
161.000000 	 1.114104e+02 	 9.148263e+01 	 1.313382e+02
160.000000 	 1.113400e+02 	 9.043933e+01 	 1.322408e+02
159.000000 	 1.112328e+02 	 8.938707e+01 	 1.330784e+02
158.000000 	 1.111560e+02 	 8.836217e+01 	 1.339498e+02
157.000000 	 1.110758e+02 	 8.734690e+01 	 1.348046e+02
156.000000 	 1.109921e+02 	 8.634191e+01 	 1.356424e+02
155.000000 	 1.109051e+02 	 8.534789e+01 	 1.364624e+02
154.000000 	 1.108148e+02 	 8.436551e+01 	 1.372641e+02
153.000000 	 1.107212e+02 	 8.339545e+01 	 1.380469e+02
152.000000 	 1.106243e+02 	 8.243842e+01 	 1.388101e+02
151.000000 	 1.105097e+02 	 8.149061e+01 	 1.395287e+02
150.000000 	 1.104068e+02 	 8.056225e+01 	 1.402513e+02
149.000000 	 1.103007e+02 	 7.964906e+01 	 1.409524e+02
148.000000 	 1.101916e+02 	 7.875178e+01 	 1.416315e+02
147.000000 	 1.100795e+02 	 7.787114e+01 	 1.422880e+02
146.000000 	 1.099645e+02 	 7.700791e+01 	 1.429212e+02
145.000000 	 1.098467e+02 	 7.616286e+01 	 1.435305e+02
144.000000 	 1.097180e+02 	 7.533592e+01 	 1.441001e+02
143.000000 	 1.095950e+02 	 7.452984e+01 	 1.446601e+02
142.000000 	 1.094693e+02 	 7.374430e+01 	 1.451943e+02
141.000000 	 1.093412e+02 	 7.298013e+01 	 1.457022e+02
140.000000 	 1.092106e+02 	 7.223816e+01 	 1.461831e+02
139.000000 	 1.090727e+02 	 7.151947e+01 	 1.466259e+02
138.000000 	 1.089380e+02 	 7.082457e+01 	 1.470513e+02
137.000000 	 1.088012e+02 	 7.015442e+01 	 1.474480e+02
136.000000 	 1.086625e+02 	 6.950991e+01 	 1.478152e+02
135.000000 	 1.085222e+02 	 6.889193e+01 	 1.481524e+02
134.000000 	 1.083769e+02 	 6.830209e+01 	 1.484517e+02
133.000000 	 1.082338e+02 	 6.773998e+01 	 1.487275e+02
132.000000 	 1.080894e+02 	 6.720717e+01 	 1.489717e+02
131.000000 	 1.079441e+02 	 6.670460e+01 	 1.491835e+02
130.000000 	 1.077979e+02 	 6.623324e+01 	 1.493626e+02
129.000000 	 1.076490e+02 	 6.579487e+01 	 1.495032e+02
128.000000 	 1.075021e+02 	 6.538886e+01 	 1.496154e+02
127.000000 	 1.073551e+02 	 6.501703e+01 	 1.496932e+02
126.000000 	 1.072083e+02 	 6.468039e+01 	 1.497362e+02
125.000000 	 1.070605e+02 	 6.438065e+01 	 1.497403e+02
124.000000 	 1.069150e+02 	 6.411745e+01 	 1.497125e+02
123.000000 	 1.067706e+02 	 6.389255e+01 	 1.496486e+02
122.000000 	 1.066265e+02 	 6.370754e+01 	 1.495455e+02
121.000000 	 1.064854e+02 	 6.356240e+01 	 1.494083e+02
120.000000 	 1.063464e+02 	 6.345878e+01 	 1.492339e+02
119.000000 	 1.062099e+02 	 6.339779e+01 	 1.490219e+02
118.000000 	 1.060756e+02 	 6.338080e+01 	 1.487704e+02
117.000000 	 1.059455e+02 	 6.340829e+01 	 1.484827e+02
116.000000 	 1.058192e+02 	 6.348174e+01 	 1.481566e+02
115.000000 	 1.056967e+02 	 6.360232e+01 	 1.477910e+02
114.000000 	 1.055795e+02 	 6.377098e+01 	 1.473880e+02
113.000000 	 1.054676e+02 	 6.398900e+01 	 1.469463e+02
112.000000 	 1.053613e+02 	 6.425729e+01 	 1.464653e+02
111.000000 	 1.052618e+02 	 6.457733e+01 	 1.459462e+02
110.000000 	 1.051693e+02 	 6.495014e+01 	 1.453884e+02
109.000000 	 1.050842e+02 	 6.537640e+01 	 1.447920e+02
108.000000 	 1.050077e+02 	 6.585807e+01 	 1.441574e+02
107.000000 	 1.049402e+02 	 6.639592e+01 	 1.434845e+02
106.000000 	 1.048822e+02 	 6.699034e+01 	 1.427740e+02
105.000000 	 1.048348e+02 	 6.764381e+01 	 1.420258e+02
104.000000 	 1.047986e+02 	 6.835681e+01 	 1.412403e+02
103.000000 	 1.047742e+02 	 6.912944e+01 	 1.404189e+02
102.000000 	 1.047628e+02 	 6.996465e+01 	 1.395609e+02
101.000000 	 1.047650e+02 	 7.086263e+01 	 1.386673e+02
100.000000 	 1.047815e+02 	 7.182312e+01 	 1.377400e+02
99.000000 	 1.048137e+02 	 7.284959e+01 	 1.367778e+02
98.000000 	 1.048623e+02 	 7.394187e+01 	 1.357827e+02
97.000000 	 1.049280e+02 	 7.509936e+01 	 1.347566e+02
96.000000 	 1.050122e+02 	 7.632597e+01 	 1.336984e+02
95.000000 	 1.051156e+02 	 7.761947e+01 	 1.326116e+02
94.000000 	 1.052396e+02 	 7.898395e+01 	 1.314952e+02
93.000000 	 1.053851e+02 	 8.041866e+01 	 1.303515e+02
92.000000 	 1.055529e+02 	 8.192241e+01 	 1.291835e+02
91.000000 	 1.057448e+02 	 8.349966e+01 	 1.279900e+02
90.000000 	 1.059613e+02 	 8.514719e+01 	 1.267754e+02
89.000000 	 1.062042e+02 	 8.686955e+01 	 1.255389e+02
88.000000 	 1.064745e+02 	 8.866533e+01 	 1.242836e+02
87.000000 	 1.067729e+02 	 9.053273e+01 	 1.230130e+02
86.000000 	 1.071015e+02 	 9.247652e+01 	 1.217265e+02
85.000000 	 1.074607e+02 	 9.449250e+01 	 1.204290e+02
84.000000 	 1.078528e+02 	 9.658545e+01 	 1.191202e+02
83.000000 	 1.082781e+02 	 9.875085e+01 	 1.178053e+02
82.000000 	 1.087389e+02 	 1.009934e+02 	 1.164843e+02
81.000000 	 1.092360e+02 	 1.033108e+02 	 1.151612e+02
80.000000 	 1.097702e+02 	 1.057001e+02 	 1.138402e+02
79.000000 	 1.103440e+02 	 1.081663e+02 	 1.125217e+02
78.000000 	 1.109575e+02 	 1.107036e+02 	 1.112114e+02
77.000000 	 1.116133e+02 	 1.133168e+02 	 1.099099e+02
76.000000 	 1.123115e+02 	 1.160000e+02 	 1.086230e+02
75.000000 	 1.130547e+02 	 1.187576e+02 	 1.073519e+02
74.000000 	 1.138428e+02 	 1.215833e+02 	 1.061023e+02
73.000000 	 1.146786e+02 	 1.244813e+02 	 1.048758e+02
72.000000 	 1.155625e+02 	 1.274478e+02 	 1.036772e+02
71.000000 	 1.164951e+02 	 1.304787e+02 	 1.025115e+02
70.000000 	 1.174790e+02 	 1.335776e+02 	 1.013805e+02
69.000000 	 1.185139e+02 	 1.367376e+02 	 1.002902e+02
68.000000 	 1.196025e+02 	 1.399619e+02 	 9.924300e+01
67.000000 	 1.207440e+02 	 1.432433e+02 	 9.824481e+01
66.000000 	 1.219414e+02 	 1.465845e+02 	 9.729824e+01
65.000000 	 1.231936e+02 	 1.499780e+02 	 9.640920e+01
64.000000 	 1.245034e+02 	 1.534262e+02 	 9.558060e+01
63.000000 	 1.258706e+02 	 1.569236e+02 	 9.481761e+01
62.000000 	 1.272950e+02 	 1.604647e+02 	 9.412523e+01
61.000000 	 1.287789e+02 	 1.640511e+02 	 9.350674e+01
60.000000 	 1.303211e+02 	 1.676745e+02 	 9.296767e+01
59.000000 	 1.319237e+02 	 1.713359e+02 	 9.251148e+01
58.000000 	 1.335851e+02 	 1.750268e+02 	 9.214344e+01
57.000000 	 1.353073e+02 	 1.787474e+02 	 9.186717e+01
56.000000 	 1.370885e+02 	 1.824893e+02 	 9.168762e+01
55.000000 	 1.389301e+02 	 1.862518e+02 	 9.160847e+01
54.000000 	 1.408311e+02 	 1.900281e+02 	 9.163414e+01
53.000000 	 1.427902e+02 	 1.938117e+02 	 9.176879e+01
52.000000 	 1.448083e+02 	 1.976007e+02 	 9.201602e+01
51.000000 	 1.468831e+02 	 2.013864e+02 	 9.237978e+01
50.000000 	 1.490150e+02 	 2.051665e+02 	 9.286351e+01
49.000000 	 1.512015e+02 	 2.089322e+02 	 9.347066e+01
48.000000 	 1.534424e+02 	 2.126803e+02 	 9.420442e+01
47.000000 	 1.557355e+02 	 2.164033e+02 	 9.506776e+01
46.000000 	 1.580785e+02 	 2.200938e+02 	 9.606325e+01
45.000000 	 1.604705e+02 	 2.237475e+02 	 9.719354e+01
44.000000 	 1.629082e+02 	 2.273559e+02 	 9.846050e+01
43.000000 	 1.653901e+02 	 2.309140e+02 	 9.986628e+01
42.000000 	 1.679128e+02 	 2.344134e+02 	 1.014121e+02
41.000000 	 1.704739e+02 	 2.378485e+02 	 1.030993e+02
40.000000 	 1.730701e+02 	 2.412115e+02 	 1.049287e+02
39.000000 	 1.756978e+02 	 2.444952e+02 	 1.069005e+02
38.000000 	 1.783539e+02 	 2.476928e+02 	 1.090149e+02
37.000000 	 1.810342e+02 	 2.507970e+02 	 1.112715e+02
36.000000 	 1.837348e+02 	 2.538006e+02 	 1.136691e+02
35.000000 	 1.864516e+02 	 2.566962e+02 	 1.162069e+02
34.000000 	 1.891800e+02 	 2.594769e+02 	 1.188830e+02
33.000000 	 1.919155e+02 	 2.621360e+02 	 1.216949e+02
32.000000 	 1.946530e+02 	 2.646656e+02 	 1.246404e+02
31.000000 	 1.973877e+02 	 2.670593e+02 	 1.277160e+02
30.000000 	 2.001146e+02 	 2.693111e+02 	 1.309181e+02
29.000000 	 2.028278e+02 	 2.714129e+02 	 1.342427e+02
28.000000 	 2.055221e+02 	 2.733591e+02 	 1.376851e+02
27.000000 	 2.081925e+02 	 2.751447e+02 	 1.412403e+02
26.000000 	 2.108321e+02 	 2.767617e+02 	 1.449026e+02
25.000000 	 2.134357e+02 	 2.782054e+02 	 1.486660e+02
24.000000 	 2.159982e+02 	 2.794721e+02 	 1.525242e+02
23.000000 	 2.185121e+02 	 2.805541e+02 	 1.564700e+02
22.000000 	 2.209722e+02 	 2.814482e+02 	 1.604962e+02
21.000000 	 2.233727e+02 	 2.821503e+02 	 1.645951e+02
20.000000 	 2.257085e+02 	 2.826582e+02 	 1.687588e+02
19.000000 	 2.279720e+02 	 2.829658e+02 	 1.729783e+02
18.000000 	 2.301584e+02 	 2.830718e+02 	 1.772450e+02
17.000000 	 2.322619e+02 	 2.829740e+02 	 1.815498e+02
16.000000 	 2.342771e+02 	 2.826708e+02 	 1.858834e+02
15.000000 	 2.362001e+02 	 2.821631e+02 	 1.902370e+02
14.000000 	 2.380231e+02 	 2.814469e+02 	 1.945993e+02
13.000000 	 2.397426e+02 	 2.805240e+02 	 1.989611e+02
12.000000 	 2.413538e+02 	 2.793954e+02 	 2.033123e+02
11.000000 	 2.428526e+02 	 2.780626e+02 	 2.076426e+02
10.000000 	 2.442348e+02 	 2.765276e+02 	 2.119419e+02
9.000000 	 2.454966e+02 	 2.747934e+02 	 2.161998e+02
8.000000 	 2.466348e+02 	 2.728635e+02 	 2.204062e+02
7.000000 	 2.476479e+02 	 2.707437e+02 	 2.245521e+02
6.000000 	 2.485300e+02 	 2.684351e+02 	 2.286248e+02
5.000000 	 2.492803e+02 	 2.659450e+02 	 2.326155e+02
4.000000 	 2.498968e+02 	 2.632794e+02 	 2.365143e+02
3.000000 	 2.503781e+02 	 2.604447e+02 	 2.403114e+02
2.000000 	 2.507227e+02 	 2.574479e+02 	 2.439974e+02
1.000000 	 2.509298e+02 	 2.542967e+02 	 2.475629e+02
0.000000 	 2.509989e+02 	 2.509989e+02 	 2.509989e+02
