0.000	6.068	0.0000	0.0000	0.0000	0.0000	0.0000	0.6507	0.0000
5.000	6.152	-0.0061	0.0000	0.0000	0.0000	0.0000	0.6585	0.0408
10.000	6.399	-0.0233	0.0000	0.0000	0.0000	0.0000	0.6800	0.0722
15.000	6.794	-0.0486	0.0000	0.0000	0.0000	0.0000	0.7099	0.0875
20.000	7.313	-0.0785	0.0000	0.0000	0.0000	0.0000	0.7421	0.0846
25.000	7.934	-0.1100	0.0000	0.0000	0.0000	0.0000	0.7715	0.0644
30.000	8.632	-0.1407	0.0000	0.0000	0.0000	0.0000	0.7944	0.0294
35.000	9.388	-0.1692	0.0000	0.0000	0.0000	0.0000	0.8085	-0.0172
40.000	10.184	-0.1946	0.0000	0.0000	0.0000	0.0000	0.8124	-0.0726
45.000	11.007	-0.2163	0.0000	0.0000	0.0000	0.0000	0.8054	-0.1341
50.000	11.846	-0.2340	0.0000	0.0000	0.0000	0.0000	0.7873	-0.1993
55.000	12.694	-0.2476	0.0000	0.0000	0.0000	0.0000	0.7577	-0.2663
60.000	13.546	-0.2569	0.0000	0.0000	0.0000	0.0000	0.7170	-0.3330
65.000	14.401	-0.2621	0.0000	0.0000	0.0000	0.0000	0.6654	-0.3977
70.000	15.256	-0.2633	0.0000	0.0000	0.0000	0.0000	0.6036	-0.4585
75.000	16.112	-0.2605	0.0000	0.0000	0.0000	0.0000	0.5326	-0.5140
80.000	16.970	-0.2542	0.0000	0.0000	0.0000	0.0000	0.4535	-0.5628
85.000	17.831	-0.2446	0.0000	0.0000	0.0000	0.0000	0.3678	-0.6038
90.000	18.693	-0.2323	0.0000	0.0000	0.0000	0.0000	0.2772	-0.6360
95.000	19.556	-0.2176	0.0000	0.0000	0.0000	0.0000	0.1833	-0.6590
100.000	20.419	-0.2011	0.0000	0.0000	0.0000	0.0000	0.0880	-0.6725
105.000	21.277	-0.1833	0.0000	0.0000	0.0000	0.0000	-0.0073	-0.6766
110.000	22.126	-0.1647	0.0000	0.0000	0.0000	0.0000	-0.1009	-0.6714
115.000	22.960	-0.1459	0.0000	0.0000	0.0000	0.0000	-0.1915	-0.6575
120.000	23.774	-0.1271	0.0000	0.0000	0.0000	0.0000	-0.2779	-0.6355
125.000	24.560	-0.1088	0.0000	0.0000	0.0000	0.0000	-0.3593	-0.6061
130.000	25.310	-0.0913	0.0000	0.0000	0.0000	0.0000	-0.4348	-0.5701
135.000	26.018	-0.0749	0.0000	0.0000	0.0000	0.0000	-0.5040	-0.5282
140.000	26.675	-0.0598	0.0000	0.0000	0.0000	0.0000	-0.5664	-0.4812
145.000	27.274	-0.0462	0.0000	0.0000	0.0000	0.0000	-0.6217	-0.4298
150.000	27.808	-0.0342	0.0000	0.0000	0.0000	0.0000	-0.6697	-0.3747
155.000	28.272	-0.0239	0.0000	0.0000	0.0000	0.0000	-0.7104	-0.3166
160.000	28.660	-0.0153	0.0000	0.0000	0.0000	0.0000	-0.7437	-0.2561
165.000	28.966	-0.0086	0.0000	0.0000	0.0000	0.0000	-0.7696	-0.1937
170.000	29.187	-0.0039	0.0000	0.0000	0.0000	0.0000	-0.7881	-0.1299
175.000	29.321	-0.0010	0.0000	0.0000	0.0000	0.0000	-0.7992	-0.0652
180.000	29.366	-0.0000	0.0000	0.0000	0.0000	0.0000	-0.8028	0.0000
