0.000000 	 5.959152e+02 	 5.959152e+02 	 5.959152e+02
5.000000 	 5.903640e+02 	 6.151930e+02 	 5.655351e+02
10.000000 	 5.741889e+02 	 6.220195e+02 	 5.263583e+02
15.000000 	 5.487968e+02 	 6.161346e+02 	 4.814590e+02
20.000000 	 5.162381e+02 	 5.982554e+02 	 4.342208e+02
25.000000 	 4.789243e+02 	 5.699379e+02 	 3.879107e+02
30.000000 	 4.392781e+02 	 5.332855e+02 	 3.452706e+02
35.000000 	 3.994902e+02 	 4.906899e+02 	 3.082906e+02
40.000000 	 3.613477e+02 	 4.445792e+02 	 2.781161e+02
45.000000 	 3.261608e+02 	 3.972274e+02 	 2.550943e+02
50.000000 	 2.947603e+02 	 3.506124e+02 	 2.389082e+02
55.000000 	 2.675466e+02 	 3.063309e+02 	 2.287623e+02
60.000000 	 2.445744e+02 	 2.655718e+02 	 2.235771e+02
65.000000 	 2.256365e+02 	 2.291110e+02 	 2.221619e+02
70.000000 	 2.103577e+02 	 1.973657e+02 	 2.233496e+02
75.000000 	 1.982651e+02 	 1.704387e+02 	 2.260916e+02
80.000000 	 1.888519e+02 	 1.481942e+02 	 2.295096e+02
85.000000 	 1.816205e+02 	 1.303306e+02 	 2.329104e+02
90.000000 	 1.761114e+02 	 1.164338e+02 	 2.357890e+02
95.000000 	 1.719209e+02 	 1.060377e+02 	 2.378041e+02
100.000000 	 1.687091e+02 	 9.866472e+01 	 2.387534e+02
105.000000 	 1.661986e+02 	 9.385174e+01 	 2.385454e+02
110.000000 	 1.641752e+02 	 9.117910e+01 	 2.371713e+02
115.000000 	 1.624729e+02 	 9.026790e+01 	 2.346780e+02
120.000000 	 1.609807e+02 	 9.080359e+01 	 2.311577e+02
125.000000 	 1.596181e+02 	 9.251572e+01 	 2.267205e+02
130.000000 	 1.583473e+02 	 9.519604e+01 	 2.214986e+02
135.000000 	 1.571261e+02 	 9.865178e+01 	 2.156004e+02
140.000000 	 1.559722e+02 	 1.027711e+02 	 2.091733e+02
145.000000 	 1.548516e+02 	 1.074085e+02 	 2.022948e+02
150.000000 	 1.538226e+02 	 1.125279e+02 	 1.951172e+02
155.000000 	 1.529368e+02 	 1.181011e+02 	 1.877726e+02
160.000000 	 1.521073e+02 	 1.239717e+02 	 1.802428e+02
165.000000 	 1.513470e+02 	 1.300941e+02 	 1.725999e+02
170.000000 	 1.508881e+02 	 1.366494e+02 	 1.651268e+02
175.000000 	 1.506075e+02 	 1.434675e+02 	 1.577476e+02
180.000000 	 1.505131e+02 	 1.505131e+02 	 1.505131e+02
