0.000000 	 1.342140e+01 	 1.342140e+01 	 1.342140e+01
5.000000 	 1.338999e+01 	 1.325086e+01 	 1.352911e+01
10.000000 	 1.329678e+01 	 1.300772e+01 	 1.358584e+01
15.000000 	 1.314488e+01 	 1.268509e+01 	 1.360467e+01
20.000000 	 1.293950e+01 	 1.227973e+01 	 1.359928e+01
25.000000 	 1.268797e+01 	 1.179248e+01 	 1.358345e+01
30.000000 	 1.239958e+01 	 1.122841e+01 	 1.357076e+01
35.000000 	 1.208547e+01 	 1.059663e+01 	 1.357431e+01
40.000000 	 1.175819e+01 	 9.909859e+00 	 1.360652e+01
45.000000 	 1.143131e+01 	 9.183785e+00 	 1.367883e+01
50.000000 	 1.111884e+01 	 8.436397e+00 	 1.380128e+01
55.000000 	 1.083470e+01 	 7.687242e+00 	 1.398216e+01
60.000000 	 1.059211e+01 	 6.956707e+00 	 1.422751e+01
65.000000 	 1.040303e+01 	 6.265336e+00 	 1.454072e+01
70.000000 	 1.027773e+01 	 5.633178e+00 	 1.492228e+01
75.000000 	 1.022436e+01 	 5.079187e+00 	 1.536953e+01
80.000000 	 1.024866e+01 	 4.620671e+00 	 1.587665e+01
85.000000 	 1.035380e+01 	 4.272800e+00 	 1.643480e+01
90.000000 	 1.054027e+01 	 4.048194e+00 	 1.703234e+01
95.000000 	 1.080593e+01 	 3.956584e+00 	 1.765529e+01
100.000000 	 1.114615e+01 	 4.004566e+00 	 1.828774e+01
105.000000 	 1.155398e+01 	 4.195454e+00 	 1.891251e+01
110.000000 	 1.202046e+01 	 4.529226e+00 	 1.951169e+01
115.000000 	 1.253490e+01 	 5.002560e+00 	 2.006725e+01
120.000000 	 1.308532e+01 	 5.608962e+00 	 2.056167e+01
125.000000 	 1.365872e+01 	 6.338977e+00 	 2.097847e+01
130.000000 	 1.424158e+01 	 7.180456e+00 	 2.130269e+01
135.000000 	 1.482013e+01 	 8.118894e+00 	 2.152136e+01
140.000000 	 1.538079e+01 	 9.137794e+00 	 2.162378e+01
145.000000 	 1.591046e+01 	 1.021908e+01 	 2.160185e+01
150.000000 	 1.639688e+01 	 1.134352e+01 	 2.145024e+01
155.000000 	 1.682883e+01 	 1.249115e+01 	 2.116651e+01
160.000000 	 1.719643e+01 	 1.364174e+01 	 2.075112e+01
165.000000 	 1.749132e+01 	 1.477517e+01 	 2.020748e+01
170.000000 	 1.770684e+01 	 1.587190e+01 	 1.954177e+01
175.000000 	 1.783811e+01 	 1.691333e+01 	 1.876289e+01
180.000000 	 1.788220e+01 	 1.788220e+01 	 1.788220e+01
