0.000	327.345	0.0000	0.0000	0.0000	0.0000	0.0000	-0.4591	0.0000
5.000	323.465	0.0065	0.0000	0.0000	0.0000	0.0000	-0.4596	0.0243
10.000	312.349	0.0261	0.0000	0.0000	0.0000	0.0000	-0.4606	0.0484
15.000	295.357	0.0588	0.0000	0.0000	0.0000	0.0000	-0.4602	0.0713
20.000	274.322	0.1046	0.0000	0.0000	0.0000	0.0000	-0.4559	0.0914
25.000	251.196	0.1630	0.0000	0.0000	0.0000	0.0000	-0.4454	0.1058
30.000	227.754	0.2329	0.0000	0.0000	0.0000	0.0000	-0.4266	0.1109
35.000	205.437	0.3119	0.0000	0.0000	0.0000	0.0000	-0.3984	0.1024
40.000	185.302	0.3959	0.0000	0.0000	0.0000	0.0000	-0.3612	0.0762
45.000	168.031	0.4792	0.0000	0.0000	0.0000	0.0000	-0.3169	0.0295
50.000	153.982	0.5545	0.0000	0.0000	0.0000	0.0000	-0.2688	-0.0378
55.000	143.257	0.6144	0.0000	0.0000	0.0000	0.0000	-0.2213	-0.1222
60.000	135.768	0.6529	0.0000	0.0000	0.0000	0.0000	-0.1786	-0.2165
65.000	131.291	0.6673	0.0000	0.0000	0.0000	0.0000	-0.1438	-0.3115
70.000	129.500	0.6583	0.0000	0.0000	0.0000	0.0000	-0.1181	-0.3983
75.000	130.019	0.6303	0.0000	0.0000	0.0000	0.0000	-0.1012	-0.4701
80.000	132.442	0.5891	0.0000	0.0000	0.0000	0.0000	-0.0917	-0.5241
85.000	136.357	0.5406	0.0000	0.0000	0.0000	0.0000	-0.0875	-0.5601
90.000	141.370	0.4895	0.0000	0.0000	0.0000	0.0000	-0.0871	-0.5805
95.000	147.109	0.4393	0.0000	0.0000	0.0000	0.0000	-0.0891	-0.5883
100.000	153.246	0.3917	0.0000	0.0000	0.0000	0.0000	-0.0929	-0.5868
105.000	159.491	0.3475	0.0000	0.0000	0.0000	0.0000	-0.0980	-0.5783
110.000	165.601	0.3069	0.0000	0.0000	0.0000	0.0000	-0.1044	-0.5649
115.000	171.380	0.2695	0.0000	0.0000	0.0000	0.0000	-0.1123	-0.5477
120.000	176.677	0.2350	0.0000	0.0000	0.0000	0.0000	-0.1215	-0.5274
125.000	181.402	0.2029	0.0000	0.0000	0.0000	0.0000	-0.1321	-0.5041
130.000	185.485	0.1728	0.0000	0.0000	0.0000	0.0000	-0.1441	-0.4776
135.000	188.899	0.1445	0.0000	0.0000	0.0000	0.0000	-0.1573	-0.4477
140.000	191.643	0.1180	0.0000	0.0000	0.0000	0.0000	-0.1713	-0.4141
145.000	193.735	0.0934	0.0000	0.0000	0.0000	0.0000	-0.1857	-0.3764
150.000	195.324	0.0708	0.0000	0.0000	0.0000	0.0000	-0.2001	-0.3341
155.000	196.404	0.0506	0.0000	0.0000	0.0000	0.0000	-0.2137	-0.2874
160.000	197.007	0.0332	0.0000	0.0000	0.0000	0.0000	-0.2260	-0.2365
165.000	197.030	0.0191	0.0000	0.0000	0.0000	0.0000	-0.2363	-0.1817
170.000	197.353	0.0086	0.0000	0.0000	0.0000	0.0000	-0.2442	-0.1231
175.000	197.524	0.0022	0.0000	0.0000	0.0000	0.0000	-0.2492	-0.0621
180.000	197.195	0.0000	0.0000	0.0000	0.0000	0.0000	-0.2490	0.0000
