0.000	618.133	0.0000	0.0000	0.0000	0.0000	0.0000	-0.7059	0.0000
5.000	612.670	0.0033	0.0000	0.0000	0.0000	0.0000	-0.7030	0.0468
10.000	596.725	0.0134	0.0000	0.0000	0.0000	0.0000	-0.6942	0.0928
15.000	571.594	0.0301	0.0000	0.0000	0.0000	0.0000	-0.6793	0.1366
20.000	539.220	0.0537	0.0000	0.0000	0.0000	0.0000	-0.6579	0.1771
25.000	501.905	0.0841	0.0000	0.0000	0.0000	0.0000	-0.6299	0.2124
30.000	462.010	0.1209	0.0000	0.0000	0.0000	0.0000	-0.5950	0.2405
35.000	421.706	0.1634	0.0000	0.0000	0.0000	0.0000	-0.5538	0.2589
40.000	382.797	0.2103	0.0000	0.0000	0.0000	0.0000	-0.5071	0.2652
45.000	346.642	0.2598	0.0000	0.0000	0.0000	0.0000	-0.4567	0.2572
50.000	314.133	0.3094	0.0000	0.0000	0.0000	0.0000	-0.4053	0.2334
55.000	285.740	0.3560	0.0000	0.0000	0.0000	0.0000	-0.3560	0.1933
60.000	261.580	0.3964	0.0000	0.0000	0.0000	0.0000	-0.3126	0.1381
65.000	241.503	0.4277	0.0000	0.0000	0.0000	0.0000	-0.2785	0.0707
70.000	225.174	0.4479	0.0000	0.0000	0.0000	0.0000	-0.2566	-0.0048
75.000	212.151	0.4558	0.0000	0.0000	0.0000	0.0000	-0.2484	-0.0833
80.000	201.945	0.4517	0.0000	0.0000	0.0000	0.0000	-0.2542	-0.1598
85.000	194.065	0.4369	0.0000	0.0000	0.0000	0.0000	-0.2730	-0.2299
90.000	188.053	0.4134	0.0000	0.0000	0.0000	0.0000	-0.3028	-0.2905
95.000	183.499	0.3834	0.0000	0.0000	0.0000	0.0000	-0.3412	-0.3395
100.000	180.052	0.3492	0.0000	0.0000	0.0000	0.0000	-0.3856	-0.3764
105.000	177.426	0.3128	0.0000	0.0000	0.0000	0.0000	-0.4338	-0.4012
110.000	175.388	0.2760	0.0000	0.0000	0.0000	0.0000	-0.4838	-0.4149
115.000	173.762	0.2397	0.0000	0.0000	0.0000	0.0000	-0.5339	-0.4186
120.000	172.417	0.2051	0.0000	0.0000	0.0000	0.0000	-0.5831	-0.4134
125.000	171.259	0.1726	0.0000	0.0000	0.0000	0.0000	-0.6303	-0.4007
130.000	170.228	0.1427	0.0000	0.0000	0.0000	0.0000	-0.6749	-0.3814
135.000	169.292	0.1154	0.0000	0.0000	0.0000	0.0000	-0.7164	-0.3567
140.000	168.416	0.0911	0.0000	0.0000	0.0000	0.0000	-0.7545	-0.3274
145.000	167.614	0.0696	0.0000	0.0000	0.0000	0.0000	-0.7887	-0.2942
150.000	166.878	0.0511	0.0000	0.0000	0.0000	0.0000	-0.8190	-0.2578
155.000	166.210	0.0354	0.0000	0.0000	0.0000	0.0000	-0.8450	-0.2188
160.000	165.668	0.0226	0.0000	0.0000	0.0000	0.0000	-0.8664	-0.1775
165.000	165.162	0.0127	0.0000	0.0000	0.0000	0.0000	-0.8835	-0.1347
170.000	164.839	0.0057	0.0000	0.0000	0.0000	0.0000	-0.8957	-0.0905
175.000	164.642	0.0014	0.0000	0.0000	0.0000	0.0000	-0.9030	-0.0454
180.000	164.576	-0.0000	0.0000	0.0000	0.0000	0.0000	-0.9054	0.0000
