0.000	617.068	0.0000	0.0000	0.0000	0.0000	0.0000	-0.6926	0.0000
5.000	611.514	0.0035	0.0000	0.0000	0.0000	0.0000	-0.6899	0.0452
10.000	595.322	0.0141	0.0000	0.0000	0.0000	0.0000	-0.6816	0.0895
15.000	569.829	0.0318	0.0000	0.0000	0.0000	0.0000	-0.6675	0.1319
20.000	537.037	0.0566	0.0000	0.0000	0.0000	0.0000	-0.6472	0.1709
25.000	499.309	0.0886	0.0000	0.0000	0.0000	0.0000	-0.6204	0.2048
30.000	459.051	0.1273	0.0000	0.0000	0.0000	0.0000	-0.5869	0.2315
35.000	418.465	0.1720	0.0000	0.0000	0.0000	0.0000	-0.5472	0.2486
40.000	379.368	0.2213	0.0000	0.0000	0.0000	0.0000	-0.5021	0.2535
45.000	343.118	0.2734	0.0000	0.0000	0.0000	0.0000	-0.4533	0.2441
50.000	310.599	0.3254	0.0000	0.0000	0.0000	0.0000	-0.4035	0.2189
55.000	282.261	0.3741	0.0000	0.0000	0.0000	0.0000	-0.3559	0.1775
60.000	258.204	0.4163	0.0000	0.0000	0.0000	0.0000	-0.3141	0.1211
65.000	238.256	0.4488	0.0000	0.0000	0.0000	0.0000	-0.2816	0.0529
70.000	222.065	0.4695	0.0000	0.0000	0.0000	0.0000	-0.2611	-0.0231
75.000	209.174	0.4774	0.0000	0.0000	0.0000	0.0000	-0.2542	-0.1015
80.000	199.085	0.4726	0.0000	0.0000	0.0000	0.0000	-0.2609	-0.1774
85.000	191.298	0.4568	0.0000	0.0000	0.0000	0.0000	-0.2801	-0.2465
90.000	185.351	0.4318	0.0000	0.0000	0.0000	0.0000	-0.3100	-0.3057
95.000	180.832	0.4003	0.0000	0.0000	0.0000	0.0000	-0.3482	-0.3532
100.000	177.391	0.3645	0.0000	0.0000	0.0000	0.0000	-0.3920	-0.3884
105.000	174.740	0.3265	0.0000	0.0000	0.0000	0.0000	-0.4394	-0.4117
110.000	172.653	0.2881	0.0000	0.0000	0.0000	0.0000	-0.4884	-0.4239
115.000	170.955	0.2503	0.0000	0.0000	0.0000	0.0000	-0.5376	-0.4263
120.000	169.520	0.2143	0.0000	0.0000	0.0000	0.0000	-0.5857	-0.4200
125.000	168.258	0.1805	0.0000	0.0000	0.0000	0.0000	-0.6319	-0.4063
130.000	167.112	0.1493	0.0000	0.0000	0.0000	0.0000	-0.6757	-0.3863
135.000	166.057	0.1209	0.0000	0.0000	0.0000	0.0000	-0.7164	-0.3609
140.000	165.073	0.0955	0.0000	0.0000	0.0000	0.0000	-0.7539	-0.3310
145.000	164.136	0.0731	0.0000	0.0000	0.0000	0.0000	-0.7877	-0.2974
150.000	163.286	0.0537	0.0000	0.0000	0.0000	0.0000	-0.8175	-0.2605
155.000	162.509	0.0373	0.0000	0.0000	0.0000	0.0000	-0.8433	-0.2211
160.000	161.882	0.0238	0.0000	0.0000	0.0000	0.0000	-0.8646	-0.1794
165.000	161.282	0.0134	0.0000	0.0000	0.0000	0.0000	-0.8817	-0.1361
170.000	160.908	0.0060	0.0000	0.0000	0.0000	0.0000	-0.8938	-0.0914
175.000	160.680	0.0015	0.0000	0.0000	0.0000	0.0000	-0.9011	-0.0459
180.000	159.841	-0.0000	0.0000	0.0000	0.0000	0.0000	-0.9020	0.0000
