0.000	413.772	0.0000	0.0000	0.0000	0.0000	0.0000	-0.5321	0.0000
5.000	409.279	0.0055	0.0000	0.0000	0.0000	0.0000	-0.5315	0.0299
10.000	396.318	0.0222	0.0000	0.0000	0.0000	0.0000	-0.5292	0.0593
15.000	376.273	0.0499	0.0000	0.0000	0.0000	0.0000	-0.5242	0.0874
20.000	351.073	0.0888	0.0000	0.0000	0.0000	0.0000	-0.5148	0.1125
25.000	322.855	0.1386	0.0000	0.0000	0.0000	0.0000	-0.4997	0.1325
30.000	293.649	0.1985	0.0000	0.0000	0.0000	0.0000	-0.4779	0.1445
35.000	265.167	0.2668	0.0000	0.0000	0.0000	0.0000	-0.4488	0.1451
40.000	238.713	0.3408	0.0000	0.0000	0.0000	0.0000	-0.4131	0.1310
45.000	215.158	0.4165	0.0000	0.0000	0.0000	0.0000	-0.3726	0.0996
50.000	194.978	0.4886	0.0000	0.0000	0.0000	0.0000	-0.3301	0.0498
55.000	178.326	0.5515	0.0000	0.0000	0.0000	0.0000	-0.2895	-0.0170
60.000	165.099	0.5997	0.0000	0.0000	0.0000	0.0000	-0.2544	-0.0970
65.000	155.034	0.6295	0.0000	0.0000	0.0000	0.0000	-0.2282	-0.1840
70.000	147.748	0.6393	0.0000	0.0000	0.0000	0.0000	-0.2126	-0.2710
75.000	142.811	0.6303	0.0000	0.0000	0.0000	0.0000	-0.2080	-0.3515
80.000	139.777	0.6055	0.0000	0.0000	0.0000	0.0000	-0.2131	-0.4205
85.000	138.220	0.5690	0.0000	0.0000	0.0000	0.0000	-0.2262	-0.4754
90.000	137.745	0.5251	0.0000	0.0000	0.0000	0.0000	-0.2451	-0.5155
95.000	138.012	0.4774	0.0000	0.0000	0.0000	0.0000	-0.2678	-0.5418
100.000	138.728	0.4288	0.0000	0.0000	0.0000	0.0000	-0.2930	-0.5559
105.000	139.660	0.3812	0.0000	0.0000	0.0000	0.0000	-0.3194	-0.5597
110.000	140.623	0.3356	0.0000	0.0000	0.0000	0.0000	-0.3466	-0.5551
115.000	141.488	0.2927	0.0000	0.0000	0.0000	0.0000	-0.3742	-0.5437
120.000	142.157	0.2527	0.0000	0.0000	0.0000	0.0000	-0.4019	-0.5265
125.000	142.590	0.2155	0.0000	0.0000	0.0000	0.0000	-0.4296	-0.5044
130.000	142.760	0.1811	0.0000	0.0000	0.0000	0.0000	-0.4572	-0.4777
135.000	142.672	0.1494	0.0000	0.0000	0.0000	0.0000	-0.4845	-0.4468
140.000	142.343	0.1204	0.0000	0.0000	0.0000	0.0000	-0.5112	-0.4117
145.000	141.866	0.0940	0.0000	0.0000	0.0000	0.0000	-0.5368	-0.3724
150.000	141.255	0.0704	0.0000	0.0000	0.0000	0.0000	-0.5609	-0.3290
155.000	140.556	0.0498	0.0000	0.0000	0.0000	0.0000	-0.5829	-0.2817
160.000	139.798	0.0324	0.0000	0.0000	0.0000	0.0000	-0.6021	-0.2308
165.000	138.909	0.0185	0.0000	0.0000	0.0000	0.0000	-0.6182	-0.1766
170.000	138.484	0.0083	0.0000	0.0000	0.0000	0.0000	-0.6299	-0.1193
175.000	138.214	0.0021	0.0000	0.0000	0.0000	0.0000	-0.6371	-0.0602
180.000	138.122	-0.0000	0.0000	0.0000	0.0000	0.0000	-0.6396	0.0000
