180.000000 	 1.280887e+02 	 1.280887e+02 	 1.280887e+02
179.000000 	 1.280873e+02 	 1.268712e+02 	 1.293033e+02
178.000000 	 1.280830e+02 	 1.256515e+02 	 1.305146e+02
177.000000 	 1.280760e+02 	 1.244302e+02 	 1.317218e+02
176.000000 	 1.280661e+02 	 1.232079e+02 	 1.329244e+02
175.000000 	 1.280535e+02 	 1.219851e+02 	 1.341219e+02
174.000000 	 1.280380e+02 	 1.207624e+02 	 1.353135e+02
173.000000 	 1.280197e+02 	 1.195405e+02 	 1.364988e+02
172.000000 	 1.279985e+02 	 1.183200e+02 	 1.376771e+02
171.000000 	 1.279745e+02 	 1.171014e+02 	 1.388477e+02
170.000000 	 1.279478e+02 	 1.158853e+02 	 1.400102e+02
169.000000 	 1.279182e+02 	 1.146725e+02 	 1.411640e+02
168.000000 	 1.278858e+02 	 1.134634e+02 	 1.423082e+02
167.000000 	 1.278506e+02 	 1.122588e+02 	 1.434424e+02
166.000000 	 1.278126e+02 	 1.110592e+02 	 1.445660e+02
165.000000 	 1.277718e+02 	 1.098652e+02 	 1.456783e+02
164.000000 	 1.277281e+02 	 1.086775e+02 	 1.467787e+02
163.000000 	 1.276816e+02 	 1.074968e+02 	 1.478665e+02
162.000000 	 1.276324e+02 	 1.063236e+02 	 1.489412e+02
161.000000 	 1.275804e+02 	 1.051587e+02 	 1.500020e+02
160.000000 	 1.275256e+02 	 1.040028e+02 	 1.510484e+02
159.000000 	 1.274345e+02 	 1.028406e+02 	 1.520285e+02
158.000000 	 1.273748e+02 	 1.017056e+02 	 1.530440e+02
157.000000 	 1.273124e+02 	 1.005817e+02 	 1.540431e+02
156.000000 	 1.272473e+02 	 9.946931e+01 	 1.550252e+02
155.000000 	 1.271795e+02 	 9.836934e+01 	 1.559896e+02
154.000000 	 1.271090e+02 	 9.728246e+01 	 1.569356e+02
153.000000 	 1.270359e+02 	 9.620941e+01 	 1.578625e+02
152.000000 	 1.269603e+02 	 9.515094e+01 	 1.587696e+02
151.000000 	 1.268677e+02 	 9.410438e+01 	 1.596311e+02
150.000000 	 1.267874e+02 	 9.307787e+01 	 1.604970e+02
149.000000 	 1.267046e+02 	 9.206824e+01 	 1.613410e+02
148.000000 	 1.266194e+02 	 9.107630e+01 	 1.621625e+02
147.000000 	 1.265319e+02 	 9.010286e+01 	 1.629608e+02
146.000000 	 1.264420e+02 	 8.914877e+01 	 1.637352e+02
145.000000 	 1.263418e+02 	 8.821455e+01 	 1.644690e+02
144.000000 	 1.262479e+02 	 8.730197e+01 	 1.651938e+02
143.000000 	 1.261519e+02 	 8.641131e+01 	 1.658924e+02
142.000000 	 1.260539e+02 	 8.554348e+01 	 1.665644e+02
141.000000 	 1.259541e+02 	 8.469939e+01 	 1.672088e+02
140.000000 	 1.258474e+02 	 8.388079e+01 	 1.678140e+02
139.000000 	 1.257444e+02 	 8.308715e+01 	 1.684017e+02
138.000000 	 1.256399e+02 	 8.232011e+01 	 1.689597e+02
137.000000 	 1.255341e+02 	 8.158065e+01 	 1.694875e+02
136.000000 	 1.254270e+02 	 8.086980e+01 	 1.699842e+02
135.000000 	 1.253155e+02 	 8.018978e+01 	 1.704413e+02
134.000000 	 1.252067e+02 	 7.953931e+01 	 1.708741e+02
133.000000 	 1.250972e+02 	 7.892060e+01 	 1.712739e+02
132.000000 	 1.249873e+02 	 7.833475e+01 	 1.716398e+02
131.000000 	 1.248748e+02 	 7.778407e+01 	 1.719655e+02
130.000000 	 1.247647e+02 	 7.726729e+01 	 1.722621e+02
129.000000 	 1.246548e+02 	 7.678679e+01 	 1.725229e+02
128.000000 	 1.245455e+02 	 7.634373e+01 	 1.727472e+02
127.000000 	 1.244354e+02 	 7.594039e+01 	 1.729304e+02
126.000000 	 1.243280e+02 	 7.557582e+01 	 1.730803e+02
125.000000 	 1.242221e+02 	 7.525238e+01 	 1.731919e+02
124.000000 	 1.241180e+02 	 7.497133e+01 	 1.732647e+02
123.000000 	 1.240150e+02 	 7.473477e+01 	 1.732953e+02
122.000000 	 1.239157e+02 	 7.454232e+01 	 1.732890e+02
121.000000 	 1.238193e+02 	 7.439620e+01 	 1.732424e+02
120.000000 	 1.237256e+02 	 7.429831e+01 	 1.731529e+02
119.000000 	 1.236366e+02 	 7.424882e+01 	 1.730244e+02
118.000000 	 1.235519e+02 	 7.424976e+01 	 1.728541e+02
117.000000 	 1.234721e+02 	 7.430255e+01 	 1.726417e+02
116.000000 	 1.233973e+02 	 7.440880e+01 	 1.723859e+02
115.000000 	 1.233291e+02 	 7.456947e+01 	 1.720886e+02
114.000000 	 1.232674e+02 	 7.478632e+01 	 1.717485e+02
113.000000 	 1.232127e+02 	 7.506070e+01 	 1.713646e+02
112.000000 	 1.231662e+02 	 7.539422e+01 	 1.709383e+02
111.000000 	 1.231284e+02 	 7.578837e+01 	 1.704685e+02
110.000000 	 1.230998e+02 	 7.624423e+01 	 1.699554e+02
109.000000 	 1.230816e+02 	 7.676406e+01 	 1.693991e+02
108.000000 	 1.230741e+02 	 7.734846e+01 	 1.687997e+02
107.000000 	 1.230786e+02 	 7.800005e+01 	 1.681572e+02
106.000000 	 1.230959e+02 	 7.871989e+01 	 1.674718e+02
105.000000 	 1.231265e+02 	 7.950856e+01 	 1.667445e+02
104.000000 	 1.231719e+02 	 8.036935e+01 	 1.659745e+02
103.000000 	 1.232329e+02 	 8.130297e+01 	 1.651629e+02
102.000000 	 1.233103e+02 	 8.230964e+01 	 1.643110e+02
101.000000 	 1.234056e+02 	 8.339331e+01 	 1.634178e+02
100.000000 	 1.235194e+02 	 8.455286e+01 	 1.624860e+02
99.000000 	 1.236535e+02 	 8.579252e+01 	 1.615144e+02
98.000000 	 1.238086e+02 	 8.711245e+01 	 1.605048e+02
97.000000 	 1.239859e+02 	 8.851226e+01 	 1.594596e+02
96.000000 	 1.241872e+02 	 8.999680e+01 	 1.583776e+02
95.000000 	 1.244131e+02 	 9.156380e+01 	 1.572625e+02
94.000000 	 1.246657e+02 	 9.321837e+01 	 1.561131e+02
93.000000 	 1.249461e+02 	 9.495995e+01 	 1.549322e+02
92.000000 	 1.252553e+02 	 9.678752e+01 	 1.537230e+02
91.000000 	 1.255955e+02 	 9.870662e+01 	 1.524844e+02
90.000000 	 1.259675e+02 	 1.007138e+02 	 1.512211e+02
89.000000 	 1.263737e+02 	 1.028149e+02 	 1.499324e+02
88.000000 	 1.268147e+02 	 1.050059e+02 	 1.486234e+02
87.000000 	 1.272931e+02 	 1.072928e+02 	 1.472934e+02
86.000000 	 1.278101e+02 	 1.096739e+02 	 1.459464e+02
85.000000 	 1.283668e+02 	 1.121471e+02 	 1.445866e+02
84.000000 	 1.289661e+02 	 1.147185e+02 	 1.432137e+02
83.000000 	 1.296084e+02 	 1.173831e+02 	 1.418338e+02
82.000000 	 1.302969e+02 	 1.201469e+02 	 1.404469e+02
81.000000 	 1.310318e+02 	 1.230044e+02 	 1.390592e+02
80.000000 	 1.318164e+02 	 1.259616e+02 	 1.376712e+02
79.000000 	 1.326510e+02 	 1.290126e+02 	 1.362894e+02
78.000000 	 1.335389e+02 	 1.321632e+02 	 1.349146e+02
77.000000 	 1.344804e+02 	 1.354071e+02 	 1.335536e+02
76.000000 	 1.354787e+02 	 1.387499e+02 	 1.322076e+02
75.000000 	 1.365351e+02 	 1.421880e+02 	 1.308821e+02
74.000000 	 1.376501e+02 	 1.457174e+02 	 1.295829e+02
73.000000 	 1.388275e+02 	 1.493433e+02 	 1.283118e+02
72.000000 	 1.400671e+02 	 1.530583e+02 	 1.270758e+02
71.000000 	 1.413723e+02 	 1.568672e+02 	 1.258774e+02
70.000000 	 1.427430e+02 	 1.607623e+02 	 1.247237e+02
69.000000 	 1.441826e+02 	 1.647478e+02 	 1.236174e+02
68.000000 	 1.456907e+02 	 1.688155e+02 	 1.225659e+02
67.000000 	 1.472708e+02 	 1.729693e+02 	 1.215723e+02
66.000000 	 1.489221e+02 	 1.772005e+02 	 1.206438e+02
65.000000 	 1.506481e+02 	 1.815123e+02 	 1.197839e+02
64.000000 	 1.524478e+02 	 1.858958e+02 	 1.189999e+02
63.000000 	 1.543245e+02 	 1.903534e+02 	 1.182956e+02
62.000000 	 1.562770e+02 	 1.948758e+02 	 1.176781e+02
61.000000 	 1.583082e+02 	 1.994648e+02 	 1.171516e+02
60.000000 	 1.604168e+02 	 2.041107e+02 	 1.167228e+02
59.000000 	 1.626054e+02 	 2.088145e+02 	 1.163963e+02
58.000000 	 1.648724e+02 	 2.135661e+02 	 1.161786e+02
57.000000 	 1.672200e+02 	 2.183657e+02 	 1.160743e+02
56.000000 	 1.696463e+02 	 2.232029e+02 	 1.160896e+02
55.000000 	 1.721531e+02 	 2.280771e+02 	 1.162292e+02
54.000000 	 1.747392e+02 	 2.329797e+02 	 1.164987e+02
53.000000 	 1.774030e+02 	 2.379026e+02 	 1.169034e+02
52.000000 	 1.801456e+02 	 2.428435e+02 	 1.174478e+02
51.000000 	 1.829643e+02 	 2.477916e+02 	 1.181369e+02
50.000000 	 1.858594e+02 	 2.527436e+02 	 1.189752e+02
49.000000 	 1.888279e+02 	 2.576888e+02 	 1.199671e+02
48.000000 	 1.918696e+02 	 2.626227e+02 	 1.211165e+02
47.000000 	 1.949809e+02 	 2.675345e+02 	 1.224272e+02
46.000000 	 1.981609e+02 	 2.724189e+02 	 1.239028e+02
45.000000 	 2.014056e+02 	 2.772651e+02 	 1.255462e+02
44.000000 	 2.047135e+02 	 2.820667e+02 	 1.273604e+02
43.000000 	 2.080807e+02 	 2.868138e+02 	 1.293476e+02
42.000000 	 2.115032e+02 	 2.914968e+02 	 1.315095e+02
41.000000 	 2.149781e+02 	 2.961081e+02 	 1.338480e+02
40.000000 	 2.185004e+02 	 3.006373e+02 	 1.363636e+02
39.000000 	 2.220666e+02 	 3.050758e+02 	 1.390573e+02
38.000000 	 2.256713e+02 	 3.094137e+02 	 1.419289e+02
37.000000 	 2.293095e+02 	 3.136415e+02 	 1.449775e+02
36.000000 	 2.329760e+02 	 3.177496e+02 	 1.482024e+02
35.000000 	 2.366651e+02 	 3.217287e+02 	 1.516015e+02
34.000000 	 2.403709e+02 	 3.255688e+02 	 1.551730e+02
33.000000 	 2.440870e+02 	 3.292603e+02 	 1.589136e+02
32.000000 	 2.478071e+02 	 3.327947e+02 	 1.628196e+02
31.000000 	 2.515242e+02 	 3.361612e+02 	 1.668873e+02
30.000000 	 2.552314e+02 	 3.393512e+02 	 1.711115e+02
29.000000 	 2.589219e+02 	 3.423569e+02 	 1.754869e+02
28.000000 	 2.625874e+02 	 3.451675e+02 	 1.800074e+02
27.000000 	 2.662208e+02 	 3.477753e+02 	 1.846662e+02
26.000000 	 2.698149e+02 	 3.501737e+02 	 1.894561e+02
25.000000 	 2.733606e+02 	 3.523522e+02 	 1.943690e+02
24.000000 	 2.768504e+02 	 3.543045e+02 	 1.993963e+02
23.000000 	 2.802772e+02 	 3.560253e+02 	 2.045291e+02
22.000000 	 2.836311e+02 	 3.575049e+02 	 2.097574e+02
21.000000 	 2.869049e+02 	 3.587389e+02 	 2.150709e+02
20.000000 	 2.900905e+02 	 3.597219e+02 	 2.204591e+02
19.000000 	 2.931810e+02 	 3.604509e+02 	 2.259112e+02
18.000000 	 2.961662e+02 	 3.609179e+02 	 2.314146e+02
17.000000 	 2.990395e+02 	 3.611213e+02 	 2.369577e+02
16.000000 	 3.017932e+02 	 3.610582e+02 	 2.425282e+02
15.000000 	 3.044201e+02 	 3.607268e+02 	 2.481134e+02
14.000000 	 3.069145e+02 	 3.601278e+02 	 2.537013e+02
13.000000 	 3.092668e+02 	 3.592566e+02 	 2.592770e+02
12.000000 	 3.114718e+02 	 3.581155e+02 	 2.648280e+02
11.000000 	 3.135235e+02 	 3.567059e+02 	 2.703411e+02
10.000000 	 3.154163e+02 	 3.550299e+02 	 2.758027e+02
9.000000 	 3.171449e+02 	 3.530904e+02 	 2.811994e+02
8.000000 	 3.187045e+02 	 3.508913e+02 	 2.865178e+02
7.000000 	 3.200927e+02 	 3.484394e+02 	 2.917460e+02
6.000000 	 3.213020e+02 	 3.457360e+02 	 2.968681e+02
5.000000 	 3.223309e+02 	 3.427895e+02 	 3.018722e+02
4.000000 	 3.231765e+02 	 3.396072e+02 	 3.067458e+02
3.000000 	 3.238366e+02 	 3.361970e+02 	 3.114762e+02
2.000000 	 3.243094e+02 	 3.325675e+02 	 3.160513e+02
1.000000 	 3.245935e+02 	 3.287280e+02 	 3.204591e+02
0.000000 	 3.246883e+02 	 3.246883e+02 	 3.246883e+02
