0.000	16.176	0.0000	0.0000	0.0000	0.0000	0.0000	0.3503	0.0000
5.000	16.124	-0.0045	0.0000	0.0000	0.0000	0.0000	0.3517	-0.0098
10.000	15.971	-0.0180	0.0000	0.0000	0.0000	0.0000	0.3559	-0.0202
15.000	15.722	-0.0406	0.0000	0.0000	0.0000	0.0000	0.3626	-0.0321
20.000	15.386	-0.0722	0.0000	0.0000	0.0000	0.0000	0.3715	-0.0461
25.000	14.975	-0.1127	0.0000	0.0000	0.0000	0.0000	0.3819	-0.0629
30.000	14.503	-0.1620	0.0000	0.0000	0.0000	0.0000	0.3931	-0.0832
35.000	13.988	-0.2196	0.0000	0.0000	0.0000	0.0000	0.4041	-0.1075
40.000	13.448	-0.2846	0.0000	0.0000	0.0000	0.0000	0.4135	-0.1363
45.000	12.902	-0.3560	0.0000	0.0000	0.0000	0.0000	0.4196	-0.1701
50.000	12.370	-0.4318	0.0000	0.0000	0.0000	0.0000	0.4207	-0.2087
55.000	11.871	-0.5094	0.0000	0.0000	0.0000	0.0000	0.4146	-0.2520
60.000	11.423	-0.5856	0.0000	0.0000	0.0000	0.0000	0.3991	-0.2992
65.000	11.040	-0.6563	0.0000	0.0000	0.0000	0.0000	0.3722	-0.3488
70.000	10.737	-0.7172	0.0000	0.0000	0.0000	0.0000	0.3325	-0.3990
75.000	10.524	-0.7641	0.0000	0.0000	0.0000	0.0000	0.2792	-0.4475
80.000	10.409	-0.7935	0.0000	0.0000	0.0000	0.0000	0.2129	-0.4914
85.000	10.395	-0.8032	0.0000	0.0000	0.0000	0.0000	0.1351	-0.5284
90.000	10.483	-0.7927	0.0000	0.0000	0.0000	0.0000	0.0487	-0.5562
95.000	10.672	-0.7634	0.0000	0.0000	0.0000	0.0000	-0.0431	-0.5736
100.000	10.956	-0.7180	0.0000	0.0000	0.0000	0.0000	-0.1364	-0.5801
105.000	11.326	-0.6603	0.0000	0.0000	0.0000	0.0000	-0.2281	-0.5759
110.000	11.772	-0.5944	0.0000	0.0000	0.0000	0.0000	-0.3154	-0.5622
115.000	12.282	-0.5241	0.0000	0.0000	0.0000	0.0000	-0.3963	-0.5403
120.000	12.841	-0.4528	0.0000	0.0000	0.0000	0.0000	-0.4695	-0.5116
125.000	13.434	-0.3834	0.0000	0.0000	0.0000	0.0000	-0.5347	-0.4777
130.000	14.046	-0.3176	0.0000	0.0000	0.0000	0.0000	-0.5917	-0.4399
135.000	14.660	-0.2570	0.0000	0.0000	0.0000	0.0000	-0.6409	-0.3994
140.000	15.260	-0.2024	0.0000	0.0000	0.0000	0.0000	-0.6828	-0.3570
145.000	15.831	-0.1543	0.0000	0.0000	0.0000	0.0000	-0.7179	-0.3134
150.000	16.357	-0.1127	0.0000	0.0000	0.0000	0.0000	-0.7471	-0.2691
155.000	16.827	-0.0779	0.0000	0.0000	0.0000	0.0000	-0.7707	-0.2243
160.000	17.228	-0.0496	0.0000	0.0000	0.0000	0.0000	-0.7893	-0.1795
165.000	17.551	-0.0278	0.0000	0.0000	0.0000	0.0000	-0.8033	-0.1346
170.000	17.787	-0.0123	0.0000	0.0000	0.0000	0.0000	-0.8131	-0.0897
175.000	17.931	-0.0031	0.0000	0.0000	0.0000	0.0000	-0.8189	-0.0448
180.000	17.980	-0.0000	0.0000	0.0000	0.0000	0.0000	-0.8208	0.0000
