0.000	64.321	0.0000	0.0000	0.0000	0.0000	0.0000	-0.5250	0.0000
5.000	64.070	-0.0007	0.0000	0.0000	0.0000	0.0000	-0.5169	0.0767
10.000	63.329	-0.0029	0.0000	0.0000	0.0000	0.0000	-0.4931	0.1508
15.000	62.136	-0.0064	0.0000	0.0000	0.0000	0.0000	-0.4545	0.2196
20.000	60.562	-0.0111	0.0000	0.0000	0.0000	0.0000	-0.4025	0.2806
25.000	58.707	-0.0169	0.0000	0.0000	0.0000	0.0000	-0.3388	0.3314
30.000	56.685	-0.0234	0.0000	0.0000	0.0000	0.0000	-0.2656	0.3694
35.000	54.617	-0.0306	0.0000	0.0000	0.0000	0.0000	-0.1856	0.3922
40.000	52.612	-0.0381	0.0000	0.0000	0.0000	0.0000	-0.1023	0.3976
45.000	50.763	-0.0458	0.0000	0.0000	0.0000	0.0000	-0.0202	0.3843
50.000	49.143	-0.0534	0.0000	0.0000	0.0000	0.0000	0.0560	0.3520
55.000	47.798	-0.0605	0.0000	0.0000	0.0000	0.0000	0.1217	0.3017
60.000	46.757	-0.0669	0.0000	0.0000	0.0000	0.0000	0.1723	0.2359
65.000	46.029	-0.0724	0.0000	0.0000	0.0000	0.0000	0.2049	0.1583
70.000	45.605	-0.0766	0.0000	0.0000	0.0000	0.0000	0.2173	0.0732
75.000	45.468	-0.0794	0.0000	0.0000	0.0000	0.0000	0.2095	-0.0145
80.000	45.590	-0.0807	0.0000	0.0000	0.0000	0.0000	0.1824	-0.1003
85.000	45.939	-0.0805	0.0000	0.0000	0.0000	0.0000	0.1383	-0.1804
90.000	46.481	-0.0789	0.0000	0.0000	0.0000	0.0000	0.0803	-0.2518
95.000	47.181	-0.0760	0.0000	0.0000	0.0000	0.0000	0.0115	-0.3125
100.000	48.003	-0.0720	0.0000	0.0000	0.0000	0.0000	-0.0647	-0.3612
105.000	48.916	-0.0671	0.0000	0.0000	0.0000	0.0000	-0.1452	-0.3977
110.000	49.890	-0.0616	0.0000	0.0000	0.0000	0.0000	-0.2274	-0.4222
115.000	50.896	-0.0555	0.0000	0.0000	0.0000	0.0000	-0.3091	-0.4352
120.000	51.910	-0.0491	0.0000	0.0000	0.0000	0.0000	-0.3884	-0.4378
125.000	52.911	-0.0427	0.0000	0.0000	0.0000	0.0000	-0.4640	-0.4307
130.000	53.881	-0.0363	0.0000	0.0000	0.0000	0.0000	-0.5347	-0.4153
135.000	54.802	-0.0301	0.0000	0.0000	0.0000	0.0000	-0.5999	-0.3924
140.000	55.662	-0.0243	0.0000	0.0000	0.0000	0.0000	-0.6589	-0.3632
145.000	56.444	-0.0189	0.0000	0.0000	0.0000	0.0000	-0.7114	-0.3286
150.000	57.149	-0.0141	0.0000	0.0000	0.0000	0.0000	-0.7571	-0.2894
155.000	57.752	-0.0099	0.0000	0.0000	0.0000	0.0000	-0.7959	-0.2465
160.000	58.278	-0.0064	0.0000	0.0000	0.0000	0.0000	-0.8278	-0.2006
165.000	58.676	-0.0036	0.0000	0.0000	0.0000	0.0000	-0.8525	-0.1524
170.000	58.963	-0.0016	0.0000	0.0000	0.0000	0.0000	-0.8701	-0.1025
175.000	59.136	-0.0004	0.0000	0.0000	0.0000	0.0000	-0.8807	-0.0515
180.000	59.157	0.0000	0.0000	0.0000	0.0000	0.0000	-0.8845	0.0000
