0.000	119.395	0.0000	0.0000	0.0000	0.0000	0.0000	-0.6952	0.0000
5.000	118.746	0.0002	0.0000	0.0000	0.0000	0.0000	-0.6884	0.0746
10.000	116.838	0.0007	0.0000	0.0000	0.0000	0.0000	-0.6683	0.1471
15.000	113.784	0.0017	0.0000	0.0000	0.0000	0.0000	-0.6354	0.2155
20.000	109.778	0.0032	0.0000	0.0000	0.0000	0.0000	-0.5904	0.2779
25.000	105.071	0.0052	0.0000	0.0000	0.0000	0.0000	-0.5340	0.3319
30.000	99.945	0.0078	0.0000	0.0000	0.0000	0.0000	-0.4673	0.3750
35.000	94.681	0.0109	0.0000	0.0000	0.0000	0.0000	-0.3923	0.4045
40.000	89.533	0.0143	0.0000	0.0000	0.0000	0.0000	-0.3114	0.4180
45.000	84.706	0.0178	0.0000	0.0000	0.0000	0.0000	-0.2282	0.4133
50.000	80.358	0.0209	0.0000	0.0000	0.0000	0.0000	-0.1470	0.3892
55.000	76.589	0.0234	0.0000	0.0000	0.0000	0.0000	-0.0728	0.3460
60.000	73.452	0.0250	0.0000	0.0000	0.0000	0.0000	-0.0104	0.2853
65.000	70.957	0.0254	0.0000	0.0000	0.0000	0.0000	0.0360	0.2104
70.000	69.081	0.0247	0.0000	0.0000	0.0000	0.0000	0.0636	0.1257
75.000	67.781	0.0230	0.0000	0.0000	0.0000	0.0000	0.0710	0.0364
80.000	66.995	0.0204	0.0000	0.0000	0.0000	0.0000	0.0585	-0.0527
85.000	66.654	0.0172	0.0000	0.0000	0.0000	0.0000	0.0279	-0.1368
90.000	66.686	0.0137	0.0000	0.0000	0.0000	0.0000	-0.0181	-0.2126
95.000	67.020	0.0102	0.0000	0.0000	0.0000	0.0000	-0.0763	-0.2776
100.000	67.592	0.0069	0.0000	0.0000	0.0000	0.0000	-0.1433	-0.3303
105.000	68.341	0.0040	0.0000	0.0000	0.0000	0.0000	-0.2157	-0.3703
110.000	69.214	0.0015	0.0000	0.0000	0.0000	0.0000	-0.2909	-0.3979
115.000	70.166	-0.0003	0.0000	0.0000	0.0000	0.0000	-0.3664	-0.4135
120.000	71.157	-0.0017	0.0000	0.0000	0.0000	0.0000	-0.4403	-0.4183
125.000	72.154	-0.0026	0.0000	0.0000	0.0000	0.0000	-0.5111	-0.4133
130.000	73.131	-0.0031	0.0000	0.0000	0.0000	0.0000	-0.5777	-0.3997
135.000	74.066	-0.0032	0.0000	0.0000	0.0000	0.0000	-0.6392	-0.3786
140.000	74.943	-0.0030	0.0000	0.0000	0.0000	0.0000	-0.6951	-0.3510
145.000	75.748	-0.0026	0.0000	0.0000	0.0000	0.0000	-0.7450	-0.3179
150.000	76.474	-0.0021	0.0000	0.0000	0.0000	0.0000	-0.7885	-0.2803
155.000	77.089	-0.0016	0.0000	0.0000	0.0000	0.0000	-0.8255	-0.2389
160.000	77.643	-0.0011	0.0000	0.0000	0.0000	0.0000	-0.8559	-0.1945
165.000	78.049	-0.0006	0.0000	0.0000	0.0000	0.0000	-0.8795	-0.1479
170.000	78.341	-0.0003	0.0000	0.0000	0.0000	0.0000	-0.8964	-0.0995
175.000	78.518	-0.0001	0.0000	0.0000	0.0000	0.0000	-0.9065	-0.0500
180.000	78.577	-0.0000	0.0000	0.0000	0.0000	0.0000	-0.9098	-0.0000
