0.000	284.795	0.0000	0.0000	0.0000	0.0000	0.0000	-0.4165	0.0000
5.000	281.228	0.0071	0.0000	0.0000	0.0000	0.0000	-0.4178	0.0213
10.000	271.055	0.0286	0.0000	0.0000	0.0000	0.0000	-0.4210	0.0425
15.000	255.636	0.0644	0.0000	0.0000	0.0000	0.0000	-0.4237	0.0627
20.000	236.759	0.1145	0.0000	0.0000	0.0000	0.0000	-0.4226	0.0800
25.000	216.288	0.1783	0.0000	0.0000	0.0000	0.0000	-0.4145	0.0911
30.000	195.855	0.2544	0.0000	0.0000	0.0000	0.0000	-0.3966	0.0918
35.000	176.776	0.3398	0.0000	0.0000	0.0000	0.0000	-0.3673	0.0769
40.000	159.994	0.4292	0.0000	0.0000	0.0000	0.0000	-0.3266	0.0419
45.000	146.118	0.5153	0.0000	0.0000	0.0000	0.0000	-0.2767	-0.0160
50.000	135.495	0.5893	0.0000	0.0000	0.0000	0.0000	-0.2213	-0.0955
55.000	128.259	0.6427	0.0000	0.0000	0.0000	0.0000	-0.1654	-0.1906
60.000	124.379	0.6698	0.0000	0.0000	0.0000	0.0000	-0.1135	-0.2910
65.000	123.696	0.6694	0.0000	0.0000	0.0000	0.0000	-0.0690	-0.3852
70.000	125.956	0.6454	0.0000	0.0000	0.0000	0.0000	-0.0330	-0.4637
75.000	130.827	0.6046	0.0000	0.0000	0.0000	0.0000	-0.0049	-0.5216
80.000	137.934	0.5546	0.0000	0.0000	0.0000	0.0000	0.0165	-0.5585
85.000	146.864	0.5019	0.0000	0.0000	0.0000	0.0000	0.0330	-0.5773
90.000	157.202	0.4505	0.0000	0.0000	0.0000	0.0000	0.0459	-0.5823
95.000	168.534	0.4027	0.0000	0.0000	0.0000	0.0000	0.0561	-0.5778
100.000	180.464	0.3593	0.0000	0.0000	0.0000	0.0000	0.0638	-0.5672
105.000	192.629	0.3201	0.0000	0.0000	0.0000	0.0000	0.0693	-0.5529
110.000	204.696	0.2846	0.0000	0.0000	0.0000	0.0000	0.0726	-0.5362
115.000	216.383	0.2521	0.0000	0.0000	0.0000	0.0000	0.0737	-0.5178
120.000	227.460	0.2219	0.0000	0.0000	0.0000	0.0000	0.0725	-0.4978
125.000	237.710	0.1933	0.0000	0.0000	0.0000	0.0000	0.0691	-0.4759
130.000	247.022	0.1661	0.0000	0.0000	0.0000	0.0000	0.0637	-0.4516
135.000	255.282	0.1401	0.0000	0.0000	0.0000	0.0000	0.0566	-0.4243
140.000	262.430	0.1153	0.0000	0.0000	0.0000	0.0000	0.0481	-0.3935
145.000	268.537	0.0918	0.0000	0.0000	0.0000	0.0000	0.0387	-0.3585
150.000	273.426	0.0700	0.0000	0.0000	0.0000	0.0000	0.0289	-0.3192
155.000	277.367	0.0503	0.0000	0.0000	0.0000	0.0000	0.0192	-0.2752
160.000	280.268	0.0331	0.0000	0.0000	0.0000	0.0000	0.0103	-0.2269
165.000	281.968	0.0191	0.0000	0.0000	0.0000	0.0000	0.0030	-0.1745
170.000	283.584	0.0086	0.0000	0.0000	0.0000	0.0000	-0.0029	-0.1184
175.000	284.528	0.0022	0.0000	0.0000	0.0000	0.0000	-0.0067	-0.0598
180.000	284.838	-0.0000	0.0000	0.0000	0.0000	0.0000	-0.0080	0.0000
