0.000	594.744	0.0000	0.0000	0.0000	0.0000	0.0000	-0.7301	0.0000
5.000	589.670	0.0030	0.0000	0.0000	0.0000	0.0000	-0.7268	0.0501
10.000	574.849	0.0119	0.0000	0.0000	0.0000	0.0000	-0.7170	0.0991
15.000	551.437	0.0269	0.0000	0.0000	0.0000	0.0000	-0.7004	0.1460
20.000	521.191	0.0480	0.0000	0.0000	0.0000	0.0000	-0.6770	0.1893
25.000	486.217	0.0752	0.0000	0.0000	0.0000	0.0000	-0.6464	0.2274
30.000	448.697	0.1081	0.0000	0.0000	0.0000	0.0000	-0.6087	0.2581
35.000	410.653	0.1462	0.0000	0.0000	0.0000	0.0000	-0.5643	0.2791
40.000	373.788	0.1884	0.0000	0.0000	0.0000	0.0000	-0.5143	0.2880
45.000	339.401	0.2328	0.0000	0.0000	0.0000	0.0000	-0.4604	0.2824
50.000	308.365	0.2774	0.0000	0.0000	0.0000	0.0000	-0.4054	0.2610
55.000	281.159	0.3195	0.0000	0.0000	0.0000	0.0000	-0.3525	0.2230
60.000	257.930	0.3560	0.0000	0.0000	0.0000	0.0000	-0.3055	0.1696
65.000	238.567	0.3846	0.0000	0.0000	0.0000	0.0000	-0.2680	0.1033
70.000	222.780	0.4032	0.0000	0.0000	0.0000	0.0000	-0.2431	0.0283
75.000	210.172	0.4108	0.0000	0.0000	0.0000	0.0000	-0.2325	-0.0507
80.000	200.292	0.4076	0.0000	0.0000	0.0000	0.0000	-0.2365	-0.1286
85.000	192.683	0.3946	0.0000	0.0000	0.0000	0.0000	-0.2543	-0.2008
90.000	186.913	0.3736	0.0000	0.0000	0.0000	0.0000	-0.2840	-0.2641
95.000	182.592	0.3467	0.0000	0.0000	0.0000	0.0000	-0.3230	-0.3162
100.000	179.382	0.3158	0.0000	0.0000	0.0000	0.0000	-0.3687	-0.3562
105.000	177.003	0.2829	0.0000	0.0000	0.0000	0.0000	-0.4186	-0.3841
110.000	175.228	0.2494	0.0000	0.0000	0.0000	0.0000	-0.4707	-0.4007
115.000	173.882	0.2165	0.0000	0.0000	0.0000	0.0000	-0.5231	-0.4068
120.000	172.830	0.1850	0.0000	0.0000	0.0000	0.0000	-0.5745	-0.4038
125.000	171.978	0.1554	0.0000	0.0000	0.0000	0.0000	-0.6239	-0.3928
130.000	171.255	0.1283	0.0000	0.0000	0.0000	0.0000	-0.6706	-0.3751
135.000	170.624	0.1036	0.0000	0.0000	0.0000	0.0000	-0.7139	-0.3515
140.000	170.052	0.0816	0.0000	0.0000	0.0000	0.0000	-0.7535	-0.3232
145.000	169.535	0.0623	0.0000	0.0000	0.0000	0.0000	-0.7891	-0.2907
150.000	169.067	0.0456	0.0000	0.0000	0.0000	0.0000	-0.8203	-0.2550
155.000	168.647	0.0316	0.0000	0.0000	0.0000	0.0000	-0.8471	-0.2165
160.000	168.300	0.0202	0.0000	0.0000	0.0000	0.0000	-0.8692	-0.1757
165.000	167.997	0.0113	0.0000	0.0000	0.0000	0.0000	-0.8867	-0.1333
170.000	167.790	0.0050	0.0000	0.0000	0.0000	0.0000	-0.8991	-0.0895
175.000	167.664	0.0013	0.0000	0.0000	0.0000	0.0000	-0.9066	-0.0450
180.000	167.621	0.0000	0.0000	0.0000	0.0000	0.0000	-0.9091	0.0000
