0.000	394.854	0.0000	0.0000	0.0000	0.0000	0.0000	-0.5174	0.0000
5.000	390.503	0.0057	0.0000	0.0000	0.0000	0.0000	-0.5170	0.0287
10.000	377.925	0.0229	0.0000	0.0000	0.0000	0.0000	-0.5153	0.0570
15.000	358.531	0.0517	0.0000	0.0000	0.0000	0.0000	-0.5111	0.0840
20.000	334.218	0.0919	0.0000	0.0000	0.0000	0.0000	-0.5028	0.1081
25.000	307.085	0.1434	0.0000	0.0000	0.0000	0.0000	-0.4887	0.1269
30.000	279.101	0.2052	0.0000	0.0000	0.0000	0.0000	-0.4676	0.1376
35.000	251.927	0.2757	0.0000	0.0000	0.0000	0.0000	-0.4389	0.1365
40.000	226.811	0.3518	0.0000	0.0000	0.0000	0.0000	-0.4033	0.1202
45.000	204.579	0.4292	0.0000	0.0000	0.0000	0.0000	-0.3624	0.0860
50.000	185.678	0.5024	0.0000	0.0000	0.0000	0.0000	-0.3194	0.0330
55.000	170.241	0.5653	0.0000	0.0000	0.0000	0.0000	-0.2781	-0.0371
60.000	158.162	0.6124	0.0000	0.0000	0.0000	0.0000	-0.2422	-0.1200
65.000	149.179	0.6400	0.0000	0.0000	0.0000	0.0000	-0.2150	-0.2091
70.000	142.919	0.6468	0.0000	0.0000	0.0000	0.0000	-0.1982	-0.2969
75.000	138.959	0.6345	0.0000	0.0000	0.0000	0.0000	-0.1919	-0.3767
80.000	136.863	0.6066	0.0000	0.0000	0.0000	0.0000	-0.1949	-0.4439
85.000	136.208	0.5676	0.0000	0.0000	0.0000	0.0000	-0.2053	-0.4961
90.000	136.605	0.5219	0.0000	0.0000	0.0000	0.0000	-0.2210	-0.5331
95.000	137.711	0.4732	0.0000	0.0000	0.0000	0.0000	-0.2402	-0.5562
100.000	139.231	0.4242	0.0000	0.0000	0.0000	0.0000	-0.2614	-0.5675
105.000	140.928	0.3767	0.0000	0.0000	0.0000	0.0000	-0.2839	-0.5690
110.000	142.611	0.3317	0.0000	0.0000	0.0000	0.0000	-0.3071	-0.5626
115.000	144.146	0.2895	0.0000	0.0000	0.0000	0.0000	-0.3309	-0.5499
120.000	145.429	0.2503	0.0000	0.0000	0.0000	0.0000	-0.3549	-0.5319
125.000	146.416	0.2139	0.0000	0.0000	0.0000	0.0000	-0.3793	-0.5092
130.000	147.079	0.1802	0.0000	0.0000	0.0000	0.0000	-0.4038	-0.4823
135.000	147.417	0.1490	0.0000	0.0000	0.0000	0.0000	-0.4284	-0.4513
140.000	147.498	0.1204	0.0000	0.0000	0.0000	0.0000	-0.4526	-0.4161
145.000	147.279	0.0943	0.0000	0.0000	0.0000	0.0000	-0.4761	-0.3769
150.000	146.914	0.0708	0.0000	0.0000	0.0000	0.0000	-0.4985	-0.3334
155.000	146.408	0.0502	0.0000	0.0000	0.0000	0.0000	-0.5189	-0.2858
160.000	145.788	0.0327	0.0000	0.0000	0.0000	0.0000	-0.5370	-0.2343
165.000	144.983	0.0187	0.0000	0.0000	0.0000	0.0000	-0.5521	-0.1795
170.000	144.633	0.0084	0.0000	0.0000	0.0000	0.0000	-0.5632	-0.1214
175.000	144.407	0.0021	0.0000	0.0000	0.0000	0.0000	-0.5700	-0.0612
180.000	144.329	0.0000	0.0000	0.0000	0.0000	0.0000	-0.5724	0.0000
