0.000	13.421	0.0000	0.0000	0.0000	0.0000	0.0000	0.4473	0.0000
5.000	13.390	-0.0050	0.0000	0.0000	0.0000	0.0000	0.4491	-0.0104
10.000	13.297	-0.0200	0.0000	0.0000	0.0000	0.0000	0.4543	-0.0217
15.000	13.145	-0.0448	0.0000	0.0000	0.0000	0.0000	0.4626	-0.0350
20.000	12.940	-0.0792	0.0000	0.0000	0.0000	0.0000	0.4733	-0.0510
25.000	12.688	-0.1227	0.0000	0.0000	0.0000	0.0000	0.4855	-0.0706
30.000	12.400	-0.1748	0.0000	0.0000	0.0000	0.0000	0.4982	-0.0945
35.000	12.085	-0.2343	0.0000	0.0000	0.0000	0.0000	0.5099	-0.1232
40.000	11.758	-0.3001	0.0000	0.0000	0.0000	0.0000	0.5190	-0.1572
45.000	11.431	-0.3703	0.0000	0.0000	0.0000	0.0000	0.5234	-0.1966
50.000	11.119	-0.4425	0.0000	0.0000	0.0000	0.0000	0.5211	-0.2413
55.000	10.835	-0.5139	0.0000	0.0000	0.0000	0.0000	0.5097	-0.2905
60.000	10.592	-0.5811	0.0000	0.0000	0.0000	0.0000	0.4873	-0.3432
65.000	10.403	-0.6404	0.0000	0.0000	0.0000	0.0000	0.4520	-0.3977
70.000	10.278	-0.6885	0.0000	0.0000	0.0000	0.0000	0.4028	-0.4519
75.000	10.224	-0.7221	0.0000	0.0000	0.0000	0.0000	0.3396	-0.5032
80.000	10.249	-0.7393	0.0000	0.0000	0.0000	0.0000	0.2633	-0.5491
85.000	10.354	-0.7390	0.0000	0.0000	0.0000	0.0000	0.1761	-0.5873
90.000	10.540	-0.7220	0.0000	0.0000	0.0000	0.0000	0.0806	-0.6159
95.000	10.806	-0.6897	0.0000	0.0000	0.0000	0.0000	-0.0196	-0.6339
100.000	11.146	-0.6450	0.0000	0.0000	0.0000	0.0000	-0.1213	-0.6407
105.000	11.554	-0.5910	0.0000	0.0000	0.0000	0.0000	-0.2212	-0.6369
110.000	12.020	-0.5310	0.0000	0.0000	0.0000	0.0000	-0.3168	-0.6232
115.000	12.535	-0.4679	0.0000	0.0000	0.0000	0.0000	-0.4061	-0.6009
120.000	13.085	-0.4046	0.0000	0.0000	0.0000	0.0000	-0.4881	-0.5714
125.000	13.659	-0.3430	0.0000	0.0000	0.0000	0.0000	-0.5619	-0.5359
130.000	14.242	-0.2847	0.0000	0.0000	0.0000	0.0000	-0.6275	-0.4958
135.000	14.820	-0.2309	0.0000	0.0000	0.0000	0.0000	-0.6849	-0.4522
140.000	15.381	-0.1823	0.0000	0.0000	0.0000	0.0000	-0.7345	-0.4059
145.000	15.910	-0.1392	0.0000	0.0000	0.0000	0.0000	-0.7768	-0.3577
150.000	16.397	-0.1019	0.0000	0.0000	0.0000	0.0000	-0.8122	-0.3082
155.000	16.829	-0.0705	0.0000	0.0000	0.0000	0.0000	-0.8413	-0.2578
160.000	17.196	-0.0450	0.0000	0.0000	0.0000	0.0000	-0.8644	-0.2067
165.000	17.491	-0.0252	0.0000	0.0000	0.0000	0.0000	-0.8820	-0.1553
170.000	17.707	-0.0112	0.0000	0.0000	0.0000	0.0000	-0.8943	-0.1036
175.000	17.838	-0.0028	0.0000	0.0000	0.0000	0.0000	-0.9016	-0.0518
180.000	17.882	0.0000	0.0000	0.0000	0.0000	0.0000	-0.9040	0.0000
