0.000	247.257	0.0000	0.0000	0.0000	0.0000	0.0000	-0.7781	0.0000
5.000	245.586	0.0012	0.0000	0.0000	0.0000	0.0000	-0.7728	0.0673
10.000	240.681	0.0048	0.0000	0.0000	0.0000	0.0000	-0.7570	0.1330
15.000	232.868	0.0108	0.0000	0.0000	0.0000	0.0000	-0.7308	0.1956
20.000	222.664	0.0194	0.0000	0.0000	0.0000	0.0000	-0.6945	0.2535
25.000	210.724	0.0305	0.0000	0.0000	0.0000	0.0000	-0.6483	0.3046
30.000	197.763	0.0440	0.0000	0.0000	0.0000	0.0000	-0.5927	0.3466
35.000	184.468	0.0596	0.0000	0.0000	0.0000	0.0000	-0.5287	0.3771
40.000	171.446	0.0767	0.0000	0.0000	0.0000	0.0000	-0.4580	0.3934
45.000	159.187	0.0947	0.0000	0.0000	0.0000	0.0000	-0.3831	0.3931
50.000	148.044	0.1123	0.0000	0.0000	0.0000	0.0000	-0.3077	0.3747
55.000	138.241	0.1286	0.0000	0.0000	0.0000	0.0000	-0.2360	0.3375
60.000	129.881	0.1422	0.0000	0.0000	0.0000	0.0000	-0.1727	0.2826
65.000	122.972	0.1522	0.0000	0.0000	0.0000	0.0000	-0.1223	0.2127
70.000	117.448	0.1580	0.0000	0.0000	0.0000	0.0000	-0.0881	0.1319
75.000	113.188	0.1593	0.0000	0.0000	0.0000	0.0000	-0.0722	0.0452
80.000	110.047	0.1563	0.0000	0.0000	0.0000	0.0000	-0.0750	-0.0421
85.000	107.865	0.1496	0.0000	0.0000	0.0000	0.0000	-0.0954	-0.1253
90.000	106.478	0.1399	0.0000	0.0000	0.0000	0.0000	-0.1311	-0.2005
95.000	105.734	0.1281	0.0000	0.0000	0.0000	0.0000	-0.1792	-0.2650
100.000	105.493	0.1152	0.0000	0.0000	0.0000	0.0000	-0.2363	-0.3172
105.000	105.633	0.1017	0.0000	0.0000	0.0000	0.0000	-0.2994	-0.3567
110.000	106.049	0.0883	0.0000	0.0000	0.0000	0.0000	-0.3656	-0.3837
115.000	106.654	0.0755	0.0000	0.0000	0.0000	0.0000	-0.4327	-0.3990
120.000	107.378	0.0635	0.0000	0.0000	0.0000	0.0000	-0.4988	-0.4035
125.000	108.164	0.0525	0.0000	0.0000	0.0000	0.0000	-0.5623	-0.3984
130.000	108.970	0.0426	0.0000	0.0000	0.0000	0.0000	-0.6223	-0.3849
135.000	109.761	0.0339	0.0000	0.0000	0.0000	0.0000	-0.6778	-0.3643
140.000	110.513	0.0263	0.0000	0.0000	0.0000	0.0000	-0.7284	-0.3375
145.000	111.212	0.0198	0.0000	0.0000	0.0000	0.0000	-0.7736	-0.3054
150.000	111.823	0.0143	0.0000	0.0000	0.0000	0.0000	-0.8130	-0.2691
155.000	112.380	0.0098	0.0000	0.0000	0.0000	0.0000	-0.8467	-0.2293
160.000	112.884	0.0062	0.0000	0.0000	0.0000	0.0000	-0.8745	-0.1866
165.000	113.234	0.0035	0.0000	0.0000	0.0000	0.0000	-0.8960	-0.1418
170.000	113.486	0.0015	0.0000	0.0000	0.0000	0.0000	-0.9113	-0.0954
175.000	113.638	0.0004	0.0000	0.0000	0.0000	0.0000	-0.9206	-0.0480
180.000	113.439	-0.0000	0.0000	0.0000	0.0000	0.0000	-0.9236	0.0000
