0.000	39.956	0.0000	0.0000	0.0000	0.0000	0.0000	-0.3161	0.0000
5.000	39.864	-0.0015	0.0000	0.0000	0.0000	0.0000	-0.3072	0.0745
10.000	39.594	-0.0060	0.0000	0.0000	0.0000	0.0000	-0.2811	0.1456
15.000	39.154	-0.0132	0.0000	0.0000	0.0000	0.0000	-0.2393	0.2102
20.000	38.568	-0.0230	0.0000	0.0000	0.0000	0.0000	-0.1840	0.2654
25.000	37.874	-0.0348	0.0000	0.0000	0.0000	0.0000	-0.1179	0.3087
30.000	37.120	-0.0483	0.0000	0.0000	0.0000	0.0000	-0.0442	0.3378
35.000	36.360	-0.0629	0.0000	0.0000	0.0000	0.0000	0.0335	0.3506
40.000	35.645	-0.0781	0.0000	0.0000	0.0000	0.0000	0.1111	0.3459
45.000	35.019	-0.0931	0.0000	0.0000	0.0000	0.0000	0.1839	0.3232
50.000	34.519	-0.1074	0.0000	0.0000	0.0000	0.0000	0.2476	0.2830
55.000	34.169	-0.1202	0.0000	0.0000	0.0000	0.0000	0.2979	0.2272
60.000	33.984	-0.1310	0.0000	0.0000	0.0000	0.0000	0.3316	0.1587
65.000	33.972	-0.1393	0.0000	0.0000	0.0000	0.0000	0.3466	0.0811
70.000	34.130	-0.1449	0.0000	0.0000	0.0000	0.0000	0.3420	-0.0014
75.000	34.451	-0.1476	0.0000	0.0000	0.0000	0.0000	0.3183	-0.0846
80.000	34.921	-0.1474	0.0000	0.0000	0.0000	0.0000	0.2771	-0.1646
85.000	35.524	-0.1446	0.0000	0.0000	0.0000	0.0000	0.2209	-0.2383
90.000	36.242	-0.1394	0.0000	0.0000	0.0000	0.0000	0.1526	-0.3031
95.000	37.054	-0.1322	0.0000	0.0000	0.0000	0.0000	0.0754	-0.3575
100.000	37.940	-0.1234	0.0000	0.0000	0.0000	0.0000	-0.0077	-0.4005
105.000	38.879	-0.1134	0.0000	0.0000	0.0000	0.0000	-0.0940	-0.4319
110.000	39.851	-0.1026	0.0000	0.0000	0.0000	0.0000	-0.1809	-0.4519
115.000	40.838	-0.0914	0.0000	0.0000	0.0000	0.0000	-0.2665	-0.4610
120.000	41.821	-0.0800	0.0000	0.0000	0.0000	0.0000	-0.3490	-0.4601
125.000	42.785	-0.0688	0.0000	0.0000	0.0000	0.0000	-0.4273	-0.4502
130.000	43.714	-0.0579	0.0000	0.0000	0.0000	0.0000	-0.5003	-0.4321
135.000	44.595	-0.0477	0.0000	0.0000	0.0000	0.0000	-0.5674	-0.4069
140.000	45.416	-0.0382	0.0000	0.0000	0.0000	0.0000	-0.6280	-0.3756
145.000	46.164	-0.0296	0.0000	0.0000	0.0000	0.0000	-0.6817	-0.3391
150.000	46.835	-0.0219	0.0000	0.0000	0.0000	0.0000	-0.7285	-0.2982
155.000	47.413	-0.0153	0.0000	0.0000	0.0000	0.0000	-0.7681	-0.2537
160.000	47.907	-0.0098	0.0000	0.0000	0.0000	0.0000	-0.8006	-0.2063
165.000	48.289	-0.0056	0.0000	0.0000	0.0000	0.0000	-0.8258	-0.1566
170.000	48.564	-0.0025	0.0000	0.0000	0.0000	0.0000	-0.8438	-0.1053
175.000	48.730	-0.0006	0.0000	0.0000	0.0000	0.0000	-0.8546	-0.0529
180.000	48.770	-0.0000	0.0000	0.0000	0.0000	0.0000	-0.8584	0.0000
