0.000000 	 5.468479e+02 	 5.468479e+02 	 5.468479e+02
5.000000 	 5.423485e+02 	 5.712345e+02 	 5.134625e+02
10.000000 	 5.291896e+02 	 5.849826e+02 	 4.733966e+02
15.000000 	 5.083641e+02 	 5.873207e+02 	 4.294075e+02
20.000000 	 4.813927e+02 	 5.783921e+02 	 3.843932e+02
25.000000 	 4.501163e+02 	 5.591571e+02 	 3.410754e+02
30.000000 	 4.164593e+02 	 5.311953e+02 	 3.017234e+02
35.000000 	 3.822251e+02 	 4.964751e+02 	 2.679751e+02
40.000000 	 3.489465e+02 	 4.571234e+02 	 2.407696e+02
45.000000 	 3.178084e+02 	 4.152319e+02 	 2.203849e+02
50.000000 	 2.896206e+02 	 3.727023e+02 	 2.065388e+02
55.000000 	 2.648466e+02 	 3.311568e+02 	 1.985364e+02
60.000000 	 2.436474e+02 	 2.918741e+02 	 1.954208e+02
65.000000 	 2.259506e+02 	 2.557854e+02 	 1.961157e+02
70.000000 	 2.115168e+02 	 2.234932e+02 	 1.995404e+02
75.000000 	 2.000012e+02 	 1.953083e+02 	 2.046941e+02
80.000000 	 1.910100e+02 	 1.713155e+02 	 2.107046e+02
85.000000 	 1.841340e+02 	 1.514084e+02 	 2.168595e+02
90.000000 	 1.789814e+02 	 1.353523e+02 	 2.226104e+02
95.000000 	 1.751970e+02 	 1.228383e+02 	 2.275556e+02
100.000000 	 1.724699e+02 	 1.135035e+02 	 2.314363e+02
105.000000 	 1.705385e+02 	 1.069771e+02 	 2.340998e+02
110.000000 	 1.691893e+02 	 1.028930e+02 	 2.354856e+02
115.000000 	 1.682534e+02 	 1.009062e+02 	 2.356007e+02
120.000000 	 1.676016e+02 	 1.007019e+02 	 2.345012e+02
125.000000 	 1.671380e+02 	 1.019997e+02 	 2.322762e+02
130.000000 	 1.667957e+02 	 1.045571e+02 	 2.290343e+02
135.000000 	 1.665267e+02 	 1.081587e+02 	 2.248947e+02
140.000000 	 1.663038e+02 	 1.126304e+02 	 2.199771e+02
145.000000 	 1.661096e+02 	 1.178177e+02 	 2.144015e+02
150.000000 	 1.659375e+02 	 1.235927e+02 	 2.082823e+02
155.000000 	 1.657875e+02 	 1.298475e+02 	 2.017274e+02
160.000000 	 1.656530e+02 	 1.364909e+02 	 1.948151e+02
165.000000 	 1.655594e+02 	 1.434436e+02 	 1.876753e+02
170.000000 	 1.654781e+02 	 1.506249e+02 	 1.803314e+02
175.000000 	 1.654278e+02 	 1.579688e+02 	 1.728869e+02
180.000000 	 1.647564e+02 	 1.647564e+02 	 1.647564e+02
