0.000000 	 5.410416e+02 	 5.410416e+02 	 5.410416e+02
5.000000 	 5.357436e+02 	 5.559332e+02 	 5.155541e+02
10.000000 	 5.203353e+02 	 5.591919e+02 	 4.814788e+02
15.000000 	 4.962560e+02 	 5.508406e+02 	 4.416715e+02
20.000000 	 4.655516e+02 	 5.317638e+02 	 3.993395e+02
25.000000 	 4.305989e+02 	 5.035801e+02 	 3.576178e+02
30.000000 	 3.937283e+02 	 4.683190e+02 	 3.191375e+02
35.000000 	 3.570187e+02 	 4.282211e+02 	 2.858163e+02
40.000000 	 3.221244e+02 	 3.854962e+02 	 2.587526e+02
45.000000 	 2.902232e+02 	 3.421734e+02 	 2.382730e+02
50.000000 	 2.620317e+02 	 2.999959e+02 	 2.240675e+02
55.000000 	 2.378560e+02 	 2.603411e+02 	 2.153708e+02
60.000000 	 2.176868e+02 	 2.242184e+02 	 2.111552e+02
65.000000 	 2.012756e+02 	 1.922519e+02 	 2.102992e+02
70.000000 	 1.882308e+02 	 1.647460e+02 	 2.117157e+02
75.000000 	 1.780816e+02 	 1.417276e+02 	 2.144356e+02
80.000000 	 1.703314e+02 	 1.230002e+02 	 2.176626e+02
85.000000 	 1.645030e+02 	 1.082339e+02 	 2.207721e+02
90.000000 	 1.601599e+02 	 9.700112e+01 	 2.233188e+02
95.000000 	 1.569231e+02 	 8.883980e+01 	 2.250065e+02
100.000000 	 1.544761e+02 	 8.328845e+01 	 2.256637e+02
105.000000 	 1.525646e+02 	 7.991339e+01 	 2.252158e+02
110.000000 	 1.509929e+02 	 7.832578e+01 	 2.236600e+02
115.000000 	 1.496209e+02 	 7.819516e+01 	 2.210467e+02
120.000000 	 1.483488e+02 	 7.924065e+01 	 2.174569e+02
125.000000 	 1.471146e+02 	 8.123761e+01 	 2.129916e+02
130.000000 	 1.458851e+02 	 8.400950e+01 	 2.077608e+02
135.000000 	 1.446484e+02 	 8.742006e+01 	 2.018767e+02
140.000000 	 1.434355e+02 	 9.139306e+01 	 1.954780e+02
145.000000 	 1.422503e+02 	 9.584128e+01 	 1.886592e+02
150.000000 	 1.411164e+02 	 1.007104e+02 	 1.815225e+02
155.000000 	 1.400577e+02 	 1.059560e+02 	 1.741594e+02
160.000000 	 1.390872e+02 	 1.115313e+02 	 1.666431e+02
165.000000 	 1.381619e+02 	 1.173396e+02 	 1.589842e+02
170.000000 	 1.376265e+02 	 1.236703e+02 	 1.515826e+02
175.000000 	 1.372978e+02 	 1.302975e+02 	 1.442981e+02
180.000000 	 1.371869e+02 	 1.371869e+02 	 1.371869e+02
