0.000	54.981	0.0000	0.0000	0.0000	0.0000	0.0000	-0.4637	0.0000
5.000	54.793	-0.0010	0.0000	0.0000	0.0000	0.0000	-0.4553	0.0764
10.000	54.236	-0.0039	0.0000	0.0000	0.0000	0.0000	-0.4306	0.1499
15.000	53.340	-0.0086	0.0000	0.0000	0.0000	0.0000	-0.3908	0.2178
20.000	52.154	-0.0149	0.0000	0.0000	0.0000	0.0000	-0.3374	0.2775
25.000	50.755	-0.0227	0.0000	0.0000	0.0000	0.0000	-0.2725	0.3263
30.000	49.231	-0.0315	0.0000	0.0000	0.0000	0.0000	-0.1984	0.3619
35.000	47.675	-0.0412	0.0000	0.0000	0.0000	0.0000	-0.1185	0.3818
40.000	46.175	-0.0514	0.0000	0.0000	0.0000	0.0000	-0.0363	0.3843
45.000	44.805	-0.0617	0.0000	0.0000	0.0000	0.0000	0.0437	0.3681
50.000	43.623	-0.0716	0.0000	0.0000	0.0000	0.0000	0.1167	0.3333
55.000	42.668	-0.0808	0.0000	0.0000	0.0000	0.0000	0.1782	0.2811
60.000	41.963	-0.0889	0.0000	0.0000	0.0000	0.0000	0.2240	0.2143
65.000	41.516	-0.0954	0.0000	0.0000	0.0000	0.0000	0.2513	0.1364
70.000	41.322	-0.1002	0.0000	0.0000	0.0000	0.0000	0.2586	0.0519
75.000	41.366	-0.1030	0.0000	0.0000	0.0000	0.0000	0.2458	-0.0346
80.000	41.628	-0.1039	0.0000	0.0000	0.0000	0.0000	0.2142	-0.1188
85.000	42.080	-0.1029	0.0000	0.0000	0.0000	0.0000	0.1662	-0.1971
90.000	42.695	-0.1000	0.0000	0.0000	0.0000	0.0000	0.1048	-0.2666
95.000	43.443	-0.0956	0.0000	0.0000	0.0000	0.0000	0.0333	-0.3254
100.000	44.296	-0.0900	0.0000	0.0000	0.0000	0.0000	-0.0453	-0.3725
105.000	45.224	-0.0833	0.0000	0.0000	0.0000	0.0000	-0.1278	-0.4076
110.000	46.202	-0.0759	0.0000	0.0000	0.0000	0.0000	-0.2116	-0.4308
115.000	47.206	-0.0680	0.0000	0.0000	0.0000	0.0000	-0.2947	-0.4427
120.000	48.213	-0.0599	0.0000	0.0000	0.0000	0.0000	-0.3752	-0.4443
125.000	49.205	-0.0518	0.0000	0.0000	0.0000	0.0000	-0.4517	-0.4364
130.000	50.163	-0.0438	0.0000	0.0000	0.0000	0.0000	-0.5233	-0.4202
135.000	51.073	-0.0362	0.0000	0.0000	0.0000	0.0000	-0.5892	-0.3967
140.000	51.922	-0.0291	0.0000	0.0000	0.0000	0.0000	-0.6488	-0.3669
145.000	52.694	-0.0226	0.0000	0.0000	0.0000	0.0000	-0.7018	-0.3317
150.000	53.389	-0.0168	0.0000	0.0000	0.0000	0.0000	-0.7479	-0.2920
155.000	53.985	-0.0118	0.0000	0.0000	0.0000	0.0000	-0.7870	-0.2487
160.000	54.501	-0.0076	0.0000	0.0000	0.0000	0.0000	-0.8191	-0.2023
165.000	54.894	-0.0043	0.0000	0.0000	0.0000	0.0000	-0.8440	-0.1537
170.000	55.177	-0.0019	0.0000	0.0000	0.0000	0.0000	-0.8618	-0.1034
175.000	55.349	-0.0005	0.0000	0.0000	0.0000	0.0000	-0.8724	-0.0520
180.000	55.406	0.0000	0.0000	0.0000	0.0000	0.0000	-0.8760	0.0000
