0.000000 	 2.820030e+02 	 2.820030e+02 	 2.820030e+02
5.000000 	 2.800375e+02 	 2.983951e+02 	 2.616800e+02
10.000000 	 2.742709e+02 	 3.098294e+02 	 2.387124e+02
15.000000 	 2.650880e+02 	 3.156620e+02 	 2.145141e+02
20.000000 	 2.531078e+02 	 3.157051e+02 	 1.905105e+02
25.000000 	 2.391043e+02 	 3.101982e+02 	 1.680104e+02
30.000000 	 2.239126e+02 	 2.997292e+02 	 1.480960e+02
35.000000 	 2.083403e+02 	 2.851342e+02 	 1.315464e+02
40.000000 	 1.930949e+02 	 2.673853e+02 	 1.188045e+02
45.000000 	 1.787430e+02 	 2.474965e+02 	 1.099896e+02
50.000000 	 1.656936e+02 	 2.264447e+02 	 1.049425e+02
55.000000 	 1.542007e+02 	 2.051120e+02 	 1.032894e+02
60.000000 	 1.443807e+02 	 1.842491e+02 	 1.045124e+02
65.000000 	 1.362388e+02 	 1.644611e+02 	 1.080165e+02
70.000000 	 1.296906e+02 	 1.461925e+02 	 1.131888e+02
75.000000 	 1.245989e+02 	 1.297561e+02 	 1.194417e+02
80.000000 	 1.207910e+02 	 1.153371e+02 	 1.262450e+02
85.000000 	 1.180803e+02 	 1.030188e+02 	 1.331418e+02
90.000000 	 1.162787e+02 	 9.279243e+01 	 1.397649e+02
95.000000 	 1.152106e+02 	 8.459604e+01 	 1.458252e+02
100.000000 	 1.147166e+02 	 7.831984e+01 	 1.511134e+02
105.000000 	 1.146573e+02 	 7.382500e+01 	 1.554895e+02
110.000000 	 1.149144e+02 	 7.095624e+01 	 1.588727e+02
115.000000 	 1.153908e+02 	 6.955061e+01 	 1.612310e+02
120.000000 	 1.160072e+02 	 6.944767e+01 	 1.625668e+02
125.000000 	 1.167013e+02 	 7.048889e+01 	 1.629137e+02
130.000000 	 1.174250e+02 	 7.252578e+01 	 1.623242e+02
135.000000 	 1.181484e+02 	 7.542220e+01 	 1.608745e+02
140.000000 	 1.188378e+02 	 7.904601e+01 	 1.586296e+02
145.000000 	 1.194801e+02 	 8.328234e+01 	 1.556779e+02
150.000000 	 1.200417e+02 	 8.800897e+01 	 1.520745e+02
155.000000 	 1.205557e+02 	 9.315478e+01 	 1.479567e+02
160.000000 	 1.210254e+02 	 9.863890e+01 	 1.434119e+02
165.000000 	 1.213475e+02 	 1.042955e+02 	 1.383995e+02
170.000000 	 1.215785e+02 	 1.100867e+02 	 1.330704e+02
175.000000 	 1.217176e+02 	 1.159347e+02 	 1.275004e+02
180.000000 	 1.217639e+02 	 1.217639e+02 	 1.217639e+02
