0.000	0.964	0.0000	0.0000	0.0000	0.0000	0.0000	0.9996	0.0000
5.000	1.049	-0.0325	0.0000	0.0000	0.0000	0.0000	0.9979	0.0522
10.000	1.298	-0.1041	0.0000	0.0000	0.0000	0.0000	0.9926	0.0608
15.000	1.698	-0.1766	0.0000	0.0000	0.0000	0.0000	0.9836	0.0262
20.000	2.228	-0.2347	0.0000	0.0000	0.0000	0.0000	0.9707	-0.0322
25.000	2.866	-0.2781	0.0000	0.0000	0.0000	0.0000	0.9537	-0.1005
30.000	3.587	-0.3101	0.0000	0.0000	0.0000	0.0000	0.9322	-0.1719
35.000	4.372	-0.3339	0.0000	0.0000	0.0000	0.0000	0.9057	-0.2437
40.000	5.199	-0.3513	0.0000	0.0000	0.0000	0.0000	0.8737	-0.3146
45.000	6.052	-0.3636	0.0000	0.0000	0.0000	0.0000	0.8357	-0.3842
50.000	6.920	-0.3715	0.0000	0.0000	0.0000	0.0000	0.7909	-0.4518
55.000	7.791	-0.3751	0.0000	0.0000	0.0000	0.0000	0.7390	-0.5168
60.000	8.659	-0.3749	0.0000	0.0000	0.0000	0.0000	0.6796	-0.5784
65.000	9.520	-0.3709	0.0000	0.0000	0.0000	0.0000	0.6126	-0.6357
70.000	10.371	-0.3632	0.0000	0.0000	0.0000	0.0000	0.5382	-0.6875
75.000	11.211	-0.3521	0.0000	0.0000	0.0000	0.0000	0.4569	-0.7328
80.000	12.041	-0.3377	0.0000	0.0000	0.0000	0.0000	0.3695	-0.7707
85.000	12.862	-0.3205	0.0000	0.0000	0.0000	0.0000	0.2771	-0.8003
90.000	13.673	-0.3008	0.0000	0.0000	0.0000	0.0000	0.1810	-0.8210
95.000	14.476	-0.2792	0.0000	0.0000	0.0000	0.0000	0.0827	-0.8323
100.000	15.268	-0.2560	0.0000	0.0000	0.0000	0.0000	-0.0164	-0.8342
105.000	16.050	-0.2319	0.0000	0.0000	0.0000	0.0000	-0.1147	-0.8267
110.000	16.817	-0.2073	0.0000	0.0000	0.0000	0.0000	-0.2110	-0.8102
115.000	17.567	-0.1827	0.0000	0.0000	0.0000	0.0000	-0.3038	-0.7851
120.000	18.296	-0.1586	0.0000	0.0000	0.0000	0.0000	-0.3922	-0.7520
125.000	18.997	-0.1353	0.0000	0.0000	0.0000	0.0000	-0.4753	-0.7118
130.000	19.665	-0.1133	0.0000	0.0000	0.0000	0.0000	-0.5523	-0.6652
135.000	20.294	-0.0927	0.0000	0.0000	0.0000	0.0000	-0.6227	-0.6129
140.000	20.877	-0.0739	0.0000	0.0000	0.0000	0.0000	-0.6861	-0.5558
145.000	21.409	-0.0570	0.0000	0.0000	0.0000	0.0000	-0.7423	-0.4945
150.000	21.884	-0.0421	0.0000	0.0000	0.0000	0.0000	-0.7911	-0.4298
155.000	22.296	-0.0294	0.0000	0.0000	0.0000	0.0000	-0.8324	-0.3622
160.000	22.640	-0.0188	0.0000	0.0000	0.0000	0.0000	-0.8661	-0.2923
165.000	22.913	-0.0106	0.0000	0.0000	0.0000	0.0000	-0.8924	-0.2207
170.000	23.110	-0.0047	0.0000	0.0000	0.0000	0.0000	-0.9111	-0.1478
175.000	23.229	-0.0012	0.0000	0.0000	0.0000	0.0000	-0.9223	-0.0741
180.000	23.269	-0.0000	0.0000	0.0000	0.0000	0.0000	-0.9260	0.0000
