0.000000 	 5.204094e+02 	 5.204094e+02 	 5.204094e+02
5.000000 	 5.152203e+02 	 5.339306e+02 	 4.965099e+02
10.000000 	 5.001695e+02 	 5.361705e+02 	 4.641685e+02
15.000000 	 4.766697e+02 	 5.272060e+02 	 4.261334e+02
20.000000 	 4.467787e+02 	 5.079943e+02 	 3.855630e+02
25.000000 	 4.128255e+02 	 4.801320e+02 	 3.455191e+02
30.000000 	 3.771118e+02 	 4.456273e+02 	 3.085962e+02
35.000000 	 3.416562e+02 	 4.066401e+02 	 2.766724e+02
40.000000 	 3.080620e+02 	 3.652974e+02 	 2.508266e+02
45.000000 	 2.774583e+02 	 3.235405e+02 	 2.313762e+02
50.000000 	 2.505160e+02 	 2.830208e+02 	 2.180112e+02
55.000000 	 2.275150e+02 	 2.450509e+02 	 2.099792e+02
60.000000 	 2.084257e+02 	 2.105805e+02 	 2.062709e+02
65.000000 	 1.929893e+02 	 1.801886e+02 	 2.057900e+02
70.000000 	 1.808128e+02 	 1.541486e+02 	 2.074770e+02
75.000000 	 1.714288e+02 	 1.324668e+02 	 2.103907e+02
80.000000 	 1.643474e+02 	 1.149335e+02 	 2.137612e+02
85.000000 	 1.590998e+02 	 1.012143e+02 	 2.169853e+02
90.000000 	 1.552582e+02 	 9.087870e+01 	 2.196376e+02
95.000000 	 1.524514e+02 	 8.347471e+01 	 2.214281e+02
100.000000 	 1.503703e+02 	 7.854612e+01 	 2.221946e+02
105.000000 	 1.487674e+02 	 7.567016e+01 	 2.218646e+02
110.000000 	 1.474549e+02 	 7.447474e+01 	 2.204351e+02
115.000000 	 1.462902e+02 	 7.463220e+01 	 2.179482e+02
120.000000 	 1.451860e+02 	 7.588789e+01 	 2.144840e+02
125.000000 	 1.440819e+02 	 7.802818e+01 	 2.101355e+02
130.000000 	 1.429489e+02 	 8.089084e+01 	 2.050069e+02
135.000000 	 1.418005e+02 	 8.437385e+01 	 1.992271e+02
140.000000 	 1.406096e+02 	 8.835261e+01 	 1.928667e+02
145.000000 	 1.394476e+02 	 9.281199e+01 	 1.860833e+02
150.000000 	 1.383208e+02 	 9.768553e+01 	 1.789560e+02
155.000000 	 1.372562e+02 	 1.029352e+02 	 1.715772e+02
160.000000 	 1.362688e+02 	 1.085172e+02 	 1.640205e+02
165.000000 	 1.353109e+02 	 1.143296e+02 	 1.562923e+02
170.000000 	 1.347660e+02 	 1.206971e+02 	 1.488348e+02
175.000000 	 1.344306e+02 	 1.273719e+02 	 1.414894e+02
180.000000 	 1.343174e+02 	 1.343174e+02 	 1.343174e+02
