0.000	3.806	0.0000	0.0000	0.0000	0.0000	0.0000	0.7608	0.0000
5.000	3.897	-0.0085	0.0000	0.0000	0.0000	0.0000	0.7684	0.0369
10.000	4.164	-0.0316	0.0000	0.0000	0.0000	0.0000	0.7882	0.0602
15.000	4.592	-0.0635	0.0000	0.0000	0.0000	0.0000	0.8135	0.0627
20.000	5.156	-0.0985	0.0000	0.0000	0.0000	0.0000	0.8375	0.0440
25.000	5.833	-0.1326	0.0000	0.0000	0.0000	0.0000	0.8556	0.0080
30.000	6.595	-0.1636	0.0000	0.0000	0.0000	0.0000	0.8654	-0.0407
35.000	7.421	-0.1906	0.0000	0.0000	0.0000	0.0000	0.8659	-0.0979
40.000	8.291	-0.2134	0.0000	0.0000	0.0000	0.0000	0.8569	-0.1606
45.000	9.188	-0.2319	0.0000	0.0000	0.0000	0.0000	0.8381	-0.2262
50.000	10.099	-0.2463	0.0000	0.0000	0.0000	0.0000	0.8097	-0.2932
55.000	11.015	-0.2567	0.0000	0.0000	0.0000	0.0000	0.7716	-0.3597
60.000	11.929	-0.2632	0.0000	0.0000	0.0000	0.0000	0.7240	-0.4244
65.000	12.837	-0.2660	0.0000	0.0000	0.0000	0.0000	0.6671	-0.4859
70.000	13.738	-0.2651	0.0000	0.0000	0.0000	0.0000	0.6014	-0.5429
75.000	14.631	-0.2608	0.0000	0.0000	0.0000	0.0000	0.5276	-0.5940
80.000	15.517	-0.2534	0.0000	0.0000	0.0000	0.0000	0.4468	-0.6381
85.000	16.395	-0.2431	0.0000	0.0000	0.0000	0.0000	0.3602	-0.6743
90.000	17.267	-0.2303	0.0000	0.0000	0.0000	0.0000	0.2692	-0.7019
95.000	18.132	-0.2154	0.0000	0.0000	0.0000	0.0000	0.1753	-0.7203
100.000	18.989	-0.1989	0.0000	0.0000	0.0000	0.0000	0.0800	-0.7294
105.000	19.835	-0.1813	0.0000	0.0000	0.0000	0.0000	-0.0150	-0.7292
110.000	20.667	-0.1629	0.0000	0.0000	0.0000	0.0000	-0.1083	-0.7200
115.000	21.481	-0.1443	0.0000	0.0000	0.0000	0.0000	-0.1987	-0.7023
120.000	22.271	-0.1258	0.0000	0.0000	0.0000	0.0000	-0.2851	-0.6765
125.000	23.031	-0.1077	0.0000	0.0000	0.0000	0.0000	-0.3664	-0.6435
130.000	23.756	-0.0905	0.0000	0.0000	0.0000	0.0000	-0.4421	-0.6038
135.000	24.437	-0.0743	0.0000	0.0000	0.0000	0.0000	-0.5114	-0.5584
140.000	25.069	-0.0593	0.0000	0.0000	0.0000	0.0000	-0.5740	-0.5080
145.000	25.645	-0.0458	0.0000	0.0000	0.0000	0.0000	-0.6295	-0.4532
150.000	26.158	-0.0339	0.0000	0.0000	0.0000	0.0000	-0.6778	-0.3947
155.000	26.603	-0.0237	0.0000	0.0000	0.0000	0.0000	-0.7188	-0.3333
160.000	26.975	-0.0152	0.0000	0.0000	0.0000	0.0000	-0.7523	-0.2694
165.000	27.268	-0.0086	0.0000	0.0000	0.0000	0.0000	-0.7784	-0.2036
170.000	27.480	-0.0038	0.0000	0.0000	0.0000	0.0000	-0.7970	-0.1365
175.000	27.609	-0.0010	0.0000	0.0000	0.0000	0.0000	-0.8082	-0.0685
180.000	27.652	-0.0000	0.0000	0.0000	0.0000	0.0000	-0.8119	0.0000
