0.000000 	 5.947439e+02 	 5.947439e+02 	 5.947439e+02
5.000000 	 5.896700e+02 	 6.191871e+02 	 5.601530e+02
10.000000 	 5.748489e+02 	 6.318163e+02 	 5.178814e+02
15.000000 	 5.514366e+02 	 6.319374e+02 	 4.709358e+02
20.000000 	 5.211908e+02 	 6.198598e+02 	 4.225217e+02
25.000000 	 4.862174e+02 	 5.967684e+02 	 3.756663e+02
30.000000 	 4.486971e+02 	 5.644957e+02 	 3.328986e+02
35.000000 	 4.106529e+02 	 5.252611e+02 	 2.960446e+02
40.000000 	 3.737879e+02 	 4.814222e+02 	 2.661537e+02
45.000000 	 3.394010e+02 	 4.352644e+02 	 2.435377e+02
50.000000 	 3.083652e+02 	 3.888402e+02 	 2.278902e+02
55.000000 	 2.811594e+02 	 3.438677e+02 	 2.184511e+02
60.000000 	 2.579300e+02 	 3.016806e+02 	 2.141794e+02
65.000000 	 2.385667e+02 	 2.632226e+02 	 2.139109e+02
70.000000 	 2.227802e+02 	 2.290752e+02 	 2.164852e+02
75.000000 	 2.101719e+02 	 1.995070e+02 	 2.208367e+02
80.000000 	 2.002918e+02 	 1.745344e+02 	 2.260492e+02
85.000000 	 1.926833e+02 	 1.539846e+02 	 2.313820e+02
90.000000 	 1.869130e+02 	 1.375529e+02 	 2.362731e+02
95.000000 	 1.825916e+02 	 1.248614e+02 	 2.403217e+02
100.000000 	 1.793819e+02 	 1.154884e+02 	 2.432754e+02
105.000000 	 1.770025e+02 	 1.090115e+02 	 2.449936e+02
110.000000 	 1.752282e+02 	 1.050221e+02 	 2.454343e+02
115.000000 	 1.738816e+02 	 1.031445e+02 	 2.446187e+02
120.000000 	 1.728295e+02 	 1.030413e+02 	 2.426177e+02
125.000000 	 1.719780e+02 	 1.044208e+02 	 2.395352e+02
130.000000 	 1.712553e+02 	 1.070244e+02 	 2.354862e+02
135.000000 	 1.706244e+02 	 1.106466e+02 	 2.306022e+02
140.000000 	 1.700520e+02 	 1.150981e+02 	 2.250058e+02
145.000000 	 1.695353e+02 	 1.202457e+02 	 2.188249e+02
150.000000 	 1.690666e+02 	 1.259612e+02 	 2.121721e+02
155.000000 	 1.686474e+02 	 1.321426e+02 	 2.051522e+02
160.000000 	 1.682995e+02 	 1.387306e+02 	 1.978684e+02
165.000000 	 1.679966e+02 	 1.456044e+02 	 1.903887e+02
170.000000 	 1.677900e+02 	 1.527654e+02 	 1.828146e+02
175.000000 	 1.676637e+02 	 1.601228e+02 	 1.752045e+02
180.000000 	 1.676211e+02 	 1.676211e+02 	 1.676211e+02
