0.000	102.457	0.0000	0.0000	0.0000	0.0000	0.0000	-0.6629	0.0000
5.000	101.934	-0.0000	0.0000	0.0000	0.0000	0.0000	-0.6558	0.0755
10.000	100.396	-0.0002	0.0000	0.0000	0.0000	0.0000	-0.6348	0.1488
15.000	97.931	-0.0003	0.0000	0.0000	0.0000	0.0000	-0.6004	0.2179
20.000	94.693	-0.0003	0.0000	0.0000	0.0000	0.0000	-0.5536	0.2805
25.000	90.886	-0.0001	0.0000	0.0000	0.0000	0.0000	-0.4951	0.3342
30.000	86.740	0.0002	0.0000	0.0000	0.0000	0.0000	-0.4265	0.3767
35.000	82.483	0.0008	0.0000	0.0000	0.0000	0.0000	-0.3497	0.4051
40.000	78.325	0.0014	0.0000	0.0000	0.0000	0.0000	-0.2674	0.4171
45.000	74.435	0.0020	0.0000	0.0000	0.0000	0.0000	-0.1836	0.4107
50.000	70.945	0.0023	0.0000	0.0000	0.0000	0.0000	-0.1026	0.3849
55.000	67.939	0.0022	0.0000	0.0000	0.0000	0.0000	-0.0295	0.3401
60.000	65.462	0.0016	0.0000	0.0000	0.0000	0.0000	0.0311	0.2780
65.000	63.524	0.0004	0.0000	0.0000	0.0000	0.0000	0.0751	0.2022
70.000	62.109	-0.0013	0.0000	0.0000	0.0000	0.0000	0.0998	0.1171
75.000	61.179	-0.0035	0.0000	0.0000	0.0000	0.0000	0.1041	0.0278
80.000	60.684	-0.0058	0.0000	0.0000	0.0000	0.0000	0.0885	-0.0609
85.000	60.566	-0.0082	0.0000	0.0000	0.0000	0.0000	0.0549	-0.1445
90.000	60.766	-0.0105	0.0000	0.0000	0.0000	0.0000	0.0061	-0.2197
95.000	61.223	-0.0123	0.0000	0.0000	0.0000	0.0000	-0.0545	-0.2840
100.000	61.882	-0.0137	0.0000	0.0000	0.0000	0.0000	-0.1237	-0.3361
105.000	62.692	-0.0146	0.0000	0.0000	0.0000	0.0000	-0.1982	-0.3756
110.000	63.605	-0.0149	0.0000	0.0000	0.0000	0.0000	-0.2751	-0.4027
115.000	64.583	-0.0148	0.0000	0.0000	0.0000	0.0000	-0.3522	-0.4179
120.000	65.590	-0.0141	0.0000	0.0000	0.0000	0.0000	-0.4276	-0.4224
125.000	66.597	-0.0131	0.0000	0.0000	0.0000	0.0000	-0.4997	-0.4171
130.000	67.579	-0.0117	0.0000	0.0000	0.0000	0.0000	-0.5674	-0.4032
135.000	68.518	-0.0102	0.0000	0.0000	0.0000	0.0000	-0.6300	-0.3817
140.000	69.395	-0.0086	0.0000	0.0000	0.0000	0.0000	-0.6868	-0.3538
145.000	70.201	-0.0069	0.0000	0.0000	0.0000	0.0000	-0.7374	-0.3204
150.000	70.926	-0.0052	0.0000	0.0000	0.0000	0.0000	-0.7816	-0.2825
155.000	71.542	-0.0038	0.0000	0.0000	0.0000	0.0000	-0.8191	-0.2408
160.000	72.091	-0.0025	0.0000	0.0000	0.0000	0.0000	-0.8500	-0.1960
165.000	72.498	-0.0014	0.0000	0.0000	0.0000	0.0000	-0.8739	-0.1490
170.000	72.790	-0.0006	0.0000	0.0000	0.0000	0.0000	-0.8910	-0.1003
175.000	72.967	-0.0002	0.0000	0.0000	0.0000	0.0000	-0.9012	-0.0504
180.000	73.026	0.0000	0.0000	0.0000	0.0000	0.0000	-0.9046	0.0000
