0.000000 	 2.982845e+02 	 2.982845e+02 	 2.982845e+02
5.000000 	 2.946293e+02 	 3.011900e+02 	 2.880686e+02
10.000000 	 2.841540e+02 	 2.967731e+02 	 2.715349e+02
15.000000 	 2.682300e+02 	 2.858070e+02 	 2.506530e+02
20.000000 	 2.486587e+02 	 2.694738e+02 	 2.278436e+02
25.000000 	 2.273305e+02 	 2.491410e+02 	 2.055200e+02
30.000000 	 2.059303e+02 	 2.261379e+02 	 1.857226e+02
35.000000 	 1.858066e+02 	 2.016904e+02 	 1.699228e+02
40.000000 	 1.679383e+02 	 1.769279e+02 	 1.589487e+02
45.000000 	 1.529573e+02 	 1.528882e+02 	 1.530264e+02
50.000000 	 1.412035e+02 	 1.305005e+02 	 1.519065e+02
55.000000 	 1.327968e+02 	 1.105646e+02 	 1.550290e+02
60.000000 	 1.276817e+02 	 9.368575e+01 	 1.616776e+02
65.000000 	 1.256721e+02 	 8.023959e+01 	 1.711045e+02
70.000000 	 1.264867e+02 	 7.036593e+01 	 1.826075e+02
75.000000 	 1.297768e+02 	 6.396646e+01 	 1.955870e+02
80.000000 	 1.351527e+02 	 6.078220e+01 	 2.095232e+02
85.000000 	 1.422085e+02 	 6.041564e+01 	 2.240013e+02
90.000000 	 1.505304e+02 	 6.241441e+01 	 2.386464e+02
95.000000 	 1.597241e+02 	 6.630862e+01 	 2.531396e+02
100.000000 	 1.694179e+02 	 7.166459e+01 	 2.671713e+02
105.000000 	 1.792779e+02 	 7.810809e+01 	 2.804478e+02
110.000000 	 1.890086e+02 	 8.535463e+01 	 2.926625e+02
115.000000 	 1.983594e+02 	 9.320307e+01 	 3.035157e+02
120.000000 	 2.071377e+02 	 1.015539e+02 	 3.127215e+02
125.000000 	 2.151642e+02 	 1.103479e+02 	 3.199806e+02
130.000000 	 2.223603e+02 	 1.196453e+02 	 3.250753e+02
135.000000 	 2.286441e+02 	 1.294986e+02 	 3.277896e+02
140.000000 	 2.339825e+02 	 1.399892e+02 	 3.279759e+02
145.000000 	 2.384621e+02 	 1.512782e+02 	 3.256459e+02
150.000000 	 2.419391e+02 	 1.632466e+02 	 3.206316e+02
155.000000 	 2.446781e+02 	 1.761109e+02 	 3.132452e+02
160.000000 	 2.466059e+02 	 1.896822e+02 	 3.035296e+02
165.000000 	 2.475864e+02 	 2.036339e+02 	 2.915389e+02
170.000000 	 2.486519e+02 	 2.187261e+02 	 2.785778e+02
175.000000 	 2.492654e+02 	 2.341108e+02 	 2.644201e+02
180.000000 	 2.491269e+02 	 2.491269e+02 	 2.491269e+02
