0.000000 	 2.369491e+02 	 2.369491e+02 	 2.369491e+02
5.000000 	 2.337505e+02 	 2.378679e+02 	 2.296332e+02
10.000000 	 2.246636e+02 	 2.326032e+02 	 2.167240e+02
15.000000 	 2.110732e+02 	 2.220988e+02 	 2.000475e+02
20.000000 	 1.947330e+02 	 2.075806e+02 	 1.818853e+02
25.000000 	 1.773794e+02 	 1.902634e+02 	 1.644955e+02
30.000000 	 1.605135e+02 	 1.712242e+02 	 1.498029e+02
35.000000 	 1.452957e+02 	 1.513878e+02 	 1.392036e+02
40.000000 	 1.325769e+02 	 1.316401e+02 	 1.335136e+02
45.000000 	 1.229613e+02 	 1.128979e+02 	 1.330246e+02
50.000000 	 1.168679e+02 	 9.610509e+01 	 1.376307e+02
55.000000 	 1.145671e+02 	 8.214876e+01 	 1.469854e+02
60.000000 	 1.162079e+02 	 7.178059e+01 	 1.606352e+02
65.000000 	 1.218094e+02 	 6.549254e+01 	 1.781262e+02
70.000000 	 1.312748e+02 	 6.349658e+01 	 1.990530e+02
75.000000 	 1.443962e+02 	 6.572294e+01 	 2.230695e+02
80.000000 	 1.608674e+02 	 7.186398e+01 	 2.498708e+02
85.000000 	 1.803007e+02 	 8.144274e+01 	 2.791587e+02
90.000000 	 2.022424e+02 	 9.388797e+01 	 3.105968e+02
95.000000 	 2.262058e+02 	 1.086140e+02 	 3.437976e+02
100.000000 	 2.516761e+02 	 1.250780e+02 	 3.782741e+02
105.000000 	 2.781293e+02 	 1.428264e+02 	 4.134322e+02
110.000000 	 3.050500e+02 	 1.615308e+02 	 4.485692e+02
115.000000 	 3.319291e+02 	 1.809824e+02 	 4.828757e+02
120.000000 	 3.583214e+02 	 2.011504e+02 	 5.154923e+02
125.000000 	 3.837538e+02 	 2.220523e+02 	 5.454552e+02
130.000000 	 4.078747e+02 	 2.438838e+02 	 5.718655e+02
135.000000 	 4.302548e+02 	 2.667661e+02 	 5.937435e+02
140.000000 	 4.506923e+02 	 2.910093e+02 	 6.103753e+02
145.000000 	 4.690257e+02 	 3.168650e+02 	 6.211865e+02
150.000000 	 4.848021e+02 	 3.441470e+02 	 6.254571e+02
155.000000 	 4.982096e+02 	 3.731152e+02 	 6.233039e+02
160.000000 	 5.089484e+02 	 4.033163e+02 	 6.145805e+02
165.000000 	 5.166515e+02 	 4.339895e+02 	 5.993134e+02
170.000000 	 5.228050e+02 	 4.659813e+02 	 5.796287e+02
175.000000 	 5.264906e+02 	 4.975481e+02 	 5.554331e+02
180.000000 	 5.277178e+02 	 5.277178e+02 	 5.277178e+02
