0.000	7.952	0.0000	0.0000	0.0000	0.0000	0.0000	0.6736	0.0000
5.000	7.966	-0.0071	0.0000	0.0000	0.0000	0.0000	0.6759	-0.0073
10.000	8.006	-0.0278	0.0000	0.0000	0.0000	0.0000	0.6823	-0.0167
15.000	8.070	-0.0612	0.0000	0.0000	0.0000	0.0000	0.6920	-0.0300
20.000	8.153	-0.1055	0.0000	0.0000	0.0000	0.0000	0.7033	-0.0486
25.000	8.251	-0.1584	0.0000	0.0000	0.0000	0.0000	0.7145	-0.0736
30.000	8.361	-0.2177	0.0000	0.0000	0.0000	0.0000	0.7236	-0.1053
35.000	8.480	-0.2806	0.0000	0.0000	0.0000	0.0000	0.7286	-0.1439
40.000	8.609	-0.3447	0.0000	0.0000	0.0000	0.0000	0.7273	-0.1891
45.000	8.749	-0.4071	0.0000	0.0000	0.0000	0.0000	0.7179	-0.2402
50.000	8.902	-0.4653	0.0000	0.0000	0.0000	0.0000	0.6985	-0.2960
55.000	9.072	-0.5169	0.0000	0.0000	0.0000	0.0000	0.6678	-0.3552
60.000	9.264	-0.5597	0.0000	0.0000	0.0000	0.0000	0.6246	-0.4160
65.000	9.483	-0.5919	0.0000	0.0000	0.0000	0.0000	0.5685	-0.4763
70.000	9.734	-0.6124	0.0000	0.0000	0.0000	0.0000	0.4997	-0.5341
75.000	10.021	-0.6206	0.0000	0.0000	0.0000	0.0000	0.4190	-0.5871
80.000	10.348	-0.6165	0.0000	0.0000	0.0000	0.0000	0.3280	-0.6333
85.000	10.717	-0.6009	0.0000	0.0000	0.0000	0.0000	0.2289	-0.6711
90.000	11.128	-0.5752	0.0000	0.0000	0.0000	0.0000	0.1240	-0.6991
95.000	11.580	-0.5410	0.0000	0.0000	0.0000	0.0000	0.0161	-0.7168
100.000	12.071	-0.5003	0.0000	0.0000	0.0000	0.0000	-0.0922	-0.7238
105.000	12.595	-0.4550	0.0000	0.0000	0.0000	0.0000	-0.1988	-0.7205
110.000	13.146	-0.4071	0.0000	0.0000	0.0000	0.0000	-0.3015	-0.7074
115.000	13.719	-0.3582	0.0000	0.0000	0.0000	0.0000	-0.3987	-0.6854
120.000	14.302	-0.3099	0.0000	0.0000	0.0000	0.0000	-0.4895	-0.6555
125.000	14.889	-0.2632	0.0000	0.0000	0.0000	0.0000	-0.5729	-0.6189
130.000	15.468	-0.2191	0.0000	0.0000	0.0000	0.0000	-0.6485	-0.5764
135.000	16.031	-0.1782	0.0000	0.0000	0.0000	0.0000	-0.7162	-0.5292
140.000	16.566	-0.1412	0.0000	0.0000	0.0000	0.0000	-0.7758	-0.4780
145.000	17.064	-0.1082	0.0000	0.0000	0.0000	0.0000	-0.8277	-0.4238
150.000	17.516	-0.0795	0.0000	0.0000	0.0000	0.0000	-0.8719	-0.3670
155.000	17.914	-0.0552	0.0000	0.0000	0.0000	0.0000	-0.9088	-0.3084
160.000	18.250	-0.0353	0.0000	0.0000	0.0000	0.0000	-0.9385	-0.2482
165.000	18.518	-0.0198	0.0000	0.0000	0.0000	0.0000	-0.9614	-0.1870
170.000	18.713	-0.0088	0.0000	0.0000	0.0000	0.0000	-0.9776	-0.1251
175.000	18.832	-0.0022	0.0000	0.0000	0.0000	0.0000	-0.9872	-0.0627
180.000	18.872	0.0000	0.0000	0.0000	0.0000	0.0000	-0.9904	0.0000
