0.000	610.551	0.0000	0.0000	0.0000	0.0000	0.0000	-0.7183	0.0000
5.000	605.249	0.0032	0.0000	0.0000	0.0000	0.0000	-0.7152	0.0485
10.000	589.771	0.0126	0.0000	0.0000	0.0000	0.0000	-0.7059	0.0959
15.000	565.346	0.0285	0.0000	0.0000	0.0000	0.0000	-0.6902	0.1413
20.000	533.835	0.0509	0.0000	0.0000	0.0000	0.0000	-0.6677	0.1832
25.000	497.455	0.0796	0.0000	0.0000	0.0000	0.0000	-0.6384	0.2199
30.000	458.491	0.1145	0.0000	0.0000	0.0000	0.0000	-0.6022	0.2493
35.000	419.051	0.1547	0.0000	0.0000	0.0000	0.0000	-0.5594	0.2690
40.000	380.903	0.1993	0.0000	0.0000	0.0000	0.0000	-0.5111	0.2767
45.000	345.382	0.2463	0.0000	0.0000	0.0000	0.0000	-0.4590	0.2700
50.000	313.379	0.2933	0.0000	0.0000	0.0000	0.0000	-0.4058	0.2474
55.000	285.373	0.3376	0.0000	0.0000	0.0000	0.0000	-0.3547	0.2084
60.000	261.497	0.3762	0.0000	0.0000	0.0000	0.0000	-0.3095	0.1542
65.000	241.620	0.4062	0.0000	0.0000	0.0000	0.0000	-0.2738	0.0875
70.000	225.429	0.4256	0.0000	0.0000	0.0000	0.0000	-0.2504	0.0123
75.000	212.503	0.4334	0.0000	0.0000	0.0000	0.0000	-0.2410	-0.0664
80.000	202.368	0.4298	0.0000	0.0000	0.0000	0.0000	-0.2459	-0.1436
85.000	194.548	0.4160	0.0000	0.0000	0.0000	0.0000	-0.2642	-0.2147
90.000	188.596	0.3938	0.0000	0.0000	0.0000	0.0000	-0.2939	-0.2766
95.000	184.108	0.3653	0.0000	0.0000	0.0000	0.0000	-0.3325	-0.3272
100.000	180.739	0.3328	0.0000	0.0000	0.0000	0.0000	-0.3776	-0.3656
105.000	178.203	0.2982	0.0000	0.0000	0.0000	0.0000	-0.4266	-0.3920
110.000	176.269	0.2630	0.0000	0.0000	0.0000	0.0000	-0.4776	-0.4072
115.000	174.760	0.2284	0.0000	0.0000	0.0000	0.0000	-0.5289	-0.4121
120.000	173.542	0.1953	0.0000	0.0000	0.0000	0.0000	-0.5792	-0.4080
125.000	172.523	0.1642	0.0000	0.0000	0.0000	0.0000	-0.6274	-0.3962
130.000	171.633	0.1356	0.0000	0.0000	0.0000	0.0000	-0.6730	-0.3777
135.000	170.839	0.1096	0.0000	0.0000	0.0000	0.0000	-0.7154	-0.3536
140.000	170.106	0.0864	0.0000	0.0000	0.0000	0.0000	-0.7542	-0.3248
145.000	169.439	0.0660	0.0000	0.0000	0.0000	0.0000	-0.7890	-0.2920
150.000	168.830	0.0484	0.0000	0.0000	0.0000	0.0000	-0.8197	-0.2560
155.000	168.282	0.0335	0.0000	0.0000	0.0000	0.0000	-0.8461	-0.2173
160.000	167.833	0.0214	0.0000	0.0000	0.0000	0.0000	-0.8678	-0.1763
165.000	167.426	0.0120	0.0000	0.0000	0.0000	0.0000	-0.8851	-0.1338
170.000	167.159	0.0053	0.0000	0.0000	0.0000	0.0000	-0.8973	-0.0899
175.000	166.996	0.0013	0.0000	0.0000	0.0000	0.0000	-0.9047	-0.0451
180.000	166.942	0.0000	0.0000	0.0000	0.0000	0.0000	-0.9072	0.0000
