0.000	482.354	0.0000	0.0000	0.0000	0.0000	0.0000	-0.7685	0.0000
5.000	478.542	0.0023	0.0000	0.0000	0.0000	0.0000	-0.7645	0.0567
10.000	467.380	0.0092	0.0000	0.0000	0.0000	0.0000	-0.7526	0.1122
15.000	449.684	0.0208	0.0000	0.0000	0.0000	0.0000	-0.7327	0.1653
20.000	426.713	0.0371	0.0000	0.0000	0.0000	0.0000	-0.7048	0.2144
25.000	400.005	0.0581	0.0000	0.0000	0.0000	0.0000	-0.6690	0.2579
30.000	371.185	0.0837	0.0000	0.0000	0.0000	0.0000	-0.6251	0.2937
35.000	341.787	0.1133	0.0000	0.0000	0.0000	0.0000	-0.5740	0.3194
40.000	313.131	0.1461	0.0000	0.0000	0.0000	0.0000	-0.5166	0.3324
45.000	286.248	0.1806	0.0000	0.0000	0.0000	0.0000	-0.4551	0.3306
50.000	261.855	0.2153	0.0000	0.0000	0.0000	0.0000	-0.3923	0.3122
55.000	240.376	0.2479	0.0000	0.0000	0.0000	0.0000	-0.3317	0.2765
60.000	221.972	0.2763	0.0000	0.0000	0.0000	0.0000	-0.2775	0.2243
65.000	206.604	0.2984	0.0000	0.0000	0.0000	0.0000	-0.2336	0.1582
70.000	194.085	0.3127	0.0000	0.0000	0.0000	0.0000	-0.2033	0.0819
75.000	184.130	0.3185	0.0000	0.0000	0.0000	0.0000	-0.1886	0.0003
80.000	176.405	0.3159	0.0000	0.0000	0.0000	0.0000	-0.1902	-0.0814
85.000	170.564	0.3056	0.0000	0.0000	0.0000	0.0000	-0.2071	-0.1585
90.000	166.264	0.2891	0.0000	0.0000	0.0000	0.0000	-0.2375	-0.2273
95.000	163.197	0.2679	0.0000	0.0000	0.0000	0.0000	-0.2787	-0.2853
100.000	161.088	0.2437	0.0000	0.0000	0.0000	0.0000	-0.3278	-0.3312
105.000	159.701	0.2178	0.0000	0.0000	0.0000	0.0000	-0.3820	-0.3648
110.000	158.846	0.1915	0.0000	0.0000	0.0000	0.0000	-0.4389	-0.3864
115.000	158.367	0.1657	0.0000	0.0000	0.0000	0.0000	-0.4964	-0.3969
120.000	158.144	0.1412	0.0000	0.0000	0.0000	0.0000	-0.5530	-0.3976
125.000	158.086	0.1182	0.0000	0.0000	0.0000	0.0000	-0.6075	-0.3895
130.000	158.128	0.0972	0.0000	0.0000	0.0000	0.0000	-0.6589	-0.3740
135.000	158.222	0.0782	0.0000	0.0000	0.0000	0.0000	-0.7065	-0.3520
140.000	158.338	0.0614	0.0000	0.0000	0.0000	0.0000	-0.7499	-0.3247
145.000	158.457	0.0467	0.0000	0.0000	0.0000	0.0000	-0.7887	-0.2929
150.000	158.569	0.0341	0.0000	0.0000	0.0000	0.0000	-0.8227	-0.2573
155.000	158.674	0.0235	0.0000	0.0000	0.0000	0.0000	-0.8518	-0.2188
160.000	158.743	0.0150	0.0000	0.0000	0.0000	0.0000	-0.8756	-0.1778
165.000	158.842	0.0084	0.0000	0.0000	0.0000	0.0000	-0.8945	-0.1349
170.000	158.879	0.0037	0.0000	0.0000	0.0000	0.0000	-0.9078	-0.0907
175.000	158.901	0.0009	0.0000	0.0000	0.0000	0.0000	-0.9159	-0.0456
180.000	158.908	-0.0000	0.0000	0.0000	0.0000	0.0000	-0.9185	0.0000
