0.000	10.268	0.0000	0.0000	0.0000	0.0000	0.0000	0.5705	0.0000
5.000	10.262	-0.0059	0.0000	0.0000	0.0000	0.0000	0.5726	-0.0096
10.000	10.243	-0.0236	0.0000	0.0000	0.0000	0.0000	0.5788	-0.0207
15.000	10.212	-0.0524	0.0000	0.0000	0.0000	0.0000	0.5883	-0.0345
20.000	10.168	-0.0915	0.0000	0.0000	0.0000	0.0000	0.6001	-0.0522
25.000	10.113	-0.1398	0.0000	0.0000	0.0000	0.0000	0.6130	-0.0747
30.000	10.049	-0.1958	0.0000	0.0000	0.0000	0.0000	0.6251	-0.1027
35.000	9.979	-0.2577	0.0000	0.0000	0.0000	0.0000	0.6348	-0.1366
40.000	9.909	-0.3235	0.0000	0.0000	0.0000	0.0000	0.6399	-0.1766
45.000	9.846	-0.3906	0.0000	0.0000	0.0000	0.0000	0.6384	-0.2224
50.000	9.796	-0.4563	0.0000	0.0000	0.0000	0.0000	0.6282	-0.2733
55.000	9.769	-0.5179	0.0000	0.0000	0.0000	0.0000	0.6071	-0.3284
60.000	9.772	-0.5723	0.0000	0.0000	0.0000	0.0000	0.5737	-0.3861
65.000	9.814	-0.6168	0.0000	0.0000	0.0000	0.0000	0.5268	-0.4444
70.000	9.901	-0.6492	0.0000	0.0000	0.0000	0.0000	0.4661	-0.5011
75.000	10.039	-0.6679	0.0000	0.0000	0.0000	0.0000	0.3922	-0.5539
80.000	10.233	-0.6721	0.0000	0.0000	0.0000	0.0000	0.3065	-0.6004
85.000	10.485	-0.6622	0.0000	0.0000	0.0000	0.0000	0.2112	-0.6386
90.000	10.795	-0.6393	0.0000	0.0000	0.0000	0.0000	0.1090	-0.6672
95.000	11.163	-0.6052	0.0000	0.0000	0.0000	0.0000	0.0030	-0.6851
100.000	11.583	-0.5623	0.0000	0.0000	0.0000	0.0000	-0.1039	-0.6922
105.000	12.051	-0.5130	0.0000	0.0000	0.0000	0.0000	-0.2089	-0.6888
110.000	12.559	-0.4598	0.0000	0.0000	0.0000	0.0000	-0.3099	-0.6755
115.000	13.100	-0.4049	0.0000	0.0000	0.0000	0.0000	-0.4051	-0.6534
120.000	13.662	-0.3502	0.0000	0.0000	0.0000	0.0000	-0.4933	-0.6236
125.000	14.235	-0.2972	0.0000	0.0000	0.0000	0.0000	-0.5738	-0.5874
130.000	14.808	-0.2472	0.0000	0.0000	0.0000	0.0000	-0.6461	-0.5458
135.000	15.369	-0.2008	0.0000	0.0000	0.0000	0.0000	-0.7104	-0.4998
140.000	15.908	-0.1589	0.0000	0.0000	0.0000	0.0000	-0.7666	-0.4505
145.000	16.412	-0.1216	0.0000	0.0000	0.0000	0.0000	-0.8151	-0.3985
150.000	16.873	-0.0892	0.0000	0.0000	0.0000	0.0000	-0.8562	-0.3444
155.000	17.279	-0.0618	0.0000	0.0000	0.0000	0.0000	-0.8902	-0.2889
160.000	17.624	-0.0395	0.0000	0.0000	0.0000	0.0000	-0.9175	-0.2322
165.000	17.900	-0.0222	0.0000	0.0000	0.0000	0.0000	-0.9384	-0.1748
170.000	18.101	-0.0098	0.0000	0.0000	0.0000	0.0000	-0.9532	-0.1168
175.000	18.223	-0.0025	0.0000	0.0000	0.0000	0.0000	-0.9620	-0.0585
180.000	18.264	-0.0000	0.0000	0.0000	0.0000	0.0000	-0.9649	0.0000
