0.000	443.541	0.0000	0.0000	0.0000	0.0000	0.0000	-0.7753	0.0000
5.000	440.113	0.0021	0.0000	0.0000	0.0000	0.0000	-0.7712	0.0585
10.000	430.073	0.0085	0.0000	0.0000	0.0000	0.0000	-0.7586	0.1157
15.000	414.137	0.0192	0.0000	0.0000	0.0000	0.0000	-0.7378	0.1704
20.000	393.429	0.0342	0.0000	0.0000	0.0000	0.0000	-0.7087	0.2211
25.000	369.321	0.0537	0.0000	0.0000	0.0000	0.0000	-0.6713	0.2661
30.000	343.276	0.0773	0.0000	0.0000	0.0000	0.0000	-0.6257	0.3031
35.000	316.675	0.1047	0.0000	0.0000	0.0000	0.0000	-0.5726	0.3298
40.000	290.716	0.1349	0.0000	0.0000	0.0000	0.0000	-0.5131	0.3437
45.000	266.335	0.1668	0.0000	0.0000	0.0000	0.0000	-0.4494	0.3425
50.000	244.192	0.1987	0.0000	0.0000	0.0000	0.0000	-0.3844	0.3245
55.000	224.682	0.2287	0.0000	0.0000	0.0000	0.0000	-0.3219	0.2889
60.000	207.962	0.2548	0.0000	0.0000	0.0000	0.0000	-0.2658	0.2367
65.000	194.004	0.2750	0.0000	0.0000	0.0000	0.0000	-0.2204	0.1702
70.000	182.648	0.2879	0.0000	0.0000	0.0000	0.0000	-0.1889	0.0934
75.000	173.640	0.2931	0.0000	0.0000	0.0000	0.0000	-0.1735	0.0110
80.000	166.682	0.2904	0.0000	0.0000	0.0000	0.0000	-0.1747	-0.0717
85.000	161.456	0.2808	0.0000	0.0000	0.0000	0.0000	-0.1918	-0.1500
90.000	157.657	0.2654	0.0000	0.0000	0.0000	0.0000	-0.2226	-0.2201
95.000	154.998	0.2457	0.0000	0.0000	0.0000	0.0000	-0.2645	-0.2795
100.000	153.227	0.2232	0.0000	0.0000	0.0000	0.0000	-0.3146	-0.3268
105.000	152.129	0.1994	0.0000	0.0000	0.0000	0.0000	-0.3701	-0.3616
110.000	151.525	0.1751	0.0000	0.0000	0.0000	0.0000	-0.4284	-0.3844
115.000	151.269	0.1514	0.0000	0.0000	0.0000	0.0000	-0.4874	-0.3959
120.000	151.249	0.1288	0.0000	0.0000	0.0000	0.0000	-0.5455	-0.3974
125.000	151.379	0.1078	0.0000	0.0000	0.0000	0.0000	-0.6013	-0.3900
130.000	151.595	0.0885	0.0000	0.0000	0.0000	0.0000	-0.6541	-0.3750
135.000	151.851	0.0711	0.0000	0.0000	0.0000	0.0000	-0.7029	-0.3533
140.000	152.116	0.0558	0.0000	0.0000	0.0000	0.0000	-0.7474	-0.3262
145.000	152.372	0.0424	0.0000	0.0000	0.0000	0.0000	-0.7872	-0.2944
150.000	152.609	0.0309	0.0000	0.0000	0.0000	0.0000	-0.8221	-0.2589
155.000	152.824	0.0213	0.0000	0.0000	0.0000	0.0000	-0.8519	-0.2202
160.000	152.983	0.0136	0.0000	0.0000	0.0000	0.0000	-0.8763	-0.1789
165.000	153.163	0.0076	0.0000	0.0000	0.0000	0.0000	-0.8957	-0.1359
170.000	153.252	0.0034	0.0000	0.0000	0.0000	0.0000	-0.9093	-0.0913
175.000	153.305	0.0008	0.0000	0.0000	0.0000	0.0000	-0.9175	-0.0459
180.000	152.817	-0.0000	0.0000	0.0000	0.0000	0.0000	-0.9233	0.0000
