0.000	1.670	0.0000	0.0000	0.0000	0.0000	0.0000	0.8641	0.0000
5.000	1.767	-0.0162	0.0000	0.0000	0.0000	0.0000	0.8721	0.0372
10.000	2.050	-0.0554	0.0000	0.0000	0.0000	0.0000	0.8903	0.0475
15.000	2.504	-0.1008	0.0000	0.0000	0.0000	0.0000	0.9081	0.0256
20.000	3.105	-0.1418	0.0000	0.0000	0.0000	0.0000	0.9191	-0.0194
25.000	3.827	-0.1754	0.0000	0.0000	0.0000	0.0000	0.9214	-0.0773
30.000	4.643	-0.2020	0.0000	0.0000	0.0000	0.0000	0.9152	-0.1414
35.000	5.529	-0.2229	0.0000	0.0000	0.0000	0.0000	0.9009	-0.2080
40.000	6.462	-0.2390	0.0000	0.0000	0.0000	0.0000	0.8790	-0.2754
45.000	7.424	-0.2512	0.0000	0.0000	0.0000	0.0000	0.8495	-0.3423
50.000	8.399	-0.2598	0.0000	0.0000	0.0000	0.0000	0.8125	-0.4080
55.000	9.377	-0.2652	0.0000	0.0000	0.0000	0.0000	0.7677	-0.4716
60.000	10.348	-0.2676	0.0000	0.0000	0.0000	0.0000	0.7151	-0.5322
65.000	11.308	-0.2670	0.0000	0.0000	0.0000	0.0000	0.6546	-0.5889
70.000	12.253	-0.2636	0.0000	0.0000	0.0000	0.0000	0.5866	-0.6405
75.000	13.182	-0.2574	0.0000	0.0000	0.0000	0.0000	0.5115	-0.6862
80.000	14.095	-0.2487	0.0000	0.0000	0.0000	0.0000	0.4302	-0.7248
85.000	14.992	-0.2377	0.0000	0.0000	0.0000	0.0000	0.3436	-0.7557
90.000	15.873	-0.2245	0.0000	0.0000	0.0000	0.0000	0.2529	-0.7780
95.000	16.740	-0.2097	0.0000	0.0000	0.0000	0.0000	0.1596	-0.7914
100.000	17.591	-0.1934	0.0000	0.0000	0.0000	0.0000	0.0651	-0.7957
105.000	18.425	-0.1762	0.0000	0.0000	0.0000	0.0000	-0.0293	-0.7910
110.000	19.239	-0.1583	0.0000	0.0000	0.0000	0.0000	-0.1221	-0.7773
115.000	20.031	-0.1403	0.0000	0.0000	0.0000	0.0000	-0.2121	-0.7553
120.000	20.796	-0.1223	0.0000	0.0000	0.0000	0.0000	-0.2983	-0.7253
125.000	21.529	-0.1049	0.0000	0.0000	0.0000	0.0000	-0.3796	-0.6881
130.000	22.225	-0.0882	0.0000	0.0000	0.0000	0.0000	-0.4554	-0.6445
135.000	22.878	-0.0724	0.0000	0.0000	0.0000	0.0000	-0.5249	-0.5950
140.000	23.482	-0.0579	0.0000	0.0000	0.0000	0.0000	-0.5878	-0.5405
145.000	24.031	-0.0448	0.0000	0.0000	0.0000	0.0000	-0.6438	-0.4817
150.000	24.521	-0.0332	0.0000	0.0000	0.0000	0.0000	-0.6925	-0.4192
155.000	24.944	-0.0232	0.0000	0.0000	0.0000	0.0000	-0.7338	-0.3537
160.000	25.297	-0.0149	0.0000	0.0000	0.0000	0.0000	-0.7677	-0.2857
165.000	25.576	-0.0084	0.0000	0.0000	0.0000	0.0000	-0.7940	-0.2159
170.000	25.778	-0.0037	0.0000	0.0000	0.0000	0.0000	-0.8129	-0.1447
175.000	25.900	-0.0009	0.0000	0.0000	0.0000	0.0000	-0.8242	-0.0726
180.000	25.941	-0.0000	0.0000	0.0000	0.0000	0.0000	-0.8280	0.0000
