0.000000 	 5.167445e+02 	 5.167445e+02 	 5.167445e+02
5.000000 	 5.125723e+02 	 5.407294e+02 	 4.844151e+02
10.000000 	 5.003718e+02 	 5.547792e+02 	 4.459644e+02
15.000000 	 4.810422e+02 	 5.580938e+02 	 4.039906e+02
20.000000 	 4.559785e+02 	 5.507432e+02 	 3.612138e+02
25.000000 	 4.268747e+02 	 5.335707e+02 	 3.201787e+02
30.000000 	 3.955121e+02 	 5.080192e+02 	 2.830049e+02
35.000000 	 3.635649e+02 	 4.759088e+02 	 2.512209e+02
40.000000 	 3.324647e+02 	 4.392259e+02 	 2.257036e+02
45.000000 	 3.033250e+02 	 3.999401e+02 	 2.067099e+02
50.000000 	 2.769130e+02 	 3.598546e+02 	 1.939715e+02
55.000000 	 2.536758e+02 	 3.205204e+02 	 1.868312e+02
60.000000 	 2.337770e+02 	 2.831717e+02 	 1.843823e+02
65.000000 	 2.171611e+02 	 2.487200e+02 	 1.856022e+02
70.000000 	 2.036130e+02 	 2.177650e+02 	 1.894611e+02
75.000000 	 1.928215e+02 	 1.906456e+02 	 1.949974e+02
80.000000 	 1.844188e+02 	 1.674641e+02 	 2.013735e+02
85.000000 	 1.780243e+02 	 1.481485e+02 	 2.079002e+02
90.000000 	 1.732731e+02 	 1.325107e+02 	 2.140354e+02
95.000000 	 1.698289e+02 	 1.202671e+02 	 2.193907e+02
100.000000 	 1.673979e+02 	 1.110980e+02 	 2.236978e+02
105.000000 	 1.657316e+02 	 1.046563e+02 	 2.268069e+02
110.000000 	 1.646254e+02 	 1.006029e+02 	 2.286479e+02
115.000000 	 1.639168e+02 	 9.861325e+01 	 2.292204e+02
120.000000 	 1.634812e+02 	 9.838872e+01 	 2.285736e+02
125.000000 	 1.632229e+02 	 9.965918e+01 	 2.267867e+02
130.000000 	 1.630757e+02 	 1.021872e+02 	 2.239642e+02
135.000000 	 1.629928e+02 	 1.057682e+02 	 2.202173e+02
140.000000 	 1.629433e+02 	 1.102227e+02 	 2.156639e+02
145.000000 	 1.629098e+02 	 1.153988e+02 	 2.104207e+02
150.000000 	 1.628839e+02 	 1.211670e+02 	 2.046008e+02
155.000000 	 1.628653e+02 	 1.274178e+02 	 1.983128e+02
160.000000 	 1.628358e+02 	 1.340472e+02 	 1.916244e+02
165.000000 	 1.628417e+02 	 1.409930e+02 	 1.846904e+02
170.000000 	 1.628216e+02 	 1.481405e+02 	 1.775027e+02
175.000000 	 1.628084e+02 	 1.554336e+02 	 1.701832e+02
180.000000 	 1.628037e+02 	 1.628037e+02 	 1.628037e+02
