0.000000 	 1.670422e+00 	 1.670422e+00 	 1.670422e+00
5.000000 	 1.766736e+00 	 1.832389e+00 	 1.701082e+00
10.000000 	 2.049846e+00 	 2.147187e+00 	 1.952505e+00
15.000000 	 2.503579e+00 	 2.567593e+00 	 2.439565e+00
20.000000 	 3.104708e+00 	 3.044347e+00 	 3.165070e+00
25.000000 	 3.826740e+00 	 3.530899e+00 	 4.122582e+00
30.000000 	 4.643013e+00 	 3.986628e+00 	 5.299397e+00
35.000000 	 5.528676e+00 	 4.378587e+00 	 6.678764e+00
40.000000 	 6.461757e+00 	 4.682356e+00 	 8.241159e+00
45.000000 	 7.423648e+00 	 4.882450e+00 	 9.964847e+00
50.000000 	 8.399261e+00 	 4.972471e+00 	 1.182605e+01
55.000000 	 9.376986e+00 	 4.954990e+00 	 1.379898e+01
60.000000 	 1.034847e+01 	 4.841058e+00 	 1.585588e+01
65.000000 	 1.130824e+01 	 4.649318e+00 	 1.796717e+01
70.000000 	 1.225321e+01 	 4.404715e+00 	 2.010171e+01
75.000000 	 1.318209e+01 	 4.136905e+00 	 2.222727e+01
80.000000 	 1.409474e+01 	 3.878471e+00 	 2.431102e+01
85.000000 	 1.499164e+01 	 3.663091e+00 	 2.632018e+01
90.000000 	 1.587328e+01 	 3.523786e+00 	 2.822278e+01
95.000000 	 1.673983e+01 	 3.491340e+00 	 2.998833e+01
100.000000 	 1.759075e+01 	 3.592990e+00 	 3.158851e+01
105.000000 	 1.842463e+01 	 3.851395e+00 	 3.299786e+01
110.000000 	 1.923911e+01 	 4.283931e+00 	 3.419429e+01
115.000000 	 2.003089e+01 	 4.902272e+00 	 3.515951e+01
120.000000 	 2.079580e+01 	 5.712248e+00 	 3.587936e+01
125.000000 	 2.152896e+01 	 6.713932e+00 	 3.634398e+01
130.000000 	 2.222493e+01 	 7.901913e+00 	 3.654794e+01
135.000000 	 2.287794e+01 	 9.265712e+00 	 3.649017e+01
140.000000 	 2.348208e+01 	 1.079030e+01 	 3.617387e+01
145.000000 	 2.403149e+01 	 1.245666e+01 	 3.560632e+01
150.000000 	 2.452055e+01 	 1.424243e+01 	 3.479867e+01
155.000000 	 2.494404e+01 	 1.612248e+01 	 3.376561e+01
160.000000 	 2.529732e+01 	 1.806958e+01 	 3.252506e+01
165.000000 	 2.557640e+01 	 2.005493e+01 	 3.109788e+01
170.000000 	 2.577810e+01 	 2.204874e+01 	 2.950746e+01
175.000000 	 2.590006e+01 	 2.402078e+01 	 2.777934e+01
180.000000 	 2.594088e+01 	 2.594088e+01 	 2.594088e+01
