0.000	215.414	0.0000	0.0000	0.0000	0.0000	0.0000	-0.7702	0.0000
5.000	214.008	0.0010	0.0000	0.0000	0.0000	0.0000	-0.7646	0.0689
10.000	209.879	0.0040	0.0000	0.0000	0.0000	0.0000	-0.7479	0.1362
15.000	203.293	0.0091	0.0000	0.0000	0.0000	0.0000	-0.7205	0.2003
20.000	194.685	0.0163	0.0000	0.0000	0.0000	0.0000	-0.6826	0.2593
25.000	184.606	0.0256	0.0000	0.0000	0.0000	0.0000	-0.6345	0.3114
30.000	173.654	0.0370	0.0000	0.0000	0.0000	0.0000	-0.5767	0.3541
35.000	162.414	0.0502	0.0000	0.0000	0.0000	0.0000	-0.5104	0.3849
40.000	151.404	0.0647	0.0000	0.0000	0.0000	0.0000	-0.4374	0.4011
45.000	141.040	0.0797	0.0000	0.0000	0.0000	0.0000	-0.3604	0.4005
50.000	131.626	0.0945	0.0000	0.0000	0.0000	0.0000	-0.2833	0.3813
55.000	123.357	0.1079	0.0000	0.0000	0.0000	0.0000	-0.2103	0.3433
60.000	116.324	0.1190	0.0000	0.0000	0.0000	0.0000	-0.1463	0.2875
65.000	110.535	0.1270	0.0000	0.0000	0.0000	0.0000	-0.0957	0.2166
70.000	105.938	0.1314	0.0000	0.0000	0.0000	0.0000	-0.0619	0.1349
75.000	102.434	0.1320	0.0000	0.0000	0.0000	0.0000	-0.0469	0.0474
80.000	99.897	0.1290	0.0000	0.0000	0.0000	0.0000	-0.0509	-0.0406
85.000	98.189	0.1229	0.0000	0.0000	0.0000	0.0000	-0.0727	-0.1245
90.000	97.173	0.1144	0.0000	0.0000	0.0000	0.0000	-0.1101	-0.2002
95.000	96.715	0.1043	0.0000	0.0000	0.0000	0.0000	-0.1598	-0.2652
100.000	96.695	0.0932	0.0000	0.0000	0.0000	0.0000	-0.2187	-0.3180
105.000	97.006	0.0819	0.0000	0.0000	0.0000	0.0000	-0.2835	-0.3580
110.000	97.555	0.0707	0.0000	0.0000	0.0000	0.0000	-0.3515	-0.3854
115.000	98.266	0.0601	0.0000	0.0000	0.0000	0.0000	-0.4203	-0.4010
120.000	99.076	0.0502	0.0000	0.0000	0.0000	0.0000	-0.4879	-0.4058
125.000	99.933	0.0413	0.0000	0.0000	0.0000	0.0000	-0.5530	-0.4010
130.000	100.800	0.0333	0.0000	0.0000	0.0000	0.0000	-0.6144	-0.3876
135.000	101.644	0.0264	0.0000	0.0000	0.0000	0.0000	-0.6712	-0.3670
140.000	102.443	0.0204	0.0000	0.0000	0.0000	0.0000	-0.7230	-0.3401
145.000	103.183	0.0152	0.0000	0.0000	0.0000	0.0000	-0.7692	-0.3079
150.000	103.831	0.0110	0.0000	0.0000	0.0000	0.0000	-0.8095	-0.2714
155.000	104.419	0.0075	0.0000	0.0000	0.0000	0.0000	-0.8439	-0.2313
160.000	104.947	0.0047	0.0000	0.0000	0.0000	0.0000	-0.8723	-0.1883
165.000	105.319	0.0026	0.0000	0.0000	0.0000	0.0000	-0.8943	-0.1431
170.000	105.586	0.0012	0.0000	0.0000	0.0000	0.0000	-0.9099	-0.0963
175.000	105.747	0.0003	0.0000	0.0000	0.0000	0.0000	-0.9194	-0.0484
180.000	105.590	-0.0000	0.0000	0.0000	0.0000	0.0000	-0.9226	0.0000
