0.000	359.858	0.0000	0.0000	0.0000	0.0000	0.0000	-0.7836	0.0000
5.000	357.208	0.0017	0.0000	0.0000	0.0000	0.0000	-0.7790	0.0621
10.000	349.442	0.0070	0.0000	0.0000	0.0000	0.0000	-0.7652	0.1228
15.000	337.093	0.0159	0.0000	0.0000	0.0000	0.0000	-0.7424	0.1808
20.000	321.013	0.0283	0.0000	0.0000	0.0000	0.0000	-0.7106	0.2345
25.000	302.254	0.0445	0.0000	0.0000	0.0000	0.0000	-0.6698	0.2822
30.000	281.942	0.0641	0.0000	0.0000	0.0000	0.0000	-0.6204	0.3215
35.000	261.154	0.0868	0.0000	0.0000	0.0000	0.0000	-0.5630	0.3501
40.000	240.828	0.1118	0.0000	0.0000	0.0000	0.0000	-0.4991	0.3654
45.000	221.708	0.1382	0.0000	0.0000	0.0000	0.0000	-0.4308	0.3651
50.000	204.326	0.1644	0.0000	0.0000	0.0000	0.0000	-0.3615	0.3474
55.000	189.003	0.1889	0.0000	0.0000	0.0000	0.0000	-0.2948	0.3118
60.000	175.879	0.2100	0.0000	0.0000	0.0000	0.0000	-0.2354	0.2590
65.000	164.949	0.2261	0.0000	0.0000	0.0000	0.0000	-0.1872	0.1915
70.000	156.092	0.2362	0.0000	0.0000	0.0000	0.0000	-0.1539	0.1133
75.000	149.120	0.2398	0.0000	0.0000	0.0000	0.0000	-0.1374	0.0292
80.000	143.801	0.2370	0.0000	0.0000	0.0000	0.0000	-0.1385	-0.0555
85.000	139.887	0.2285	0.0000	0.0000	0.0000	0.0000	-0.1562	-0.1360
90.000	137.133	0.2154	0.0000	0.0000	0.0000	0.0000	-0.1884	-0.2085
95.000	135.313	0.1989	0.0000	0.0000	0.0000	0.0000	-0.2323	-0.2703
100.000	134.222	0.1802	0.0000	0.0000	0.0000	0.0000	-0.2849	-0.3200
105.000	133.684	0.1605	0.0000	0.0000	0.0000	0.0000	-0.3431	-0.3571
110.000	133.549	0.1406	0.0000	0.0000	0.0000	0.0000	-0.4044	-0.3819
115.000	133.699	0.1212	0.0000	0.0000	0.0000	0.0000	-0.4666	-0.3953
120.000	134.036	0.1028	0.0000	0.0000	0.0000	0.0000	-0.5278	-0.3983
125.000	134.487	0.0858	0.0000	0.0000	0.0000	0.0000	-0.5867	-0.3921
130.000	134.994	0.0702	0.0000	0.0000	0.0000	0.0000	-0.6423	-0.3779
135.000	135.517	0.0563	0.0000	0.0000	0.0000	0.0000	-0.6938	-0.3568
140.000	136.026	0.0440	0.0000	0.0000	0.0000	0.0000	-0.7408	-0.3300
145.000	136.504	0.0334	0.0000	0.0000	0.0000	0.0000	-0.7828	-0.2983
150.000	136.940	0.0243	0.0000	0.0000	0.0000	0.0000	-0.8195	-0.2625
155.000	137.332	0.0167	0.0000	0.0000	0.0000	0.0000	-0.8509	-0.2234
160.000	137.634	0.0106	0.0000	0.0000	0.0000	0.0000	-0.8766	-0.1817
165.000	137.940	0.0060	0.0000	0.0000	0.0000	0.0000	-0.8969	-0.1380
170.000	138.112	0.0026	0.0000	0.0000	0.0000	0.0000	-0.9113	-0.0928
175.000	138.215	0.0007	0.0000	0.0000	0.0000	0.0000	-0.9199	-0.0466
180.000	138.250	-0.0000	0.0000	0.0000	0.0000	0.0000	-0.9227	0.0000
