0.000	6.729	0.0000	0.0000	0.0000	0.0000	0.0000	0.7334	0.0000
5.000	6.754	-0.0079	0.0000	0.0000	0.0000	0.0000	0.7357	-0.0050
10.000	6.826	-0.0311	0.0000	0.0000	0.0000	0.0000	0.7419	-0.0126
15.000	6.942	-0.0679	0.0000	0.0000	0.0000	0.0000	0.7510	-0.0253
20.000	7.095	-0.1156	0.0000	0.0000	0.0000	0.0000	0.7612	-0.0445
25.000	7.277	-0.1714	0.0000	0.0000	0.0000	0.0000	0.7703	-0.0712
30.000	7.483	-0.2322	0.0000	0.0000	0.0000	0.0000	0.7763	-0.1056
35.000	7.706	-0.2949	0.0000	0.0000	0.0000	0.0000	0.7772	-0.1474
40.000	7.944	-0.3568	0.0000	0.0000	0.0000	0.0000	0.7710	-0.1960
45.000	8.194	-0.4153	0.0000	0.0000	0.0000	0.0000	0.7560	-0.2503
50.000	8.458	-0.4681	0.0000	0.0000	0.0000	0.0000	0.7309	-0.3089
55.000	8.736	-0.5132	0.0000	0.0000	0.0000	0.0000	0.6944	-0.3703
60.000	9.032	-0.5491	0.0000	0.0000	0.0000	0.0000	0.6458	-0.4326
65.000	9.348	-0.5744	0.0000	0.0000	0.0000	0.0000	0.5850	-0.4939
70.000	9.690	-0.5886	0.0000	0.0000	0.0000	0.0000	0.5123	-0.5520
75.000	10.060	-0.5916	0.0000	0.0000	0.0000	0.0000	0.4288	-0.6049
80.000	10.462	-0.5837	0.0000	0.0000	0.0000	0.0000	0.3359	-0.6507
85.000	10.896	-0.5658	0.0000	0.0000	0.0000	0.0000	0.2356	-0.6880
90.000	11.365	-0.5392	0.0000	0.0000	0.0000	0.0000	0.1302	-0.7156
95.000	11.866	-0.5055	0.0000	0.0000	0.0000	0.0000	0.0221	-0.7330
100.000	12.398	-0.4663	0.0000	0.0000	0.0000	0.0000	-0.0862	-0.7398
105.000	12.956	-0.4235	0.0000	0.0000	0.0000	0.0000	-0.1928	-0.7364
110.000	13.535	-0.3785	0.0000	0.0000	0.0000	0.0000	-0.2957	-0.7232
115.000	14.129	-0.3329	0.0000	0.0000	0.0000	0.0000	-0.3935	-0.7012
120.000	14.729	-0.2880	0.0000	0.0000	0.0000	0.0000	-0.4849	-0.6712
125.000	15.327	-0.2447	0.0000	0.0000	0.0000	0.0000	-0.5693	-0.6343
130.000	15.915	-0.2038	0.0000	0.0000	0.0000	0.0000	-0.6461	-0.5914
135.000	16.482	-0.1659	0.0000	0.0000	0.0000	0.0000	-0.7150	-0.5435
140.000	17.019	-0.1315	0.0000	0.0000	0.0000	0.0000	-0.7761	-0.4915
145.000	17.517	-0.1009	0.0000	0.0000	0.0000	0.0000	-0.8293	-0.4361
150.000	17.969	-0.0741	0.0000	0.0000	0.0000	0.0000	-0.8748	-0.3780
155.000	18.365	-0.0515	0.0000	0.0000	0.0000	0.0000	-0.9129	-0.3178
160.000	18.699	-0.0329	0.0000	0.0000	0.0000	0.0000	-0.9437	-0.2560
165.000	18.965	-0.0185	0.0000	0.0000	0.0000	0.0000	-0.9674	-0.1930
170.000	19.159	-0.0082	0.0000	0.0000	0.0000	0.0000	-0.9842	-0.1291
175.000	19.277	-0.0021	0.0000	0.0000	0.0000	0.0000	-0.9943	-0.0647
180.000	19.316	-0.0000	0.0000	0.0000	0.0000	0.0000	-0.9976	0.0000
