0.000000 	 7.952369e+00 	 7.952369e+00 	 7.952369e+00
5.000000 	 7.966090e+00 	 7.907855e+00 	 8.024324e+00
10.000000 	 8.006175e+00 	 7.872538e+00 	 8.139813e+00
15.000000 	 8.069694e+00 	 7.827745e+00 	 8.311644e+00
20.000000 	 8.152617e+00 	 7.756238e+00 	 8.548995e+00
25.000000 	 8.250772e+00 	 7.643779e+00 	 8.857765e+00
30.000000 	 8.360726e+00 	 7.480152e+00 	 9.241300e+00
35.000000 	 8.480393e+00 	 7.259638e+00 	 9.701149e+00
40.000000 	 8.609344e+00 	 6.981085e+00 	 1.023760e+01
45.000000 	 8.748835e+00 	 6.647739e+00 	 1.084993e+01
50.000000 	 8.901633e+00 	 6.266938e+00 	 1.153633e+01
55.000000 	 9.071693e+00 	 5.849728e+00 	 1.229366e+01
60.000000 	 9.263754e+00 	 5.410381e+00 	 1.311713e+01
65.000000 	 9.482878e+00 	 4.965814e+00 	 1.399994e+01
70.000000 	 9.733987e+00 	 4.534895e+00 	 1.493308e+01
75.000000 	 1.002141e+01 	 4.137658e+00 	 1.590516e+01
80.000000 	 1.034850e+01 	 3.794464e+00 	 1.690253e+01
85.000000 	 1.071730e+01 	 3.525141e+00 	 1.790946e+01
90.000000 	 1.112832e+01 	 3.348159e+00 	 1.890849e+01
95.000000 	 1.158042e+01 	 3.279887e+00 	 1.988096e+01
100.000000 	 1.207074e+01 	 3.333954e+00 	 2.080753e+01
105.000000 	 1.259477e+01 	 3.520755e+00 	 2.166879e+01
110.000000 	 1.314648e+01 	 3.847105e+00 	 2.244587e+01
115.000000 	 1.371852e+01 	 4.316046e+00 	 2.312100e+01
120.000000 	 1.430245e+01 	 4.926800e+00 	 2.367809e+01
125.000000 	 1.488899e+01 	 5.674852e+00 	 2.410313e+01
130.000000 	 1.546837e+01 	 6.552149e+00 	 2.438458e+01
135.000000 	 1.603055e+01 	 7.547395e+00 	 2.451370e+01
140.000000 	 1.656555e+01 	 8.646409e+00 	 2.448468e+01
145.000000 	 1.706369e+01 	 9.832545e+00 	 2.429483e+01
150.000000 	 1.751585e+01 	 1.108714e+01 	 2.394456e+01
155.000000 	 1.791369e+01 	 1.238999e+01 	 2.343739e+01
160.000000 	 1.824982e+01 	 1.371980e+01 	 2.277985e+01
165.000000 	 1.851799e+01 	 1.505470e+01 	 2.198129e+01
170.000000 	 1.871320e+01 	 1.637267e+01 	 2.105374e+01
175.000000 	 1.883180e+01 	 1.765196e+01 	 2.001165e+01
180.000000 	 1.887159e+01 	 1.887159e+01 	 1.887159e+01
