0.000000 	 3.197998e+02 	 3.197998e+02 	 3.197998e+02
5.000000 	 3.175065e+02 	 3.377723e+02 	 2.972408e+02
10.000000 	 3.107786e+02 	 3.500173e+02 	 2.715399e+02
15.000000 	 3.000776e+02 	 3.558480e+02 	 2.443072e+02
20.000000 	 2.861297e+02 	 3.550910e+02 	 2.171684e+02
25.000000 	 2.698416e+02 	 3.480608e+02 	 1.916224e+02
30.000000 	 2.521872e+02 	 3.354647e+02 	 1.689097e+02
35.000000 	 2.341038e+02 	 3.182847e+02 	 1.499229e+02
40.000000 	 2.164094e+02 	 2.976486e+02 	 1.351702e+02
45.000000 	 1.997570e+02 	 2.747236e+02 	 1.247903e+02
50.000000 	 1.846157e+02 	 2.506261e+02 	 1.186053e+02
55.000000 	 1.712711e+02 	 2.263486e+02 	 1.161935e+02
60.000000 	 1.598527e+02 	 2.027318e+02 	 1.169736e+02
65.000000 	 1.503611e+02 	 1.804431e+02 	 1.202792e+02
70.000000 	 1.426952e+02 	 1.599634e+02 	 1.254269e+02
75.000000 	 1.366943e+02 	 1.416251e+02 	 1.317635e+02
80.000000 	 1.321552e+02 	 1.256040e+02 	 1.387064e+02
85.000000 	 1.288633e+02 	 1.119703e+02 	 1.457563e+02
90.000000 	 1.266040e+02 	 1.006983e+02 	 1.525098e+02
95.000000 	 1.251760e+02 	 9.169461e+01 	 1.586574e+02
100.000000 	 1.243979e+02 	 8.481909e+01 	 1.639767e+02
105.000000 	 1.241123e+02 	 7.990260e+01 	 1.683219e+02
110.000000 	 1.241862e+02 	 7.676102e+01 	 1.716114e+02
115.000000 	 1.245109e+02 	 7.520595e+01 	 1.738158e+02
120.000000 	 1.249987e+02 	 7.505172e+01 	 1.749458e+02
125.000000 	 1.255824e+02 	 7.612299e+01 	 1.750419e+02
130.000000 	 1.262082e+02 	 7.825292e+01 	 1.741635e+02
135.000000 	 1.268382e+02 	 8.128961e+01 	 1.723869e+02
140.000000 	 1.274452e+02 	 8.509407e+01 	 1.697964e+02
145.000000 	 1.280110e+02 	 8.954062e+01 	 1.664814e+02
150.000000 	 1.285249e+02 	 9.451658e+01 	 1.625333e+02
155.000000 	 1.289847e+02 	 9.992293e+01 	 1.580465e+02
160.000000 	 1.294092e+02 	 1.056850e+02 	 1.531334e+02
165.000000 	 1.296952e+02 	 1.116357e+02 	 1.477548e+02
170.000000 	 1.299001e+02 	 1.177347e+02 	 1.420655e+02
175.000000 	 1.300232e+02 	 1.239030e+02 	 1.361434e+02
180.000000 	 1.300642e+02 	 1.300642e+02 	 1.300642e+02
