0.000	11.077	0.0000	0.0000	0.0000	0.0000	0.0000	0.4224	0.0000
5.000	11.143	-0.0041	0.0000	0.0000	0.0000	0.0000	0.4309	0.0507
10.000	11.335	-0.0161	0.0000	0.0000	0.0000	0.0000	0.4551	0.0949
15.000	11.640	-0.0347	0.0000	0.0000	0.0000	0.0000	0.4912	0.1275
20.000	12.038	-0.0581	0.0000	0.0000	0.0000	0.0000	0.5343	0.1455
25.000	12.511	-0.0847	0.0000	0.0000	0.0000	0.0000	0.5794	0.1475
30.000	13.042	-0.1126	0.0000	0.0000	0.0000	0.0000	0.6219	0.1337
35.000	13.619	-0.1403	0.0000	0.0000	0.0000	0.0000	0.6582	0.1054
40.000	14.231	-0.1666	0.0000	0.0000	0.0000	0.0000	0.6854	0.0644
45.000	14.873	-0.1905	0.0000	0.0000	0.0000	0.0000	0.7013	0.0128
50.000	15.540	-0.2112	0.0000	0.0000	0.0000	0.0000	0.7044	-0.0469
55.000	16.228	-0.2280	0.0000	0.0000	0.0000	0.0000	0.6939	-0.1123
60.000	16.939	-0.2407	0.0000	0.0000	0.0000	0.0000	0.6694	-0.1807
65.000	17.670	-0.2489	0.0000	0.0000	0.0000	0.0000	0.6312	-0.2496
70.000	18.424	-0.2527	0.0000	0.0000	0.0000	0.0000	0.5799	-0.3167
75.000	19.201	-0.2522	0.0000	0.0000	0.0000	0.0000	0.5168	-0.3797
80.000	20.001	-0.2476	0.0000	0.0000	0.0000	0.0000	0.4434	-0.4368
85.000	20.823	-0.2394	0.0000	0.0000	0.0000	0.0000	0.3617	-0.4863
90.000	21.666	-0.2281	0.0000	0.0000	0.0000	0.0000	0.2736	-0.5271
95.000	22.526	-0.2141	0.0000	0.0000	0.0000	0.0000	0.1812	-0.5585
100.000	23.399	-0.1982	0.0000	0.0000	0.0000	0.0000	0.0866	-0.5800
105.000	24.278	-0.1808	0.0000	0.0000	0.0000	0.0000	-0.0082	-0.5917
110.000	25.158	-0.1625	0.0000	0.0000	0.0000	0.0000	-0.1017	-0.5938
115.000	26.030	-0.1439	0.0000	0.0000	0.0000	0.0000	-0.1922	-0.5868
120.000	26.886	-0.1253	0.0000	0.0000	0.0000	0.0000	-0.2786	-0.5714
125.000	27.717	-0.1072	0.0000	0.0000	0.0000	0.0000	-0.3599	-0.5482
130.000	28.513	-0.0899	0.0000	0.0000	0.0000	0.0000	-0.4353	-0.5181
135.000	29.266	-0.0737	0.0000	0.0000	0.0000	0.0000	-0.5043	-0.4819
140.000	29.966	-0.0588	0.0000	0.0000	0.0000	0.0000	-0.5664	-0.4404
145.000	30.605	-0.0454	0.0000	0.0000	0.0000	0.0000	-0.6215	-0.3944
150.000	31.176	-0.0336	0.0000	0.0000	0.0000	0.0000	-0.6692	-0.3446
155.000	31.673	-0.0234	0.0000	0.0000	0.0000	0.0000	-0.7096	-0.2917
160.000	32.087	-0.0150	0.0000	0.0000	0.0000	0.0000	-0.7427	-0.2363
165.000	32.414	-0.0085	0.0000	0.0000	0.0000	0.0000	-0.7683	-0.1788
170.000	32.651	-0.0038	0.0000	0.0000	0.0000	0.0000	-0.7867	-0.1200
175.000	32.794	-0.0009	0.0000	0.0000	0.0000	0.0000	-0.7976	-0.0602
180.000	32.842	0.0000	0.0000	0.0000	0.0000	0.0000	-0.8013	0.0000
