0.000	2.680	0.0000	0.0000	0.0000	0.0000	0.0000	0.9469	0.0000
5.000	2.744	-0.0155	0.0000	0.0000	0.0000	0.0000	0.9476	0.0171
10.000	2.933	-0.0576	0.0000	0.0000	0.0000	0.0000	0.9487	0.0229
15.000	3.237	-0.1158	0.0000	0.0000	0.0000	0.0000	0.9485	0.0113
20.000	3.639	-0.1795	0.0000	0.0000	0.0000	0.0000	0.9448	-0.0180
25.000	4.123	-0.2412	0.0000	0.0000	0.0000	0.0000	0.9362	-0.0618
30.000	4.670	-0.2969	0.0000	0.0000	0.0000	0.0000	0.9217	-0.1160
35.000	5.263	-0.3451	0.0000	0.0000	0.0000	0.0000	0.9006	-0.1772
40.000	5.890	-0.3852	0.0000	0.0000	0.0000	0.0000	0.8724	-0.2428
45.000	6.538	-0.4173	0.0000	0.0000	0.0000	0.0000	0.8366	-0.3106
50.000	7.199	-0.4417	0.0000	0.0000	0.0000	0.0000	0.7925	-0.3791
55.000	7.866	-0.4585	0.0000	0.0000	0.0000	0.0000	0.7399	-0.4468
60.000	8.537	-0.4681	0.0000	0.0000	0.0000	0.0000	0.6786	-0.5122
65.000	9.210	-0.4706	0.0000	0.0000	0.0000	0.0000	0.6085	-0.5739
70.000	9.884	-0.4666	0.0000	0.0000	0.0000	0.0000	0.5299	-0.6304
75.000	10.560	-0.4564	0.0000	0.0000	0.0000	0.0000	0.4437	-0.6805
80.000	11.240	-0.4406	0.0000	0.0000	0.0000	0.0000	0.3509	-0.7228
85.000	11.925	-0.4199	0.0000	0.0000	0.0000	0.0000	0.2528	-0.7565
90.000	12.615	-0.3950	0.0000	0.0000	0.0000	0.0000	0.1510	-0.7807
95.000	13.311	-0.3669	0.0000	0.0000	0.0000	0.0000	0.0472	-0.7952
100.000	14.011	-0.3364	0.0000	0.0000	0.0000	0.0000	-0.0570	-0.7996
105.000	14.713	-0.3043	0.0000	0.0000	0.0000	0.0000	-0.1598	-0.7942
110.000	15.412	-0.2715	0.0000	0.0000	0.0000	0.0000	-0.2598	-0.7795
115.000	16.106	-0.2388	0.0000	0.0000	0.0000	0.0000	-0.3557	-0.7560
120.000	16.787	-0.2067	0.0000	0.0000	0.0000	0.0000	-0.4463	-0.7244
125.000	17.450	-0.1759	0.0000	0.0000	0.0000	0.0000	-0.5309	-0.6857
130.000	18.088	-0.1468	0.0000	0.0000	0.0000	0.0000	-0.6089	-0.6406
135.000	18.693	-0.1199	0.0000	0.0000	0.0000	0.0000	-0.6797	-0.5900
140.000	19.259	-0.0953	0.0000	0.0000	0.0000	0.0000	-0.7431	-0.5347
145.000	19.778	-0.0732	0.0000	0.0000	0.0000	0.0000	-0.7990	-0.4754
150.000	20.243	-0.0540	0.0000	0.0000	0.0000	0.0000	-0.8473	-0.4129
155.000	20.648	-0.0376	0.0000	0.0000	0.0000	0.0000	-0.8879	-0.3478
160.000	20.987	-0.0241	0.0000	0.0000	0.0000	0.0000	-0.9211	-0.2805
165.000	21.257	-0.0136	0.0000	0.0000	0.0000	0.0000	-0.9467	-0.2117
170.000	21.452	-0.0060	0.0000	0.0000	0.0000	0.0000	-0.9650	-0.1418
175.000	21.570	-0.0015	0.0000	0.0000	0.0000	0.0000	-0.9760	-0.0711
180.000	21.610	0.0000	0.0000	0.0000	0.0000	0.0000	-0.9796	0.0000
