0.000	546.848	0.0000	0.0000	0.0000	0.0000	0.0000	-0.7510	0.0000
5.000	542.348	0.0026	0.0000	0.0000	0.0000	0.0000	-0.7473	0.0533
10.000	529.190	0.0106	0.0000	0.0000	0.0000	0.0000	-0.7365	0.1054
15.000	508.364	0.0238	0.0000	0.0000	0.0000	0.0000	-0.7184	0.1553
20.000	481.393	0.0425	0.0000	0.0000	0.0000	0.0000	-0.6928	0.2015
25.000	450.116	0.0666	0.0000	0.0000	0.0000	0.0000	-0.6597	0.2423
30.000	416.459	0.0959	0.0000	0.0000	0.0000	0.0000	-0.6191	0.2755
35.000	382.225	0.1298	0.0000	0.0000	0.0000	0.0000	-0.5714	0.2989
40.000	348.947	0.1672	0.0000	0.0000	0.0000	0.0000	-0.5179	0.3100
45.000	317.808	0.2068	0.0000	0.0000	0.0000	0.0000	-0.4604	0.3065
50.000	289.621	0.2465	0.0000	0.0000	0.0000	0.0000	-0.4015	0.2869
55.000	264.847	0.2840	0.0000	0.0000	0.0000	0.0000	-0.3448	0.2504
60.000	243.647	0.3166	0.0000	0.0000	0.0000	0.0000	-0.2942	0.1979
65.000	225.951	0.3421	0.0000	0.0000	0.0000	0.0000	-0.2535	0.1320
70.000	211.517	0.3588	0.0000	0.0000	0.0000	0.0000	-0.2257	0.0566
75.000	200.001	0.3657	0.0000	0.0000	0.0000	0.0000	-0.2129	-0.0235
80.000	191.010	0.3629	0.0000	0.0000	0.0000	0.0000	-0.2155	-0.1031
85.000	184.134	0.3514	0.0000	0.0000	0.0000	0.0000	-0.2327	-0.1777
90.000	178.981	0.3327	0.0000	0.0000	0.0000	0.0000	-0.2625	-0.2438
95.000	175.197	0.3086	0.0000	0.0000	0.0000	0.0000	-0.3024	-0.2989
100.000	172.470	0.2810	0.0000	0.0000	0.0000	0.0000	-0.3497	-0.3419
105.000	170.539	0.2515	0.0000	0.0000	0.0000	0.0000	-0.4016	-0.3727
110.000	169.189	0.2215	0.0000	0.0000	0.0000	0.0000	-0.4560	-0.3918
115.000	168.253	0.1920	0.0000	0.0000	0.0000	0.0000	-0.5109	-0.4003
120.000	167.602	0.1638	0.0000	0.0000	0.0000	0.0000	-0.5649	-0.3992
125.000	167.138	0.1375	0.0000	0.0000	0.0000	0.0000	-0.6167	-0.3897
130.000	166.796	0.1132	0.0000	0.0000	0.0000	0.0000	-0.6656	-0.3731
135.000	166.527	0.0913	0.0000	0.0000	0.0000	0.0000	-0.7110	-0.3505
140.000	166.304	0.0718	0.0000	0.0000	0.0000	0.0000	-0.7524	-0.3227
145.000	166.110	0.0547	0.0000	0.0000	0.0000	0.0000	-0.7895	-0.2907
150.000	165.938	0.0400	0.0000	0.0000	0.0000	0.0000	-0.8220	-0.2552
155.000	165.788	0.0277	0.0000	0.0000	0.0000	0.0000	-0.8499	-0.2168
160.000	165.653	0.0176	0.0000	0.0000	0.0000	0.0000	-0.8728	-0.1760
165.000	165.559	0.0099	0.0000	0.0000	0.0000	0.0000	-0.8909	-0.1336
170.000	165.478	0.0044	0.0000	0.0000	0.0000	0.0000	-0.9037	-0.0898
175.000	165.428	0.0011	0.0000	0.0000	0.0000	0.0000	-0.9115	-0.0451
180.000	164.756	0.0000	0.0000	0.0000	0.0000	0.0000	-0.9131	0.0000
