0.000	15.303	0.0000	0.0000	0.0000	0.0000	0.0000	0.3803	0.0000
5.000	15.258	-0.0046	0.0000	0.0000	0.0000	0.0000	0.3819	-0.0101
10.000	15.123	-0.0186	0.0000	0.0000	0.0000	0.0000	0.3864	-0.0209
15.000	14.904	-0.0418	0.0000	0.0000	0.0000	0.0000	0.3937	-0.0333
20.000	14.608	-0.0742	0.0000	0.0000	0.0000	0.0000	0.4032	-0.0480
25.000	14.246	-0.1155	0.0000	0.0000	0.0000	0.0000	0.4143	-0.0657
30.000	13.831	-0.1656	0.0000	0.0000	0.0000	0.0000	0.4261	-0.0872
35.000	13.379	-0.2238	0.0000	0.0000	0.0000	0.0000	0.4375	-0.1129
40.000	12.905	-0.2891	0.0000	0.0000	0.0000	0.0000	0.4470	-0.1434
45.000	12.427	-0.3602	0.0000	0.0000	0.0000	0.0000	0.4529	-0.1790
50.000	11.964	-0.4350	0.0000	0.0000	0.0000	0.0000	0.4532	-0.2197
55.000	11.532	-0.5108	0.0000	0.0000	0.0000	0.0000	0.4457	-0.2650
60.000	11.148	-0.5843	0.0000	0.0000	0.0000	0.0000	0.4282	-0.3141
65.000	10.826	-0.6516	0.0000	0.0000	0.0000	0.0000	0.3989	-0.3655
70.000	10.578	-0.7085	0.0000	0.0000	0.0000	0.0000	0.3562	-0.4172
75.000	10.415	-0.7511	0.0000	0.0000	0.0000	0.0000	0.2998	-0.4667
80.000	10.343	-0.7766	0.0000	0.0000	0.0000	0.0000	0.2301	-0.5115
85.000	10.366	-0.7830	0.0000	0.0000	0.0000	0.0000	0.1491	-0.5490
90.000	10.485	-0.7703	0.0000	0.0000	0.0000	0.0000	0.0594	-0.5772
95.000	10.697	-0.7399	0.0000	0.0000	0.0000	0.0000	-0.0354	-0.5949
100.000	10.997	-0.6947	0.0000	0.0000	0.0000	0.0000	-0.1318	-0.6015
105.000	11.377	-0.6381	0.0000	0.0000	0.0000	0.0000	-0.2266	-0.5974
110.000	11.828	-0.5741	0.0000	0.0000	0.0000	0.0000	-0.3169	-0.5836
115.000	12.338	-0.5061	0.0000	0.0000	0.0000	0.0000	-0.4009	-0.5615
120.000	12.892	-0.4374	0.0000	0.0000	0.0000	0.0000	-0.4773	-0.5324
125.000	13.477	-0.3705	0.0000	0.0000	0.0000	0.0000	-0.5455	-0.4979
130.000	14.077	-0.3072	0.0000	0.0000	0.0000	0.0000	-0.6055	-0.4592
135.000	14.677	-0.2488	0.0000	0.0000	0.0000	0.0000	-0.6576	-0.4176
140.000	15.262	-0.1961	0.0000	0.0000	0.0000	0.0000	-0.7021	-0.3738
145.000	15.818	-0.1495	0.0000	0.0000	0.0000	0.0000	-0.7397	-0.3285
150.000	16.329	-0.1093	0.0000	0.0000	0.0000	0.0000	-0.7710	-0.2824
155.000	16.785	-0.0756	0.0000	0.0000	0.0000	0.0000	-0.7964	-0.2357
160.000	17.174	-0.0481	0.0000	0.0000	0.0000	0.0000	-0.8165	-0.1887
165.000	17.487	-0.0270	0.0000	0.0000	0.0000	0.0000	-0.8318	-0.1416
170.000	17.715	-0.0120	0.0000	0.0000	0.0000	0.0000	-0.8424	-0.0944
175.000	17.855	-0.0030	0.0000	0.0000	0.0000	0.0000	-0.8487	-0.0472
180.000	17.901	0.0000	0.0000	0.0000	0.0000	0.0000	-0.8508	0.0000
