0.000000 	 1.136200e+01 	 1.136200e+01 	 1.136200e+01
5.000000 	 1.134682e+01 	 1.123178e+01 	 1.146185e+01
10.000000 	 1.130159e+01 	 1.105862e+01 	 1.154456e+01
15.000000 	 1.122737e+01 	 1.083169e+01 	 1.162305e+01
20.000000 	 1.112620e+01 	 1.054302e+01 	 1.170938e+01
25.000000 	 1.100137e+01 	 1.018828e+01 	 1.181447e+01
30.000000 	 1.085769e+01 	 9.767222e+00 	 1.194816e+01
35.000000 	 1.070153e+01 	 9.283733e+00 	 1.211932e+01
40.000000 	 1.054071e+01 	 8.745552e+00 	 1.233587e+01
45.000000 	 1.038428e+01 	 8.163823e+00 	 1.260475e+01
50.000000 	 1.024208e+01 	 7.552538e+00 	 1.293162e+01
55.000000 	 1.012427e+01 	 6.927938e+00 	 1.332060e+01
60.000000 	 1.004083e+01 	 6.307896e+00 	 1.377377e+01
65.000000 	 1.000108e+01 	 5.711286e+00 	 1.429088e+01
70.000000 	 1.001317e+01 	 5.157348e+00 	 1.486900e+01
75.000000 	 1.008372e+01 	 4.665043e+00 	 1.550239e+01
80.000000 	 1.021745e+01 	 4.252432e+00 	 1.618247e+01
85.000000 	 1.041702e+01 	 3.936066e+00 	 1.689797e+01
90.000000 	 1.068285e+01 	 3.730447e+00 	 1.763525e+01
95.000000 	 1.101311e+01 	 3.647551e+00 	 1.837868e+01
100.000000 	 1.140382e+01 	 3.696443e+00 	 1.911120e+01
105.000000 	 1.184894e+01 	 3.883005e+00 	 1.981488e+01
110.000000 	 1.234065e+01 	 4.209768e+00 	 2.047154e+01
115.000000 	 1.286959e+01 	 4.675855e+00 	 2.106332e+01
120.000000 	 1.342518e+01 	 5.277039e+00 	 2.157332e+01
125.000000 	 1.399595e+01 	 6.005886e+00 	 2.198602e+01
130.000000 	 1.456990e+01 	 6.851991e+00 	 2.228782e+01
135.000000 	 1.513483e+01 	 7.802283e+00 	 2.246737e+01
140.000000 	 1.567864e+01 	 8.841380e+00 	 2.251589e+01
145.000000 	 1.618967e+01 	 9.951987e+00 	 2.242736e+01
150.000000 	 1.665699e+01 	 1.111533e+01 	 2.219865e+01
155.000000 	 1.707059e+01 	 1.231157e+01 	 2.182961e+01
160.000000 	 1.742166e+01 	 1.352029e+01 	 2.132303e+01
165.000000 	 1.770274e+01 	 1.472090e+01 	 2.068457e+01
170.000000 	 1.790786e+01 	 1.589308e+01 	 1.992264e+01
175.000000 	 1.803269e+01 	 1.701716e+01 	 1.904821e+01
180.000000 	 1.807459e+01 	 1.807459e+01 	 1.807459e+01
