0.000000 	 1.241346e+01 	 1.241346e+01 	 1.241346e+01
5.000000 	 1.238987e+01 	 1.226149e+01 	 1.251825e+01
10.000000 	 1.231981e+01 	 1.205126e+01 	 1.258836e+01
15.000000 	 1.220541e+01 	 1.177401e+01 	 1.263681e+01
20.000000 	 1.205037e+01 	 1.142426e+01 	 1.267648e+01
25.000000 	 1.186010e+01 	 1.100041e+01 	 1.271980e+01
30.000000 	 1.164175e+01 	 1.050497e+01 	 1.277852e+01
35.000000 	 1.140414e+01 	 9.944569e+00 	 1.286371e+01
40.000000 	 1.115756e+01 	 9.329519e+00 	 1.298560e+01
45.000000 	 1.091337e+01 	 8.673320e+00 	 1.315342e+01
50.000000 	 1.068355e+01 	 7.992012e+00 	 1.337509e+01
55.000000 	 1.048019e+01 	 7.303518e+00 	 1.365686e+01
60.000000 	 1.031490e+01 	 6.626968e+00 	 1.400284e+01
65.000000 	 1.019835e+01 	 5.982052e+00 	 1.441465e+01
70.000000 	 1.013975e+01 	 5.388371e+00 	 1.489113e+01
75.000000 	 1.014648e+01 	 4.864828e+00 	 1.542812e+01
80.000000 	 1.022376e+01 	 4.429038e+00 	 1.601848e+01
85.000000 	 1.037448e+01 	 4.096793e+00 	 1.665218e+01
90.000000 	 1.059910e+01 	 3.881584e+00 	 1.731662e+01
95.000000 	 1.089562e+01 	 3.794200e+00 	 1.799703e+01
100.000000 	 1.125969e+01 	 3.842417e+00 	 1.867696e+01
105.000000 	 1.168483e+01 	 4.030789e+00 	 1.933887e+01
110.000000 	 1.216263e+01 	 4.360538e+00 	 1.996472e+01
115.000000 	 1.268307e+01 	 4.829546e+00 	 2.053659e+01
120.000000 	 1.323485e+01 	 5.432445e+00 	 2.103726e+01
125.000000 	 1.380577e+01 	 6.160793e+00 	 2.145075e+01
130.000000 	 1.438305e+01 	 7.003327e+00 	 2.176278e+01
135.000000 	 1.495372e+01 	 7.946278e+00 	 2.196117e+01
140.000000 	 1.550496e+01 	 8.973734e+00 	 2.203618e+01
145.000000 	 1.602440e+01 	 1.006804e+01 	 2.198075e+01
150.000000 	 1.650043e+01 	 1.121022e+01 	 2.179064e+01
155.000000 	 1.692248e+01 	 1.238042e+01 	 2.146454e+01
160.000000 	 1.728120e+01 	 1.355834e+01 	 2.100407e+01
165.000000 	 1.756870e+01 	 1.472366e+01 	 2.041374e+01
170.000000 	 1.777866e+01 	 1.585647e+01 	 1.970084e+01
175.000000 	 1.790650e+01 	 1.693769e+01 	 1.887530e+01
180.000000 	 1.794942e+01 	 1.794942e+01 	 1.794942e+01
