0.000	573.104	0.0000	0.0000	0.0000	0.0000	0.0000	-0.7410	0.0000
5.000	568.301	0.0028	0.0000	0.0000	0.0000	0.0000	-0.7376	0.0517
10.000	554.264	0.0112	0.0000	0.0000	0.0000	0.0000	-0.7272	0.1023
15.000	532.068	0.0254	0.0000	0.0000	0.0000	0.0000	-0.7099	0.1506
20.000	503.357	0.0453	0.0000	0.0000	0.0000	0.0000	-0.6854	0.1954
25.000	470.109	0.0709	0.0000	0.0000	0.0000	0.0000	-0.6535	0.2348
30.000	434.384	0.1020	0.0000	0.0000	0.0000	0.0000	-0.6144	0.2668
35.000	398.101	0.1379	0.0000	0.0000	0.0000	0.0000	-0.5684	0.2890
40.000	362.886	0.1777	0.0000	0.0000	0.0000	0.0000	-0.5167	0.2991
45.000	329.983	0.2197	0.0000	0.0000	0.0000	0.0000	-0.4610	0.2946
50.000	300.241	0.2619	0.0000	0.0000	0.0000	0.0000	-0.4040	0.2741
55.000	274.132	0.3016	0.0000	0.0000	0.0000	0.0000	-0.3492	0.2370
60.000	251.813	0.3362	0.0000	0.0000	0.0000	0.0000	-0.3004	0.1842
65.000	233.191	0.3633	0.0000	0.0000	0.0000	0.0000	-0.2613	0.1182
70.000	218.003	0.3809	0.0000	0.0000	0.0000	0.0000	-0.2349	0.0430
75.000	205.877	0.3882	0.0000	0.0000	0.0000	0.0000	-0.2231	-0.0365
80.000	196.387	0.3853	0.0000	0.0000	0.0000	0.0000	-0.2264	-0.1152
85.000	189.101	0.3731	0.0000	0.0000	0.0000	0.0000	-0.2438	-0.1886
90.000	183.605	0.3533	0.0000	0.0000	0.0000	0.0000	-0.2735	-0.2532
95.000	179.525	0.3278	0.0000	0.0000	0.0000	0.0000	-0.3129	-0.3068
100.000	176.534	0.2985	0.0000	0.0000	0.0000	0.0000	-0.3594	-0.3483
105.000	174.362	0.2673	0.0000	0.0000	0.0000	0.0000	-0.4103	-0.3777
110.000	172.787	0.2356	0.0000	0.0000	0.0000	0.0000	-0.4635	-0.3956
115.000	171.635	0.2044	0.0000	0.0000	0.0000	0.0000	-0.5171	-0.4029
120.000	170.775	0.1745	0.0000	0.0000	0.0000	0.0000	-0.5698	-0.4009
125.000	170.110	0.1465	0.0000	0.0000	0.0000	0.0000	-0.6204	-0.3907
130.000	169.574	0.1208	0.0000	0.0000	0.0000	0.0000	-0.6681	-0.3736
135.000	169.118	0.0975	0.0000	0.0000	0.0000	0.0000	-0.7125	-0.3505
140.000	168.720	0.0767	0.0000	0.0000	0.0000	0.0000	-0.7530	-0.3225
145.000	168.363	0.0585	0.0000	0.0000	0.0000	0.0000	-0.7892	-0.2903
150.000	168.041	0.0428	0.0000	0.0000	0.0000	0.0000	-0.8211	-0.2547
155.000	167.756	0.0296	0.0000	0.0000	0.0000	0.0000	-0.8485	-0.2163
160.000	167.514	0.0189	0.0000	0.0000	0.0000	0.0000	-0.8709	-0.1756
165.000	167.316	0.0106	0.0000	0.0000	0.0000	0.0000	-0.8887	-0.1333
170.000	167.172	0.0047	0.0000	0.0000	0.0000	0.0000	-0.9013	-0.0895
175.000	167.084	0.0012	0.0000	0.0000	0.0000	0.0000	-0.9089	-0.0450
180.000	167.054	0.0000	0.0000	0.0000	0.0000	0.0000	-0.9114	0.0000
