0.000	12.413	0.0000	0.0000	0.0000	0.0000	0.0000	0.4849	0.0000
5.000	12.390	-0.0053	0.0000	0.0000	0.0000	0.0000	0.4868	-0.0104
10.000	12.320	-0.0209	0.0000	0.0000	0.0000	0.0000	0.4924	-0.0218
15.000	12.205	-0.0468	0.0000	0.0000	0.0000	0.0000	0.5011	-0.0353
20.000	12.050	-0.0825	0.0000	0.0000	0.0000	0.0000	0.5123	-0.0520
25.000	11.860	-0.1274	0.0000	0.0000	0.0000	0.0000	0.5250	-0.0725
30.000	11.642	-0.1806	0.0000	0.0000	0.0000	0.0000	0.5378	-0.0976
35.000	11.404	-0.2410	0.0000	0.0000	0.0000	0.0000	0.5493	-0.1280
40.000	11.158	-0.3069	0.0000	0.0000	0.0000	0.0000	0.5576	-0.1638
45.000	10.913	-0.3763	0.0000	0.0000	0.0000	0.0000	0.5606	-0.2053
50.000	10.684	-0.4469	0.0000	0.0000	0.0000	0.0000	0.5563	-0.2519
55.000	10.480	-0.5155	0.0000	0.0000	0.0000	0.0000	0.5423	-0.3031
60.000	10.315	-0.5789	0.0000	0.0000	0.0000	0.0000	0.5167	-0.3575
65.000	10.198	-0.6338	0.0000	0.0000	0.0000	0.0000	0.4779	-0.4134
70.000	10.140	-0.6769	0.0000	0.0000	0.0000	0.0000	0.4251	-0.4686
75.000	10.146	-0.7057	0.0000	0.0000	0.0000	0.0000	0.3584	-0.5205
80.000	10.224	-0.7186	0.0000	0.0000	0.0000	0.0000	0.2789	-0.5668
85.000	10.374	-0.7151	0.0000	0.0000	0.0000	0.0000	0.1887	-0.6051
90.000	10.599	-0.6959	0.0000	0.0000	0.0000	0.0000	0.0907	-0.6338
95.000	10.896	-0.6629	0.0000	0.0000	0.0000	0.0000	-0.0118	-0.6518
100.000	11.260	-0.6186	0.0000	0.0000	0.0000	0.0000	-0.1156	-0.6587
105.000	11.685	-0.5660	0.0000	0.0000	0.0000	0.0000	-0.2175	-0.6550
110.000	12.163	-0.5081	0.0000	0.0000	0.0000	0.0000	-0.3153	-0.6415
115.000	12.683	-0.4477	0.0000	0.0000	0.0000	0.0000	-0.4069	-0.6192
120.000	13.235	-0.3872	0.0000	0.0000	0.0000	0.0000	-0.4912	-0.5895
125.000	13.806	-0.3284	0.0000	0.0000	0.0000	0.0000	-0.5676	-0.5538
130.000	14.383	-0.2727	0.0000	0.0000	0.0000	0.0000	-0.6356	-0.5131
135.000	14.954	-0.2213	0.0000	0.0000	0.0000	0.0000	-0.6955	-0.4686
140.000	15.505	-0.1748	0.0000	0.0000	0.0000	0.0000	-0.7475	-0.4212
145.000	16.024	-0.1336	0.0000	0.0000	0.0000	0.0000	-0.7919	-0.3717
150.000	16.500	-0.0979	0.0000	0.0000	0.0000	0.0000	-0.8293	-0.3206
155.000	16.922	-0.0678	0.0000	0.0000	0.0000	0.0000	-0.8601	-0.2684
160.000	17.281	-0.0433	0.0000	0.0000	0.0000	0.0000	-0.8847	-0.2154
165.000	17.569	-0.0243	0.0000	0.0000	0.0000	0.0000	-0.9034	-0.1619
170.000	17.779	-0.0108	0.0000	0.0000	0.0000	0.0000	-0.9166	-0.1081
175.000	17.907	-0.0027	0.0000	0.0000	0.0000	0.0000	-0.9244	-0.0541
180.000	17.949	-0.0000	0.0000	0.0000	0.0000	0.0000	-0.9270	0.0000
