0.000000 	 2.481295e+02 	 2.481295e+02 	 2.481295e+02
5.000000 	 2.448467e+02 	 2.493751e+02 	 2.403182e+02
10.000000 	 2.355022e+02 	 2.442285e+02 	 2.267760e+02
15.000000 	 2.214767e+02 	 2.336022e+02 	 2.093511e+02
20.000000 	 2.045264e+02 	 2.187082e+02 	 1.903445e+02
25.000000 	 1.864326e+02 	 2.008143e+02 	 1.720510e+02
30.000000 	 1.687120e+02 	 1.810206e+02 	 1.564034e+02
35.000000 	 1.525676e+02 	 1.603229e+02 	 1.448124e+02
40.000000 	 1.388644e+02 	 1.396396e+02 	 1.380891e+02
45.000000 	 1.281971e+02 	 1.198933e+02 	 1.365010e+02
50.000000 	 1.209548e+02 	 1.020077e+02 	 1.399018e+02
55.000000 	 1.173594e+02 	 8.683105e+01 	 1.478877e+02
60.000000 	 1.175033e+02 	 7.507122e+01 	 1.599354e+02
65.000000 	 1.213481e+02 	 6.718250e+01 	 1.755137e+02
70.000000 	 1.287464e+02 	 6.335304e+01 	 1.941397e+02
75.000000 	 1.394510e+02 	 6.350580e+01 	 2.153962e+02
80.000000 	 1.531305e+02 	 6.734148e+01 	 2.389196e+02
85.000000 	 1.693833e+02 	 7.440261e+01 	 2.643641e+02
90.000000 	 1.877723e+02 	 8.414884e+01 	 2.913958e+02
95.000000 	 2.078175e+02 	 9.602123e+01 	 3.196138e+02
100.000000 	 2.290397e+02 	 1.095053e+02 	 3.485742e+02
105.000000 	 2.509595e+02 	 1.241713e+02 	 3.777477e+02
110.000000 	 2.731139e+02 	 1.396956e+02 	 4.065322e+02
115.000000 	 2.950705e+02 	 1.558886e+02 	 4.342524e+02
120.000000 	 3.164255e+02 	 1.726716e+02 	 4.601795e+02
125.000000 	 3.368423e+02 	 1.901018e+02 	 4.835827e+02
130.000000 	 3.559609e+02 	 2.082476e+02 	 5.036742e+02
135.000000 	 3.735826e+02 	 2.273438e+02 	 5.198214e+02
140.000000 	 3.894652e+02 	 2.475394e+02 	 5.313910e+02
145.000000 	 4.035656e+02 	 2.691000e+02 	 5.380312e+02
150.000000 	 4.155321e+02 	 2.918621e+02 	 5.392022e+02
155.000000 	 4.255974e+02 	 3.160860e+02 	 5.351089e+02
160.000000 	 4.335433e+02 	 3.414022e+02 	 5.256843e+02
165.000000 	 4.390806e+02 	 3.671805e+02 	 5.109807e+02
170.000000 	 4.436027e+02 	 3.942772e+02 	 4.929282e+02
175.000000 	 4.462989e+02 	 4.212062e+02 	 4.713916e+02
180.000000 	 4.471946e+02 	 4.471946e+02 	 4.471946e+02
