0.000	17.001	0.0000	0.0000	0.0000	0.0000	0.0000	0.3221	0.0000
5.000	16.944	-0.0044	0.0000	0.0000	0.0000	0.0000	0.3234	-0.0094
10.000	16.774	-0.0176	0.0000	0.0000	0.0000	0.0000	0.3273	-0.0194
15.000	16.497	-0.0396	0.0000	0.0000	0.0000	0.0000	0.3335	-0.0308
20.000	16.124	-0.0706	0.0000	0.0000	0.0000	0.0000	0.3417	-0.0441
25.000	15.667	-0.1104	0.0000	0.0000	0.0000	0.0000	0.3515	-0.0600
30.000	15.143	-0.1589	0.0000	0.0000	0.0000	0.0000	0.3620	-0.0791
35.000	14.571	-0.2159	0.0000	0.0000	0.0000	0.0000	0.3724	-0.1019
40.000	13.969	-0.2808	0.0000	0.0000	0.0000	0.0000	0.3815	-0.1291
45.000	13.360	-0.3524	0.0000	0.0000	0.0000	0.0000	0.3877	-0.1610
50.000	12.764	-0.4290	0.0000	0.0000	0.0000	0.0000	0.3893	-0.1977
55.000	12.203	-0.5083	0.0000	0.0000	0.0000	0.0000	0.3842	-0.2389
60.000	11.694	-0.5868	0.0000	0.0000	0.0000	0.0000	0.3703	-0.2840
65.000	11.254	-0.6607	0.0000	0.0000	0.0000	0.0000	0.3457	-0.3318
70.000	10.899	-0.7253	0.0000	0.0000	0.0000	0.0000	0.3086	-0.3803
75.000	10.640	-0.7762	0.0000	0.0000	0.0000	0.0000	0.2585	-0.4274
80.000	10.483	-0.8093	0.0000	0.0000	0.0000	0.0000	0.1954	-0.4704
85.000	10.435	-0.8222	0.0000	0.0000	0.0000	0.0000	0.1211	-0.5066
90.000	10.496	-0.8140	0.0000	0.0000	0.0000	0.0000	0.0380	-0.5340
95.000	10.664	-0.7858	0.0000	0.0000	0.0000	0.0000	-0.0504	-0.5511
100.000	10.933	-0.7404	0.0000	0.0000	0.0000	0.0000	-0.1404	-0.5574
105.000	11.295	-0.6816	0.0000	0.0000	0.0000	0.0000	-0.2288	-0.5532
110.000	11.738	-0.6139	0.0000	0.0000	0.0000	0.0000	-0.3127	-0.5396
115.000	12.251	-0.5413	0.0000	0.0000	0.0000	0.0000	-0.3902	-0.5180
120.000	12.817	-0.4676	0.0000	0.0000	0.0000	0.0000	-0.4601	-0.4898
125.000	13.421	-0.3956	0.0000	0.0000	0.0000	0.0000	-0.5220	-0.4567
130.000	14.046	-0.3276	0.0000	0.0000	0.0000	0.0000	-0.5759	-0.4200
135.000	14.675	-0.2649	0.0000	0.0000	0.0000	0.0000	-0.6221	-0.3807
140.000	15.291	-0.2085	0.0000	0.0000	0.0000	0.0000	-0.6613	-0.3398
145.000	15.879	-0.1587	0.0000	0.0000	0.0000	0.0000	-0.6941	-0.2979
150.000	16.422	-0.1159	0.0000	0.0000	0.0000	0.0000	-0.7210	-0.2555
155.000	16.907	-0.0800	0.0000	0.0000	0.0000	0.0000	-0.7428	-0.2128
160.000	17.322	-0.0509	0.0000	0.0000	0.0000	0.0000	-0.7599	-0.1701
165.000	17.655	-0.0285	0.0000	0.0000	0.0000	0.0000	-0.7728	-0.1274
170.000	17.900	-0.0126	0.0000	0.0000	0.0000	0.0000	-0.7817	-0.0849
175.000	18.049	-0.0032	0.0000	0.0000	0.0000	0.0000	-0.7870	-0.0424
180.000	18.099	-0.0000	0.0000	0.0000	0.0000	0.0000	-0.7888	0.0000
