0.000	16.958	0.0000	0.0000	0.0000	0.0000	0.0000	0.1893	0.0000
5.000	16.997	-0.0031	0.0000	0.0000	0.0000	0.0000	0.1983	0.0600
10.000	17.111	-0.0123	0.0000	0.0000	0.0000	0.0000	0.2245	0.1150
15.000	17.289	-0.0269	0.0000	0.0000	0.0000	0.0000	0.2647	0.1604
20.000	17.517	-0.0459	0.0000	0.0000	0.0000	0.0000	0.3151	0.1931
25.000	17.787	-0.0681	0.0000	0.0000	0.0000	0.0000	0.3710	0.2111
30.000	18.091	-0.0924	0.0000	0.0000	0.0000	0.0000	0.4280	0.2132
35.000	18.430	-0.1175	0.0000	0.0000	0.0000	0.0000	0.4818	0.1996
40.000	18.802	-0.1422	0.0000	0.0000	0.0000	0.0000	0.5286	0.1708
45.000	19.212	-0.1654	0.0000	0.0000	0.0000	0.0000	0.5652	0.1284
50.000	19.661	-0.1861	0.0000	0.0000	0.0000	0.0000	0.5888	0.0744
55.000	20.155	-0.2037	0.0000	0.0000	0.0000	0.0000	0.5978	0.0114
60.000	20.694	-0.2174	0.0000	0.0000	0.0000	0.0000	0.5908	-0.0578
65.000	21.283	-0.2270	0.0000	0.0000	0.0000	0.0000	0.5678	-0.1302
70.000	21.922	-0.2322	0.0000	0.0000	0.0000	0.0000	0.5292	-0.2026
75.000	22.611	-0.2331	0.0000	0.0000	0.0000	0.0000	0.4763	-0.2724
80.000	23.348	-0.2300	0.0000	0.0000	0.0000	0.0000	0.4108	-0.3369
85.000	24.130	-0.2231	0.0000	0.0000	0.0000	0.0000	0.3350	-0.3943
90.000	24.953	-0.2131	0.0000	0.0000	0.0000	0.0000	0.2512	-0.4430
95.000	25.811	-0.2005	0.0000	0.0000	0.0000	0.0000	0.1619	-0.4820
100.000	26.695	-0.1858	0.0000	0.0000	0.0000	0.0000	0.0694	-0.5107
105.000	27.597	-0.1696	0.0000	0.0000	0.0000	0.0000	-0.0241	-0.5291
110.000	28.507	-0.1526	0.0000	0.0000	0.0000	0.0000	-0.1166	-0.5374
115.000	29.415	-0.1351	0.0000	0.0000	0.0000	0.0000	-0.2064	-0.5362
120.000	30.310	-0.1177	0.0000	0.0000	0.0000	0.0000	-0.2924	-0.5260
125.000	31.182	-0.1008	0.0000	0.0000	0.0000	0.0000	-0.3733	-0.5077
130.000	32.019	-0.0845	0.0000	0.0000	0.0000	0.0000	-0.4484	-0.4822
135.000	32.812	-0.0693	0.0000	0.0000	0.0000	0.0000	-0.5171	-0.4504
140.000	33.549	-0.0553	0.0000	0.0000	0.0000	0.0000	-0.5790	-0.4129
145.000	34.224	-0.0427	0.0000	0.0000	0.0000	0.0000	-0.6339	-0.3708
150.000	34.826	-0.0316	0.0000	0.0000	0.0000	0.0000	-0.6814	-0.3247
155.000	35.350	-0.0220	0.0000	0.0000	0.0000	0.0000	-0.7217	-0.2753
160.000	35.786	-0.0141	0.0000	0.0000	0.0000	0.0000	-0.7546	-0.2232
165.000	36.131	-0.0080	0.0000	0.0000	0.0000	0.0000	-0.7802	-0.1691
170.000	36.381	-0.0036	0.0000	0.0000	0.0000	0.0000	-0.7984	-0.1136
175.000	36.531	-0.0009	0.0000	0.0000	0.0000	0.0000	-0.8094	-0.0570
180.000	36.582	0.0000	0.0000	0.0000	0.0000	0.0000	-0.8130	0.0000
