0.000	8.484	0.0000	0.0000	0.0000	0.0000	0.0000	0.5377	0.0000
5.000	8.560	-0.0049	0.0000	0.0000	0.0000	0.0000	0.5459	0.0457
10.000	8.782	-0.0189	0.0000	0.0000	0.0000	0.0000	0.5688	0.0838
15.000	9.136	-0.0403	0.0000	0.0000	0.0000	0.0000	0.6021	0.1086
20.000	9.600	-0.0665	0.0000	0.0000	0.0000	0.0000	0.6404	0.1173
25.000	10.153	-0.0954	0.0000	0.0000	0.0000	0.0000	0.6784	0.1093
30.000	10.774	-0.1250	0.0000	0.0000	0.0000	0.0000	0.7120	0.0858
35.000	11.446	-0.1535	0.0000	0.0000	0.0000	0.0000	0.7378	0.0489
40.000	12.157	-0.1798	0.0000	0.0000	0.0000	0.0000	0.7539	0.0009
45.000	12.894	-0.2031	0.0000	0.0000	0.0000	0.0000	0.7586	-0.0556
50.000	13.652	-0.2227	0.0000	0.0000	0.0000	0.0000	0.7510	-0.1183
55.000	14.424	-0.2384	0.0000	0.0000	0.0000	0.0000	0.7308	-0.1846
60.000	15.208	-0.2497	0.0000	0.0000	0.0000	0.0000	0.6979	-0.2524
65.000	16.003	-0.2567	0.0000	0.0000	0.0000	0.0000	0.6527	-0.3194
70.000	16.809	-0.2593	0.0000	0.0000	0.0000	0.0000	0.5958	-0.3836
75.000	17.626	-0.2578	0.0000	0.0000	0.0000	0.0000	0.5283	-0.4430
80.000	18.455	-0.2524	0.0000	0.0000	0.0000	0.0000	0.4518	-0.4960
85.000	19.297	-0.2435	0.0000	0.0000	0.0000	0.0000	0.3678	-0.5414
90.000	20.149	-0.2317	0.0000	0.0000	0.0000	0.0000	0.2782	-0.5780
95.000	21.011	-0.2173	0.0000	0.0000	0.0000	0.0000	0.1848	-0.6053
100.000	21.878	-0.2009	0.0000	0.0000	0.0000	0.0000	0.0897	-0.6230
105.000	22.747	-0.1832	0.0000	0.0000	0.0000	0.0000	-0.0055	-0.6310
110.000	23.612	-0.1647	0.0000	0.0000	0.0000	0.0000	-0.0992	-0.6296
115.000	24.465	-0.1458	0.0000	0.0000	0.0000	0.0000	-0.1898	-0.6193
120.000	25.301	-0.1270	0.0000	0.0000	0.0000	0.0000	-0.2763	-0.6007
125.000	26.110	-0.1087	0.0000	0.0000	0.0000	0.0000	-0.3577	-0.5746
130.000	26.884	-0.0912	0.0000	0.0000	0.0000	0.0000	-0.4332	-0.5417
135.000	27.615	-0.0748	0.0000	0.0000	0.0000	0.0000	-0.5022	-0.5029
140.000	28.294	-0.0597	0.0000	0.0000	0.0000	0.0000	-0.5645	-0.4588
145.000	28.915	-0.0461	0.0000	0.0000	0.0000	0.0000	-0.6196	-0.4104
150.000	29.468	-0.0341	0.0000	0.0000	0.0000	0.0000	-0.6675	-0.3582
155.000	29.949	-0.0238	0.0000	0.0000	0.0000	0.0000	-0.7080	-0.3029
160.000	30.351	-0.0153	0.0000	0.0000	0.0000	0.0000	-0.7411	-0.2452
165.000	30.668	-0.0086	0.0000	0.0000	0.0000	0.0000	-0.7669	-0.1855
170.000	30.898	-0.0038	0.0000	0.0000	0.0000	0.0000	-0.7853	-0.1244
175.000	31.036	-0.0010	0.0000	0.0000	0.0000	0.0000	-0.7963	-0.0624
180.000	31.083	0.0000	0.0000	0.0000	0.0000	0.0000	-0.8000	0.0000
