0.000000 	 6.729106e+00 	 6.729106e+00 	 6.729106e+00
5.000000 	 6.753835e+00 	 6.720168e+00 	 6.787503e+00
10.000000 	 6.826381e+00 	 6.740030e+00 	 6.912732e+00
15.000000 	 6.942198e+00 	 6.766727e+00 	 7.117668e+00
20.000000 	 7.094841e+00 	 6.779214e+00 	 7.410468e+00
25.000000 	 7.277219e+00 	 6.759252e+00 	 7.795187e+00
30.000000 	 7.482741e+00 	 6.692689e+00 	 8.272793e+00
35.000000 	 7.706133e+00 	 6.570101e+00 	 8.842164e+00
40.000000 	 7.943891e+00 	 6.386990e+00 	 9.500792e+00
45.000000 	 8.194408e+00 	 6.143711e+00 	 1.024511e+01
50.000000 	 8.457875e+00 	 5.845269e+00 	 1.107048e+01
55.000000 	 8.736005e+00 	 5.500998e+00 	 1.197101e+01
60.000000 	 9.031662e+00 	 5.124111e+00 	 1.293921e+01
65.000000 	 9.348412e+00 	 4.731121e+00 	 1.396570e+01
70.000000 	 9.690050e+00 	 4.341097e+00 	 1.503900e+01
75.000000 	 1.006014e+01 	 3.974810e+00 	 1.614546e+01
80.000000 	 1.046157e+01 	 3.653784e+00 	 1.726935e+01
85.000000 	 1.089621e+01 	 3.399325e+00 	 1.839309e+01
90.000000 	 1.136464e+01 	 3.231586e+00 	 1.949770e+01
95.000000 	 1.186597e+01 	 3.168708e+00 	 2.056323e+01
100.000000 	 1.239773e+01 	 3.226089e+00 	 2.156938e+01
105.000000 	 1.295596e+01 	 3.415812e+00 	 2.249611e+01
110.000000 	 1.353523e+01 	 3.746235e+00 	 2.332422e+01
115.000000 	 1.412885e+01 	 4.221757e+00 	 2.403594e+01
120.000000 	 1.472908e+01 	 4.842739e+00 	 2.461543e+01
125.000000 	 1.532738e+01 	 5.605582e+00 	 2.504918e+01
130.000000 	 1.591467e+01 	 6.502916e+00 	 2.532643e+01
135.000000 	 1.648162e+01 	 7.523898e+00 	 2.543934e+01
140.000000 	 1.701890e+01 	 8.654589e+00 	 2.538321e+01
145.000000 	 1.751746e+01 	 9.878379e+00 	 2.515654e+01
150.000000 	 1.796876e+01 	 1.117646e+01 	 2.476106e+01
155.000000 	 1.836495e+01 	 1.252829e+01 	 2.420161e+01
160.000000 	 1.869911e+01 	 1.391213e+01 	 2.348610e+01
165.000000 	 1.896535e+01 	 1.530546e+01 	 2.262525e+01
170.000000 	 1.915897e+01 	 1.668550e+01 	 2.163244e+01
175.000000 	 1.927653e+01 	 1.802966e+01 	 2.052340e+01
180.000000 	 1.931595e+01 	 1.931595e+01 	 1.931595e+01
