0.000	11.362	0.0000	0.0000	0.0000	0.0000	0.0000	0.5258	0.0000
5.000	11.347	-0.0056	0.0000	0.0000	0.0000	0.0000	0.5278	-0.0101
10.000	11.302	-0.0221	0.0000	0.0000	0.0000	0.0000	0.5337	-0.0215
15.000	11.227	-0.0493	0.0000	0.0000	0.0000	0.0000	0.5429	-0.0352
20.000	11.126	-0.0866	0.0000	0.0000	0.0000	0.0000	0.5545	-0.0524
25.000	11.001	-0.1330	0.0000	0.0000	0.0000	0.0000	0.5674	-0.0739
30.000	10.858	-0.1875	0.0000	0.0000	0.0000	0.0000	0.5801	-0.1004
35.000	10.702	-0.2487	0.0000	0.0000	0.0000	0.0000	0.5909	-0.1325
40.000	10.541	-0.3146	0.0000	0.0000	0.0000	0.0000	0.5980	-0.1703
45.000	10.384	-0.3831	0.0000	0.0000	0.0000	0.0000	0.5991	-0.2138
50.000	10.242	-0.4515	0.0000	0.0000	0.0000	0.0000	0.5921	-0.2626
55.000	10.124	-0.5169	0.0000	0.0000	0.0000	0.0000	0.5749	-0.3157
60.000	10.041	-0.5761	0.0000	0.0000	0.0000	0.0000	0.5457	-0.3718
65.000	10.001	-0.6260	0.0000	0.0000	0.0000	0.0000	0.5030	-0.4289
70.000	10.013	-0.6639	0.0000	0.0000	0.0000	0.0000	0.4463	-0.4849
75.000	10.084	-0.6877	0.0000	0.0000	0.0000	0.0000	0.3760	-0.5374
80.000	10.217	-0.6963	0.0000	0.0000	0.0000	0.0000	0.2933	-0.5838
85.000	10.417	-0.6895	0.0000	0.0000	0.0000	0.0000	0.2005	-0.6222
90.000	10.683	-0.6684	0.0000	0.0000	0.0000	0.0000	0.1002	-0.6508
95.000	11.013	-0.6348	0.0000	0.0000	0.0000	0.0000	-0.0042	-0.6688
100.000	11.404	-0.5911	0.0000	0.0000	0.0000	0.0000	-0.1097	-0.6759
105.000	11.849	-0.5401	0.0000	0.0000	0.0000	0.0000	-0.2134	-0.6723
110.000	12.341	-0.4844	0.0000	0.0000	0.0000	0.0000	-0.3130	-0.6589
115.000	12.870	-0.4267	0.0000	0.0000	0.0000	0.0000	-0.4066	-0.6367
120.000	13.425	-0.3690	0.0000	0.0000	0.0000	0.0000	-0.4930	-0.6069
125.000	13.996	-0.3131	0.0000	0.0000	0.0000	0.0000	-0.5715	-0.5709
130.000	14.570	-0.2602	0.0000	0.0000	0.0000	0.0000	-0.6419	-0.5297
135.000	15.135	-0.2113	0.0000	0.0000	0.0000	0.0000	-0.7040	-0.4845
140.000	15.679	-0.1670	0.0000	0.0000	0.0000	0.0000	-0.7582	-0.4361
145.000	16.190	-0.1278	0.0000	0.0000	0.0000	0.0000	-0.8047	-0.3853
150.000	16.657	-0.0937	0.0000	0.0000	0.0000	0.0000	-0.8440	-0.3327
155.000	17.071	-0.0649	0.0000	0.0000	0.0000	0.0000	-0.8765	-0.2788
160.000	17.422	-0.0414	0.0000	0.0000	0.0000	0.0000	-0.9025	-0.2239
165.000	17.703	-0.0233	0.0000	0.0000	0.0000	0.0000	-0.9223	-0.1684
170.000	17.908	-0.0103	0.0000	0.0000	0.0000	0.0000	-0.9363	-0.1125
175.000	18.033	-0.0026	0.0000	0.0000	0.0000	0.0000	-0.9446	-0.0563
180.000	18.075	-0.0000	0.0000	0.0000	0.0000	0.0000	-0.9474	0.0000
