180.000000 	 6.269065e+01 	 6.269065e+01 	 6.269065e+01
179.000000 	 6.268840e+01 	 6.204340e+01 	 6.333340e+01
178.000000 	 6.268163e+01 	 6.139205e+01 	 6.397121e+01
177.000000 	 6.267036e+01 	 6.073704e+01 	 6.460368e+01
176.000000 	 6.265458e+01 	 6.007877e+01 	 6.523039e+01
175.000000 	 6.263430e+01 	 5.941768e+01 	 6.585092e+01
174.000000 	 6.260953e+01 	 5.875419e+01 	 6.646487e+01
173.000000 	 6.258029e+01 	 5.808874e+01 	 6.707183e+01
172.000000 	 6.254656e+01 	 5.742174e+01 	 6.767138e+01
171.000000 	 6.250837e+01 	 5.675362e+01 	 6.826313e+01
170.000000 	 6.246574e+01 	 5.608483e+01 	 6.884666e+01
169.000000 	 6.241868e+01 	 5.541579e+01 	 6.942158e+01
168.000000 	 6.236721e+01 	 5.474693e+01 	 6.998748e+01
167.000000 	 6.231134e+01 	 5.407870e+01 	 7.054398e+01
166.000000 	 6.225110e+01 	 5.341153e+01 	 7.109067e+01
165.000000 	 6.218651e+01 	 5.274586e+01 	 7.162715e+01
164.000000 	 6.211758e+01 	 5.208212e+01 	 7.215304e+01
163.000000 	 6.204436e+01 	 5.142077e+01 	 7.266795e+01
162.000000 	 6.196686e+01 	 5.076224e+01 	 7.317149e+01
161.000000 	 6.188513e+01 	 5.010698e+01 	 7.366328e+01
160.000000 	 6.179918e+01 	 4.945542e+01 	 7.414293e+01
159.000000 	 6.170905e+01 	 4.880802e+01 	 7.461008e+01
158.000000 	 6.161479e+01 	 4.816524e+01 	 7.506434e+01
157.000000 	 6.150065e+01 	 4.751801e+01 	 7.548328e+01
156.000000 	 6.139854e+01 	 4.688626e+01 	 7.591082e+01
155.000000 	 6.129243e+01 	 4.626046e+01 	 7.632440e+01
154.000000 	 6.118235e+01 	 4.564106e+01 	 7.672365e+01
153.000000 	 6.106836e+01 	 4.502851e+01 	 7.710821e+01
152.000000 	 6.095050e+01 	 4.442327e+01 	 7.747773e+01
151.000000 	 6.082883e+01 	 4.382578e+01 	 7.783187e+01
150.000000 	 6.070339e+01 	 4.323651e+01 	 7.817027e+01
149.000000 	 6.057425e+01 	 4.265589e+01 	 7.849260e+01
148.000000 	 6.044146e+01 	 4.208439e+01 	 7.879852e+01
147.000000 	 6.029876e+01 	 4.151984e+01 	 7.907768e+01
146.000000 	 6.015909e+01 	 4.096815e+01 	 7.935002e+01
145.000000 	 6.001596e+01 	 4.042694e+01 	 7.960499e+01
144.000000 	 5.986947e+01 	 3.989666e+01 	 7.984228e+01
143.000000 	 5.971967e+01 	 3.937775e+01 	 8.006158e+01
142.000000 	 5.956664e+01 	 3.887068e+01 	 8.026261e+01
141.000000 	 5.941047e+01 	 3.837589e+01 	 8.044505e+01
140.000000 	 5.924794e+01 	 3.789300e+01 	 8.060289e+01
139.000000 	 5.908589e+01 	 3.742424e+01 	 8.074753e+01
138.000000 	 5.892095e+01 	 3.696912e+01 	 8.087278e+01
137.000000 	 5.875322e+01 	 3.652806e+01 	 8.097838e+01
136.000000 	 5.858280e+01 	 3.610153e+01 	 8.106408e+01
135.000000 	 5.840980e+01 	 3.568996e+01 	 8.112963e+01
134.000000 	 5.823242e+01 	 3.529361e+01 	 8.117124e+01
133.000000 	 5.805467e+01 	 3.491334e+01 	 8.119600e+01
132.000000 	 5.787465e+01 	 3.454933e+01 	 8.119997e+01
131.000000 	 5.769249e+01 	 3.420203e+01 	 8.118295e+01
130.000000 	 5.750830e+01 	 3.387185e+01 	 8.114476e+01
129.000000 	 5.732110e+01 	 3.355926e+01 	 8.108293e+01
128.000000 	 5.713334e+01 	 3.326463e+01 	 8.100204e+01
127.000000 	 5.694394e+01 	 3.298837e+01 	 8.089951e+01
126.000000 	 5.675305e+01 	 3.273090e+01 	 8.077521e+01
125.000000 	 5.656082e+01 	 3.249261e+01 	 8.062902e+01
124.000000 	 5.636676e+01 	 3.227404e+01 	 8.045947e+01
123.000000 	 5.617235e+01 	 3.207532e+01 	 8.026937e+01
122.000000 	 5.597705e+01 	 3.189696e+01 	 8.005715e+01
121.000000 	 5.578104e+01 	 3.173932e+01 	 7.982276e+01
120.000000 	 5.558448e+01 	 3.160278e+01 	 7.956617e+01
119.000000 	 5.538724e+01 	 3.148781e+01 	 7.928667e+01
118.000000 	 5.519016e+01 	 3.139452e+01 	 7.898580e+01
117.000000 	 5.499308e+01 	 3.132338e+01 	 7.866277e+01
116.000000 	 5.479617e+01 	 3.127470e+01 	 7.831764e+01
115.000000 	 5.459953e+01 	 3.124887e+01 	 7.795019e+01
114.000000 	 5.440364e+01 	 3.124607e+01 	 7.756120e+01
113.000000 	 5.420854e+01 	 3.126666e+01 	 7.715042e+01
112.000000 	 5.401445e+01 	 3.131092e+01 	 7.671799e+01
111.000000 	 5.382159e+01 	 3.137909e+01 	 7.626409e+01
110.000000 	 5.363022e+01 	 3.147146e+01 	 7.578898e+01
109.000000 	 5.344055e+01 	 3.158827e+01 	 7.529283e+01
108.000000 	 5.325281e+01 	 3.172974e+01 	 7.477589e+01
107.000000 	 5.306731e+01 	 3.189594e+01 	 7.423867e+01
106.000000 	 5.288419e+01 	 3.208730e+01 	 7.368109e+01
105.000000 	 5.270377e+01 	 3.230388e+01 	 7.310366e+01
104.000000 	 5.252630e+01 	 3.254585e+01 	 7.250675e+01
103.000000 	 5.235214e+01 	 3.281309e+01 	 7.189118e+01
102.000000 	 5.218140e+01 	 3.310617e+01 	 7.125663e+01
101.000000 	 5.201444e+01 	 3.342496e+01 	 7.060392e+01
100.000000 	 5.185163e+01 	 3.376923e+01 	 6.993402e+01
99.000000 	 5.169310e+01 	 3.413961e+01 	 6.924659e+01
98.000000 	 5.153923e+01 	 3.453585e+01 	 6.854261e+01
97.000000 	 5.139040e+01 	 3.495758e+01 	 6.782322e+01
96.000000 	 5.124677e+01 	 3.540548e+01 	 6.708806e+01
95.000000 	 5.110872e+01 	 3.587915e+01 	 6.633828e+01
94.000000 	 5.097658e+01 	 3.637853e+01 	 6.557463e+01
93.000000 	 5.085071e+01 	 3.690302e+01 	 6.479841e+01
92.000000 	 5.073135e+01 	 3.745340e+01 	 6.400930e+01
91.000000 	 5.061888e+01 	 3.802907e+01 	 6.320869e+01
90.000000 	 5.051364e+01 	 3.862929e+01 	 6.239800e+01
89.000000 	 5.041595e+01 	 3.925487e+01 	 6.157703e+01
88.000000 	 5.032615e+01 	 3.990504e+01 	 6.074726e+01
87.000000 	 5.024458e+01 	 4.057891e+01 	 5.991024e+01
86.000000 	 5.017160e+01 	 4.127732e+01 	 5.906589e+01
85.000000 	 5.010756e+01 	 4.199932e+01 	 5.821581e+01
84.000000 	 5.005274e+01 	 4.274389e+01 	 5.736160e+01
83.000000 	 5.000760e+01 	 4.351182e+01 	 5.650337e+01
82.000000 	 4.997242e+01 	 4.430203e+01 	 5.564281e+01
81.000000 	 4.994746e+01 	 4.511335e+01 	 5.478156e+01
80.000000 	 4.993324e+01 	 4.594653e+01 	 5.391995e+01
79.000000 	 4.993001e+01 	 4.680032e+01 	 5.305970e+01
78.000000 	 4.993798e+01 	 4.767343e+01 	 5.220252e+01
77.000000 	 4.995772e+01 	 4.856651e+01 	 5.134893e+01
76.000000 	 4.998944e+01 	 4.947819e+01 	 5.050070e+01
75.000000 	 5.003329e+01 	 5.040702e+01 	 4.965956e+01
74.000000 	 5.008990e+01 	 5.135357e+01 	 4.882623e+01
73.000000 	 5.015941e+01 	 5.231632e+01 	 4.800250e+01
72.000000 	 5.024191e+01 	 5.329369e+01 	 4.719014e+01
71.000000 	 5.033807e+01 	 5.428612e+01 	 4.639002e+01
70.000000 	 5.044796e+01 	 5.529196e+01 	 4.560396e+01
69.000000 	 5.057161e+01 	 5.630952e+01 	 4.483370e+01
68.000000 	 5.070969e+01 	 5.733909e+01 	 4.408030e+01
67.000000 	 5.086221e+01 	 5.837888e+01 	 4.334554e+01
66.000000 	 5.102912e+01 	 5.942711e+01 	 4.263113e+01
65.000000 	 5.121108e+01 	 6.048387e+01 	 4.193829e+01
64.000000 	 5.140801e+01 	 6.154730e+01 	 4.126872e+01
63.000000 	 5.161980e+01 	 6.261549e+01 	 4.062411e+01
62.000000 	 5.184705e+01 	 6.368836e+01 	 4.000575e+01
61.000000 	 5.208961e+01 	 6.476394e+01 	 3.941529e+01
60.000000 	 5.234728e+01 	 6.584025e+01 	 3.885432e+01
59.000000 	 5.262060e+01 	 6.691701e+01 	 3.832418e+01
58.000000 	 5.290930e+01 	 6.799216e+01 	 3.782644e+01
57.000000 	 5.321311e+01 	 6.906368e+01 	 3.736255e+01
56.000000 	 5.353246e+01 	 7.013104e+01 	 3.693388e+01
55.000000 	 5.386699e+01 	 7.119215e+01 	 3.654184e+01
54.000000 	 5.421633e+01 	 7.224494e+01 	 3.618773e+01
53.000000 	 5.458078e+01 	 7.328867e+01 	 3.587289e+01
52.000000 	 5.495987e+01 	 7.432121e+01 	 3.559853e+01
51.000000 	 5.535313e+01 	 7.534049e+01 	 3.536578e+01
50.000000 	 5.576070e+01 	 7.634554e+01 	 3.517586e+01
49.000000 	 5.618201e+01 	 7.733422e+01 	 3.502979e+01
48.000000 	 5.661648e+01 	 7.830449e+01 	 3.492846e+01
47.000000 	 5.706405e+01 	 7.925517e+01 	 3.487293e+01
46.000000 	 5.752406e+01 	 8.018416e+01 	 3.486396e+01
45.000000 	 5.799582e+01 	 8.108944e+01 	 3.490220e+01
44.000000 	 5.847906e+01 	 8.196967e+01 	 3.498845e+01
43.000000 	 5.897300e+01 	 8.282280e+01 	 3.512321e+01
42.000000 	 5.947687e+01 	 8.364689e+01 	 3.530684e+01
41.000000 	 5.999016e+01 	 8.444046e+01 	 3.553986e+01
40.000000 	 6.051199e+01 	 8.520156e+01 	 3.582242e+01
39.000000 	 6.104154e+01 	 8.592841e+01 	 3.615467e+01
38.000000 	 6.157791e+01 	 8.661926e+01 	 3.653656e+01
37.000000 	 6.212029e+01 	 8.727247e+01 	 3.696811e+01
36.000000 	 6.266767e+01 	 8.788629e+01 	 3.744905e+01
35.000000 	 6.321906e+01 	 8.845909e+01 	 3.797903e+01
34.000000 	 6.377345e+01 	 8.898934e+01 	 3.855756e+01
33.000000 	 6.432973e+01 	 8.947535e+01 	 3.918411e+01
32.000000 	 6.488680e+01 	 8.991567e+01 	 3.985793e+01
31.000000 	 6.544353e+01 	 9.030888e+01 	 4.057817e+01
30.000000 	 6.599883e+01 	 9.065376e+01 	 4.134389e+01
29.000000 	 6.655133e+01 	 9.094872e+01 	 4.215395e+01
28.000000 	 6.709990e+01 	 9.119267e+01 	 4.300713e+01
27.000000 	 6.764330e+01 	 9.138450e+01 	 4.390210e+01
26.000000 	 6.818044e+01 	 9.152342e+01 	 4.483745e+01
25.000000 	 6.870975e+01 	 9.160803e+01 	 4.581147e+01
24.000000 	 6.923012e+01 	 9.163773e+01 	 4.682251e+01
23.000000 	 6.974029e+01 	 9.161183e+01 	 4.786875e+01
22.000000 	 7.023901e+01 	 9.152973e+01 	 4.894828e+01
21.000000 	 7.072504e+01 	 9.139099e+01 	 5.005908e+01
20.000000 	 7.119743e+01 	 9.119566e+01 	 5.119920e+01
19.000000 	 7.165449e+01 	 9.094287e+01 	 5.236610e+01
18.000000 	 7.209530e+01 	 9.063295e+01 	 5.355764e+01
17.000000 	 7.251874e+01 	 9.026602e+01 	 5.477145e+01
16.000000 	 7.292374e+01 	 8.984239e+01 	 5.600509e+01
15.000000 	 7.330928e+01 	 8.936253e+01 	 5.725602e+01
14.000000 	 7.367473e+01 	 8.882750e+01 	 5.852197e+01
13.000000 	 7.401851e+01 	 8.823727e+01 	 5.979976e+01
12.000000 	 7.434010e+01 	 8.759323e+01 	 6.108698e+01
11.000000 	 7.463872e+01 	 8.689654e+01 	 6.238090e+01
10.000000 	 7.491366e+01 	 8.614854e+01 	 6.367878e+01
9.000000 	 7.516426e+01 	 8.535072e+01 	 6.497781e+01
8.000000 	 7.538996e+01 	 8.450475e+01 	 6.627517e+01
7.000000 	 7.559025e+01 	 8.361246e+01 	 6.756804e+01
6.000000 	 7.576469e+01 	 8.267582e+01 	 6.885355e+01
5.000000 	 7.591290e+01 	 8.169696e+01 	 7.012884e+01
4.000000 	 7.603457e+01 	 8.067811e+01 	 7.139104e+01
3.000000 	 7.612946e+01 	 7.962165e+01 	 7.263727e+01
2.000000 	 7.619738e+01 	 7.853006e+01 	 7.386469e+01
1.000000 	 7.623818e+01 	 7.740589e+01 	 7.507047e+01
0.000000 	 7.625179e+01 	 7.625179e+01 	 7.625179e+01
