0.000000 	 1.024568e+02 	 1.024568e+02 	 1.024568e+02
5.000000 	 1.019343e+02 	 1.096311e+02 	 9.423746e+01
10.000000 	 1.003956e+02 	 1.153394e+02 	 8.545185e+01
15.000000 	 9.793059e+01 	 1.192688e+02 	 7.659242e+01
20.000000 	 9.469306e+01 	 1.212508e+02 	 6.813528e+01
25.000000 	 9.088635e+01 	 1.212635e+02 	 6.050921e+01
30.000000 	 8.674002e+01 	 1.194122e+02 	 5.406781e+01
35.000000 	 8.248346e+01 	 1.159001e+02 	 4.906685e+01
40.000000 	 7.832466e+01 	 1.109966e+02 	 4.565274e+01
45.000000 	 7.443536e+01 	 1.050079e+02 	 4.386284e+01
50.000000 	 7.094522e+01 	 9.825321e+01 	 4.363724e+01
55.000000 	 6.793936e+01 	 9.104284e+01 	 4.483588e+01
60.000000 	 6.546200e+01 	 8.366346e+01 	 4.726053e+01
65.000000 	 6.352447e+01 	 7.637216e+01 	 5.067679e+01
70.000000 	 6.210916e+01 	 6.938479e+01 	 5.483353e+01
75.000000 	 6.117900e+01 	 6.287765e+01 	 5.948034e+01
80.000000 	 6.068377e+01 	 5.698709e+01 	 6.438045e+01
85.000000 	 6.056597e+01 	 5.181198e+01 	 6.931997e+01
90.000000 	 6.076551e+01 	 4.741633e+01 	 7.411470e+01
95.000000 	 6.122295e+01 	 4.383730e+01 	 7.860859e+01
100.000000 	 6.188203e+01 	 4.108395e+01 	 8.268010e+01
105.000000 	 6.269165e+01 	 3.914514e+01 	 8.623817e+01
110.000000 	 6.360518e+01 	 3.799448e+01 	 8.921589e+01
115.000000 	 6.458298e+01 	 3.759098e+01 	 9.157499e+01
120.000000 	 6.559002e+01 	 3.788505e+01 	 9.329498e+01
125.000000 	 6.659697e+01 	 3.881981e+01 	 9.437412e+01
130.000000 	 6.757945e+01 	 4.033380e+01 	 9.482510e+01
135.000000 	 6.851752e+01 	 4.236287e+01 	 9.467216e+01
140.000000 	 6.939524e+01 	 4.484176e+01 	 9.394871e+01
145.000000 	 7.020054e+01 	 4.770539e+01 	 9.269570e+01
150.000000 	 7.092593e+01 	 5.089069e+01 	 9.096116e+01
155.000000 	 7.154179e+01 	 5.431634e+01 	 8.876725e+01
160.000000 	 7.209123e+01 	 5.795867e+01 	 8.622379e+01
165.000000 	 7.249758e+01 	 6.169587e+01 	 8.329928e+01
170.000000 	 7.279037e+01 	 6.549297e+01 	 8.008778e+01
175.000000 	 7.296705e+01 	 6.928948e+01 	 7.664462e+01
180.000000 	 7.302611e+01 	 7.302611e+01 	 7.302611e+01
