180.000000 	 8.360344e+01 	 8.360344e+01 	 8.360344e+01
179.000000 	 8.360124e+01 	 8.276549e+01 	 8.443698e+01
178.000000 	 8.359462e+01 	 8.192363e+01 	 8.526561e+01
177.000000 	 8.358360e+01 	 8.107837e+01 	 8.608883e+01
176.000000 	 8.356817e+01 	 8.023021e+01 	 8.690614e+01
175.000000 	 8.354835e+01 	 7.937965e+01 	 8.771704e+01
174.000000 	 8.352413e+01 	 7.852723e+01 	 8.852104e+01
173.000000 	 8.349552e+01 	 7.767341e+01 	 8.931763e+01
172.000000 	 8.346252e+01 	 7.681873e+01 	 9.010632e+01
171.000000 	 8.342516e+01 	 7.596370e+01 	 9.088661e+01
170.000000 	 8.338343e+01 	 7.510884e+01 	 9.165802e+01
169.000000 	 8.333737e+01 	 7.425467e+01 	 9.242007e+01
168.000000 	 8.328696e+01 	 7.340170e+01 	 9.317223e+01
167.000000 	 8.323225e+01 	 7.255047e+01 	 9.391403e+01
166.000000 	 8.317322e+01 	 7.170148e+01 	 9.464496e+01
165.000000 	 8.310991e+01 	 7.085527e+01 	 9.536455e+01
164.000000 	 8.304232e+01 	 7.001237e+01 	 9.607228e+01
163.000000 	 8.297050e+01 	 6.917331e+01 	 9.676770e+01
162.000000 	 8.289447e+01 	 6.833864e+01 	 9.745029e+01
161.000000 	 8.281424e+01 	 6.750889e+01 	 9.811958e+01
160.000000 	 8.272983e+01 	 6.668460e+01 	 9.877506e+01
159.000000 	 8.264129e+01 	 6.586632e+01 	 9.941627e+01
158.000000 	 8.252308e+01 	 6.504018e+01 	 1.000060e+02
157.000000 	 8.242684e+01 	 6.423637e+01 	 1.006173e+02
156.000000 	 8.232659e+01 	 6.344023e+01 	 1.012130e+02
155.000000 	 8.222236e+01 	 6.265230e+01 	 1.017924e+02
154.000000 	 8.211418e+01 	 6.187316e+01 	 1.023552e+02
153.000000 	 8.200212e+01 	 6.110337e+01 	 1.029009e+02
152.000000 	 8.188620e+01 	 6.034350e+01 	 1.034289e+02
151.000000 	 8.176650e+01 	 5.959413e+01 	 1.039389e+02
150.000000 	 8.164304e+01 	 5.885584e+01 	 1.044302e+02
149.000000 	 8.150524e+01 	 5.812534e+01 	 1.048851e+02
148.000000 	 8.137478e+01 	 5.741130e+01 	 1.053383e+02
147.000000 	 8.124076e+01 	 5.671009e+01 	 1.057714e+02
146.000000 	 8.110325e+01 	 5.602230e+01 	 1.061842e+02
145.000000 	 8.096232e+01 	 5.534853e+01 	 1.065761e+02
144.000000 	 8.081805e+01 	 5.468939e+01 	 1.069467e+02
143.000000 	 8.067052e+01 	 5.404548e+01 	 1.072956e+02
142.000000 	 8.051401e+01 	 5.341635e+01 	 1.076117e+02
141.000000 	 8.036043e+01 	 5.280492e+01 	 1.079159e+02
140.000000 	 8.020386e+01 	 5.221057e+01 	 1.081972e+02
139.000000 	 8.004440e+01 	 5.163390e+01 	 1.084549e+02
138.000000 	 7.988215e+01 	 5.107556e+01 	 1.086888e+02
137.000000 	 7.971723e+01 	 5.053616e+01 	 1.088983e+02
136.000000 	 7.954630e+01 	 5.001629e+01 	 1.090763e+02
135.000000 	 7.937656e+01 	 4.951679e+01 	 1.092363e+02
134.000000 	 7.920451e+01 	 4.903814e+01 	 1.093709e+02
133.000000 	 7.903029e+01 	 4.858099e+01 	 1.094796e+02
132.000000 	 7.885405e+01 	 4.814599e+01 	 1.095621e+02
131.000000 	 7.867375e+01 	 4.773403e+01 	 1.096135e+02
130.000000 	 7.849405e+01 	 4.734530e+01 	 1.096428e+02
129.000000 	 7.831281e+01 	 4.698065e+01 	 1.096450e+02
128.000000 	 7.813018e+01 	 4.664074e+01 	 1.096196e+02
127.000000 	 7.794492e+01 	 4.632658e+01 	 1.095633e+02
126.000000 	 7.776021e+01 	 4.603813e+01 	 1.094823e+02
125.000000 	 7.757470e+01 	 4.577638e+01 	 1.093730e+02
124.000000 	 7.738859e+01 	 4.554199e+01 	 1.092352e+02
123.000000 	 7.720118e+01 	 4.533593e+01 	 1.090664e+02
122.000000 	 7.701464e+01 	 4.515820e+01 	 1.088711e+02
121.000000 	 7.682819e+01 	 4.500978e+01 	 1.086466e+02
120.000000 	 7.664209e+01 	 4.489134e+01 	 1.083928e+02
119.000000 	 7.645601e+01 	 4.480371e+01 	 1.081083e+02
118.000000 	 7.627145e+01 	 4.474709e+01 	 1.077958e+02
117.000000 	 7.608805e+01 	 4.472236e+01 	 1.074537e+02
116.000000 	 7.590609e+01 	 4.473015e+01 	 1.070820e+02
115.000000 	 7.572557e+01 	 4.477113e+01 	 1.066800e+02
114.000000 	 7.554750e+01 	 4.484580e+01 	 1.062492e+02
113.000000 	 7.537184e+01 	 4.495484e+01 	 1.057888e+02
112.000000 	 7.519893e+01 	 4.509887e+01 	 1.052990e+02
111.000000 	 7.502898e+01 	 4.527832e+01 	 1.047796e+02
110.000000 	 7.486269e+01 	 4.549403e+01 	 1.042314e+02
109.000000 	 7.470027e+01 	 4.574647e+01 	 1.036541e+02
108.000000 	 7.454202e+01 	 4.603588e+01 	 1.030482e+02
107.000000 	 7.438855e+01 	 4.636337e+01 	 1.024137e+02
106.000000 	 7.424017e+01 	 4.672922e+01 	 1.017511e+02
105.000000 	 7.409729e+01 	 4.713347e+01 	 1.010611e+02
104.000000 	 7.396046e+01 	 4.757747e+01 	 1.003434e+02
103.000000 	 7.383007e+01 	 4.806130e+01 	 9.959884e+01
102.000000 	 7.370661e+01 	 4.858480e+01 	 9.882842e+01
101.000000 	 7.359060e+01 	 4.914954e+01 	 9.803166e+01
100.000000 	 7.348254e+01 	 4.975540e+01 	 9.720968e+01
99.000000 	 7.338293e+01 	 5.040198e+01 	 9.636389e+01
98.000000 	 7.329235e+01 	 5.109108e+01 	 9.549361e+01
97.000000 	 7.321132e+01 	 5.182235e+01 	 9.460030e+01
96.000000 	 7.314039e+01 	 5.259513e+01 	 9.368565e+01
95.000000 	 7.308020e+01 	 5.341145e+01 	 9.274895e+01
94.000000 	 7.303131e+01 	 5.427069e+01 	 9.179194e+01
93.000000 	 7.299426e+01 	 5.517195e+01 	 9.081656e+01
92.000000 	 7.296980e+01 	 5.611744e+01 	 8.982215e+01
91.000000 	 7.295849e+01 	 5.710625e+01 	 8.881072e+01
90.000000 	 7.296086e+01 	 5.813726e+01 	 8.778447e+01
89.000000 	 7.297779e+01 	 5.921278e+01 	 8.674281e+01
88.000000 	 7.300984e+01 	 6.033165e+01 	 8.568802e+01
87.000000 	 7.305749e+01 	 6.149246e+01 	 8.462251e+01
86.000000 	 7.312176e+01 	 6.269764e+01 	 8.354588e+01
85.000000 	 7.320318e+01 	 6.394573e+01 	 8.246062e+01
84.000000 	 7.330220e+01 	 6.523507e+01 	 8.136933e+01
83.000000 	 7.341997e+01 	 6.656810e+01 	 8.027185e+01
82.000000 	 7.355671e+01 	 6.794164e+01 	 7.917178e+01
81.000000 	 7.371362e+01 	 6.935807e+01 	 7.806918e+01
80.000000 	 7.389117e+01 	 7.081549e+01 	 7.696685e+01
79.000000 	 7.408972e+01 	 7.231182e+01 	 7.586762e+01
78.000000 	 7.431061e+01 	 7.384936e+01 	 7.477185e+01
77.000000 	 7.455385e+01 	 7.542441e+01 	 7.368329e+01
76.000000 	 7.482083e+01 	 7.703914e+01 	 7.260253e+01
75.000000 	 7.511189e+01 	 7.869119e+01 	 7.153259e+01
74.000000 	 7.542727e+01 	 8.037806e+01 	 7.047648e+01
73.000000 	 7.576843e+01 	 8.210173e+01 	 6.943512e+01
72.000000 	 7.613515e+01 	 8.385804e+01 	 6.841226e+01
71.000000 	 7.652892e+01 	 8.564876e+01 	 6.740909e+01
70.000000 	 7.694991e+01 	 8.747109e+01 	 6.642872e+01
69.000000 	 7.739819e+01 	 8.932213e+01 	 6.547425e+01
68.000000 	 7.787524e+01 	 9.120333e+01 	 6.454715e+01
67.000000 	 7.838111e+01 	 9.311162e+01 	 6.365059e+01
66.000000 	 7.891575e+01 	 9.504386e+01 	 6.278764e+01
65.000000 	 7.948060e+01 	 9.700114e+01 	 6.196006e+01
64.000000 	 8.007503e+01 	 9.897874e+01 	 6.117132e+01
63.000000 	 8.070042e+01 	 1.009774e+02 	 6.042340e+01
62.000000 	 8.135656e+01 	 1.029938e+02 	 5.971933e+01
61.000000 	 8.204315e+01 	 1.050242e+02 	 5.906206e+01
60.000000 	 8.276144e+01 	 1.070691e+02 	 5.845372e+01
59.000000 	 8.351050e+01 	 1.091236e+02 	 5.789742e+01
58.000000 	 8.429145e+01 	 1.111875e+02 	 5.739539e+01
57.000000 	 8.510376e+01 	 1.132571e+02 	 5.695042e+01
56.000000 	 8.594686e+01 	 1.153286e+02 	 5.656515e+01
55.000000 	 8.682159e+01 	 1.174013e+02 	 5.624184e+01
54.000000 	 8.772676e+01 	 1.194704e+02 	 5.598307e+01
53.000000 	 8.866300e+01 	 1.215349e+02 	 5.579110e+01
52.000000 	 8.962945e+01 	 1.235907e+02 	 5.566824e+01
51.000000 	 9.062517e+01 	 1.256337e+02 	 5.561663e+01
50.000000 	 9.165047e+01 	 1.276626e+02 	 5.563838e+01
49.000000 	 9.270423e+01 	 1.296730e+02 	 5.573544e+01
48.000000 	 9.378529e+01 	 1.316610e+02 	 5.590953e+01
47.000000 	 9.489356e+01 	 1.336246e+02 	 5.616252e+01
46.000000 	 9.602733e+01 	 1.355589e+02 	 5.649576e+01
45.000000 	 9.718621e+01 	 1.374616e+02 	 5.691086e+01
44.000000 	 9.836863e+01 	 1.393283e+02 	 5.740894e+01
43.000000 	 9.957308e+01 	 1.411552e+02 	 5.799091e+01
42.000000 	 1.007986e+02 	 1.429394e+02 	 5.865790e+01
41.000000 	 1.020435e+02 	 1.446766e+02 	 5.941045e+01
40.000000 	 1.033060e+02 	 1.463630e+02 	 6.024886e+01
39.000000 	 1.045845e+02 	 1.479954e+02 	 6.117367e+01
38.000000 	 1.058772e+02 	 1.495697e+02 	 6.218477e+01
37.000000 	 1.071820e+02 	 1.510822e+02 	 6.328183e+01
36.000000 	 1.084970e+02 	 1.525293e+02 	 6.446465e+01
35.000000 	 1.098199e+02 	 1.539074e+02 	 6.573244e+01
34.000000 	 1.111486e+02 	 1.552130e+02 	 6.708416e+01
33.000000 	 1.124805e+02 	 1.564422e+02 	 6.851884e+01
32.000000 	 1.138134e+02 	 1.575918e+02 	 7.003492e+01
31.000000 	 1.151446e+02 	 1.586584e+02 	 7.163073e+01
30.000000 	 1.164717e+02 	 1.596392e+02 	 7.330431e+01
29.000000 	 1.177918e+02 	 1.605301e+02 	 7.505348e+01
28.000000 	 1.191022e+02 	 1.613287e+02 	 7.687574e+01
27.000000 	 1.204002e+02 	 1.620320e+02 	 7.876839e+01
26.000000 	 1.216833e+02 	 1.626380e+02 	 8.072856e+01
25.000000 	 1.229479e+02 	 1.631429e+02 	 8.275286e+01
24.000000 	 1.241915e+02 	 1.635450e+02 	 8.483790e+01
23.000000 	 1.254112e+02 	 1.638423e+02 	 8.698002e+01
22.000000 	 1.266045e+02 	 1.640335e+02 	 8.917554e+01
21.000000 	 1.277678e+02 	 1.641156e+02 	 9.141991e+01
20.000000 	 1.288984e+02 	 1.640878e+02 	 9.370902e+01
19.000000 	 1.299938e+02 	 1.639492e+02 	 9.603837e+01
18.000000 	 1.310510e+02 	 1.636987e+02 	 9.840328e+01
17.000000 	 1.320681e+02 	 1.633369e+02 	 1.007993e+02
16.000000 	 1.330412e+02 	 1.628616e+02 	 1.032208e+02
15.000000 	 1.339684e+02 	 1.622739e+02 	 1.056628e+02
14.000000 	 1.348473e+02 	 1.615743e+02 	 1.081203e+02
13.000000 	 1.356757e+02 	 1.607634e+02 	 1.105879e+02
12.000000 	 1.364513e+02 	 1.598424e+02 	 1.130602e+02
11.000000 	 1.371723e+02 	 1.588128e+02 	 1.155317e+02
10.000000 	 1.378367e+02 	 1.576765e+02 	 1.179969e+02
9.000000 	 1.384438e+02 	 1.564365e+02 	 1.204510e+02
8.000000 	 1.389903e+02 	 1.550935e+02 	 1.228870e+02
7.000000 	 1.394756e+02 	 1.536512e+02 	 1.253000e+02
6.000000 	 1.398986e+02 	 1.521129e+02 	 1.276843e+02
5.000000 	 1.402583e+02 	 1.504821e+02 	 1.300344e+02
4.000000 	 1.405537e+02 	 1.487625e+02 	 1.323449e+02
3.000000 	 1.407842e+02 	 1.469582e+02 	 1.346102e+02
2.000000 	 1.409492e+02 	 1.450735e+02 	 1.368249e+02
1.000000 	 1.410484e+02 	 1.431131e+02 	 1.389838e+02
0.000000 	 1.410815e+02 	 1.410815e+02 	 1.410815e+02
