0.000	46.915	0.0000	0.0000	0.0000	0.0000	0.0000	-0.3939	0.0000
5.000	46.780	-0.0012	0.0000	0.0000	0.0000	0.0000	-0.3852	0.0756
10.000	46.379	-0.0049	0.0000	0.0000	0.0000	0.0000	-0.3598	0.1482
15.000	45.731	-0.0109	0.0000	0.0000	0.0000	0.0000	-0.3189	0.2147
20.000	44.872	-0.0189	0.0000	0.0000	0.0000	0.0000	-0.2644	0.2724
25.000	43.856	-0.0287	0.0000	0.0000	0.0000	0.0000	-0.1986	0.3188
30.000	42.751	-0.0398	0.0000	0.0000	0.0000	0.0000	-0.1244	0.3513
35.000	41.628	-0.0520	0.0000	0.0000	0.0000	0.0000	-0.0451	0.3680
40.000	40.554	-0.0647	0.0000	0.0000	0.0000	0.0000	0.0352	0.3670
45.000	39.588	-0.0775	0.0000	0.0000	0.0000	0.0000	0.1121	0.3477
50.000	38.776	-0.0896	0.0000	0.0000	0.0000	0.0000	0.1809	0.3103
55.000	38.150	-0.1007	0.0000	0.0000	0.0000	0.0000	0.2372	0.2563
60.000	37.728	-0.1103	0.0000	0.0000	0.0000	0.0000	0.2774	0.1885
65.000	37.517	-0.1178	0.0000	0.0000	0.0000	0.0000	0.2988	0.1107
70.000	37.515	-0.1231	0.0000	0.0000	0.0000	0.0000	0.3004	0.0270
75.000	37.710	-0.1259	0.0000	0.0000	0.0000	0.0000	0.2823	-0.0580
80.000	38.086	-0.1262	0.0000	0.0000	0.0000	0.0000	0.2460	-0.1403
85.000	38.622	-0.1243	0.0000	0.0000	0.0000	0.0000	0.1939	-0.2164
90.000	39.294	-0.1203	0.0000	0.0000	0.0000	0.0000	0.1291	-0.2837
95.000	40.079	-0.1144	0.0000	0.0000	0.0000	0.0000	0.0547	-0.3404
100.000	40.952	-0.1072	0.0000	0.0000	0.0000	0.0000	-0.0261	-0.3856
105.000	41.888	-0.0988	0.0000	0.0000	0.0000	0.0000	-0.1106	-0.4189
110.000	42.865	-0.0896	0.0000	0.0000	0.0000	0.0000	-0.1960	-0.4406
115.000	43.862	-0.0800	0.0000	0.0000	0.0000	0.0000	-0.2803	-0.4513
120.000	44.859	-0.0702	0.0000	0.0000	0.0000	0.0000	-0.3619	-0.4517
125.000	45.837	-0.0605	0.0000	0.0000	0.0000	0.0000	-0.4394	-0.4428
130.000	46.782	-0.0511	0.0000	0.0000	0.0000	0.0000	-0.5117	-0.4258
135.000	47.678	-0.0421	0.0000	0.0000	0.0000	0.0000	-0.5782	-0.4015
140.000	48.513	-0.0338	0.0000	0.0000	0.0000	0.0000	-0.6384	-0.3710
145.000	49.273	-0.0262	0.0000	0.0000	0.0000	0.0000	-0.6918	-0.3352
150.000	49.957	-0.0194	0.0000	0.0000	0.0000	0.0000	-0.7383	-0.2950
155.000	50.544	-0.0136	0.0000	0.0000	0.0000	0.0000	-0.7776	-0.2510
160.000	51.049	-0.0087	0.0000	0.0000	0.0000	0.0000	-0.8100	-0.2042
165.000	51.437	-0.0049	0.0000	0.0000	0.0000	0.0000	-0.8350	-0.1551
170.000	51.716	-0.0022	0.0000	0.0000	0.0000	0.0000	-0.8529	-0.1043
175.000	51.885	-0.0006	0.0000	0.0000	0.0000	0.0000	-0.8637	-0.0524
180.000	51.942	-0.0000	0.0000	0.0000	0.0000	0.0000	-0.8672	0.0000
