0.000000 	 2.430258e+01 	 2.430258e+01 	 2.430258e+01
5.000000 	 2.430388e+01 	 2.594607e+01 	 2.266168e+01
10.000000 	 2.430518e+01 	 2.748566e+01 	 2.112471e+01
15.000000 	 2.430131e+01 	 2.882201e+01 	 1.978062e+01
20.000000 	 2.428970e+01 	 2.987491e+01 	 1.870449e+01
25.000000 	 2.427386e+01 	 3.058957e+01 	 1.795815e+01
30.000000 	 2.426379e+01 	 3.093738e+01 	 1.759020e+01
35.000000 	 2.427380e+01 	 3.091305e+01 	 1.763454e+01
40.000000 	 2.431982e+01 	 3.053093e+01 	 1.810871e+01
45.000000 	 2.441724e+01 	 2.982157e+01 	 1.901292e+01
50.000000 	 2.457942e+01 	 2.882858e+01 	 2.033026e+01
55.000000 	 2.481677e+01 	 2.760559e+01 	 2.202795e+01
60.000000 	 2.513655e+01 	 2.621354e+01 	 2.405957e+01
65.000000 	 2.554276e+01 	 2.471774e+01 	 2.636777e+01
70.000000 	 2.603624e+01 	 2.318513e+01 	 2.888734e+01
75.000000 	 2.661484e+01 	 2.168135e+01 	 3.154832e+01
80.000000 	 2.727388e+01 	 2.026878e+01 	 3.427897e+01
85.000000 	 2.800634e+01 	 1.900417e+01 	 3.700851e+01
90.000000 	 2.880325e+01 	 1.793719e+01 	 3.966931e+01
95.000000 	 2.965414e+01 	 1.710905e+01 	 4.219922e+01
100.000000 	 3.054727e+01 	 1.655208e+01 	 4.454246e+01
105.000000 	 3.147010e+01 	 1.628926e+01 	 4.665094e+01
110.000000 	 3.240958e+01 	 1.633436e+01 	 4.848480e+01
115.000000 	 3.335247e+01 	 1.669231e+01 	 5.001263e+01
120.000000 	 3.428564e+01 	 1.735989e+01 	 5.121140e+01
125.000000 	 3.519633e+01 	 1.832646e+01 	 5.206620e+01
130.000000 	 3.607233e+01 	 1.957490e+01 	 5.256976e+01
135.000000 	 3.690155e+01 	 2.108202e+01 	 5.272108e+01
140.000000 	 3.767436e+01 	 2.282119e+01 	 5.252753e+01
145.000000 	 3.838111e+01 	 2.476126e+01 	 5.200096e+01
150.000000 	 3.901044e+01 	 2.686580e+01 	 5.115509e+01
155.000000 	 3.956126e+01 	 2.910377e+01 	 5.001875e+01
160.000000 	 4.001733e+01 	 3.142880e+01 	 4.860585e+01
165.000000 	 4.037766e+01 	 3.380536e+01 	 4.694995e+01
170.000000 	 4.063805e+01 	 3.619380e+01 	 4.508229e+01
175.000000 	 4.079549e+01 	 3.855447e+01 	 4.303650e+01
180.000000 	 4.084289e+01 	 4.084289e+01 	 4.084289e+01
