0.000	87.818	0.0000	0.0000	0.0000	0.0000	0.0000	-0.6242	0.0000
5.000	87.401	-0.0003	0.0000	0.0000	0.0000	0.0000	-0.6168	0.0762
10.000	86.175	-0.0010	0.0000	0.0000	0.0000	0.0000	-0.5948	0.1501
15.000	84.208	-0.0023	0.0000	0.0000	0.0000	0.0000	-0.5590	0.2194
20.000	81.622	-0.0038	0.0000	0.0000	0.0000	0.0000	-0.5103	0.2818
25.000	78.578	-0.0056	0.0000	0.0000	0.0000	0.0000	-0.4500	0.3350
30.000	75.262	-0.0075	0.0000	0.0000	0.0000	0.0000	-0.3795	0.3764
35.000	71.860	-0.0095	0.0000	0.0000	0.0000	0.0000	-0.3012	0.4034
40.000	68.541	-0.0117	0.0000	0.0000	0.0000	0.0000	-0.2181	0.4136
45.000	65.448	-0.0139	0.0000	0.0000	0.0000	0.0000	-0.1341	0.4051
50.000	62.687	-0.0163	0.0000	0.0000	0.0000	0.0000	-0.0540	0.3773
55.000	60.330	-0.0188	0.0000	0.0000	0.0000	0.0000	0.0175	0.3307
60.000	58.413	-0.0215	0.0000	0.0000	0.0000	0.0000	0.0755	0.2674
65.000	56.949	-0.0243	0.0000	0.0000	0.0000	0.0000	0.1164	0.1908
70.000	55.922	-0.0269	0.0000	0.0000	0.0000	0.0000	0.1376	0.1055
75.000	55.304	-0.0294	0.0000	0.0000	0.0000	0.0000	0.1383	0.0164
80.000	55.052	-0.0315	0.0000	0.0000	0.0000	0.0000	0.1192	-0.0717
85.000	55.121	-0.0330	0.0000	0.0000	0.0000	0.0000	0.0824	-0.1544
90.000	55.459	-0.0340	0.0000	0.0000	0.0000	0.0000	0.0307	-0.2286
95.000	56.016	-0.0342	0.0000	0.0000	0.0000	0.0000	-0.0326	-0.2920
100.000	56.744	-0.0338	0.0000	0.0000	0.0000	0.0000	-0.1040	-0.3433
105.000	57.599	-0.0327	0.0000	0.0000	0.0000	0.0000	-0.1805	-0.3820
110.000	58.542	-0.0310	0.0000	0.0000	0.0000	0.0000	-0.2593	-0.4084
115.000	59.536	-0.0288	0.0000	0.0000	0.0000	0.0000	-0.3380	-0.4231
120.000	60.551	-0.0262	0.0000	0.0000	0.0000	0.0000	-0.4147	-0.4270
125.000	61.562	-0.0232	0.0000	0.0000	0.0000	0.0000	-0.4881	-0.4213
130.000	62.545	-0.0202	0.0000	0.0000	0.0000	0.0000	-0.5569	-0.4070
135.000	63.478	-0.0171	0.0000	0.0000	0.0000	0.0000	-0.6204	-0.3851
140.000	64.353	-0.0140	0.0000	0.0000	0.0000	0.0000	-0.6780	-0.3568
145.000	65.154	-0.0110	0.0000	0.0000	0.0000	0.0000	-0.7293	-0.3231
150.000	65.875	-0.0083	0.0000	0.0000	0.0000	0.0000	-0.7741	-0.2848
155.000	66.489	-0.0059	0.0000	0.0000	0.0000	0.0000	-0.8121	-0.2427
160.000	67.032	-0.0038	0.0000	0.0000	0.0000	0.0000	-0.8433	-0.1976
165.000	67.437	-0.0022	0.0000	0.0000	0.0000	0.0000	-0.8675	-0.1501
170.000	67.729	-0.0010	0.0000	0.0000	0.0000	0.0000	-0.8848	-0.1010
175.000	67.905	-0.0002	0.0000	0.0000	0.0000	0.0000	-0.8952	-0.0508
180.000	67.964	-0.0000	0.0000	0.0000	0.0000	0.0000	-0.8987	0.0000
