0.000	161.377	0.0000	0.0000	0.0000	0.0000	0.0000	-0.7426	0.0000
5.000	160.405	0.0006	0.0000	0.0000	0.0000	0.0000	-0.7364	0.0720
10.000	157.550	0.0024	0.0000	0.0000	0.0000	0.0000	-0.7181	0.1422
15.000	152.988	0.0055	0.0000	0.0000	0.0000	0.0000	-0.6881	0.2089
20.000	147.014	0.0099	0.0000	0.0000	0.0000	0.0000	-0.6466	0.2700
25.000	140.008	0.0156	0.0000	0.0000	0.0000	0.0000	-0.5944	0.3235
30.000	132.386	0.0227	0.0000	0.0000	0.0000	0.0000	-0.5322	0.3669
35.000	124.558	0.0309	0.0000	0.0000	0.0000	0.0000	-0.4613	0.3976
40.000	116.892	0.0399	0.0000	0.0000	0.0000	0.0000	-0.3840	0.4131
45.000	109.684	0.0491	0.0000	0.0000	0.0000	0.0000	-0.3033	0.4109
50.000	103.156	0.0580	0.0000	0.0000	0.0000	0.0000	-0.2234	0.3898
55.000	97.449	0.0659	0.0000	0.0000	0.0000	0.0000	-0.1489	0.3495
60.000	92.634	0.0721	0.0000	0.0000	0.0000	0.0000	-0.0847	0.2914
65.000	88.721	0.0762	0.0000	0.0000	0.0000	0.0000	-0.0351	0.2185
70.000	85.676	0.0779	0.0000	0.0000	0.0000	0.0000	-0.0034	0.1351
75.000	83.430	0.0772	0.0000	0.0000	0.0000	0.0000	0.0088	0.0463
80.000	81.895	0.0743	0.0000	0.0000	0.0000	0.0000	0.0013	-0.0427
85.000	80.973	0.0696	0.0000	0.0000	0.0000	0.0000	-0.0243	-0.1271
90.000	80.564	0.0635	0.0000	0.0000	0.0000	0.0000	-0.0655	-0.2034
95.000	80.569	0.0567	0.0000	0.0000	0.0000	0.0000	-0.1192	-0.2689
100.000	80.899	0.0496	0.0000	0.0000	0.0000	0.0000	-0.1819	-0.3221
105.000	81.474	0.0425	0.0000	0.0000	0.0000	0.0000	-0.2504	-0.3625
110.000	82.222	0.0357	0.0000	0.0000	0.0000	0.0000	-0.3219	-0.3903
115.000	83.086	0.0295	0.0000	0.0000	0.0000	0.0000	-0.3941	-0.4063
120.000	84.014	0.0240	0.0000	0.0000	0.0000	0.0000	-0.4650	-0.4114
125.000	84.967	0.0191	0.0000	0.0000	0.0000	0.0000	-0.5330	-0.4067
130.000	85.911	0.0149	0.0000	0.0000	0.0000	0.0000	-0.5971	-0.3934
135.000	86.821	0.0114	0.0000	0.0000	0.0000	0.0000	-0.6563	-0.3726
140.000	87.677	0.0085	0.0000	0.0000	0.0000	0.0000	-0.7103	-0.3455
145.000	88.466	0.0062	0.0000	0.0000	0.0000	0.0000	-0.7584	-0.3129
150.000	89.180	0.0044	0.0000	0.0000	0.0000	0.0000	-0.8005	-0.2759
155.000	89.781	0.0029	0.0000	0.0000	0.0000	0.0000	-0.8362	-0.2352
160.000	90.333	0.0018	0.0000	0.0000	0.0000	0.0000	-0.8657	-0.1915
165.000	90.730	0.0010	0.0000	0.0000	0.0000	0.0000	-0.8885	-0.1455
170.000	91.016	0.0004	0.0000	0.0000	0.0000	0.0000	-0.9048	-0.0979
175.000	91.188	0.0001	0.0000	0.0000	0.0000	0.0000	-0.9146	-0.0492
180.000	91.246	-0.0000	0.0000	0.0000	0.0000	0.0000	-0.9179	0.0000
