0.000000 	 1.387718e+01 	 1.387718e+01 	 1.387718e+01
5.000000 	 1.393102e+01 	 1.470479e+01 	 1.315725e+01
10.000000 	 1.408757e+01 	 1.557256e+01 	 1.260258e+01
15.000000 	 1.433405e+01 	 1.641090e+01 	 1.225721e+01
20.000000 	 1.465447e+01 	 1.715662e+01 	 1.215231e+01
25.000000 	 1.503387e+01 	 1.775880e+01 	 1.230894e+01
30.000000 	 1.546066e+01 	 1.818105e+01 	 1.274027e+01
35.000000 	 1.592693e+01 	 1.840136e+01 	 1.345250e+01
40.000000 	 1.642789e+01 	 1.841110e+01 	 1.444468e+01
45.000000 	 1.696110e+01 	 1.821383e+01 	 1.570837e+01
50.000000 	 1.752579e+01 	 1.782428e+01 	 1.722730e+01
55.000000 	 1.812233e+01 	 1.726708e+01 	 1.897757e+01
60.000000 	 1.875175e+01 	 1.657539e+01 	 2.092810e+01
65.000000 	 1.941531e+01 	 1.578907e+01 	 2.304155e+01
70.000000 	 2.011406e+01 	 1.495264e+01 	 2.527547e+01
75.000000 	 2.084843e+01 	 1.411314e+01 	 2.758372e+01
80.000000 	 2.161789e+01 	 1.331783e+01 	 2.991796e+01
85.000000 	 2.242070e+01 	 1.261218e+01 	 3.222923e+01
90.000000 	 2.325372e+01 	 1.203802e+01 	 3.446942e+01
95.000000 	 2.411237e+01 	 1.163201e+01 	 3.659274e+01
100.000000 	 2.499072e+01 	 1.142458e+01 	 3.855685e+01
105.000000 	 2.588154e+01 	 1.143915e+01 	 4.032394e+01
110.000000 	 2.677660e+01 	 1.169179e+01 	 4.186141e+01
115.000000 	 2.766682e+01 	 1.219117e+01 	 4.314247e+01
120.000000 	 2.854259e+01 	 1.293882e+01 	 4.414637e+01
125.000000 	 2.939397e+01 	 1.392946e+01 	 4.485847e+01
130.000000 	 3.021103e+01 	 1.515183e+01 	 4.527024e+01
135.000000 	 3.098408e+01 	 1.658914e+01 	 4.537902e+01
140.000000 	 3.170346e+01 	 1.821963e+01 	 4.518729e+01
145.000000 	 3.236105e+01 	 2.001843e+01 	 4.470366e+01
150.000000 	 3.294780e+01 	 2.195596e+01 	 4.393964e+01
155.000000 	 3.345856e+01 	 2.400285e+01 	 4.291428e+01
160.000000 	 3.388408e+01 	 2.612334e+01 	 4.164483e+01
165.000000 	 3.422053e+01 	 2.828433e+01 	 4.015673e+01
170.000000 	 3.446381e+01 	 3.045085e+01 	 3.847677e+01
175.000000 	 3.461096e+01 	 3.258775e+01 	 3.663418e+01
180.000000 	 3.466021e+01 	 3.466021e+01 	 3.466022e+01
