0.000	9.131	0.0000	0.0000	0.0000	0.0000	0.0000	0.6196	0.0000
5.000	9.135	-0.0064	0.0000	0.0000	0.0000	0.0000	0.6218	-0.0088
10.000	9.145	-0.0254	0.0000	0.0000	0.0000	0.0000	0.6281	-0.0192
15.000	9.159	-0.0562	0.0000	0.0000	0.0000	0.0000	0.6378	-0.0329
20.000	9.177	-0.0976	0.0000	0.0000	0.0000	0.0000	0.6496	-0.0510
25.000	9.196	-0.1481	0.0000	0.0000	0.0000	0.0000	0.6620	-0.0747
30.000	9.216	-0.2057	0.0000	0.0000	0.0000	0.0000	0.6730	-0.1044
35.000	9.238	-0.2683	0.0000	0.0000	0.0000	0.0000	0.6808	-0.1404
40.000	9.265	-0.3335	0.0000	0.0000	0.0000	0.0000	0.6833	-0.1828
45.000	9.300	-0.3986	0.0000	0.0000	0.0000	0.0000	0.6783	-0.2311
50.000	9.349	-0.4611	0.0000	0.0000	0.0000	0.0000	0.6639	-0.2844
55.000	9.417	-0.5181	0.0000	0.0000	0.0000	0.0000	0.6383	-0.3414
60.000	9.512	-0.5671	0.0000	0.0000	0.0000	0.0000	0.6003	-0.4007
65.000	9.640	-0.6057	0.0000	0.0000	0.0000	0.0000	0.5489	-0.4601
70.000	9.806	-0.6322	0.0000	0.0000	0.0000	0.0000	0.4841	-0.5174
75.000	10.017	-0.6457	0.0000	0.0000	0.0000	0.0000	0.4067	-0.5703
80.000	10.275	-0.6457	0.0000	0.0000	0.0000	0.0000	0.3182	-0.6167
85.000	10.583	-0.6328	0.0000	0.0000	0.0000	0.0000	0.2207	-0.6548
90.000	10.942	-0.6084	0.0000	0.0000	0.0000	0.0000	0.1170	-0.6832
95.000	11.349	-0.5741	0.0000	0.0000	0.0000	0.0000	0.0098	-0.7010
100.000	11.803	-0.5322	0.0000	0.0000	0.0000	0.0000	-0.0980	-0.7081
105.000	12.297	-0.4848	0.0000	0.0000	0.0000	0.0000	-0.2041	-0.7047
110.000	12.825	-0.4341	0.0000	0.0000	0.0000	0.0000	-0.3061	-0.6916
115.000	13.380	-0.3821	0.0000	0.0000	0.0000	0.0000	-0.4025	-0.6696
120.000	13.951	-0.3305	0.0000	0.0000	0.0000	0.0000	-0.4922	-0.6398
125.000	14.529	-0.2806	0.0000	0.0000	0.0000	0.0000	-0.5743	-0.6033
130.000	15.104	-0.2335	0.0000	0.0000	0.0000	0.0000	-0.6484	-0.5613
135.000	15.665	-0.1898	0.0000	0.0000	0.0000	0.0000	-0.7145	-0.5147
140.000	16.200	-0.1503	0.0000	0.0000	0.0000	0.0000	-0.7725	-0.4644
145.000	16.700	-0.1151	0.0000	0.0000	0.0000	0.0000	-0.8228	-0.4113
150.000	17.156	-0.0845	0.0000	0.0000	0.0000	0.0000	-0.8655	-0.3559
155.000	17.557	-0.0586	0.0000	0.0000	0.0000	0.0000	-0.9011	-0.2987
160.000	17.897	-0.0375	0.0000	0.0000	0.0000	0.0000	-0.9296	-0.2403
165.000	18.168	-0.0210	0.0000	0.0000	0.0000	0.0000	-0.9516	-0.1810
170.000	18.366	-0.0093	0.0000	0.0000	0.0000	0.0000	-0.9671	-0.1210
175.000	18.486	-0.0023	0.0000	0.0000	0.0000	0.0000	-0.9763	-0.0606
180.000	18.526	-0.0000	0.0000	0.0000	0.0000	0.0000	-0.9794	0.0000
