0.000000 	 1.389997e+02 	 1.389997e+02 	 1.389997e+02
5.000000 	 1.382022e+02 	 1.483423e+02 	 1.280621e+02
10.000000 	 1.358556e+02 	 1.555322e+02 	 1.161790e+02
15.000000 	 1.321066e+02 	 1.601774e+02 	 1.040358e+02
20.000000 	 1.271914e+02 	 1.620854e+02 	 9.229748e+01
25.000000 	 1.214216e+02 	 1.612730e+02 	 8.157018e+01
30.000000 	 1.151416e+02 	 1.579301e+02 	 7.235306e+01
35.000000 	 1.086917e+02 	 1.523772e+02 	 6.500619e+01
40.000000 	 1.023771e+02 	 1.450195e+02 	 5.973475e+01
45.000000 	 9.644796e+01 	 1.363041e+02 	 5.659182e+01
50.000000 	 9.108962e+01 	 1.266839e+02 	 5.549534e+01
55.000000 	 8.642248e+01 	 1.165895e+02 	 5.625542e+01
60.000000 	 8.250750e+01 	 1.064095e+02 	 5.860547e+01
65.000000 	 7.935566e+01 	 9.647814e+01 	 6.223319e+01
70.000000 	 7.693897e+01 	 8.706946e+01 	 6.680847e+01
75.000000 	 7.520162e+01 	 7.839699e+01 	 7.200624e+01
80.000000 	 7.407011e+01 	 7.061663e+01 	 7.752359e+01
85.000000 	 7.346177e+01 	 6.383226e+01 	 8.309128e+01
90.000000 	 7.329149e+01 	 5.810124e+01 	 8.848173e+01
95.000000 	 7.347650e+01 	 5.344727e+01 	 9.350573e+01
100.000000 	 7.393953e+01 	 4.985905e+01 	 9.802001e+01
105.000000 	 7.461146e+01 	 4.730231e+01 	 1.019206e+02
110.000000 	 7.543056e+01 	 4.572689e+01 	 1.051342e+02
115.000000 	 7.634503e+01 	 4.506728e+01 	 1.076228e+02
120.000000 	 7.731082e+01 	 4.525152e+01 	 1.093701e+02
125.000000 	 7.829114e+01 	 4.620052e+01 	 1.103818e+02
130.000000 	 7.925646e+01 	 4.783400e+01 	 1.106789e+02
135.000000 	 8.018329e+01 	 5.007072e+01 	 1.102959e+02
140.000000 	 8.105351e+01 	 5.283057e+01 	 1.092764e+02
145.000000 	 8.185400e+01 	 5.603586e+01 	 1.076721e+02
150.000000 	 8.257732e+01 	 5.961319e+01 	 1.055415e+02
155.000000 	 8.318818e+01 	 6.346797e+01 	 1.029084e+02
160.000000 	 8.374317e+01 	 6.757861e+01 	 9.990773e+01
165.000000 	 8.414635e+01 	 7.180114e+01 	 9.649156e+01
170.000000 	 8.443661e+01 	 7.610112e+01 	 9.277210e+01
175.000000 	 8.461168e+01 	 8.041238e+01 	 8.881098e+01
180.000000 	 8.467018e+01 	 8.467018e+01 	 8.467018e+01
