0.000	595.915	0.0000	0.0000	0.0000	0.0000	0.0000	-0.6648	0.0000
5.000	590.364	0.0039	0.0000	0.0000	0.0000	0.0000	-0.6624	0.0421
10.000	574.189	0.0155	0.0000	0.0000	0.0000	0.0000	-0.6552	0.0833
15.000	548.797	0.0350	0.0000	0.0000	0.0000	0.0000	-0.6427	0.1227
20.000	516.238	0.0624	0.0000	0.0000	0.0000	0.0000	-0.6245	0.1589
25.000	478.924	0.0975	0.0000	0.0000	0.0000	0.0000	-0.6000	0.1900
30.000	439.278	0.1400	0.0000	0.0000	0.0000	0.0000	-0.5692	0.2140
35.000	399.490	0.1891	0.0000	0.0000	0.0000	0.0000	-0.5321	0.2283
40.000	361.348	0.2431	0.0000	0.0000	0.0000	0.0000	-0.4898	0.2303
45.000	326.161	0.3000	0.0000	0.0000	0.0000	0.0000	-0.4438	0.2179
50.000	294.760	0.3565	0.0000	0.0000	0.0000	0.0000	-0.3968	0.1895
55.000	267.547	0.4093	0.0000	0.0000	0.0000	0.0000	-0.3521	0.1450
60.000	244.574	0.4545	0.0000	0.0000	0.0000	0.0000	-0.3132	0.0859
65.000	225.636	0.4888	0.0000	0.0000	0.0000	0.0000	-0.2835	0.0154
70.000	210.358	0.5100	0.0000	0.0000	0.0000	0.0000	-0.2656	-0.0618
75.000	198.265	0.5171	0.0000	0.0000	0.0000	0.0000	-0.2608	-0.1403
80.000	188.852	0.5106	0.0000	0.0000	0.0000	0.0000	-0.2691	-0.2153
85.000	181.620	0.4922	0.0000	0.0000	0.0000	0.0000	-0.2892	-0.2824
90.000	176.111	0.4643	0.0000	0.0000	0.0000	0.0000	-0.3191	-0.3389
95.000	171.921	0.4297	0.0000	0.0000	0.0000	0.0000	-0.3566	-0.3832
100.000	168.709	0.3908	0.0000	0.0000	0.0000	0.0000	-0.3992	-0.4152
105.000	166.199	0.3499	0.0000	0.0000	0.0000	0.0000	-0.4448	-0.4353
110.000	164.175	0.3087	0.0000	0.0000	0.0000	0.0000	-0.4919	-0.4446
115.000	162.473	0.2685	0.0000	0.0000	0.0000	0.0000	-0.5389	-0.4444
120.000	160.981	0.2300	0.0000	0.0000	0.0000	0.0000	-0.5850	-0.4359
125.000	159.618	0.1940	0.0000	0.0000	0.0000	0.0000	-0.6295	-0.4204
130.000	158.347	0.1608	0.0000	0.0000	0.0000	0.0000	-0.6716	-0.3988
135.000	157.126	0.1305	0.0000	0.0000	0.0000	0.0000	-0.7112	-0.3721
140.000	155.972	0.1033	0.0000	0.0000	0.0000	0.0000	-0.7476	-0.3411
145.000	154.852	0.0793	0.0000	0.0000	0.0000	0.0000	-0.7808	-0.3064
150.000	153.823	0.0583	0.0000	0.0000	0.0000	0.0000	-0.8103	-0.2685
155.000	152.937	0.0406	0.0000	0.0000	0.0000	0.0000	-0.8358	-0.2278
160.000	152.107	0.0260	0.0000	0.0000	0.0000	0.0000	-0.8572	-0.1850
165.000	151.347	0.0147	0.0000	0.0000	0.0000	0.0000	-0.8743	-0.1404
170.000	150.888	0.0065	0.0000	0.0000	0.0000	0.0000	-0.8865	-0.0944
175.000	150.607	0.0016	0.0000	0.0000	0.0000	0.0000	-0.8939	-0.0474
180.000	150.513	-0.0000	0.0000	0.0000	0.0000	0.0000	-0.8964	0.0000
