0.000000 	 1.695769e+01 	 1.695769e+01 	 1.695769e+01
5.000000 	 1.699711e+01 	 1.801773e+01 	 1.597648e+01
10.000000 	 1.711100e+01 	 1.907841e+01 	 1.514359e+01
15.000000 	 1.728851e+01 	 2.006187e+01 	 1.451516e+01
20.000000 	 1.751709e+01 	 2.090001e+01 	 1.413417e+01
25.000000 	 1.778667e+01 	 2.154059e+01 	 1.403275e+01
30.000000 	 1.809147e+01 	 2.194909e+01 	 1.423384e+01
35.000000 	 1.842964e+01 	 2.210783e+01 	 1.475145e+01
40.000000 	 1.880215e+01 	 2.201421e+01 	 1.559008e+01
45.000000 	 1.921158e+01 	 2.167903e+01 	 1.674413e+01
50.000000 	 1.966124e+01 	 2.112479e+01 	 1.819769e+01
55.000000 	 2.015451e+01 	 2.038410e+01 	 1.992492e+01
60.000000 	 2.069436e+01 	 1.949778e+01 	 2.189094e+01
65.000000 	 2.128306e+01 	 1.851286e+01 	 2.405326e+01
70.000000 	 2.192182e+01 	 1.748026e+01 	 2.636338e+01
75.000000 	 2.261057e+01 	 1.645246e+01 	 2.876867e+01
80.000000 	 2.334773e+01 	 1.548118e+01 	 3.121428e+01
85.000000 	 2.413019e+01 	 1.461533e+01 	 3.364506e+01
90.000000 	 2.495321e+01 	 1.389918e+01 	 3.600723e+01
95.000000 	 2.581056e+01 	 1.337092e+01 	 3.825020e+01
100.000000 	 2.669463e+01 	 1.306172e+01 	 4.032755e+01
105.000000 	 2.759665e+01 	 1.299505e+01 	 4.219824e+01
110.000000 	 2.850690e+01 	 1.318647e+01 	 4.382733e+01
115.000000 	 2.941505e+01 	 1.364367e+01 	 4.518642e+01
120.000000 	 3.031036e+01 	 1.436687e+01 	 4.625386e+01
125.000000 	 3.118197e+01 	 1.534934e+01 	 4.701460e+01
130.000000 	 3.201922e+01 	 1.657810e+01 	 4.746034e+01
135.000000 	 3.281181e+01 	 1.803466e+01 	 4.758895e+01
140.000000 	 3.354943e+01 	 1.969539e+01 	 4.740348e+01
145.000000 	 3.422400e+01 	 2.153399e+01 	 4.691402e+01
150.000000 	 3.482562e+01 	 2.351874e+01 	 4.613251e+01
155.000000 	 3.535009e+01 	 2.561961e+01 	 4.508056e+01
160.000000 	 3.578632e+01 	 2.779789e+01 	 4.377475e+01
165.000000 	 3.613118e+01 	 3.001965e+01 	 4.224271e+01
170.000000 	 3.638050e+01 	 3.224849e+01 	 4.051251e+01
175.000000 	 3.653129e+01 	 3.444791e+01 	 3.861468e+01
180.000000 	 3.658176e+01 	 3.658176e+01 	 3.658176e+01
