0.000000 	 4.435408e+02 	 4.435408e+02 	 4.435408e+02
5.000000 	 4.401127e+02 	 4.658476e+02 	 4.143778e+02
10.000000 	 4.300728e+02 	 4.798405e+02 	 3.803051e+02
15.000000 	 4.141374e+02 	 4.847213e+02 	 3.435536e+02
20.000000 	 3.934286e+02 	 4.804310e+02 	 3.064261e+02
25.000000 	 3.693212e+02 	 4.675796e+02 	 2.710628e+02
30.000000 	 3.432757e+02 	 4.473093e+02 	 2.392420e+02
35.000000 	 3.166755e+02 	 4.211080e+02 	 2.122430e+02
40.000000 	 2.907159e+02 	 3.906330e+02 	 1.907988e+02
45.000000 	 2.663348e+02 	 3.575529e+02 	 1.751167e+02
50.000000 	 2.441922e+02 	 3.234232e+02 	 1.649611e+02
55.000000 	 2.246821e+02 	 2.896024e+02 	 1.597618e+02
60.000000 	 2.079625e+02 	 2.571936e+02 	 1.587313e+02
65.000000 	 1.940044e+02 	 2.270312e+02 	 1.609776e+02
70.000000 	 1.826485e+02 	 1.997033e+02 	 1.655936e+02
75.000000 	 1.736399e+02 	 1.755501e+02 	 1.717297e+02
80.000000 	 1.666817e+02 	 1.547319e+02 	 1.786315e+02
85.000000 	 1.614561e+02 	 1.372374e+02 	 1.856749e+02
90.000000 	 1.576567e+02 	 1.229541e+02 	 1.923592e+02
95.000000 	 1.549976e+02 	 1.116756e+02 	 1.983197e+02
100.000000 	 1.532272e+02 	 1.031556e+02 	 2.032987e+02
105.000000 	 1.521292e+02 	 9.711951e+01 	 2.071390e+02
110.000000 	 1.515246e+02 	 9.328591e+01 	 2.097633e+02
115.000000 	 1.512688e+02 	 9.138046e+01 	 2.111572e+02
120.000000 	 1.512489e+02 	 9.114449e+01 	 2.113534e+02
125.000000 	 1.513785e+02 	 9.234047e+01 	 2.104165e+02
130.000000 	 1.515949e+02 	 9.475412e+01 	 2.084357e+02
135.000000 	 1.518509e+02 	 9.819490e+01 	 2.055068e+02
140.000000 	 1.521164e+02 	 1.024949e+02 	 2.017379e+02
145.000000 	 1.523723e+02 	 1.075073e+02 	 1.972373e+02
150.000000 	 1.526087e+02 	 1.131050e+02 	 1.921125e+02
155.000000 	 1.528243e+02 	 1.191788e+02 	 1.864698e+02
160.000000 	 1.529829e+02 	 1.256067e+02 	 1.803591e+02
165.000000 	 1.531626e+02 	 1.323548e+02 	 1.739705e+02
170.000000 	 1.532519e+02 	 1.392559e+02 	 1.672480e+02
175.000000 	 1.533051e+02 	 1.462701e+02 	 1.603400e+02
180.000000 	 1.528168e+02 	 1.528168e+02 	 1.528168e+02
