0.000	609.339	0.0000	0.0000	0.0000	0.0000	0.0000	-0.6789	0.0000
5.000	603.757	0.0037	0.0000	0.0000	0.0000	0.0000	-0.6764	0.0436
10.000	587.494	0.0148	0.0000	0.0000	0.0000	0.0000	-0.6686	0.0864
15.000	561.921	0.0334	0.0000	0.0000	0.0000	0.0000	-0.6553	0.1272
20.000	529.082	0.0595	0.0000	0.0000	0.0000	0.0000	-0.6361	0.1648
25.000	491.369	0.0930	0.0000	0.0000	0.0000	0.0000	-0.6105	0.1974
30.000	451.210	0.1337	0.0000	0.0000	0.0000	0.0000	-0.5783	0.2227
35.000	410.812	0.1806	0.0000	0.0000	0.0000	0.0000	-0.5400	0.2384
40.000	371.988	0.2323	0.0000	0.0000	0.0000	0.0000	-0.4963	0.2419
45.000	336.078	0.2868	0.0000	0.0000	0.0000	0.0000	-0.4490	0.2310
50.000	303.944	0.3411	0.0000	0.0000	0.0000	0.0000	-0.4007	0.2043
55.000	276.016	0.3919	0.0000	0.0000	0.0000	0.0000	-0.3546	0.1614
60.000	252.368	0.4357	0.0000	0.0000	0.0000	0.0000	-0.3143	0.1037
65.000	232.812	0.4693	0.0000	0.0000	0.0000	0.0000	-0.2833	0.0344
70.000	216.981	0.4903	0.0000	0.0000	0.0000	0.0000	-0.2642	-0.0420
75.000	204.410	0.4979	0.0000	0.0000	0.0000	0.0000	-0.2583	-0.1205
80.000	194.592	0.4924	0.0000	0.0000	0.0000	0.0000	-0.2659	-0.1959
85.000	187.027	0.4753	0.0000	0.0000	0.0000	0.0000	-0.2856	-0.2640
90.000	181.253	0.4489	0.0000	0.0000	0.0000	0.0000	-0.3156	-0.3218
95.000	176.858	0.4158	0.0000	0.0000	0.0000	0.0000	-0.3534	-0.3678
100.000	173.497	0.3784	0.0000	0.0000	0.0000	0.0000	-0.3967	-0.4014
105.000	170.888	0.3389	0.0000	0.0000	0.0000	0.0000	-0.4432	-0.4231
110.000	168.805	0.2990	0.0000	0.0000	0.0000	0.0000	-0.4913	-0.4339
115.000	167.084	0.2600	0.0000	0.0000	0.0000	0.0000	-0.5394	-0.4349
120.000	165.600	0.2226	0.0000	0.0000	0.0000	0.0000	-0.5865	-0.4275
125.000	164.270	0.1876	0.0000	0.0000	0.0000	0.0000	-0.6319	-0.4129
130.000	163.041	0.1553	0.0000	0.0000	0.0000	0.0000	-0.6748	-0.3921
135.000	161.894	0.1259	0.0000	0.0000	0.0000	0.0000	-0.7149	-0.3661
140.000	160.813	0.0996	0.0000	0.0000	0.0000	0.0000	-0.7518	-0.3356
145.000	159.775	0.0763	0.0000	0.0000	0.0000	0.0000	-0.7852	-0.3014
150.000	158.826	0.0561	0.0000	0.0000	0.0000	0.0000	-0.8149	-0.2641
155.000	157.955	0.0390	0.0000	0.0000	0.0000	0.0000	-0.8405	-0.2241
160.000	157.254	0.0250	0.0000	0.0000	0.0000	0.0000	-0.8618	-0.1818
165.000	156.570	0.0141	0.0000	0.0000	0.0000	0.0000	-0.8788	-0.1380
170.000	156.150	0.0062	0.0000	0.0000	0.0000	0.0000	-0.8909	-0.0927
175.000	155.894	0.0016	0.0000	0.0000	0.0000	0.0000	-0.8983	-0.0466
180.000	155.052	0.0000	0.0000	0.0000	0.0000	0.0000	-0.8991	0.0000
