0.000	516.744	0.0000	0.0000	0.0000	0.0000	0.0000	-0.7602	0.0000
5.000	512.572	0.0025	0.0000	0.0000	0.0000	0.0000	-0.7564	0.0549
10.000	500.372	0.0099	0.0000	0.0000	0.0000	0.0000	-0.7450	0.1087
15.000	481.042	0.0223	0.0000	0.0000	0.0000	0.0000	-0.7261	0.1602
20.000	455.979	0.0399	0.0000	0.0000	0.0000	0.0000	-0.6994	0.2078
25.000	426.875	0.0624	0.0000	0.0000	0.0000	0.0000	-0.6649	0.2499
30.000	395.512	0.0899	0.0000	0.0000	0.0000	0.0000	-0.6228	0.2845
35.000	363.565	0.1216	0.0000	0.0000	0.0000	0.0000	-0.5735	0.3090
40.000	332.465	0.1568	0.0000	0.0000	0.0000	0.0000	-0.5181	0.3211
45.000	303.325	0.1939	0.0000	0.0000	0.0000	0.0000	-0.4586	0.3185
50.000	276.913	0.2312	0.0000	0.0000	0.0000	0.0000	-0.3978	0.2995
55.000	253.676	0.2663	0.0000	0.0000	0.0000	0.0000	-0.3392	0.2635
60.000	233.777	0.2968	0.0000	0.0000	0.0000	0.0000	-0.2868	0.2113
65.000	217.161	0.3207	0.0000	0.0000	0.0000	0.0000	-0.2445	0.1453
70.000	203.613	0.3363	0.0000	0.0000	0.0000	0.0000	-0.2154	0.0695
75.000	192.821	0.3427	0.0000	0.0000	0.0000	0.0000	-0.2016	-0.0113
80.000	184.419	0.3400	0.0000	0.0000	0.0000	0.0000	-0.2037	-0.0919
85.000	178.024	0.3292	0.0000	0.0000	0.0000	0.0000	-0.2207	-0.1678
90.000	173.273	0.3115	0.0000	0.0000	0.0000	0.0000	-0.2508	-0.2352
95.000	169.829	0.2889	0.0000	0.0000	0.0000	0.0000	-0.2913	-0.2918
100.000	167.398	0.2629	0.0000	0.0000	0.0000	0.0000	-0.3394	-0.3363
105.000	165.732	0.2352	0.0000	0.0000	0.0000	0.0000	-0.3925	-0.3685
110.000	164.625	0.2069	0.0000	0.0000	0.0000	0.0000	-0.4481	-0.3889
115.000	163.917	0.1793	0.0000	0.0000	0.0000	0.0000	-0.5043	-0.3984
120.000	163.481	0.1528	0.0000	0.0000	0.0000	0.0000	-0.5595	-0.3982
125.000	163.223	0.1281	0.0000	0.0000	0.0000	0.0000	-0.6126	-0.3894
130.000	163.076	0.1054	0.0000	0.0000	0.0000	0.0000	-0.6627	-0.3734
135.000	162.993	0.0849	0.0000	0.0000	0.0000	0.0000	-0.7092	-0.3511
140.000	162.943	0.0667	0.0000	0.0000	0.0000	0.0000	-0.7515	-0.3236
145.000	162.910	0.0508	0.0000	0.0000	0.0000	0.0000	-0.7895	-0.2916
150.000	162.884	0.0371	0.0000	0.0000	0.0000	0.0000	-0.8227	-0.2561
155.000	162.865	0.0256	0.0000	0.0000	0.0000	0.0000	-0.8512	-0.2176
160.000	162.836	0.0163	0.0000	0.0000	0.0000	0.0000	-0.8745	-0.1768
165.000	162.842	0.0092	0.0000	0.0000	0.0000	0.0000	-0.8930	-0.1342
170.000	162.822	0.0041	0.0000	0.0000	0.0000	0.0000	-0.9060	-0.0902
175.000	162.808	0.0010	0.0000	0.0000	0.0000	0.0000	-0.9139	-0.0453
180.000	162.804	-0.0000	0.0000	0.0000	0.0000	0.0000	-0.9165	0.0000
