0.000	272.023	0.0000	0.0000	0.0000	0.0000	0.0000	-0.4026	0.0000
5.000	268.550	0.0073	0.0000	0.0000	0.0000	0.0000	-0.4042	0.0203
10.000	258.663	0.0294	0.0000	0.0000	0.0000	0.0000	-0.4082	0.0406
15.000	243.724	0.0663	0.0000	0.0000	0.0000	0.0000	-0.4119	0.0600
20.000	225.517	0.1178	0.0000	0.0000	0.0000	0.0000	-0.4119	0.0764
25.000	205.857	0.1835	0.0000	0.0000	0.0000	0.0000	-0.4046	0.0864
30.000	186.358	0.2617	0.0000	0.0000	0.0000	0.0000	-0.3867	0.0855
35.000	168.284	0.3491	0.0000	0.0000	0.0000	0.0000	-0.3567	0.0684
40.000	152.550	0.4400	0.0000	0.0000	0.0000	0.0000	-0.3143	0.0301
45.000	139.757	0.5266	0.0000	0.0000	0.0000	0.0000	-0.2619	-0.0318
50.000	130.257	0.5995	0.0000	0.0000	0.0000	0.0000	-0.2033	-0.1155
55.000	124.206	0.6498	0.0000	0.0000	0.0000	0.0000	-0.1438	-0.2137
60.000	121.604	0.6719	0.0000	0.0000	0.0000	0.0000	-0.0881	-0.3151
65.000	122.327	0.6659	0.0000	0.0000	0.0000	0.0000	-0.0397	-0.4074
70.000	126.149	0.6366	0.0000	0.0000	0.0000	0.0000	0.0002	-0.4813
75.000	132.762	0.5919	0.0000	0.0000	0.0000	0.0000	0.0321	-0.5328
80.000	141.802	0.5398	0.0000	0.0000	0.0000	0.0000	0.0574	-0.5628
85.000	152.863	0.4865	0.0000	0.0000	0.0000	0.0000	0.0776	-0.5754
90.000	165.512	0.4359	0.0000	0.0000	0.0000	0.0000	0.0940	-0.5755
95.000	179.321	0.3897	0.0000	0.0000	0.0000	0.0000	0.1073	-0.5674
100.000	193.866	0.3483	0.0000	0.0000	0.0000	0.0000	0.1179	-0.5545
105.000	208.750	0.3112	0.0000	0.0000	0.0000	0.0000	0.1260	-0.5389
110.000	223.606	0.2776	0.0000	0.0000	0.0000	0.0000	0.1315	-0.5218
115.000	238.104	0.2467	0.0000	0.0000	0.0000	0.0000	0.1345	-0.5036
120.000	251.959	0.2178	0.0000	0.0000	0.0000	0.0000	0.1350	-0.4843
125.000	264.927	0.1904	0.0000	0.0000	0.0000	0.0000	0.1332	-0.4633
130.000	276.850	0.1641	0.0000	0.0000	0.0000	0.0000	0.1292	-0.4400
135.000	287.570	0.1388	0.0000	0.0000	0.0000	0.0000	0.1233	-0.4139
140.000	296.991	0.1144	0.0000	0.0000	0.0000	0.0000	0.1160	-0.3843
145.000	305.157	0.0913	0.0000	0.0000	0.0000	0.0000	0.1076	-0.3505
150.000	311.851	0.0697	0.0000	0.0000	0.0000	0.0000	0.0989	-0.3124
155.000	317.341	0.0501	0.0000	0.0000	0.0000	0.0000	0.0901	-0.2696
160.000	321.504	0.0330	0.0000	0.0000	0.0000	0.0000	0.0820	-0.2223
165.000	324.153	0.0191	0.0000	0.0000	0.0000	0.0000	0.0754	-0.1711
170.000	326.491	0.0086	0.0000	0.0000	0.0000	0.0000	0.0699	-0.1161
175.000	327.868	0.0022	0.0000	0.0000	0.0000	0.0000	0.0664	-0.0587
180.000	328.024	-0.0000	0.0000	0.0000	0.0000	0.0000	0.0664	0.0000
