0.000	139.000	0.0000	0.0000	0.0000	0.0000	0.0000	-0.7217	0.0000
5.000	138.202	0.0004	0.0000	0.0000	0.0000	0.0000	-0.7152	0.0734
10.000	135.856	0.0016	0.0000	0.0000	0.0000	0.0000	-0.6960	0.1448
15.000	132.107	0.0036	0.0000	0.0000	0.0000	0.0000	-0.6646	0.2125
20.000	127.191	0.0066	0.0000	0.0000	0.0000	0.0000	-0.6213	0.2743
25.000	121.422	0.0105	0.0000	0.0000	0.0000	0.0000	-0.5670	0.3282
30.000	115.142	0.0154	0.0000	0.0000	0.0000	0.0000	-0.5026	0.3716
35.000	108.692	0.0210	0.0000	0.0000	0.0000	0.0000	-0.4295	0.4019
40.000	102.377	0.0272	0.0000	0.0000	0.0000	0.0000	-0.3503	0.4165
45.000	96.448	0.0336	0.0000	0.0000	0.0000	0.0000	-0.2682	0.4132
50.000	91.090	0.0396	0.0000	0.0000	0.0000	0.0000	-0.1874	0.3908
55.000	86.422	0.0447	0.0000	0.0000	0.0000	0.0000	-0.1128	0.3491
60.000	82.507	0.0486	0.0000	0.0000	0.0000	0.0000	-0.0492	0.2897
65.000	79.356	0.0509	0.0000	0.0000	0.0000	0.0000	-0.0009	0.2158
70.000	76.939	0.0513	0.0000	0.0000	0.0000	0.0000	0.0290	0.1317
75.000	75.202	0.0500	0.0000	0.0000	0.0000	0.0000	0.0390	0.0425
80.000	74.070	0.0472	0.0000	0.0000	0.0000	0.0000	0.0293	-0.0466
85.000	73.462	0.0433	0.0000	0.0000	0.0000	0.0000	0.0013	-0.1311
90.000	73.291	0.0385	0.0000	0.0000	0.0000	0.0000	-0.0422	-0.2073
95.000	73.476	0.0333	0.0000	0.0000	0.0000	0.0000	-0.0981	-0.2726
100.000	73.940	0.0281	0.0000	0.0000	0.0000	0.0000	-0.1628	-0.3257
105.000	74.611	0.0231	0.0000	0.0000	0.0000	0.0000	-0.2333	-0.3660
110.000	75.431	0.0185	0.0000	0.0000	0.0000	0.0000	-0.3066	-0.3938
115.000	76.345	0.0145	0.0000	0.0000	0.0000	0.0000	-0.3805	-0.4097
120.000	77.311	0.0110	0.0000	0.0000	0.0000	0.0000	-0.4529	-0.4147
125.000	78.291	0.0082	0.0000	0.0000	0.0000	0.0000	-0.5223	-0.4099
130.000	79.256	0.0059	0.0000	0.0000	0.0000	0.0000	-0.5877	-0.3965
135.000	80.183	0.0041	0.0000	0.0000	0.0000	0.0000	-0.6481	-0.3755
140.000	81.054	0.0027	0.0000	0.0000	0.0000	0.0000	-0.7030	-0.3482
145.000	81.854	0.0018	0.0000	0.0000	0.0000	0.0000	-0.7521	-0.3154
150.000	82.577	0.0011	0.0000	0.0000	0.0000	0.0000	-0.7949	-0.2781
155.000	83.188	0.0006	0.0000	0.0000	0.0000	0.0000	-0.8312	-0.2371
160.000	83.743	0.0004	0.0000	0.0000	0.0000	0.0000	-0.8612	-0.1930
165.000	84.146	0.0002	0.0000	0.0000	0.0000	0.0000	-0.8844	-0.1467
170.000	84.437	0.0001	0.0000	0.0000	0.0000	0.0000	-0.9010	-0.0987
175.000	84.612	0.0000	0.0000	0.0000	0.0000	0.0000	-0.9110	-0.0496
180.000	84.670	-0.0000	0.0000	0.0000	0.0000	0.0000	-0.9143	0.0000
