0.000	75.196	0.0000	0.0000	0.0000	0.0000	0.0000	-0.5783	0.0000
5.000	74.869	-0.0005	0.0000	0.0000	0.0000	0.0000	-0.5706	0.0766
10.000	73.907	-0.0020	0.0000	0.0000	0.0000	0.0000	-0.5477	0.1508
15.000	72.360	-0.0043	0.0000	0.0000	0.0000	0.0000	-0.5105	0.2200
20.000	70.324	-0.0074	0.0000	0.0000	0.0000	0.0000	-0.4601	0.2820
25.000	67.925	-0.0112	0.0000	0.0000	0.0000	0.0000	-0.3979	0.3342
30.000	65.311	-0.0154	0.0000	0.0000	0.0000	0.0000	-0.3259	0.3742
35.000	62.633	-0.0200	0.0000	0.0000	0.0000	0.0000	-0.2465	0.3992
40.000	60.026	-0.0249	0.0000	0.0000	0.0000	0.0000	-0.1630	0.4072
45.000	57.608	-0.0299	0.0000	0.0000	0.0000	0.0000	-0.0796	0.3965
50.000	55.465	-0.0349	0.0000	0.0000	0.0000	0.0000	-0.0010	0.3666
55.000	53.657	-0.0398	0.0000	0.0000	0.0000	0.0000	0.0680	0.3181
60.000	52.216	-0.0444	0.0000	0.0000	0.0000	0.0000	0.1227	0.2535
65.000	51.151	-0.0486	0.0000	0.0000	0.0000	0.0000	0.1598	0.1763
70.000	50.452	-0.0521	0.0000	0.0000	0.0000	0.0000	0.1769	0.0910
75.000	50.096	-0.0547	0.0000	0.0000	0.0000	0.0000	0.1735	0.0024
80.000	50.049	-0.0565	0.0000	0.0000	0.0000	0.0000	0.1506	-0.0847
85.000	50.272	-0.0572	0.0000	0.0000	0.0000	0.0000	0.1103	-0.1663
90.000	50.723	-0.0568	0.0000	0.0000	0.0000	0.0000	0.0555	-0.2392
95.000	51.359	-0.0555	0.0000	0.0000	0.0000	0.0000	-0.0105	-0.3013
100.000	52.142	-0.0533	0.0000	0.0000	0.0000	0.0000	-0.0843	-0.3515
105.000	53.031	-0.0502	0.0000	0.0000	0.0000	0.0000	-0.1628	-0.3892
110.000	53.993	-0.0465	0.0000	0.0000	0.0000	0.0000	-0.2433	-0.4148
115.000	54.997	-0.0424	0.0000	0.0000	0.0000	0.0000	-0.3235	-0.4287
120.000	56.014	-0.0378	0.0000	0.0000	0.0000	0.0000	-0.4016	-0.4320
125.000	57.022	-0.0331	0.0000	0.0000	0.0000	0.0000	-0.4761	-0.4257
130.000	58.000	-0.0284	0.0000	0.0000	0.0000	0.0000	-0.5459	-0.4109
135.000	58.931	-0.0237	0.0000	0.0000	0.0000	0.0000	-0.6103	-0.3886
140.000	59.796	-0.0192	0.0000	0.0000	0.0000	0.0000	-0.6686	-0.3599
145.000	60.591	-0.0150	0.0000	0.0000	0.0000	0.0000	-0.7206	-0.3257
150.000	61.305	-0.0112	0.0000	0.0000	0.0000	0.0000	-0.7659	-0.2870
155.000	61.915	-0.0079	0.0000	0.0000	0.0000	0.0000	-0.8042	-0.2446
160.000	62.450	-0.0051	0.0000	0.0000	0.0000	0.0000	-0.8358	-0.1991
165.000	62.852	-0.0029	0.0000	0.0000	0.0000	0.0000	-0.8603	-0.1513
170.000	63.142	-0.0013	0.0000	0.0000	0.0000	0.0000	-0.8778	-0.1018
175.000	63.317	-0.0003	0.0000	0.0000	0.0000	0.0000	-0.8883	-0.0512
180.000	63.375	-0.0000	0.0000	0.0000	0.0000	0.0000	-0.8918	0.0000
