0.000000 	 2.472567e+02 	 2.472567e+02 	 2.472567e+02
5.000000 	 2.455862e+02 	 2.621043e+02 	 2.290681e+02
10.000000 	 2.406806e+02 	 2.726882e+02 	 2.086730e+02
15.000000 	 2.328681e+02 	 2.784223e+02 	 1.873139e+02
20.000000 	 2.226637e+02 	 2.791017e+02 	 1.662258e+02
25.000000 	 2.107242e+02 	 2.749028e+02 	 1.465457e+02
30.000000 	 1.977630e+02 	 2.663127e+02 	 1.292133e+02
35.000000 	 1.844676e+02 	 2.540323e+02 	 1.149029e+02
40.000000 	 1.714460e+02 	 2.388932e+02 	 1.039989e+02
45.000000 	 1.591868e+02 	 2.217700e+02 	 9.660361e+01
50.000000 	 1.480444e+02 	 2.035131e+02 	 9.257570e+01
55.000000 	 1.382412e+02 	 1.848974e+02 	 9.158492e+01
60.000000 	 1.298814e+02 	 1.665900e+02 	 9.317280e+01
65.000000 	 1.229721e+02 	 1.491330e+02 	 9.681117e+01
70.000000 	 1.174476e+02 	 1.329433e+02 	 1.019519e+02
75.000000 	 1.131881e+02 	 1.183069e+02 	 1.080693e+02
80.000000 	 1.100474e+02 	 1.054103e+02 	 1.146846e+02
85.000000 	 1.078646e+02 	 9.434464e+01 	 1.213845e+02
90.000000 	 1.064779e+02 	 8.512644e+01 	 1.278294e+02
95.000000 	 1.057340e+02 	 7.771457e+01 	 1.337534e+02
100.000000 	 1.054932e+02 	 7.202598e+01 	 1.389605e+02
105.000000 	 1.056331e+02 	 6.794895e+01 	 1.433173e+02
110.000000 	 1.060491e+02 	 6.535419e+01 	 1.467440e+02
115.000000 	 1.066544e+02 	 6.410279e+01 	 1.492060e+02
120.000000 	 1.073781e+02 	 6.405559e+01 	 1.507007e+02
125.000000 	 1.081636e+02 	 6.507254e+01 	 1.512547e+02
130.000000 	 1.089703e+02 	 6.702266e+01 	 1.509180e+02
135.000000 	 1.097610e+02 	 6.977732e+01 	 1.497446e+02
140.000000 	 1.105134e+02 	 7.322008e+01 	 1.478067e+02
145.000000 	 1.112118e+02 	 7.724248e+01 	 1.451811e+02
150.000000 	 1.118233e+02 	 8.172872e+01 	 1.419179e+02
155.000000 	 1.123798e+02 	 8.661256e+01 	 1.381471e+02
160.000000 	 1.128837e+02 	 9.181584e+01 	 1.339516e+02
165.000000 	 1.132343e+02 	 9.717714e+01 	 1.292915e+02
170.000000 	 1.134861e+02 	 1.026601e+02 	 1.243121e+02
175.000000 	 1.136377e+02 	 1.081885e+02 	 1.190869e+02
180.000000 	 1.134392e+02 	 1.134392e+02 	 1.134392e+02
