0.000	359.480	0.0000	0.0000	0.0000	0.0000	0.0000	-0.4881	0.0000
5.000	355.369	0.0061	0.0000	0.0000	0.0000	0.0000	-0.4882	0.0264
10.000	343.553	0.0245	0.0000	0.0000	0.0000	0.0000	-0.4878	0.0526
15.000	325.402	0.0552	0.0000	0.0000	0.0000	0.0000	-0.4854	0.0775
20.000	302.782	0.0982	0.0000	0.0000	0.0000	0.0000	-0.4791	0.0995
25.000	277.719	0.1531	0.0000	0.0000	0.0000	0.0000	-0.4668	0.1162
30.000	252.078	0.2189	0.0000	0.0000	0.0000	0.0000	-0.4470	0.1241
35.000	227.412	0.2937	0.0000	0.0000	0.0000	0.0000	-0.4189	0.1194
40.000	204.864	0.3738	0.0000	0.0000	0.0000	0.0000	-0.3828	0.0984
45.000	185.180	0.4544	0.0000	0.0000	0.0000	0.0000	-0.3407	0.0583
50.000	168.753	0.5292	0.0000	0.0000	0.0000	0.0000	-0.2958	-0.0016
55.000	155.698	0.5913	0.0000	0.0000	0.0000	0.0000	-0.2520	-0.0787
60.000	145.906	0.6350	0.0000	0.0000	0.0000	0.0000	-0.2135	-0.1675
65.000	139.129	0.6568	0.0000	0.0000	0.0000	0.0000	-0.1832	-0.2602
70.000	135.013	0.6566	0.0000	0.0000	0.0000	0.0000	-0.1628	-0.3485
75.000	133.156	0.6368	0.0000	0.0000	0.0000	0.0000	-0.1520	-0.4257
80.000	133.137	0.6023	0.0000	0.0000	0.0000	0.0000	-0.1495	-0.4875
85.000	134.543	0.5582	0.0000	0.0000	0.0000	0.0000	-0.1533	-0.5328
90.000	136.983	0.5093	0.0000	0.0000	0.0000	0.0000	-0.1614	-0.5623
95.000	140.106	0.4593	0.0000	0.0000	0.0000	0.0000	-0.1724	-0.5783
100.000	143.608	0.4104	0.0000	0.0000	0.0000	0.0000	-0.1850	-0.5833
105.000	147.228	0.3640	0.0000	0.0000	0.0000	0.0000	-0.1989	-0.5798
110.000	150.760	0.3207	0.0000	0.0000	0.0000	0.0000	-0.2136	-0.5698
115.000	154.042	0.2806	0.0000	0.0000	0.0000	0.0000	-0.2292	-0.5546
120.000	156.969	0.2435	0.0000	0.0000	0.0000	0.0000	-0.2457	-0.5351
125.000	159.448	0.2090	0.0000	0.0000	0.0000	0.0000	-0.2629	-0.5118
130.000	161.467	0.1770	0.0000	0.0000	0.0000	0.0000	-0.2810	-0.4849
135.000	163.008	0.1472	0.0000	0.0000	0.0000	0.0000	-0.2997	-0.4541
140.000	164.137	0.1196	0.0000	0.0000	0.0000	0.0000	-0.3187	-0.4193
145.000	164.801	0.0941	0.0000	0.0000	0.0000	0.0000	-0.3376	-0.3805
150.000	165.174	0.0710	0.0000	0.0000	0.0000	0.0000	-0.3559	-0.3372
155.000	165.256	0.0506	0.0000	0.0000	0.0000	0.0000	-0.3730	-0.2896
160.000	165.082	0.0331	0.0000	0.0000	0.0000	0.0000	-0.3882	-0.2379
165.000	164.565	0.0190	0.0000	0.0000	0.0000	0.0000	-0.4009	-0.1825
170.000	164.458	0.0086	0.0000	0.0000	0.0000	0.0000	-0.4105	-0.1235
175.000	164.374	0.0022	0.0000	0.0000	0.0000	0.0000	-0.4164	-0.0623
180.000	164.343	0.0000	0.0000	0.0000	0.0000	0.0000	-0.4185	0.0000
