0.000	248.130	0.0000	0.0000	0.0000	0.0000	0.0000	-0.3749	0.0000
5.000	244.847	0.0078	0.0000	0.0000	0.0000	0.0000	-0.3772	0.0185
10.000	235.502	0.0311	0.0000	0.0000	0.0000	0.0000	-0.3829	0.0371
15.000	221.477	0.0701	0.0000	0.0000	0.0000	0.0000	-0.3888	0.0547
20.000	204.526	0.1246	0.0000	0.0000	0.0000	0.0000	-0.3910	0.0693
25.000	186.433	0.1940	0.0000	0.0000	0.0000	0.0000	-0.3850	0.0771
30.000	168.712	0.2764	0.0000	0.0000	0.0000	0.0000	-0.3670	0.0730
35.000	152.568	0.3678	0.0000	0.0000	0.0000	0.0000	-0.3349	0.0508
40.000	138.864	0.4616	0.0000	0.0000	0.0000	0.0000	-0.2883	0.0056
45.000	128.197	0.5485	0.0000	0.0000	0.0000	0.0000	-0.2297	-0.0648
50.000	120.955	0.6177	0.0000	0.0000	0.0000	0.0000	-0.1635	-0.1566
55.000	117.359	0.6599	0.0000	0.0000	0.0000	0.0000	-0.0954	-0.2601
60.000	117.503	0.6708	0.0000	0.0000	0.0000	0.0000	-0.0313	-0.3611
65.000	121.348	0.6525	0.0000	0.0000	0.0000	0.0000	0.0253	-0.4464
70.000	128.746	0.6129	0.0000	0.0000	0.0000	0.0000	0.0729	-0.5079
75.000	139.451	0.5615	0.0000	0.0000	0.0000	0.0000	0.1119	-0.5446
80.000	153.131	0.5068	0.0000	0.0000	0.0000	0.0000	0.1438	-0.5602
85.000	169.383	0.4544	0.0000	0.0000	0.0000	0.0000	0.1701	-0.5607
90.000	187.772	0.4067	0.0000	0.0000	0.0000	0.0000	0.1918	-0.5519
95.000	207.818	0.3646	0.0000	0.0000	0.0000	0.0000	0.2097	-0.5380
100.000	229.040	0.3275	0.0000	0.0000	0.0000	0.0000	0.2242	-0.5219
105.000	250.960	0.2946	0.0000	0.0000	0.0000	0.0000	0.2356	-0.5052
110.000	273.114	0.2648	0.0000	0.0000	0.0000	0.0000	0.2439	-0.4885
115.000	295.071	0.2371	0.0000	0.0000	0.0000	0.0000	0.2492	-0.4717
120.000	316.425	0.2108	0.0000	0.0000	0.0000	0.0000	0.2518	-0.4543
125.000	336.842	0.1854	0.0000	0.0000	0.0000	0.0000	0.2518	-0.4356
130.000	355.961	0.1606	0.0000	0.0000	0.0000	0.0000	0.2495	-0.4150
135.000	373.583	0.1364	0.0000	0.0000	0.0000	0.0000	0.2452	-0.3914
140.000	389.465	0.1129	0.0000	0.0000	0.0000	0.0000	0.2394	-0.3644
145.000	403.566	0.0903	0.0000	0.0000	0.0000	0.0000	0.2324	-0.3332
150.000	415.532	0.0691	0.0000	0.0000	0.0000	0.0000	0.2250	-0.2976
155.000	425.597	0.0498	0.0000	0.0000	0.0000	0.0000	0.2174	-0.2573
160.000	433.543	0.0329	0.0000	0.0000	0.0000	0.0000	0.2104	-0.2125
165.000	439.081	0.0190	0.0000	0.0000	0.0000	0.0000	0.2048	-0.1638
170.000	443.603	0.0086	0.0000	0.0000	0.0000	0.0000	0.1999	-0.1112
175.000	446.299	0.0022	0.0000	0.0000	0.0000	0.0000	0.1968	-0.0562
180.000	447.195	0.0000	0.0000	0.0000	0.0000	0.0000	0.1958	0.0000
