0.000	476.512	0.0000	0.0000	0.0000	0.0000	0.0000	-0.5768	0.0000
5.000	471.596	0.0050	0.0000	0.0000	0.0000	0.0000	-0.5756	0.0336
10.000	457.367	0.0199	0.0000	0.0000	0.0000	0.0000	-0.5715	0.0667
15.000	435.232	0.0448	0.0000	0.0000	0.0000	0.0000	-0.5639	0.0982
20.000	407.194	0.0798	0.0000	0.0000	0.0000	0.0000	-0.5516	0.1268
25.000	375.512	0.1246	0.0000	0.0000	0.0000	0.0000	-0.5336	0.1503
30.000	342.385	0.1786	0.0000	0.0000	0.0000	0.0000	-0.5092	0.1663
35.000	309.711	0.2406	0.0000	0.0000	0.0000	0.0000	-0.4783	0.1717
40.000	278.974	0.3082	0.0000	0.0000	0.0000	0.0000	-0.4415	0.1636
45.000	251.193	0.3781	0.0000	0.0000	0.0000	0.0000	-0.4007	0.1396
50.000	226.961	0.4462	0.0000	0.0000	0.0000	0.0000	-0.3585	0.0983
55.000	206.496	0.5074	0.0000	0.0000	0.0000	0.0000	-0.3184	0.0404
60.000	189.737	0.5569	0.0000	0.0000	0.0000	0.0000	-0.2843	-0.0312
65.000	176.412	0.5910	0.0000	0.0000	0.0000	0.0000	-0.2591	-0.1119
70.000	166.129	0.6076	0.0000	0.0000	0.0000	0.0000	-0.2452	-0.1956
75.000	158.433	0.6066	0.0000	0.0000	0.0000	0.0000	-0.2430	-0.2762
80.000	152.852	0.5900	0.0000	0.0000	0.0000	0.0000	-0.2521	-0.3486
85.000	148.936	0.5607	0.0000	0.0000	0.0000	0.0000	-0.2706	-0.4093
90.000	146.273	0.5225	0.0000	0.0000	0.0000	0.0000	-0.2964	-0.4566
95.000	144.507	0.4788	0.0000	0.0000	0.0000	0.0000	-0.3274	-0.4905
100.000	143.342	0.4324	0.0000	0.0000	0.0000	0.0000	-0.3617	-0.5117
105.000	142.541	0.3855	0.0000	0.0000	0.0000	0.0000	-0.3978	-0.5218
110.000	141.921	0.3396	0.0000	0.0000	0.0000	0.0000	-0.4348	-0.5223
115.000	141.357	0.2958	0.0000	0.0000	0.0000	0.0000	-0.4719	-0.5147
120.000	140.758	0.2545	0.0000	0.0000	0.0000	0.0000	-0.5087	-0.5002
125.000	140.062	0.2160	0.0000	0.0000	0.0000	0.0000	-0.5447	-0.4799
130.000	139.264	0.1805	0.0000	0.0000	0.0000	0.0000	-0.5798	-0.4544
135.000	138.382	0.1479	0.0000	0.0000	0.0000	0.0000	-0.6136	-0.4242
140.000	137.388	0.1183	0.0000	0.0000	0.0000	0.0000	-0.6459	-0.3899
145.000	136.370	0.0917	0.0000	0.0000	0.0000	0.0000	-0.6761	-0.3515
150.000	135.340	0.0682	0.0000	0.0000	0.0000	0.0000	-0.7039	-0.3094
155.000	134.332	0.0479	0.0000	0.0000	0.0000	0.0000	-0.7288	-0.2640
160.000	133.364	0.0310	0.0000	0.0000	0.0000	0.0000	-0.7502	-0.2155
165.000	132.382	0.0176	0.0000	0.0000	0.0000	0.0000	-0.7678	-0.1644
170.000	131.846	0.0079	0.0000	0.0000	0.0000	0.0000	-0.7806	-0.1108
175.000	131.514	0.0020	0.0000	0.0000	0.0000	0.0000	-0.7883	-0.0558
180.000	131.402	-0.0000	0.0000	0.0000	0.0000	0.0000	-0.7910	0.0000
