0.000	312.436	0.0000	0.0000	0.0000	0.0000	0.0000	-0.4447	0.0000
5.000	308.676	0.0067	0.0000	0.0000	0.0000	0.0000	-0.4456	0.0233
10.000	297.887	0.0269	0.0000	0.0000	0.0000	0.0000	-0.4473	0.0464
15.000	281.430	0.0607	0.0000	0.0000	0.0000	0.0000	-0.4478	0.0684
20.000	261.147	0.1078	0.0000	0.0000	0.0000	0.0000	-0.4446	0.0875
25.000	238.935	0.1681	0.0000	0.0000	0.0000	0.0000	-0.4349	0.1008
30.000	216.529	0.2400	0.0000	0.0000	0.0000	0.0000	-0.4165	0.1045
35.000	195.329	0.3211	0.0000	0.0000	0.0000	0.0000	-0.3881	0.0939
40.000	176.347	0.4070	0.0000	0.0000	0.0000	0.0000	-0.3500	0.0649
45.000	160.233	0.4914	0.0000	0.0000	0.0000	0.0000	-0.3041	0.0146
50.000	147.343	0.5666	0.0000	0.0000	0.0000	0.0000	-0.2540	-0.0566
55.000	137.777	0.6249	0.0000	0.0000	0.0000	0.0000	-0.2041	-0.1447
60.000	131.464	0.6601	0.0000	0.0000	0.0000	0.0000	-0.1587	-0.2414
65.000	128.195	0.6700	0.0000	0.0000	0.0000	0.0000	-0.1210	-0.3369
70.000	127.666	0.6563	0.0000	0.0000	0.0000	0.0000	-0.0922	-0.4218
75.000	129.513	0.6239	0.0000	0.0000	0.0000	0.0000	-0.0718	-0.4899
80.000	133.338	0.5795	0.0000	0.0000	0.0000	0.0000	-0.0584	-0.5387
85.000	138.731	0.5292	0.0000	0.0000	0.0000	0.0000	-0.0500	-0.5694
90.000	145.291	0.4776	0.0000	0.0000	0.0000	0.0000	-0.0452	-0.5848
95.000	152.637	0.4277	0.0000	0.0000	0.0000	0.0000	-0.0429	-0.5884
100.000	160.417	0.3812	0.0000	0.0000	0.0000	0.0000	-0.0424	-0.5836
105.000	168.323	0.3385	0.0000	0.0000	0.0000	0.0000	-0.0436	-0.5729
110.000	176.088	0.2995	0.0000	0.0000	0.0000	0.0000	-0.0463	-0.5581
115.000	183.492	0.2637	0.0000	0.0000	0.0000	0.0000	-0.0507	-0.5402
120.000	190.359	0.2305	0.0000	0.0000	0.0000	0.0000	-0.0568	-0.5198
125.000	196.577	0.1996	0.0000	0.0000	0.0000	0.0000	-0.0646	-0.4967
130.000	202.056	0.1705	0.0000	0.0000	0.0000	0.0000	-0.0740	-0.4707
135.000	206.749	0.1430	0.0000	0.0000	0.0000	0.0000	-0.0848	-0.4416
140.000	210.644	0.1171	0.0000	0.0000	0.0000	0.0000	-0.0966	-0.4087
145.000	213.747	0.0929	0.0000	0.0000	0.0000	0.0000	-0.1091	-0.3718
150.000	216.209	0.0706	0.0000	0.0000	0.0000	0.0000	-0.1217	-0.3303
155.000	218.014	0.0505	0.0000	0.0000	0.0000	0.0000	-0.1338	-0.2844
160.000	219.193	0.0332	0.0000	0.0000	0.0000	0.0000	-0.1448	-0.2341
165.000	219.627	0.0191	0.0000	0.0000	0.0000	0.0000	-0.1540	-0.1800
170.000	220.272	0.0086	0.0000	0.0000	0.0000	0.0000	-0.1612	-0.1220
175.000	220.633	0.0022	0.0000	0.0000	0.0000	0.0000	-0.1657	-0.0616
180.000	220.750	-0.0000	0.0000	0.0000	0.0000	0.0000	-0.1672	0.0000
