0.000000 	 2.847954e+02 	 2.847954e+02 	 2.847954e+02
5.000000 	 2.812280e+02 	 2.872138e+02 	 2.752423e+02
10.000000 	 2.710548e+02 	 2.825719e+02 	 2.595378e+02
15.000000 	 2.556357e+02 	 2.716682e+02 	 2.396032e+02
20.000000 	 2.367588e+02 	 2.556932e+02 	 2.178244e+02
25.000000 	 2.162881e+02 	 2.359937e+02 	 1.965824e+02
30.000000 	 1.958550e+02 	 2.138274e+02 	 1.778825e+02
35.000000 	 1.767764e+02 	 1.903714e+02 	 1.631815e+02
40.000000 	 1.599936e+02 	 1.666904e+02 	 1.532968e+02
45.000000 	 1.461178e+02 	 1.437775e+02 	 1.484582e+02
50.000000 	 1.354952e+02 	 1.225541e+02 	 1.484363e+02
55.000000 	 1.282591e+02 	 1.038182e+02 	 1.527001e+02
60.000000 	 1.243789e+02 	 8.818575e+01 	 1.605720e+02
65.000000 	 1.236964e+02 	 7.604521e+01 	 1.713477e+02
70.000000 	 1.259557e+02 	 6.754393e+01 	 1.843675e+02
75.000000 	 1.308274e+02 	 6.258506e+01 	 1.990698e+02
80.000000 	 1.379338e+02 	 6.089978e+01 	 2.149679e+02
85.000000 	 1.468642e+02 	 6.208437e+01 	 2.316441e+02
90.000000 	 1.572018e+02 	 6.566300e+01 	 2.487407e+02
95.000000 	 1.685336e+02 	 7.115118e+01 	 2.659159e+02
100.000000 	 1.804645e+02 	 7.809868e+01 	 2.828304e+02
105.000000 	 1.926288e+02 	 8.612558e+01 	 2.991320e+02
110.000000 	 2.046962e+02 	 9.493315e+01 	 3.144592e+02
115.000000 	 2.163831e+02 	 1.043316e+02 	 3.284346e+02
120.000000 	 2.274599e+02 	 1.142287e+02 	 3.406911e+02
125.000000 	 2.377097e+02 	 1.245792e+02 	 3.508402e+02
130.000000 	 2.470218e+02 	 1.354658e+02 	 3.585777e+02
135.000000 	 2.552821e+02 	 1.469621e+02 	 3.636021e+02
140.000000 	 2.624301e+02 	 1.591703e+02 	 3.656899e+02
145.000000 	 2.685367e+02 	 1.722750e+02 	 3.647983e+02
150.000000 	 2.734259e+02 	 1.861507e+02 	 3.607010e+02
155.000000 	 2.773675e+02 	 2.010285e+02 	 3.537066e+02
160.000000 	 2.802676e+02 	 2.166886e+02 	 3.438467e+02
165.000000 	 2.819676e+02 	 2.327526e+02 	 3.311826e+02
170.000000 	 2.835843e+02 	 2.500148e+02 	 3.171538e+02
175.000000 	 2.845280e+02 	 2.675096e+02 	 3.015463e+02
180.000000 	 2.848380e+02 	 2.848380e+02 	 2.848380e+02
