0.000	454.466	0.0000	0.0000	0.0000	0.0000	0.0000	-0.5618	0.0000
5.000	449.706	0.0052	0.0000	0.0000	0.0000	0.0000	-0.5608	0.0323
10.000	435.915	0.0206	0.0000	0.0000	0.0000	0.0000	-0.5573	0.0641
15.000	414.494	0.0465	0.0000	0.0000	0.0000	0.0000	-0.5505	0.0944
20.000	387.437	0.0828	0.0000	0.0000	0.0000	0.0000	-0.5392	0.1218
25.000	356.951	0.1293	0.0000	0.0000	0.0000	0.0000	-0.5222	0.1442
30.000	325.177	0.1853	0.0000	0.0000	0.0000	0.0000	-0.4987	0.1588
35.000	293.949	0.2493	0.0000	0.0000	0.0000	0.0000	-0.4685	0.1627
40.000	264.688	0.3191	0.0000	0.0000	0.0000	0.0000	-0.4323	0.1526
45.000	238.363	0.3911	0.0000	0.0000	0.0000	0.0000	-0.3917	0.1263
50.000	215.525	0.4607	0.0000	0.0000	0.0000	0.0000	-0.3497	0.0823
55.000	196.365	0.5227	0.0000	0.0000	0.0000	0.0000	-0.3097	0.0216
60.000	180.805	0.5721	0.0000	0.0000	0.0000	0.0000	-0.2755	-0.0528
65.000	168.576	0.6051	0.0000	0.0000	0.0000	0.0000	-0.2503	-0.1356
70.000	159.289	0.6198	0.0000	0.0000	0.0000	0.0000	-0.2361	-0.2205
75.000	152.493	0.6165	0.0000	0.0000	0.0000	0.0000	-0.2335	-0.3013
80.000	147.730	0.5973	0.0000	0.0000	0.0000	0.0000	-0.2416	-0.3728
85.000	144.554	0.5657	0.0000	0.0000	0.0000	0.0000	-0.2587	-0.4319
90.000	142.564	0.5256	0.0000	0.0000	0.0000	0.0000	-0.2827	-0.4771
95.000	141.410	0.4804	0.0000	0.0000	0.0000	0.0000	-0.3114	-0.5087
100.000	140.800	0.4331	0.0000	0.0000	0.0000	0.0000	-0.3431	-0.5277
105.000	140.498	0.3857	0.0000	0.0000	0.0000	0.0000	-0.3764	-0.5359
110.000	140.329	0.3398	0.0000	0.0000	0.0000	0.0000	-0.4105	-0.5347
115.000	140.158	0.2960	0.0000	0.0000	0.0000	0.0000	-0.4448	-0.5258
120.000	139.905	0.2549	0.0000	0.0000	0.0000	0.0000	-0.4789	-0.5104
125.000	139.518	0.2167	0.0000	0.0000	0.0000	0.0000	-0.5126	-0.4894
130.000	138.977	0.1814	0.0000	0.0000	0.0000	0.0000	-0.5455	-0.4634
135.000	138.284	0.1489	0.0000	0.0000	0.0000	0.0000	-0.5775	-0.4329
140.000	137.454	0.1194	0.0000	0.0000	0.0000	0.0000	-0.6082	-0.3982
145.000	136.567	0.0928	0.0000	0.0000	0.0000	0.0000	-0.6372	-0.3594
150.000	135.633	0.0692	0.0000	0.0000	0.0000	0.0000	-0.6641	-0.3168
155.000	134.693	0.0487	0.0000	0.0000	0.0000	0.0000	-0.6883	-0.2706
160.000	133.767	0.0316	0.0000	0.0000	0.0000	0.0000	-0.7092	-0.2211
165.000	132.795	0.0180	0.0000	0.0000	0.0000	0.0000	-0.7266	-0.1689
170.000	132.281	0.0080	0.0000	0.0000	0.0000	0.0000	-0.7391	-0.1140
175.000	131.961	0.0020	0.0000	0.0000	0.0000	0.0000	-0.7468	-0.0574
180.000	131.293	0.0000	0.0000	0.0000	0.0000	0.0000	-0.7472	0.0000
