0.000	20.405	0.0000	0.0000	0.0000	0.0000	0.0000	0.0759	0.0000
5.000	20.427	-0.0028	0.0000	0.0000	0.0000	0.0000	0.0851	0.0641
10.000	20.490	-0.0108	0.0000	0.0000	0.0000	0.0000	0.1118	0.1235
15.000	20.585	-0.0238	0.0000	0.0000	0.0000	0.0000	0.1533	0.1741
20.000	20.704	-0.0408	0.0000	0.0000	0.0000	0.0000	0.2061	0.2128
25.000	20.844	-0.0609	0.0000	0.0000	0.0000	0.0000	0.2659	0.2373
30.000	21.004	-0.0832	0.0000	0.0000	0.0000	0.0000	0.3284	0.2462
35.000	21.192	-0.1065	0.0000	0.0000	0.0000	0.0000	0.3893	0.2389
40.000	21.415	-0.1298	0.0000	0.0000	0.0000	0.0000	0.4445	0.2156
45.000	21.680	-0.1520	0.0000	0.0000	0.0000	0.0000	0.4903	0.1775
50.000	21.997	-0.1721	0.0000	0.0000	0.0000	0.0000	0.5236	0.1263
55.000	22.372	-0.1893	0.0000	0.0000	0.0000	0.0000	0.5419	0.0645
60.000	22.810	-0.2030	0.0000	0.0000	0.0000	0.0000	0.5438	-0.0049
65.000	23.314	-0.2128	0.0000	0.0000	0.0000	0.0000	0.5287	-0.0788
70.000	23.885	-0.2184	0.0000	0.0000	0.0000	0.0000	0.4969	-0.1537
75.000	24.523	-0.2198	0.0000	0.0000	0.0000	0.0000	0.4497	-0.2266
80.000	25.224	-0.2173	0.0000	0.0000	0.0000	0.0000	0.3887	-0.2947
85.000	25.983	-0.2112	0.0000	0.0000	0.0000	0.0000	0.3164	-0.3558
90.000	26.795	-0.2020	0.0000	0.0000	0.0000	0.0000	0.2353	-0.4081
95.000	27.650	-0.1902	0.0000	0.0000	0.0000	0.0000	0.1479	-0.4506
100.000	28.539	-0.1764	0.0000	0.0000	0.0000	0.0000	0.0569	-0.4826
105.000	29.452	-0.1612	0.0000	0.0000	0.0000	0.0000	-0.0354	-0.5041
110.000	30.377	-0.1451	0.0000	0.0000	0.0000	0.0000	-0.1271	-0.5151
115.000	31.303	-0.1285	0.0000	0.0000	0.0000	0.0000	-0.2164	-0.5164
120.000	32.217	-0.1120	0.0000	0.0000	0.0000	0.0000	-0.3019	-0.5085
125.000	33.109	-0.0959	0.0000	0.0000	0.0000	0.0000	-0.3825	-0.4923
130.000	33.966	-0.0805	0.0000	0.0000	0.0000	0.0000	-0.4574	-0.4687
135.000	34.777	-0.0660	0.0000	0.0000	0.0000	0.0000	-0.5259	-0.4385
140.000	35.532	-0.0527	0.0000	0.0000	0.0000	0.0000	-0.5877	-0.4027
145.000	36.223	-0.0407	0.0000	0.0000	0.0000	0.0000	-0.6424	-0.3620
150.000	36.839	-0.0301	0.0000	0.0000	0.0000	0.0000	-0.6899	-0.3173
155.000	37.377	-0.0210	0.0000	0.0000	0.0000	0.0000	-0.7301	-0.2692
160.000	37.823	-0.0135	0.0000	0.0000	0.0000	0.0000	-0.7629	-0.2185
165.000	38.176	-0.0076	0.0000	0.0000	0.0000	0.0000	-0.7884	-0.1656
170.000	38.431	-0.0034	0.0000	0.0000	0.0000	0.0000	-0.8067	-0.1112
175.000	38.585	-0.0008	0.0000	0.0000	0.0000	0.0000	-0.8176	-0.0559
180.000	38.637	0.0000	0.0000	0.0000	0.0000	0.0000	-0.8212	0.0000
