0.000	236.949	0.0000	0.0000	0.0000	0.0000	0.0000	-0.3614	0.0000
5.000	233.751	0.0080	0.0000	0.0000	0.0000	0.0000	-0.3641	0.0176
10.000	224.664	0.0320	0.0000	0.0000	0.0000	0.0000	-0.3706	0.0353
15.000	211.073	0.0720	0.0000	0.0000	0.0000	0.0000	-0.3778	0.0522
20.000	194.733	0.1281	0.0000	0.0000	0.0000	0.0000	-0.3810	0.0660
25.000	177.379	0.1994	0.0000	0.0000	0.0000	0.0000	-0.3756	0.0726
30.000	160.513	0.2838	0.0000	0.0000	0.0000	0.0000	-0.3574	0.0667
35.000	145.296	0.3772	0.0000	0.0000	0.0000	0.0000	-0.3238	0.0419
40.000	132.577	0.4723	0.0000	0.0000	0.0000	0.0000	-0.2747	-0.0071
45.000	122.961	0.5589	0.0000	0.0000	0.0000	0.0000	-0.2123	-0.0818
50.000	116.868	0.6255	0.0000	0.0000	0.0000	0.0000	-0.1416	-0.1777
55.000	114.567	0.6628	0.0000	0.0000	0.0000	0.0000	-0.0688	-0.2830
60.000	116.208	0.6673	0.0000	0.0000	0.0000	0.0000	0.0000	-0.3823
65.000	121.809	0.6427	0.0000	0.0000	0.0000	0.0000	0.0607	-0.4623
70.000	131.275	0.5983	0.0000	0.0000	0.0000	0.0000	0.1118	-0.5163
75.000	144.396	0.5445	0.0000	0.0000	0.0000	0.0000	0.1538	-0.5448
80.000	160.867	0.4894	0.0000	0.0000	0.0000	0.0000	0.1883	-0.5533
85.000	180.301	0.4381	0.0000	0.0000	0.0000	0.0000	0.2166	-0.5483
90.000	202.242	0.3926	0.0000	0.0000	0.0000	0.0000	0.2401	-0.5358
95.000	226.206	0.3528	0.0000	0.0000	0.0000	0.0000	0.2594	-0.5198
100.000	251.676	0.3181	0.0000	0.0000	0.0000	0.0000	0.2750	-0.5030
105.000	278.129	0.2873	0.0000	0.0000	0.0000	0.0000	0.2872	-0.4865
110.000	305.050	0.2592	0.0000	0.0000	0.0000	0.0000	0.2961	-0.4705
115.000	331.929	0.2329	0.0000	0.0000	0.0000	0.0000	0.3020	-0.4548
120.000	358.321	0.2078	0.0000	0.0000	0.0000	0.0000	0.3050	-0.4386
125.000	383.754	0.1833	0.0000	0.0000	0.0000	0.0000	0.3054	-0.4214
130.000	407.875	0.1592	0.0000	0.0000	0.0000	0.0000	0.3035	-0.4021
135.000	430.255	0.1355	0.0000	0.0000	0.0000	0.0000	0.2996	-0.3800
140.000	450.692	0.1123	0.0000	0.0000	0.0000	0.0000	0.2942	-0.3543
145.000	469.026	0.0899	0.0000	0.0000	0.0000	0.0000	0.2875	-0.3244
150.000	484.802	0.0689	0.0000	0.0000	0.0000	0.0000	0.2805	-0.2901
155.000	498.210	0.0496	0.0000	0.0000	0.0000	0.0000	0.2733	-0.2511
160.000	508.948	0.0328	0.0000	0.0000	0.0000	0.0000	0.2666	-0.2076
165.000	516.652	0.0190	0.0000	0.0000	0.0000	0.0000	0.2612	-0.1600
170.000	522.805	0.0086	0.0000	0.0000	0.0000	0.0000	0.2566	-0.1087
175.000	526.491	0.0022	0.0000	0.0000	0.0000	0.0000	0.2537	-0.0550
180.000	527.718	0.0000	0.0000	0.0000	0.0000	0.0000	0.2527	0.0000
