0.000000 	 1.193953e+02 	 1.193953e+02 	 1.193953e+02
5.000000 	 1.187458e+02 	 1.275983e+02 	 1.098932e+02
10.000000 	 1.168376e+02 	 1.340209e+02 	 9.965431e+01
15.000000 	 1.137837e+02 	 1.383093e+02 	 8.925808e+01
20.000000 	 1.097778e+02 	 1.402853e+02 	 7.927017e+01
25.000000 	 1.050705e+02 	 1.399412e+02 	 7.019971e+01
30.000000 	 9.994472e+01 	 1.374212e+02 	 6.246823e+01
35.000000 	 9.468140e+01 	 1.329827e+02 	 5.638010e+01
40.000000 	 8.953275e+01 	 1.269568e+02 	 5.210868e+01
45.000000 	 8.470636e+01 	 1.197144e+02 	 4.969831e+01
50.000000 	 8.035798e+01 	 1.116370e+02 	 4.907894e+01
55.000000 	 7.658891e+01 	 1.030907e+02 	 5.008711e+01
60.000000 	 7.345153e+01 	 9.441051e+01 	 5.249256e+01
65.000000 	 7.095651e+01 	 8.588876e+01 	 5.602426e+01
70.000000 	 6.908125e+01 	 7.776808e+01 	 6.039441e+01
75.000000 	 6.778137e+01 	 7.024582e+01 	 6.531693e+01
80.000000 	 6.699535e+01 	 6.346676e+01 	 7.052394e+01
85.000000 	 6.665408e+01 	 5.753285e+01 	 7.577532e+01
90.000000 	 6.668586e+01 	 5.250676e+01 	 8.086495e+01
95.000000 	 6.702045e+01 	 4.841761e+01 	 8.562330e+01
100.000000 	 6.759236e+01 	 4.526599e+01 	 8.991873e+01
105.000000 	 6.834113e+01 	 4.303246e+01 	 9.364980e+01
110.000000 	 6.921441e+01 	 4.167737e+01 	 9.675144e+01
115.000000 	 7.016579e+01 	 4.115034e+01 	 9.918125e+01
120.000000 	 7.115665e+01 	 4.139004e+01 	 1.009233e+02
125.000000 	 7.215405e+01 	 4.233002e+01 	 1.019781e+02
130.000000 	 7.313118e+01 	 4.389977e+01 	 1.023626e+02
135.000000 	 7.406645e+01 	 4.602711e+01 	 1.021058e+02
140.000000 	 7.494292e+01 	 4.863972e+01 	 1.012461e+02
145.000000 	 7.574798e+01 	 5.166648e+01 	 9.982949e+01
150.000000 	 7.647426e+01 	 5.503942e+01 	 9.790910e+01
155.000000 	 7.708928e+01 	 5.867073e+01 	 9.550784e+01
160.000000 	 7.764310e+01 	 6.253818e+01 	 9.274802e+01
165.000000 	 7.804897e+01 	 6.650830e+01 	 8.958965e+01
170.000000 	 7.834132e+01 	 7.054674e+01 	 8.613589e+01
175.000000 	 7.851767e+01 	 7.459018e+01 	 8.244516e+01
180.000000 	 7.857661e+01 	 7.857661e+01 	 7.857662e+01
