0.000	28.786	0.0000	0.0000	0.0000	0.0000	0.0000	-0.1351	0.0000
5.000	28.763	-0.0021	0.0000	0.0000	0.0000	0.0000	-0.1259	0.0704
10.000	28.690	-0.0083	0.0000	0.0000	0.0000	0.0000	-0.0990	0.1369
15.000	28.566	-0.0182	0.0000	0.0000	0.0000	0.0000	-0.0564	0.1959
20.000	28.397	-0.0315	0.0000	0.0000	0.0000	0.0000	-0.0010	0.2443
25.000	28.195	-0.0475	0.0000	0.0000	0.0000	0.0000	0.0637	0.2795
30.000	27.981	-0.0655	0.0000	0.0000	0.0000	0.0000	0.1339	0.2997
35.000	27.778	-0.0848	0.0000	0.0000	0.0000	0.0000	0.2055	0.3035
40.000	27.614	-0.1044	0.0000	0.0000	0.0000	0.0000	0.2741	0.2902
45.000	27.511	-0.1235	0.0000	0.0000	0.0000	0.0000	0.3356	0.2600
50.000	27.490	-0.1412	0.0000	0.0000	0.0000	0.0000	0.3859	0.2144
55.000	27.565	-0.1568	0.0000	0.0000	0.0000	0.0000	0.4217	0.1553
60.000	27.745	-0.1695	0.0000	0.0000	0.0000	0.0000	0.4405	0.0859
65.000	28.036	-0.1790	0.0000	0.0000	0.0000	0.0000	0.4410	0.0097
70.000	28.437	-0.1848	0.0000	0.0000	0.0000	0.0000	0.4231	-0.0696
75.000	28.945	-0.1871	0.0000	0.0000	0.0000	0.0000	0.3876	-0.1481
80.000	29.553	-0.1858	0.0000	0.0000	0.0000	0.0000	0.3364	-0.2227
85.000	30.252	-0.1812	0.0000	0.0000	0.0000	0.0000	0.2719	-0.2906
90.000	31.030	-0.1739	0.0000	0.0000	0.0000	0.0000	0.1969	-0.3497
95.000	31.873	-0.1642	0.0000	0.0000	0.0000	0.0000	0.1143	-0.3986
100.000	32.768	-0.1526	0.0000	0.0000	0.0000	0.0000	0.0269	-0.4365
105.000	33.699	-0.1397	0.0000	0.0000	0.0000	0.0000	-0.0627	-0.4634
110.000	34.652	-0.1260	0.0000	0.0000	0.0000	0.0000	-0.1523	-0.4793
115.000	35.611	-0.1118	0.0000	0.0000	0.0000	0.0000	-0.2400	-0.4849
120.000	36.562	-0.0976	0.0000	0.0000	0.0000	0.0000	-0.3243	-0.4809
125.000	37.491	-0.0837	0.0000	0.0000	0.0000	0.0000	-0.4039	-0.4682
130.000	38.386	-0.0703	0.0000	0.0000	0.0000	0.0000	-0.4780	-0.4477
135.000	39.233	-0.0578	0.0000	0.0000	0.0000	0.0000	-0.5459	-0.4203
140.000	40.022	-0.0461	0.0000	0.0000	0.0000	0.0000	-0.6072	-0.3871
145.000	40.745	-0.0356	0.0000	0.0000	0.0000	0.0000	-0.6616	-0.3488
150.000	41.387	-0.0264	0.0000	0.0000	0.0000	0.0000	-0.7088	-0.3062
155.000	41.951	-0.0184	0.0000	0.0000	0.0000	0.0000	-0.7488	-0.2602
160.000	42.416	-0.0118	0.0000	0.0000	0.0000	0.0000	-0.7815	-0.2114
165.000	42.784	-0.0067	0.0000	0.0000	0.0000	0.0000	-0.8069	-0.1604
170.000	43.049	-0.0030	0.0000	0.0000	0.0000	0.0000	-0.8250	-0.1078
175.000	43.210	-0.0007	0.0000	0.0000	0.0000	0.0000	-0.8359	-0.0541
180.000	43.264	0.0000	0.0000	0.0000	0.0000	0.0000	-0.8395	0.0000
