0.000	433.557	0.0000	0.0000	0.0000	0.0000	0.0000	-0.5469	0.0000
5.000	428.929	0.0053	0.0000	0.0000	0.0000	0.0000	-0.5461	0.0311
10.000	415.562	0.0214	0.0000	0.0000	0.0000	0.0000	-0.5432	0.0616
15.000	394.839	0.0482	0.0000	0.0000	0.0000	0.0000	-0.5372	0.0908
20.000	368.731	0.0858	0.0000	0.0000	0.0000	0.0000	-0.5269	0.1171
25.000	339.406	0.1339	0.0000	0.0000	0.0000	0.0000	-0.5109	0.1382
30.000	308.940	0.1919	0.0000	0.0000	0.0000	0.0000	-0.4883	0.1515
35.000	279.110	0.2581	0.0000	0.0000	0.0000	0.0000	-0.4587	0.1538
40.000	251.278	0.3300	0.0000	0.0000	0.0000	0.0000	-0.4228	0.1417
45.000	226.365	0.4039	0.0000	0.0000	0.0000	0.0000	-0.3823	0.1129
50.000	204.877	0.4748	0.0000	0.0000	0.0000	0.0000	-0.3402	0.0661
55.000	186.987	0.5374	0.0000	0.0000	0.0000	0.0000	-0.3000	0.0024
60.000	172.603	0.5863	0.0000	0.0000	0.0000	0.0000	-0.2655	-0.0747
65.000	161.460	0.6179	0.0000	0.0000	0.0000	0.0000	-0.2400	-0.1596
70.000	153.169	0.6304	0.0000	0.0000	0.0000	0.0000	-0.2253	-0.2457
75.000	147.291	0.6243	0.0000	0.0000	0.0000	0.0000	-0.2218	-0.3264
80.000	143.373	0.6024	0.0000	0.0000	0.0000	0.0000	-0.2287	-0.3969
85.000	140.980	0.5685	0.0000	0.0000	0.0000	0.0000	-0.2440	-0.4540
90.000	139.716	0.5264	0.0000	0.0000	0.0000	0.0000	-0.2656	-0.4969
95.000	139.235	0.4799	0.0000	0.0000	0.0000	0.0000	-0.2915	-0.5259
100.000	139.247	0.4319	0.0000	0.0000	0.0000	0.0000	-0.3202	-0.5426
105.000	139.519	0.3843	0.0000	0.0000	0.0000	0.0000	-0.3503	-0.5486
110.000	139.870	0.3384	0.0000	0.0000	0.0000	0.0000	-0.3811	-0.5458
115.000	140.169	0.2949	0.0000	0.0000	0.0000	0.0000	-0.4122	-0.5356
120.000	140.336	0.2543	0.0000	0.0000	0.0000	0.0000	-0.4433	-0.5193
125.000	140.317	0.2165	0.0000	0.0000	0.0000	0.0000	-0.4741	-0.4977
130.000	140.093	0.1816	0.0000	0.0000	0.0000	0.0000	-0.5046	-0.4713
135.000	139.666	0.1494	0.0000	0.0000	0.0000	0.0000	-0.5344	-0.4406
140.000	139.055	0.1201	0.0000	0.0000	0.0000	0.0000	-0.5632	-0.4056
145.000	138.344	0.0935	0.0000	0.0000	0.0000	0.0000	-0.5907	-0.3665
150.000	137.548	0.0699	0.0000	0.0000	0.0000	0.0000	-0.6163	-0.3234
155.000	136.708	0.0493	0.0000	0.0000	0.0000	0.0000	-0.6396	-0.2766
160.000	135.850	0.0320	0.0000	0.0000	0.0000	0.0000	-0.6598	-0.2263
165.000	134.908	0.0183	0.0000	0.0000	0.0000	0.0000	-0.6766	-0.1731
170.000	134.430	0.0082	0.0000	0.0000	0.0000	0.0000	-0.6888	-0.1168
175.000	134.130	0.0021	0.0000	0.0000	0.0000	0.0000	-0.6963	-0.0589
180.000	134.027	-0.0000	0.0000	0.0000	0.0000	0.0000	-0.6989	0.0000
