0.000000 	 2.878649e+01 	 2.878649e+01 	 2.878649e+01
5.000000 	 2.876259e+01 	 3.078847e+01 	 2.673671e+01
10.000000 	 2.868964e+01 	 3.261799e+01 	 2.476128e+01
15.000000 	 2.856649e+01 	 3.416228e+01 	 2.297071e+01
20.000000 	 2.839743e+01 	 3.533374e+01 	 2.146111e+01
25.000000 	 2.819530e+01 	 3.607675e+01 	 2.031384e+01
30.000000 	 2.798063e+01 	 3.636723e+01 	 1.959404e+01
35.000000 	 2.777833e+01 	 3.620858e+01 	 1.934809e+01
40.000000 	 2.761410e+01 	 3.562680e+01 	 1.960139e+01
45.000000 	 2.751148e+01 	 3.466575e+01 	 2.035720e+01
50.000000 	 2.749011e+01 	 3.338303e+01 	 2.159720e+01
55.000000 	 2.756468e+01 	 3.184597e+01 	 2.328340e+01
60.000000 	 2.774488e+01 	 3.012840e+01 	 2.536136e+01
65.000000 	 2.803552e+01 	 2.830723e+01 	 2.776381e+01
70.000000 	 2.843677e+01 	 2.645892e+01 	 3.041461e+01
75.000000 	 2.894505e+01 	 2.465734e+01 	 3.323276e+01
80.000000 	 2.955346e+01 	 2.297104e+01 	 3.613587e+01
85.000000 	 3.025233e+01 	 2.146095e+01 	 3.904371e+01
90.000000 	 3.103003e+01 	 2.017962e+01 	 4.188044e+01
95.000000 	 3.187331e+01 	 1.916974e+01 	 4.457689e+01
100.000000 	 3.276784e+01 	 1.846387e+01 	 4.707182e+01
105.000000 	 3.369896e+01 	 1.808420e+01 	 4.931372e+01
110.000000 	 3.465155e+01 	 1.804312e+01 	 5.125997e+01
115.000000 	 3.561069e+01 	 1.834363e+01 	 5.287776e+01
120.000000 	 3.656191e+01 	 1.898018e+01 	 5.414363e+01
125.000000 	 3.749133e+01 	 1.993964e+01 	 5.504301e+01
130.000000 	 3.838595e+01 	 2.120232e+01 	 5.556959e+01
135.000000 	 3.923287e+01 	 2.274227e+01 	 5.572348e+01
140.000000 	 4.002240e+01 	 2.453060e+01 	 5.551420e+01
145.000000 	 4.074464e+01 	 2.653379e+01 	 5.495550e+01
150.000000 	 4.138710e+01 	 2.871237e+01 	 5.406183e+01
155.000000 	 4.195087e+01 	 3.103499e+01 	 5.286675e+01
160.000000 	 4.241628e+01 	 3.345043e+01 	 5.138214e+01
165.000000 	 4.278388e+01 	 3.592246e+01 	 4.964530e+01
170.000000 	 4.304945e+01 	 3.840956e+01 	 4.768934e+01
175.000000 	 4.320999e+01 	 4.087029e+01 	 4.554969e+01
180.000000 	 4.326370e+01 	 4.326370e+01 	 4.326370e+01
