0.000	376.810	0.0000	0.0000	0.0000	0.0000	0.0000	-0.5028	0.0000
5.000	372.586	0.0059	0.0000	0.0000	0.0000	0.0000	-0.5026	0.0276
10.000	360.399	0.0237	0.0000	0.0000	0.0000	0.0000	-0.5016	0.0548
15.000	341.625	0.0534	0.0000	0.0000	0.0000	0.0000	-0.4983	0.0807
20.000	318.170	0.0950	0.0000	0.0000	0.0000	0.0000	-0.4909	0.1038
25.000	292.085	0.1482	0.0000	0.0000	0.0000	0.0000	-0.4778	0.1215
30.000	265.289	0.2121	0.0000	0.0000	0.0000	0.0000	-0.4573	0.1308
35.000	239.384	0.2847	0.0000	0.0000	0.0000	0.0000	-0.4290	0.1280
40.000	215.566	0.3628	0.0000	0.0000	0.0000	0.0000	-0.3932	0.1094
45.000	194.622	0.4419	0.0000	0.0000	0.0000	0.0000	-0.3519	0.0723
50.000	176.969	0.5160	0.0000	0.0000	0.0000	0.0000	-0.3081	0.0160
55.000	162.728	0.5786	0.0000	0.0000	0.0000	0.0000	-0.2657	-0.0576
60.000	151.790	0.6242	0.0000	0.0000	0.0000	0.0000	-0.2286	-0.1435
65.000	143.900	0.6492	0.0000	0.0000	0.0000	0.0000	-0.2001	-0.2345
70.000	138.693	0.6527	0.0000	0.0000	0.0000	0.0000	-0.1817	-0.3227
75.000	135.755	0.6368	0.0000	0.0000	0.0000	0.0000	-0.1734	-0.4015
80.000	134.659	0.6056	0.0000	0.0000	0.0000	0.0000	-0.1739	-0.4664
85.000	134.986	0.5640	0.0000	0.0000	0.0000	0.0000	-0.1812	-0.5154
90.000	136.349	0.5166	0.0000	0.0000	0.0000	0.0000	-0.1933	-0.5489
95.000	138.400	0.4671	0.0000	0.0000	0.0000	0.0000	-0.2084	-0.5686
100.000	140.842	0.4180	0.0000	0.0000	0.0000	0.0000	-0.2255	-0.5768
105.000	143.427	0.3710	0.0000	0.0000	0.0000	0.0000	-0.2438	-0.5758
110.000	145.959	0.3267	0.0000	0.0000	0.0000	0.0000	-0.2628	-0.5676
115.000	148.290	0.2855	0.0000	0.0000	0.0000	0.0000	-0.2825	-0.5536
120.000	150.323	0.2472	0.0000	0.0000	0.0000	0.0000	-0.3028	-0.5348
125.000	151.977	0.2117	0.0000	0.0000	0.0000	0.0000	-0.3236	-0.5118
130.000	153.247	0.1788	0.0000	0.0000	0.0000	0.0000	-0.3449	-0.4848
135.000	154.121	0.1483	0.0000	0.0000	0.0000	0.0000	-0.3666	-0.4539
140.000	154.665	0.1201	0.0000	0.0000	0.0000	0.0000	-0.3882	-0.4188
145.000	154.834	0.0943	0.0000	0.0000	0.0000	0.0000	-0.4095	-0.3797
150.000	154.790	0.0710	0.0000	0.0000	0.0000	0.0000	-0.4298	-0.3362
155.000	154.539	0.0504	0.0000	0.0000	0.0000	0.0000	-0.4487	-0.2884
160.000	154.110	0.0330	0.0000	0.0000	0.0000	0.0000	-0.4653	-0.2367
165.000	153.425	0.0189	0.0000	0.0000	0.0000	0.0000	-0.4793	-0.1815
170.000	153.178	0.0085	0.0000	0.0000	0.0000	0.0000	-0.4897	-0.1228
175.000	153.012	0.0021	0.0000	0.0000	0.0000	0.0000	-0.4961	-0.0619
180.000	152.954	0.0000	0.0000	0.0000	0.0000	0.0000	-0.4983	0.0000
