0.000	14.385	0.0000	0.0000	0.0000	0.0000	0.0000	0.4126	0.0000
5.000	14.346	-0.0048	0.0000	0.0000	0.0000	0.0000	0.4142	-0.0103
10.000	14.232	-0.0192	0.0000	0.0000	0.0000	0.0000	0.4191	-0.0214
15.000	14.045	-0.0432	0.0000	0.0000	0.0000	0.0000	0.4269	-0.0343
20.000	13.792	-0.0765	0.0000	0.0000	0.0000	0.0000	0.4370	-0.0496
25.000	13.484	-0.1188	0.0000	0.0000	0.0000	0.0000	0.4487	-0.0683
30.000	13.130	-0.1698	0.0000	0.0000	0.0000	0.0000	0.4611	-0.0909
35.000	12.744	-0.2286	0.0000	0.0000	0.0000	0.0000	0.4727	-0.1182
40.000	12.341	-0.2942	0.0000	0.0000	0.0000	0.0000	0.4821	-0.1504
45.000	11.936	-0.3649	0.0000	0.0000	0.0000	0.0000	0.4875	-0.1879
50.000	11.546	-0.4385	0.0000	0.0000	0.0000	0.0000	0.4866	-0.2305
55.000	11.186	-0.5123	0.0000	0.0000	0.0000	0.0000	0.4774	-0.2778
60.000	10.870	-0.5828	0.0000	0.0000	0.0000	0.0000	0.4577	-0.3287
65.000	10.613	-0.6463	0.0000	0.0000	0.0000	0.0000	0.4255	-0.3818
70.000	10.425	-0.6989	0.0000	0.0000	0.0000	0.0000	0.3798	-0.4348
75.000	10.315	-0.7372	0.0000	0.0000	0.0000	0.0000	0.3200	-0.4853
80.000	10.289	-0.7585	0.0000	0.0000	0.0000	0.0000	0.2470	-0.5308
85.000	10.352	-0.7616	0.0000	0.0000	0.0000	0.0000	0.1628	-0.5687
90.000	10.503	-0.7467	0.0000	0.0000	0.0000	0.0000	0.0701	-0.5971
95.000	10.741	-0.7154	0.0000	0.0000	0.0000	0.0000	-0.0275	-0.6149
100.000	11.060	-0.6704	0.0000	0.0000	0.0000	0.0000	-0.1267	-0.6217
105.000	11.453	-0.6150	0.0000	0.0000	0.0000	0.0000	-0.2242	-0.6177
110.000	11.910	-0.5529	0.0000	0.0000	0.0000	0.0000	-0.3173	-0.6039
115.000	12.421	-0.4874	0.0000	0.0000	0.0000	0.0000	-0.4041	-0.5817
120.000	12.972	-0.4213	0.0000	0.0000	0.0000	0.0000	-0.4834	-0.5523
125.000	13.550	-0.3570	0.0000	0.0000	0.0000	0.0000	-0.5546	-0.5173
130.000	14.141	-0.2962	0.0000	0.0000	0.0000	0.0000	-0.6175	-0.4779
135.000	14.729	-0.2401	0.0000	0.0000	0.0000	0.0000	-0.6723	-0.4352
140.000	15.301	-0.1893	0.0000	0.0000	0.0000	0.0000	-0.7194	-0.3901
145.000	15.843	-0.1445	0.0000	0.0000	0.0000	0.0000	-0.7594	-0.3433
150.000	16.341	-0.1057	0.0000	0.0000	0.0000	0.0000	-0.7927	-0.2954
155.000	16.785	-0.0731	0.0000	0.0000	0.0000	0.0000	-0.8200	-0.2468
160.000	17.162	-0.0466	0.0000	0.0000	0.0000	0.0000	-0.8416	-0.1978
165.000	17.465	-0.0261	0.0000	0.0000	0.0000	0.0000	-0.8580	-0.1485
170.000	17.687	-0.0116	0.0000	0.0000	0.0000	0.0000	-0.8695	-0.0991
175.000	17.822	-0.0029	0.0000	0.0000	0.0000	0.0000	-0.8763	-0.0495
180.000	17.868	0.0000	0.0000	0.0000	0.0000	0.0000	-0.8786	0.0000
