0.000000 	 3.768098e+02 	 3.768098e+02 	 3.768098e+02
5.000000 	 3.725859e+02 	 3.828522e+02 	 3.623195e+02
10.000000 	 3.603991e+02 	 3.801328e+02 	 3.406654e+02
15.000000 	 3.416251e+02 	 3.691945e+02 	 3.140557e+02
20.000000 	 3.181700e+02 	 3.511828e+02 	 2.851571e+02
25.000000 	 2.920854e+02 	 3.275787e+02 	 2.565921e+02
30.000000 	 2.652885e+02 	 2.999911e+02 	 2.305860e+02
35.000000 	 2.393839e+02 	 2.700180e+02 	 2.087499e+02
40.000000 	 2.155662e+02 	 2.391423e+02 	 1.919902e+02
45.000000 	 1.946216e+02 	 2.086921e+02 	 1.805512e+02
50.000000 	 1.769689e+02 	 1.797979e+02 	 1.741399e+02
55.000000 	 1.627277e+02 	 1.533593e+02 	 1.720962e+02
60.000000 	 1.517903e+02 	 1.300148e+02 	 1.735658e+02
65.000000 	 1.439001e+02 	 1.101624e+02 	 1.776378e+02
70.000000 	 1.386927e+02 	 9.393145e+01 	 1.834539e+02
75.000000 	 1.357551e+02 	 8.124471e+01 	 1.902654e+02
80.000000 	 1.346589e+02 	 7.185500e+01 	 1.974629e+02
85.000000 	 1.349858e+02 	 6.541956e+01 	 2.045520e+02
90.000000 	 1.363485e+02 	 6.151170e+01 	 2.111853e+02
95.000000 	 1.384001e+02 	 5.970713e+01 	 2.170930e+02
100.000000 	 1.408416e+02 	 5.960195e+01 	 2.220813e+02
105.000000 	 1.434270e+02 	 6.083481e+01 	 2.260191e+02
110.000000 	 1.459594e+02 	 6.310817e+01 	 2.288106e+02
115.000000 	 1.482898e+02 	 6.619089e+01 	 2.303886e+02
120.000000 	 1.503229e+02 	 6.992709e+01 	 2.307186e+02
125.000000 	 1.519769e+02 	 7.419082e+01 	 2.297630e+02
130.000000 	 1.532469e+02 	 7.894915e+01 	 2.275446e+02
135.000000 	 1.541209e+02 	 8.416801e+01 	 2.240737e+02
140.000000 	 1.546651e+02 	 8.989111e+01 	 2.194391e+02
145.000000 	 1.548335e+02 	 9.604696e+01 	 2.136201e+02
150.000000 	 1.547904e+02 	 1.027556e+02 	 2.068251e+02
155.000000 	 1.545385e+02 	 1.099643e+02 	 1.991126e+02
160.000000 	 1.541098e+02 	 1.176291e+02 	 1.905905e+02
165.000000 	 1.534246e+02 	 1.255750e+02 	 1.812742e+02
170.000000 	 1.531781e+02 	 1.343696e+02 	 1.719866e+02
175.000000 	 1.530124e+02 	 1.435344e+02 	 1.624905e+02
180.000000 	 1.529542e+02 	 1.529542e+02 	 1.529542e+02
