180.000000 	 1.438100e+02 	 1.438100e+02 	 1.438100e+02
179.000000 	 1.438092e+02 	 1.424675e+02 	 1.451509e+02
178.000000 	 1.438068e+02 	 1.411240e+02 	 1.464896e+02
177.000000 	 1.438028e+02 	 1.397801e+02 	 1.478255e+02
176.000000 	 1.437972e+02 	 1.384364e+02 	 1.491580e+02
175.000000 	 1.437900e+02 	 1.370934e+02 	 1.504865e+02
174.000000 	 1.437811e+02 	 1.357518e+02 	 1.518105e+02
173.000000 	 1.437706e+02 	 1.344121e+02 	 1.531292e+02
172.000000 	 1.437586e+02 	 1.330749e+02 	 1.544422e+02
171.000000 	 1.437448e+02 	 1.317409e+02 	 1.557488e+02
170.000000 	 1.437295e+02 	 1.304107e+02 	 1.570483e+02
169.000000 	 1.437126e+02 	 1.290849e+02 	 1.583403e+02
168.000000 	 1.436940e+02 	 1.277640e+02 	 1.596239e+02
167.000000 	 1.436737e+02 	 1.264487e+02 	 1.608987e+02
166.000000 	 1.436518e+02 	 1.251396e+02 	 1.621639e+02
165.000000 	 1.436281e+02 	 1.238373e+02 	 1.634190e+02
164.000000 	 1.436029e+02 	 1.225425e+02 	 1.646632e+02
163.000000 	 1.435759e+02 	 1.212559e+02 	 1.658960e+02
162.000000 	 1.435473e+02 	 1.199780e+02 	 1.671166e+02
161.000000 	 1.435170e+02 	 1.187096e+02 	 1.683243e+02
160.000000 	 1.434551e+02 	 1.174388e+02 	 1.694715e+02
159.000000 	 1.434220e+02 	 1.161924e+02 	 1.706516e+02
158.000000 	 1.433872e+02 	 1.149576e+02 	 1.718168e+02
157.000000 	 1.433508e+02 	 1.137350e+02 	 1.729666e+02
156.000000 	 1.433127e+02 	 1.125252e+02 	 1.741001e+02
155.000000 	 1.432729e+02 	 1.113291e+02 	 1.752167e+02
154.000000 	 1.432315e+02 	 1.101474e+02 	 1.763156e+02
153.000000 	 1.431885e+02 	 1.089809e+02 	 1.773962e+02
152.000000 	 1.431314e+02 	 1.078286e+02 	 1.784342e+02
151.000000 	 1.430856e+02 	 1.066952e+02 	 1.794759e+02
150.000000 	 1.430382e+02 	 1.055794e+02 	 1.804971e+02
149.000000 	 1.429894e+02 	 1.044819e+02 	 1.814968e+02
148.000000 	 1.429390e+02 	 1.034036e+02 	 1.824745e+02
147.000000 	 1.428873e+02 	 1.023453e+02 	 1.834292e+02
146.000000 	 1.428272e+02 	 1.013090e+02 	 1.843455e+02
145.000000 	 1.427731e+02 	 1.002938e+02 	 1.852523e+02
144.000000 	 1.427177e+02 	 9.930148e+01 	 1.861339e+02
143.000000 	 1.426612e+02 	 9.833286e+01 	 1.869895e+02
142.000000 	 1.426036e+02 	 9.738895e+01 	 1.878182e+02
141.000000 	 1.425450e+02 	 9.647075e+01 	 1.886192e+02
140.000000 	 1.424814e+02 	 9.558109e+01 	 1.893817e+02
139.000000 	 1.424214e+02 	 9.471755e+01 	 1.901252e+02
138.000000 	 1.423608e+02 	 9.388287e+01 	 1.908387e+02
137.000000 	 1.422997e+02 	 9.307815e+01 	 1.915212e+02
136.000000 	 1.422356e+02 	 9.230642e+01 	 1.921647e+02
135.000000 	 1.421742e+02 	 9.156510e+01 	 1.927833e+02
134.000000 	 1.421128e+02 	 9.085721e+01 	 1.933685e+02
133.000000 	 1.420517e+02 	 9.018397e+01 	 1.939195e+02
132.000000 	 1.419893e+02 	 8.954844e+01 	 1.944302e+02
131.000000 	 1.419295e+02 	 8.894827e+01 	 1.949108e+02
130.000000 	 1.418707e+02 	 8.838658e+01 	 1.953548e+02
129.000000 	 1.418131e+02 	 8.786471e+01 	 1.957615e+02
128.000000 	 1.417559e+02 	 8.738559e+01 	 1.961262e+02
127.000000 	 1.417018e+02 	 8.694746e+01 	 1.964562e+02
126.000000 	 1.416500e+02 	 8.655336e+01 	 1.967466e+02
125.000000 	 1.416007e+02 	 8.620476e+01 	 1.969966e+02
124.000000 	 1.415537e+02 	 8.590435e+01 	 1.972030e+02
123.000000 	 1.415108e+02 	 8.565119e+01 	 1.973705e+02
122.000000 	 1.414719e+02 	 8.544813e+01 	 1.974956e+02
121.000000 	 1.414368e+02 	 8.529765e+01 	 1.975759e+02
120.000000 	 1.414070e+02 	 8.519950e+01 	 1.976146e+02
119.000000 	 1.413827e+02 	 8.515635e+01 	 1.976090e+02
118.000000 	 1.413640e+02 	 8.517043e+01 	 1.975577e+02
117.000000 	 1.413523e+02 	 8.524224e+01 	 1.974623e+02
116.000000 	 1.413477e+02 	 8.537422e+01 	 1.973213e+02
115.000000 	 1.413510e+02 	 8.556835e+01 	 1.971336e+02
114.000000 	 1.413630e+02 	 8.582590e+01 	 1.969001e+02
113.000000 	 1.413844e+02 	 8.614906e+01 	 1.966198e+02
112.000000 	 1.414159e+02 	 8.653954e+01 	 1.962923e+02
111.000000 	 1.414586e+02 	 8.699939e+01 	 1.959178e+02
110.000000 	 1.415132e+02 	 8.753053e+01 	 1.954959e+02
109.000000 	 1.415806e+02 	 8.813437e+01 	 1.950268e+02
108.000000 	 1.416619e+02 	 8.881375e+01 	 1.945100e+02
107.000000 	 1.417580e+02 	 8.956954e+01 	 1.939464e+02
106.000000 	 1.418701e+02 	 9.040506e+01 	 1.933351e+02
105.000000 	 1.419992e+02 	 9.132171e+01 	 1.926768e+02
104.000000 	 1.421465e+02 	 9.232041e+01 	 1.919726e+02
103.000000 	 1.423133e+02 	 9.340523e+01 	 1.912214e+02
102.000000 	 1.425009e+02 	 9.457724e+01 	 1.904245e+02
101.000000 	 1.427103e+02 	 9.583697e+01 	 1.895837e+02
100.000000 	 1.429433e+02 	 9.718925e+01 	 1.886974e+02
99.000000 	 1.432010e+02 	 9.863307e+01 	 1.877690e+02
98.000000 	 1.434852e+02 	 1.001736e+02 	 1.867968e+02
97.000000 	 1.437971e+02 	 1.018095e+02 	 1.857847e+02
96.000000 	 1.441387e+02 	 1.035462e+02 	 1.847311e+02
95.000000 	 1.445113e+02 	 1.053840e+02 	 1.836386e+02
94.000000 	 1.449165e+02 	 1.073226e+02 	 1.825105e+02
93.000000 	 1.453566e+02 	 1.093679e+02 	 1.813453e+02
92.000000 	 1.458327e+02 	 1.115175e+02 	 1.801480e+02
91.000000 	 1.463475e+02 	 1.137777e+02 	 1.789173e+02
90.000000 	 1.469019e+02 	 1.161453e+02 	 1.776586e+02
89.000000 	 1.474989e+02 	 1.186269e+02 	 1.763709e+02
88.000000 	 1.481395e+02 	 1.212190e+02 	 1.750600e+02
87.000000 	 1.488268e+02 	 1.239283e+02 	 1.737253e+02
86.000000 	 1.495618e+02 	 1.267508e+02 	 1.723729e+02
85.000000 	 1.503478e+02 	 1.296932e+02 	 1.710024e+02
84.000000 	 1.511864e+02 	 1.327539e+02 	 1.696188e+02
83.000000 	 1.520790e+02 	 1.359310e+02 	 1.682271e+02
82.000000 	 1.530294e+02 	 1.392313e+02 	 1.668275e+02
81.000000 	 1.540384e+02 	 1.426495e+02 	 1.654272e+02
80.000000 	 1.551096e+02 	 1.461925e+02 	 1.640268e+02
79.000000 	 1.562440e+02 	 1.498542e+02 	 1.626337e+02
78.000000 	 1.574453e+02 	 1.536415e+02 	 1.612491e+02
77.000000 	 1.587143e+02 	 1.575479e+02 	 1.598807e+02
76.000000 	 1.600550e+02 	 1.615799e+02 	 1.585301e+02
75.000000 	 1.614679e+02 	 1.657304e+02 	 1.572053e+02
74.000000 	 1.629572e+02 	 1.700058e+02 	 1.559085e+02
73.000000 	 1.645232e+02 	 1.743985e+02 	 1.546479e+02
72.000000 	 1.661702e+02 	 1.789142e+02 	 1.534261e+02
71.000000 	 1.678983e+02 	 1.835450e+02 	 1.522515e+02
70.000000 	 1.697117e+02 	 1.882960e+02 	 1.511274e+02
69.000000 	 1.716105e+02 	 1.931588e+02 	 1.500622e+02
68.000000 	 1.735988e+02 	 1.981379e+02 	 1.490597e+02
67.000000 	 1.756763e+02 	 2.032243e+02 	 1.481283e+02
66.000000 	 1.778472e+02 	 2.084219e+02 	 1.472725e+02
65.000000 	 1.801109e+02 	 2.137212e+02 	 1.465006e+02
64.000000 	 1.824713e+02 	 2.191253e+02 	 1.458174e+02
63.000000 	 1.849277e+02 	 2.246240e+02 	 1.452313e+02
62.000000 	 1.874837e+02 	 2.302198e+02 	 1.447475e+02
61.000000 	 1.901381e+02 	 2.359019e+02 	 1.443743e+02
60.000000 	 1.928944e+02 	 2.416718e+02 	 1.441170e+02
59.000000 	 1.957510e+02 	 2.475183e+02 	 1.439838e+02
58.000000 	 1.987110e+02 	 2.534417e+02 	 1.439802e+02
57.000000 	 2.017724e+02 	 2.594305e+02 	 1.441143e+02
56.000000 	 2.049366e+02 	 2.654813e+02 	 1.443919e+02
55.000000 	 2.082046e+02 	 2.715899e+02 	 1.448194e+02
54.000000 	 2.115741e+02 	 2.777442e+02 	 1.454039e+02
53.000000 	 2.150464e+02 	 2.839416e+02 	 1.461512e+02
52.000000 	 2.186197e+02 	 2.901718e+02 	 1.470677e+02
51.000000 	 2.222919e+02 	 2.964245e+02 	 1.481593e+02
50.000000 	 2.260634e+02 	 3.026952e+02 	 1.494315e+02
49.000000 	 2.299305e+02 	 3.089712e+02 	 1.508898e+02
48.000000 	 2.338929e+02 	 3.152467e+02 	 1.525390e+02
47.000000 	 2.379463e+02 	 3.215086e+02 	 1.543839e+02
46.000000 	 2.420894e+02 	 3.277500e+02 	 1.564289e+02
45.000000 	 2.463176e+02 	 3.339576e+02 	 1.586776e+02
44.000000 	 2.506286e+02 	 3.401235e+02 	 1.611337e+02
43.000000 	 2.550170e+02 	 3.462342e+02 	 1.637998e+02
42.000000 	 2.594796e+02 	 3.522807e+02 	 1.666785e+02
41.000000 	 2.640104e+02 	 3.582495e+02 	 1.697713e+02
40.000000 	 2.686052e+02 	 3.641306e+02 	 1.730799e+02
39.000000 	 2.732575e+02 	 3.699107e+02 	 1.766043e+02
38.000000 	 2.779618e+02 	 3.755787e+02 	 1.803449e+02
37.000000 	 2.827113e+02 	 3.811218e+02 	 1.843007e+02
36.000000 	 2.874990e+02 	 3.865279e+02 	 1.884700e+02
35.000000 	 2.923178e+02 	 3.917846e+02 	 1.928511e+02
34.000000 	 2.971600e+02 	 3.968797e+02 	 1.974404e+02
33.000000 	 3.020174e+02 	 4.018002e+02 	 2.022346e+02
32.000000 	 3.068816e+02 	 4.065342e+02 	 2.072290e+02
31.000000 	 3.117441e+02 	 4.110702e+02 	 2.124180e+02
30.000000 	 3.165952e+02 	 4.153946e+02 	 2.177958e+02
29.000000 	 3.214257e+02 	 4.194963e+02 	 2.233551e+02
28.000000 	 3.262265e+02 	 4.233650e+02 	 2.290880e+02
27.000000 	 3.309866e+02 	 4.269870e+02 	 2.349862e+02
26.000000 	 3.356963e+02 	 4.303525e+02 	 2.410401e+02
25.000000 	 3.403460e+02 	 4.334526e+02 	 2.472393e+02
24.000000 	 3.449236e+02 	 4.362742e+02 	 2.535730e+02
23.000000 	 3.494193e+02 	 4.388092e+02 	 2.600294e+02
22.000000 	 3.538233e+02 	 4.410505e+02 	 2.665962e+02
21.000000 	 3.581230e+02 	 4.429862e+02 	 2.732598e+02
20.000000 	 3.623086e+02 	 4.446104e+02 	 2.800068e+02
19.000000 	 3.663694e+02 	 4.459163e+02 	 2.868226e+02
18.000000 	 3.702963e+02 	 4.468998e+02 	 2.936929e+02
17.000000 	 3.740764e+02 	 4.475515e+02 	 3.006012e+02
16.000000 	 3.777006e+02 	 4.478690e+02 	 3.075323e+02
15.000000 	 3.811593e+02 	 4.478489e+02 	 3.144698e+02
14.000000 	 3.844446e+02 	 4.474912e+02 	 3.213980e+02
13.000000 	 3.875441e+02 	 4.467896e+02 	 3.282987e+02
12.000000 	 3.904508e+02 	 4.457461e+02 	 3.351554e+02
11.000000 	 3.931564e+02 	 4.443614e+02 	 3.419513e+02
10.000000 	 3.956532e+02 	 4.426372e+02 	 3.486692e+02
9.000000 	 3.979342e+02 	 4.405765e+02 	 3.552919e+02
8.000000 	 3.999928e+02 	 4.381831e+02 	 3.618026e+02
7.000000 	 4.018252e+02 	 4.354646e+02 	 3.681858e+02
6.000000 	 4.034222e+02 	 4.324224e+02 	 3.744221e+02
5.000000 	 4.047813e+02 	 4.290660e+02 	 3.804966e+02
4.000000 	 4.058985e+02 	 4.254039e+02 	 3.863931e+02
3.000000 	 4.067707e+02 	 4.214452e+02 	 3.920963e+02
2.000000 	 4.073955e+02 	 4.172002e+02 	 3.975909e+02
1.000000 	 4.077711e+02 	 4.126799e+02 	 4.028622e+02
0.000000 	 4.078964e+02 	 4.078964e+02 	 4.078964e+02
