0.000	319.800	0.0000	0.0000	0.0000	0.0000	0.0000	-0.7844	0.0000
5.000	317.507	0.0016	0.0000	0.0000	0.0000	0.0000	-0.7796	0.0638
10.000	310.779	0.0063	0.0000	0.0000	0.0000	0.0000	-0.7651	0.1263
15.000	300.078	0.0142	0.0000	0.0000	0.0000	0.0000	-0.7412	0.1859
20.000	286.130	0.0254	0.0000	0.0000	0.0000	0.0000	-0.7080	0.2410
25.000	269.842	0.0399	0.0000	0.0000	0.0000	0.0000	-0.6655	0.2899
30.000	252.187	0.0574	0.0000	0.0000	0.0000	0.0000	-0.6141	0.3302
35.000	234.104	0.0778	0.0000	0.0000	0.0000	0.0000	-0.5545	0.3596
40.000	216.409	0.1002	0.0000	0.0000	0.0000	0.0000	-0.4883	0.3754
45.000	199.757	0.1238	0.0000	0.0000	0.0000	0.0000	-0.4178	0.3753
50.000	184.616	0.1472	0.0000	0.0000	0.0000	0.0000	-0.3463	0.3576
55.000	171.271	0.1689	0.0000	0.0000	0.0000	0.0000	-0.2779	0.3216
60.000	159.853	0.1875	0.0000	0.0000	0.0000	0.0000	-0.2169	0.2682
65.000	150.361	0.2016	0.0000	0.0000	0.0000	0.0000	-0.1677	0.2001
70.000	142.695	0.2103	0.0000	0.0000	0.0000	0.0000	-0.1338	0.1210
75.000	136.694	0.2131	0.0000	0.0000	0.0000	0.0000	-0.1172	0.0361
80.000	132.155	0.2102	0.0000	0.0000	0.0000	0.0000	-0.1186	-0.0496
85.000	128.863	0.2023	0.0000	0.0000	0.0000	0.0000	-0.1370	-0.1311
90.000	126.604	0.1903	0.0000	0.0000	0.0000	0.0000	-0.1701	-0.2046
95.000	125.176	0.1754	0.0000	0.0000	0.0000	0.0000	-0.2153	-0.2675
100.000	124.398	0.1586	0.0000	0.0000	0.0000	0.0000	-0.2692	-0.3182
105.000	124.112	0.1410	0.0000	0.0000	0.0000	0.0000	-0.3290	-0.3562
110.000	124.186	0.1232	0.0000	0.0000	0.0000	0.0000	-0.3919	-0.3819
115.000	124.511	0.1060	0.0000	0.0000	0.0000	0.0000	-0.4557	-0.3960
120.000	124.999	0.0897	0.0000	0.0000	0.0000	0.0000	-0.5185	-0.3996
125.000	125.582	0.0747	0.0000	0.0000	0.0000	0.0000	-0.5790	-0.3938
130.000	126.208	0.0610	0.0000	0.0000	0.0000	0.0000	-0.6360	-0.3800
135.000	126.838	0.0488	0.0000	0.0000	0.0000	0.0000	-0.6889	-0.3591
140.000	127.445	0.0381	0.0000	0.0000	0.0000	0.0000	-0.7371	-0.3323
145.000	128.011	0.0288	0.0000	0.0000	0.0000	0.0000	-0.7801	-0.3005
150.000	128.525	0.0210	0.0000	0.0000	0.0000	0.0000	-0.8178	-0.2646
155.000	128.985	0.0144	0.0000	0.0000	0.0000	0.0000	-0.8500	-0.2253
160.000	129.409	0.0092	0.0000	0.0000	0.0000	0.0000	-0.8766	-0.1833
165.000	129.695	0.0051	0.0000	0.0000	0.0000	0.0000	-0.8971	-0.1392
170.000	129.900	0.0023	0.0000	0.0000	0.0000	0.0000	-0.9118	-0.0937
175.000	130.023	0.0006	0.0000	0.0000	0.0000	0.0000	-0.9206	-0.0471
180.000	130.064	0.0000	0.0000	0.0000	0.0000	0.0000	-0.9236	0.0000
