0.000	13.877	0.0000	0.0000	0.0000	0.0000	0.0000	0.3055	0.0000
5.000	13.931	-0.0036	0.0000	0.0000	0.0000	0.0000	0.3143	0.0555
10.000	14.088	-0.0140	0.0000	0.0000	0.0000	0.0000	0.3396	0.1054
15.000	14.334	-0.0304	0.0000	0.0000	0.0000	0.0000	0.3780	0.1449
20.000	14.654	-0.0515	0.0000	0.0000	0.0000	0.0000	0.4251	0.1707
25.000	15.034	-0.0759	0.0000	0.0000	0.0000	0.0000	0.4762	0.1813
30.000	15.461	-0.1021	0.0000	0.0000	0.0000	0.0000	0.5265	0.1760
35.000	15.927	-0.1286	0.0000	0.0000	0.0000	0.0000	0.5721	0.1554
40.000	16.428	-0.1544	0.0000	0.0000	0.0000	0.0000	0.6096	0.1207
45.000	16.961	-0.1782	0.0000	0.0000	0.0000	0.0000	0.6361	0.0739
50.000	17.526	-0.1992	0.0000	0.0000	0.0000	0.0000	0.6497	0.0170
55.000	18.122	-0.2166	0.0000	0.0000	0.0000	0.0000	0.6489	-0.0472
60.000	18.752	-0.2300	0.0000	0.0000	0.0000	0.0000	0.6331	-0.1161
65.000	19.415	-0.2391	0.0000	0.0000	0.0000	0.0000	0.6023	-0.1868
70.000	20.114	-0.2437	0.0000	0.0000	0.0000	0.0000	0.5572	-0.2566
75.000	20.848	-0.2440	0.0000	0.0000	0.0000	0.0000	0.4990	-0.3231
80.000	21.618	-0.2402	0.0000	0.0000	0.0000	0.0000	0.4293	-0.3839
85.000	22.421	-0.2327	0.0000	0.0000	0.0000	0.0000	0.3503	-0.4375
90.000	23.254	-0.2219	0.0000	0.0000	0.0000	0.0000	0.2642	-0.4823
95.000	24.112	-0.2086	0.0000	0.0000	0.0000	0.0000	0.1731	-0.5176
100.000	24.991	-0.1931	0.0000	0.0000	0.0000	0.0000	0.0795	-0.5428
105.000	25.882	-0.1763	0.0000	0.0000	0.0000	0.0000	-0.0148	-0.5580
110.000	26.777	-0.1585	0.0000	0.0000	0.0000	0.0000	-0.1079	-0.5634
115.000	27.667	-0.1403	0.0000	0.0000	0.0000	0.0000	-0.1982	-0.5594
120.000	28.543	-0.1222	0.0000	0.0000	0.0000	0.0000	-0.2845	-0.5467
125.000	29.394	-0.1046	0.0000	0.0000	0.0000	0.0000	-0.3656	-0.5261
130.000	30.211	-0.0877	0.0000	0.0000	0.0000	0.0000	-0.4409	-0.4985
135.000	30.984	-0.0719	0.0000	0.0000	0.0000	0.0000	-0.5098	-0.4646
140.000	31.703	-0.0574	0.0000	0.0000	0.0000	0.0000	-0.5718	-0.4253
145.000	32.361	-0.0443	0.0000	0.0000	0.0000	0.0000	-0.6267	-0.3814
150.000	32.948	-0.0327	0.0000	0.0000	0.0000	0.0000	-0.6744	-0.3336
155.000	33.459	-0.0228	0.0000	0.0000	0.0000	0.0000	-0.7147	-0.2826
160.000	33.884	-0.0147	0.0000	0.0000	0.0000	0.0000	-0.7477	-0.2290
165.000	34.221	-0.0083	0.0000	0.0000	0.0000	0.0000	-0.7733	-0.1735
170.000	34.464	-0.0037	0.0000	0.0000	0.0000	0.0000	-0.7916	-0.1164
175.000	34.611	-0.0009	0.0000	0.0000	0.0000	0.0000	-0.8025	-0.0585
180.000	34.660	-0.0000	0.0000	0.0000	0.0000	0.0000	-0.8062	-0.0000
