180.000000 	 7.216759e+01 	 7.216759e+01 	 7.216759e+01
179.000000 	 7.216533e+01 	 7.143323e+01 	 7.289743e+01
178.000000 	 7.215857e+01 	 7.069483e+01 	 7.362231e+01
177.000000 	 7.214730e+01 	 6.995284e+01 	 7.434176e+01
176.000000 	 7.213153e+01 	 6.920773e+01 	 7.505533e+01
175.000000 	 7.211126e+01 	 6.845995e+01 	 7.576257e+01
174.000000 	 7.208650e+01 	 6.770999e+01 	 7.646302e+01
173.000000 	 7.205727e+01 	 6.695831e+01 	 7.715623e+01
172.000000 	 7.202355e+01 	 6.620536e+01 	 7.784174e+01
171.000000 	 7.198537e+01 	 6.545163e+01 	 7.851911e+01
170.000000 	 7.194275e+01 	 6.469760e+01 	 7.918790e+01
169.000000 	 7.189568e+01 	 6.394372e+01 	 7.984765e+01
168.000000 	 7.184420e+01 	 6.319049e+01 	 8.049791e+01
167.000000 	 7.178832e+01 	 6.243837e+01 	 8.113826e+01
166.000000 	 7.172805e+01 	 6.168786e+01 	 8.176824e+01
165.000000 	 7.166342e+01 	 6.093943e+01 	 8.238741e+01
164.000000 	 7.159444e+01 	 6.019355e+01 	 8.299532e+01
163.000000 	 7.152114e+01 	 5.945073e+01 	 8.359156e+01
162.000000 	 7.144357e+01 	 5.871146e+01 	 8.417567e+01
161.000000 	 7.136172e+01 	 5.797621e+01 	 8.474724e+01
160.000000 	 7.127564e+01 	 5.724548e+01 	 8.530580e+01
159.000000 	 7.118537e+01 	 5.651977e+01 	 8.585096e+01
158.000000 	 7.109093e+01 	 5.579958e+01 	 8.638227e+01
157.000000 	 7.097196e+01 	 5.507373e+01 	 8.687018e+01
156.000000 	 7.086971e+01 	 5.436669e+01 	 8.737272e+01
155.000000 	 7.076342e+01 	 5.366667e+01 	 8.786017e+01
154.000000 	 7.065314e+01 	 5.297415e+01 	 8.833212e+01
153.000000 	 7.053891e+01 	 5.228966e+01 	 8.878817e+01
152.000000 	 7.042079e+01 	 5.161370e+01 	 8.922788e+01
151.000000 	 7.029882e+01 	 5.094677e+01 	 8.965086e+01
150.000000 	 7.017305e+01 	 5.028940e+01 	 9.005670e+01
149.000000 	 7.004355e+01 	 4.964210e+01 	 9.044501e+01
148.000000 	 6.990197e+01 	 4.900215e+01 	 9.080178e+01
147.000000 	 6.976543e+01 	 4.837681e+01 	 9.115406e+01
146.000000 	 6.962536e+01 	 4.776308e+01 	 9.148764e+01
145.000000 	 6.948181e+01 	 4.716148e+01 	 9.180214e+01
144.000000 	 6.933487e+01 	 4.657255e+01 	 9.209719e+01
143.000000 	 6.918460e+01 	 4.599680e+01 	 9.237241e+01
142.000000 	 6.903109e+01 	 4.543475e+01 	 9.262743e+01
141.000000 	 6.886991e+01 	 4.488596e+01 	 9.285387e+01
140.000000 	 6.871036e+01 	 4.435306e+01 	 9.306767e+01
139.000000 	 6.854784e+01 	 4.383545e+01 	 9.326023e+01
138.000000 	 6.838244e+01 	 4.333366e+01 	 9.343123e+01
137.000000 	 6.821427e+01 	 4.284821e+01 	 9.358032e+01
136.000000 	 6.804342e+01 	 4.237964e+01 	 9.370720e+01
135.000000 	 6.786739e+01 	 4.192831e+01 	 9.380647e+01
134.000000 	 6.769169e+01 	 4.149517e+01 	 9.388821e+01
133.000000 	 6.751366e+01 	 4.108048e+01 	 9.394685e+01
132.000000 	 6.733345e+01 	 4.068479e+01 	 9.398211e+01
131.000000 	 6.715117e+01 	 4.030861e+01 	 9.399372e+01
130.000000 	 6.696535e+01 	 3.995261e+01 	 9.397809e+01
129.000000 	 6.677948e+01 	 3.961709e+01 	 9.394187e+01
128.000000 	 6.659197e+01 	 3.930266e+01 	 9.388129e+01
127.000000 	 6.640299e+01 	 3.900984e+01 	 9.379614e+01
126.000000 	 6.621270e+01 	 3.873916e+01 	 9.368624e+01
125.000000 	 6.602032e+01 	 3.849133e+01 	 9.354931e+01
124.000000 	 6.582800e+01 	 3.826645e+01 	 9.338956e+01
123.000000 	 6.563490e+01 	 3.806522e+01 	 9.320457e+01
122.000000 	 6.544120e+01 	 3.788816e+01 	 9.299424e+01
121.000000 	 6.524652e+01 	 3.773594e+01 	 9.275711e+01
120.000000 	 6.505230e+01 	 3.760866e+01 	 9.249594e+01
119.000000 	 6.485809e+01 	 3.750701e+01 	 9.220917e+01
118.000000 	 6.466413e+01 	 3.743147e+01 	 9.189678e+01
117.000000 	 6.447031e+01 	 3.738261e+01 	 9.155801e+01
116.000000 	 6.427756e+01 	 3.736064e+01 	 9.119448e+01
115.000000 	 6.408577e+01 	 3.736616e+01 	 9.080537e+01
114.000000 	 6.389517e+01 	 3.739961e+01 	 9.039073e+01
113.000000 	 6.370590e+01 	 3.746140e+01 	 8.995040e+01
112.000000 	 6.351854e+01 	 3.755194e+01 	 8.948515e+01
111.000000 	 6.333320e+01 	 3.767165e+01 	 8.899474e+01
110.000000 	 6.315016e+01 	 3.782095e+01 	 8.847937e+01
109.000000 	 6.296970e+01 	 3.800004e+01 	 8.793936e+01
108.000000 	 6.279220e+01 	 3.820956e+01 	 8.737484e+01
107.000000 	 6.261793e+01 	 3.844975e+01 	 8.678611e+01
106.000000 	 6.244723e+01 	 3.872066e+01 	 8.617380e+01
105.000000 	 6.228042e+01 	 3.902310e+01 	 8.553774e+01
104.000000 	 6.211784e+01 	 3.935715e+01 	 8.487854e+01
103.000000 	 6.195986e+01 	 3.972307e+01 	 8.419665e+01
102.000000 	 6.180688e+01 	 4.012069e+01 	 8.349308e+01
101.000000 	 6.165919e+01 	 4.055105e+01 	 8.276734e+01
100.000000 	 6.151721e+01 	 4.101397e+01 	 8.202046e+01
99.000000 	 6.138139e+01 	 4.150910e+01 	 8.125367e+01
98.000000 	 6.125202e+01 	 4.203761e+01 	 8.046643e+01
97.000000 	 6.112957e+01 	 4.259916e+01 	 7.965999e+01
96.000000 	 6.101449e+01 	 4.319318e+01 	 7.883580e+01
95.000000 	 6.090714e+01 	 4.382098e+01 	 7.799330e+01
94.000000 	 6.080799e+01 	 4.448202e+01 	 7.713397e+01
93.000000 	 6.071749e+01 	 4.517555e+01 	 7.625943e+01
92.000000 	 6.063608e+01 	 4.590297e+01 	 7.536919e+01
91.000000 	 6.056422e+01 	 4.666353e+01 	 7.446492e+01
90.000000 	 6.050235e+01 	 4.745629e+01 	 7.354842e+01
89.000000 	 6.045100e+01 	 4.828271e+01 	 7.261929e+01
88.000000 	 6.041062e+01 	 4.914185e+01 	 7.167939e+01
87.000000 	 6.038161e+01 	 5.003256e+01 	 7.073066e+01
86.000000 	 6.036461e+01 	 5.095635e+01 	 6.977286e+01
85.000000 	 6.036003e+01 	 5.191205e+01 	 6.880802e+01
84.000000 	 6.036825e+01 	 5.289831e+01 	 6.783818e+01
83.000000 	 6.038999e+01 	 5.391666e+01 	 6.686333e+01
82.000000 	 6.042565e+01 	 5.496569e+01 	 6.588561e+01
81.000000 	 6.047553e+01 	 5.604388e+01 	 6.490718e+01
80.000000 	 6.054047e+01 	 5.715268e+01 	 6.392826e+01
79.000000 	 6.062059e+01 	 5.828948e+01 	 6.295170e+01
78.000000 	 6.071677e+01 	 5.945563e+01 	 6.197792e+01
77.000000 	 6.082932e+01 	 6.064941e+01 	 6.100922e+01
76.000000 	 6.095843e+01 	 6.186900e+01 	 6.004787e+01
75.000000 	 6.110508e+01 	 6.311564e+01 	 5.909453e+01
74.000000 	 6.126949e+01 	 6.438741e+01 	 5.815157e+01
73.000000 	 6.145179e+01 	 6.568227e+01 	 5.722131e+01
72.000000 	 6.165300e+01 	 6.700135e+01 	 5.630466e+01
71.000000 	 6.187326e+01 	 6.834249e+01 	 5.540404e+01
70.000000 	 6.211264e+01 	 6.970351e+01 	 5.452177e+01
69.000000 	 6.237216e+01 	 7.108529e+01 	 5.365902e+01
68.000000 	 6.265152e+01 	 7.248451e+01 	 5.281852e+01
67.000000 	 6.295173e+01 	 7.390184e+01 	 5.200162e+01
66.000000 	 6.327278e+01 	 7.533488e+01 	 5.121067e+01
65.000000 	 6.361458e+01 	 7.678118e+01 	 5.044798e+01
64.000000 	 6.397811e+01 	 7.824115e+01 	 4.971507e+01
63.000000 	 6.436323e+01 	 7.971221e+01 	 4.901424e+01
62.000000 	 6.476975e+01 	 8.119177e+01 	 4.834772e+01
61.000000 	 6.519856e+01 	 8.267994e+01 	 4.771718e+01
60.000000 	 6.564904e+01 	 8.417313e+01 	 4.712495e+01
59.000000 	 6.612199e+01 	 8.567122e+01 	 4.657277e+01
58.000000 	 6.661707e+01 	 8.717139e+01 	 4.606276e+01
57.000000 	 6.713389e+01 	 8.867087e+01 	 4.559691e+01
56.000000 	 6.767310e+01 	 9.016920e+01 	 4.517700e+01
55.000000 	 6.823421e+01 	 9.166345e+01 	 4.480496e+01
54.000000 	 6.881668e+01 	 9.315077e+01 	 4.448260e+01
53.000000 	 6.942099e+01 	 9.463033e+01 	 4.421166e+01
52.000000 	 7.004649e+01 	 9.609914e+01 	 4.399384e+01
51.000000 	 7.069249e+01 	 9.755429e+01 	 4.383069e+01
50.000000 	 7.135921e+01 	 9.899460e+01 	 4.372383e+01
49.000000 	 7.204585e+01 	 1.004170e+02 	 4.367468e+01
48.000000 	 7.275158e+01 	 1.018187e+02 	 4.368448e+01
47.000000 	 7.347632e+01 	 1.031980e+02 	 4.375466e+01
46.000000 	 7.421910e+01 	 1.045519e+02 	 4.388627e+01
45.000000 	 7.497894e+01 	 1.058776e+02 	 4.408023e+01
44.000000 	 7.575544e+01 	 1.071732e+02 	 4.433763e+01
43.000000 	 7.654747e+01 	 1.084358e+02 	 4.465916e+01
42.000000 	 7.735387e+01 	 1.096624e+02 	 4.504532e+01
41.000000 	 7.817394e+01 	 1.108510e+02 	 4.549683e+01
40.000000 	 7.900634e+01 	 1.119988e+02 	 4.601391e+01
39.000000 	 7.984980e+01 	 1.131029e+02 	 4.659665e+01
38.000000 	 8.070322e+01 	 1.141612e+02 	 4.724527e+01
37.000000 	 8.156515e+01 	 1.151708e+02 	 4.795952e+01
36.000000 	 8.243417e+01 	 1.161293e+02 	 4.873902e+01
35.000000 	 8.330883e+01 	 1.170342e+02 	 4.958343e+01
34.000000 	 8.418754e+01 	 1.178831e+02 	 5.049201e+01
33.000000 	 8.506869e+01 	 1.186735e+02 	 5.146392e+01
32.000000 	 8.595072e+01 	 1.194033e+02 	 5.249811e+01
31.000000 	 8.683173e+01 	 1.200700e+02 	 5.359343e+01
30.000000 	 8.771002e+01 	 1.206716e+02 	 5.474846e+01
29.000000 	 8.858378e+01 	 1.212059e+02 	 5.596161e+01
28.000000 	 8.945135e+01 	 1.216715e+02 	 5.723121e+01
27.000000 	 9.031047e+01 	 1.220657e+02 	 5.855521e+01
26.000000 	 9.115941e+01 	 1.223873e+02 	 5.993156e+01
25.000000 	 9.199623e+01 	 1.226345e+02 	 6.135796e+01
24.000000 	 9.281930e+01 	 1.228065e+02 	 6.283212e+01
23.000000 	 9.362610e+01 	 1.229010e+02 	 6.435116e+01
22.000000 	 9.441497e+01 	 1.229175e+02 	 6.591244e+01
21.000000 	 9.518398e+01 	 1.228549e+02 	 6.751304e+01
20.000000 	 9.593125e+01 	 1.227126e+02 	 6.914992e+01
19.000000 	 9.665490e+01 	 1.224899e+02 	 7.081988e+01
18.000000 	 9.735359e+01 	 1.221873e+02 	 7.251992e+01
17.000000 	 9.802464e+01 	 1.218032e+02 	 7.424605e+01
16.000000 	 9.866678e+01 	 1.213386e+02 	 7.599501e+01
15.000000 	 9.927839e+01 	 1.207936e+02 	 7.776319e+01
14.000000 	 9.985789e+01 	 1.201689e+02 	 7.954689e+01
13.000000 	 1.004038e+02 	 1.194653e+02 	 8.134233e+01
12.000000 	 1.009148e+02 	 1.186839e+02 	 8.314568e+01
11.000000 	 1.013901e+02 	 1.178268e+02 	 8.495350e+01
10.000000 	 1.018275e+02 	 1.168940e+02 	 8.676095e+01
9.000000 	 1.022263e+02 	 1.158882e+02 	 8.856450e+01
8.000000 	 1.025857e+02 	 1.148113e+02 	 9.036015e+01
7.000000 	 1.029048e+02 	 1.136658e+02 	 9.214389e+01
6.000000 	 1.031829e+02 	 1.124540e+02 	 9.391168e+01
5.000000 	 1.034192e+02 	 1.111788e+02 	 9.565951e+01
4.000000 	 1.036132e+02 	 1.098431e+02 	 9.738337e+01
3.000000 	 1.037646e+02 	 1.084500e+02 	 9.907926e+01
2.000000 	 1.038730e+02 	 1.070028e+02 	 1.007432e+02
1.000000 	 1.039381e+02 	 1.055049e+02 	 1.023714e+02
0.000000 	 1.039598e+02 	 1.039598e+02 	 1.039598e+02
