0.000	343.035	0.0000	0.0000	0.0000	0.0000	0.0000	-0.4736	0.0000
5.000	339.041	0.0063	0.0000	0.0000	0.0000	0.0000	-0.4739	0.0254
10.000	327.582	0.0253	0.0000	0.0000	0.0000	0.0000	-0.4742	0.0504
15.000	310.021	0.0570	0.0000	0.0000	0.0000	0.0000	-0.4728	0.0744
20.000	288.207	0.1014	0.0000	0.0000	0.0000	0.0000	-0.4675	0.0954
25.000	264.128	0.1580	0.0000	0.0000	0.0000	0.0000	-0.4561	0.1110
30.000	239.604	0.2259	0.0000	0.0000	0.0000	0.0000	-0.4368	0.1175
35.000	216.131	0.3027	0.0000	0.0000	0.0000	0.0000	-0.4087	0.1110
40.000	194.807	0.3849	0.0000	0.0000	0.0000	0.0000	-0.3722	0.0874
45.000	176.345	0.4669	0.0000	0.0000	0.0000	0.0000	-0.3291	0.0441
50.000	161.116	0.5420	0.0000	0.0000	0.0000	0.0000	-0.2828	-0.0194
55.000	149.231	0.6032	0.0000	0.0000	0.0000	0.0000	-0.2373	-0.1001
60.000	140.585	0.6446	0.0000	0.0000	0.0000	0.0000	-0.1969	-0.1918
65.000	134.941	0.6629	0.0000	0.0000	0.0000	0.0000	-0.1645	-0.2858
70.000	131.958	0.6585	0.0000	0.0000	0.0000	0.0000	-0.1417	-0.3737
75.000	131.248	0.6347	0.0000	0.0000	0.0000	0.0000	-0.1280	-0.4486
80.000	132.396	0.5968	0.0000	0.0000	0.0000	0.0000	-0.1222	-0.5068
85.000	134.990	0.5504	0.0000	0.0000	0.0000	0.0000	-0.1221	-0.5478
90.000	138.639	0.5003	0.0000	0.0000	0.0000	0.0000	-0.1261	-0.5729
95.000	142.984	0.4499	0.0000	0.0000	0.0000	0.0000	-0.1325	-0.5849
100.000	147.706	0.4015	0.0000	0.0000	0.0000	0.0000	-0.1407	-0.5867
105.000	152.535	0.3561	0.0000	0.0000	0.0000	0.0000	-0.1501	-0.5807
110.000	157.246	0.3140	0.0000	0.0000	0.0000	0.0000	-0.1606	-0.5689
115.000	161.672	0.2752	0.0000	0.0000	0.0000	0.0000	-0.1722	-0.5526
120.000	165.669	0.2394	0.0000	0.0000	0.0000	0.0000	-0.1849	-0.5326
125.000	169.170	0.2060	0.0000	0.0000	0.0000	0.0000	-0.1988	-0.5092
130.000	172.094	0.1750	0.0000	0.0000	0.0000	0.0000	-0.2137	-0.4824
135.000	174.502	0.1459	0.0000	0.0000	0.0000	0.0000	-0.2295	-0.4520
140.000	176.328	0.1188	0.0000	0.0000	0.0000	0.0000	-0.2460	-0.4177
145.000	177.622	0.0938	0.0000	0.0000	0.0000	0.0000	-0.2625	-0.3794
150.000	178.528	0.0710	0.0000	0.0000	0.0000	0.0000	-0.2788	-0.3365
155.000	179.045	0.0506	0.0000	0.0000	0.0000	0.0000	-0.2941	-0.2892
160.000	179.208	0.0332	0.0000	0.0000	0.0000	0.0000	-0.3079	-0.2378
165.000	178.921	0.0191	0.0000	0.0000	0.0000	0.0000	-0.3194	-0.1826
170.000	179.000	0.0086	0.0000	0.0000	0.0000	0.0000	-0.3281	-0.1236
175.000	179.025	0.0022	0.0000	0.0000	0.0000	0.0000	-0.3335	-0.0624
180.000	179.030	-0.0000	0.0000	0.0000	0.0000	0.0000	-0.3354	0.0000
