0.000	24.303	0.0000	0.0000	0.0000	0.0000	0.0000	-0.0330	0.0000
5.000	24.304	-0.0024	0.0000	0.0000	0.0000	0.0000	-0.0238	0.0676
10.000	24.305	-0.0095	0.0000	0.0000	0.0000	0.0000	0.0032	0.1309
15.000	24.301	-0.0209	0.0000	0.0000	0.0000	0.0000	0.0455	0.1860
20.000	24.290	-0.0360	0.0000	0.0000	0.0000	0.0000	0.1000	0.2299
25.000	24.274	-0.0541	0.0000	0.0000	0.0000	0.0000	0.1627	0.2602
30.000	24.264	-0.0743	0.0000	0.0000	0.0000	0.0000	0.2296	0.2750
35.000	24.274	-0.0957	0.0000	0.0000	0.0000	0.0000	0.2965	0.2735
40.000	24.320	-0.1173	0.0000	0.0000	0.0000	0.0000	0.3590	0.2554
45.000	24.417	-0.1381	0.0000	0.0000	0.0000	0.0000	0.4132	0.2213
50.000	24.579	-0.1571	0.0000	0.0000	0.0000	0.0000	0.4554	0.1729
55.000	24.817	-0.1737	0.0000	0.0000	0.0000	0.0000	0.4827	0.1124
60.000	25.137	-0.1871	0.0000	0.0000	0.0000	0.0000	0.4933	0.0428
65.000	25.543	-0.1968	0.0000	0.0000	0.0000	0.0000	0.4860	-0.0323
70.000	26.036	-0.2026	0.0000	0.0000	0.0000	0.0000	0.4612	-0.1095
75.000	26.615	-0.2045	0.0000	0.0000	0.0000	0.0000	0.4198	-0.1854
80.000	27.274	-0.2026	0.0000	0.0000	0.0000	0.0000	0.3636	-0.2568
85.000	28.006	-0.1972	0.0000	0.0000	0.0000	0.0000	0.2951	-0.3214
90.000	28.803	-0.1889	0.0000	0.0000	0.0000	0.0000	0.2169	-0.3773
95.000	29.654	-0.1781	0.0000	0.0000	0.0000	0.0000	0.1319	-0.4230
100.000	30.547	-0.1653	0.0000	0.0000	0.0000	0.0000	0.0425	-0.4581
105.000	31.470	-0.1512	0.0000	0.0000	0.0000	0.0000	-0.0485	-0.4824
110.000	32.410	-0.1362	0.0000	0.0000	0.0000	0.0000	-0.1393	-0.4960
115.000	33.352	-0.1207	0.0000	0.0000	0.0000	0.0000	-0.2279	-0.4995
120.000	34.286	-0.1053	0.0000	0.0000	0.0000	0.0000	-0.3128	-0.4937
125.000	35.196	-0.0902	0.0000	0.0000	0.0000	0.0000	-0.3930	-0.4793
130.000	36.072	-0.0757	0.0000	0.0000	0.0000	0.0000	-0.4675	-0.4573
135.000	36.902	-0.0622	0.0000	0.0000	0.0000	0.0000	-0.5358	-0.4287
140.000	37.674	-0.0496	0.0000	0.0000	0.0000	0.0000	-0.5973	-0.3943
145.000	38.381	-0.0383	0.0000	0.0000	0.0000	0.0000	-0.6519	-0.3549
150.000	39.010	-0.0284	0.0000	0.0000	0.0000	0.0000	-0.6992	-0.3113
155.000	39.561	-0.0198	0.0000	0.0000	0.0000	0.0000	-0.7394	-0.2643
160.000	40.017	-0.0127	0.0000	0.0000	0.0000	0.0000	-0.7721	-0.2146
165.000	40.378	-0.0072	0.0000	0.0000	0.0000	0.0000	-0.7976	-0.1628
170.000	40.638	-0.0032	0.0000	0.0000	0.0000	0.0000	-0.8158	-0.1094
175.000	40.795	-0.0008	0.0000	0.0000	0.0000	0.0000	-0.8267	-0.0549
180.000	40.843	0.0000	0.0000	0.0000	0.0000	0.0000	-0.8304	0.0000
