0.000000 	 4.016487e+02 	 4.016487e+02 	 4.016487e+02
5.000000 	 3.986172e+02 	 4.226513e+02 	 3.745832e+02
10.000000 	 3.897323e+02 	 4.362295e+02 	 3.432350e+02
15.000000 	 3.756223e+02 	 4.416160e+02 	 3.096285e+02
20.000000 	 3.572666e+02 	 4.387001e+02 	 2.758330e+02
25.000000 	 3.358752e+02 	 4.279828e+02 	 2.437677e+02
30.000000 	 3.127361e+02 	 4.104481e+02 	 2.150241e+02
35.000000 	 2.890783e+02 	 3.874086e+02 	 1.907481e+02
40.000000 	 2.659662e+02 	 3.603395e+02 	 1.715930e+02
45.000000 	 2.442405e+02 	 3.307390e+02 	 1.577420e+02
50.000000 	 2.244976e+02 	 3.000172e+02 	 1.489780e+02
55.000000 	 2.070931e+02 	 2.694067e+02 	 1.447795e+02
60.000000 	 1.921808e+02 	 2.399329e+02 	 1.444287e+02
65.000000 	 1.797410e+02 	 2.123733e+02 	 1.471087e+02
70.000000 	 1.696384e+02 	 1.872905e+02 	 1.519863e+02
75.000000 	 1.616497e+02 	 1.650219e+02 	 1.582775e+02
80.000000 	 1.555129e+02 	 1.457435e+02 	 1.652823e+02
85.000000 	 1.509450e+02 	 1.294717e+02 	 1.724183e+02
90.000000 	 1.476714e+02 	 1.161264e+02 	 1.792165e+02
95.000000 	 1.454360e+02 	 1.055490e+02 	 1.853229e+02
100.000000 	 1.440102e+02 	 9.752328e+01 	 1.904972e+02
105.000000 	 1.431980e+02 	 9.181447e+01 	 1.945816e+02
110.000000 	 1.428357e+02 	 8.817477e+01 	 1.974966e+02
115.000000 	 1.427908e+02 	 8.635842e+01 	 1.992232e+02
120.000000 	 1.429577e+02 	 8.613269e+01 	 1.997828e+02
125.000000 	 1.432570e+02 	 8.727910e+01 	 1.992349e+02
130.000000 	 1.436273e+02 	 8.959882e+01 	 1.976557e+02
135.000000 	 1.440253e+02 	 9.291323e+01 	 1.951374e+02
140.000000 	 1.444214e+02 	 9.706312e+01 	 1.917796e+02
145.000000 	 1.447964e+02 	 1.019078e+02 	 1.876849e+02
150.000000 	 1.451400e+02 	 1.073239e+02 	 1.829560e+02
155.000000 	 1.454505e+02 	 1.132049e+02 	 1.776961e+02
160.000000 	 1.456861e+02 	 1.194244e+02 	 1.719478e+02
165.000000 	 1.459344e+02 	 1.259588e+02 	 1.659100e+02
170.000000 	 1.460683e+02 	 1.326252e+02 	 1.595115e+02
175.000000 	 1.461485e+02 	 1.393895e+02 	 1.529076e+02
180.000000 	 1.461751e+02 	 1.461751e+02 	 1.461751e+02
