0.000	0.1159E+02	0.0000E+00	0.1000E+01	0.0000E+00
5.000	0.1173E+02	-0.3906E-01	0.9662E+00	-0.2548E+00
10.000	0.1213E+02	-0.7405E-01	0.8702E+00	-0.4857E+00
15.000	0.1280E+02	-0.1019E+00	0.7265E+00	-0.6750E+00
20.000	0.1370E+02	-0.1212E+00	0.5536E+00	-0.8138E+00
25.000	0.1481E+02	-0.1317E+00	0.3692E+00	-0.9020E+00
30.000	0.1610E+02	-0.1344E+00	0.1868E+00	-0.9449E+00
35.000	0.1751E+02	-0.1305E+00	0.1546E-01	-0.9506E+00
40.000	0.1901E+02	-0.1214E+00	-0.1401E+00	-0.9276E+00
45.000	0.2054E+02	-0.1083E+00	-0.2779E+00	-0.8830E+00
50.000	0.2206E+02	-0.9200E-01	-0.3979E+00	-0.8231E+00
55.000	0.2353E+02	-0.7327E-01	-0.5010E+00	-0.7521E+00
60.000	0.2488E+02	-0.5252E-01	-0.5885E+00	-0.6733E+00
65.000	0.2609E+02	-0.3005E-01	-0.6619E+00	-0.5891E+00
70.000	0.2712E+02	-0.6067E-02	-0.7223E+00	-0.5010E+00
75.000	0.2793E+02	0.1933E-01	-0.7708E+00	-0.4099E+00
80.000	0.2850E+02	0.4606E-01	-0.8082E+00	-0.3164E+00
85.000	0.2881E+02	0.7407E-01	-0.8348E+00	-0.2209E+00
90.000	0.2886E+02	0.1033E+00	-0.8510E+00	-0.1237E+00
95.000	0.2865E+02	0.1337E+00	-0.8564E+00	-0.2484E-01
100.000	0.2818E+02	0.1652E+00	-0.8508E+00	0.7542E-01
105.000	0.2747E+02	0.1975E+00	-0.8333E+00	0.1768E+00
110.000	0.2654E+02	0.2305E+00	-0.8029E+00	0.2789E+00
115.000	0.2542E+02	0.2638E+00	-0.7583E+00	0.3809E+00
120.000	0.2413E+02	0.2968E+00	-0.6976E+00	0.4815E+00
125.000	0.2273E+02	0.3287E+00	-0.6191E+00	0.5789E+00
130.000	0.2125E+02	0.3583E+00	-0.5207E+00	0.6704E+00
135.000	0.1974E+02	0.3841E+00	-0.4006E+00	0.7520E+00
140.000	0.1823E+02	0.4038E+00	-0.2575E+00	0.8185E+00
145.000	0.1679E+02	0.4144E+00	-0.9147E-01	0.8630E+00
150.000	0.1543E+02	0.4126E+00	0.9510E-01	0.8773E+00
155.000	0.1422E+02	0.3944E+00	0.2963E+00	0.8521E+00
160.000	0.1317E+02	0.3561E+00	0.5014E+00	0.7788E+00
165.000	0.1233E+02	0.2954E+00	0.6943E+00	0.6518E+00
170.000	0.1171E+02	0.2126E+00	0.8549E+00	0.4719E+00
175.000	0.1133E+02	0.1115E+00	0.9622E+00	0.2483E+00
180.000	0.1120E+02	0.2953E-04	0.1000E+01	0.3914E-04
