0.000	0.2246E+01	0.0000E+00	0.1000E+01	0.0000E+00
5.000	0.2266E+01	0.7797E-02	0.9696E+00	-0.2445E+00
10.000	0.2328E+01	0.1606E-01	0.8824E+00	-0.4698E+00
15.000	0.2430E+01	0.2516E-01	0.7493E+00	-0.6605E+00
20.000	0.2567E+01	0.3539E-01	0.5847E+00	-0.8075E+00
25.000	0.2736E+01	0.4689E-01	0.4035E+00	-0.9084E+00
30.000	0.2932E+01	0.5968E-01	0.2182E+00	-0.9655E+00
35.000	0.3150E+01	0.7375E-01	0.3819E-01	-0.9840E+00
40.000	0.3383E+01	0.8903E-01	-0.1303E+00	-0.9703E+00
45.000	0.3624E+01	0.1054E+00	-0.2839E+00	-0.9306E+00
50.000	0.3869E+01	0.1228E+00	-0.4207E+00	-0.8704E+00
55.000	0.4110E+01	0.1412E+00	-0.5404E+00	-0.7942E+00
60.000	0.4342E+01	0.1603E+00	-0.6430E+00	-0.7055E+00
65.000	0.4558E+01	0.1801E+00	-0.7290E+00	-0.6073E+00
70.000	0.4755E+01	0.2006E+00	-0.7988E+00	-0.5016E+00
75.000	0.4928E+01	0.2215E+00	-0.8529E+00	-0.3900E+00
80.000	0.5072E+01	0.2427E+00	-0.8915E+00	-0.2741E+00
85.000	0.5186E+01	0.2641E+00	-0.9146E+00	-0.1548E+00
90.000	0.5267E+01	0.2855E+00	-0.9221E+00	-0.3330E-01
95.000	0.5314E+01	0.3066E+00	-0.9135E+00	0.8932E-01
100.000	0.5328E+01	0.3270E+00	-0.8883E+00	0.2118E+00
105.000	0.5310E+01	0.3465E+00	-0.8458E+00	0.3325E+00
110.000	0.5262E+01	0.3643E+00	-0.7853E+00	0.4497E+00
115.000	0.5186E+01	0.3799E+00	-0.7062E+00	0.5610E+00
120.000	0.5087E+01	0.3926E+00	-0.6080E+00	0.6635E+00
125.000	0.4969E+01	0.4014E+00	-0.4908E+00	0.7539E+00
130.000	0.4836E+01	0.4052E+00	-0.3552E+00	0.8283E+00
135.000	0.4694E+01	0.4030E+00	-0.2029E+00	0.8824E+00
140.000	0.4548E+01	0.3936E+00	-0.3662E-01	0.9116E+00
145.000	0.4403E+01	0.3758E+00	0.1393E+00	0.9115E+00
150.000	0.4264E+01	0.3487E+00	0.3189E+00	0.8784E+00
155.000	0.4137E+01	0.3118E+00	0.4947E+00	0.8095E+00
160.000	0.4027E+01	0.2648E+00	0.6578E+00	0.7042E+00
165.000	0.3936E+01	0.2084E+00	0.7985E+00	0.5644E+00
170.000	0.3868E+01	0.1440E+00	0.9074E+00	0.3948E+00
175.000	0.3827E+01	0.7357E-01	0.9764E+00	0.2032E+00
180.000	0.3813E+01	0.1388E-04	0.1000E+01	0.2577E-04
