0.000	0.5222E+01	0.0000E+00	0.1000E+01	0.0000E+00
5.000	0.5237E+01	0.1020E-02	0.9811E+00	-0.1933E+00
10.000	0.5283E+01	-0.1470E-02	0.9252E+00	-0.3783E+00
15.000	0.5365E+01	-0.1030E-01	0.8348E+00	-0.5466E+00
20.000	0.5491E+01	-0.2703E-01	0.7146E+00	-0.6905E+00
25.000	0.5668E+01	-0.5157E-01	0.5714E+00	-0.8036E+00
30.000	0.5903E+01	-0.8221E-01	0.4137E+00	-0.8817E+00
35.000	0.6199E+01	-0.1160E+00	0.2512E+00	-0.9238E+00
40.000	0.6555E+01	-0.1495E+00	0.9273E-01	-0.9323E+00
45.000	0.6964E+01	-0.1796E+00	-0.5458E-01	-0.9120E+00
50.000	0.7413E+01	-0.2039E+00	-0.1862E+00	-0.8694E+00
55.000	0.7884E+01	-0.2214E+00	-0.3000E+00	-0.8107E+00
60.000	0.8354E+01	-0.2319E+00	-0.3962E+00	-0.7418E+00
65.000	0.8797E+01	-0.2357E+00	-0.4760E+00	-0.6671E+00
70.000	0.9186E+01	-0.2339E+00	-0.5414E+00	-0.5896E+00
75.000	0.9497E+01	-0.2275E+00	-0.5945E+00	-0.5113E+00
80.000	0.9709E+01	-0.2174E+00	-0.6372E+00	-0.4331E+00
85.000	0.9805E+01	-0.2046E+00	-0.6710E+00	-0.3556E+00
90.000	0.9777E+01	-0.1897E+00	-0.6970E+00	-0.2786E+00
95.000	0.9619E+01	-0.1730E+00	-0.7161E+00	-0.2021E+00
100.000	0.9337E+01	-0.1547E+00	-0.7285E+00	-0.1257E+00
105.000	0.8937E+01	-0.1348E+00	-0.7344E+00	-0.4923E-01
110.000	0.8433E+01	-0.1128E+00	-0.7338E+00	0.2744E-01
115.000	0.7840E+01	-0.8851E-01	-0.7265E+00	0.1045E+00
120.000	0.7176E+01	-0.6112E-01	-0.7120E+00	0.1820E+00
125.000	0.6461E+01	-0.2990E-01	-0.6895E+00	0.2601E+00
130.000	0.5714E+01	0.5956E-02	-0.6581E+00	0.3392E+00
135.000	0.4957E+01	0.4730E-01	-0.6159E+00	0.4196E+00
140.000	0.4210E+01	0.9485E-01	-0.5600E+00	0.5018E+00
145.000	0.3493E+01	0.1490E+00	-0.4857E+00	0.5859E+00
150.000	0.2826E+01	0.2092E+00	-0.3856E+00	0.6707E+00
155.000	0.2227E+01	0.2728E+00	-0.2481E+00	0.7518E+00
160.000	0.1712E+01	0.3321E+00	-0.5714E-01	0.8163E+00
165.000	0.1297E+01	0.3692E+00	0.2042E+00	0.8334E+00
170.000	0.9916E+00	0.3485E+00	0.5331E+00	0.7415E+00
175.000	0.8050E+00	0.2249E+00	0.8554E+00	0.4620E+00
180.000	0.7422E+00	0.1138E-03	0.1000E+01	0.1252E-03
