0.000	0.6085E+01	0.0000E+00	0.1000E+01	0.0000E+00
5.000	0.6154E+01	-0.1706E-01	0.9672E+00	-0.2534E+00
10.000	0.6359E+01	-0.3248E-01	0.8739E+00	-0.4838E+00
15.000	0.6690E+01	-0.4492E-01	0.7339E+00	-0.6739E+00
20.000	0.7132E+01	-0.5355E-01	0.5646E+00	-0.8153E+00
25.000	0.7669E+01	-0.5799E-01	0.3825E+00	-0.9075E+00
30.000	0.8277E+01	-0.5816E-01	0.2001E+00	-0.9555E+00
35.000	0.8935E+01	-0.5418E-01	0.2601E-01	-0.9662E+00
40.000	0.9620E+01	-0.4622E-01	-0.1350E+00	-0.9470E+00
45.000	0.1031E+02	-0.3449E-01	-0.2806E+00	-0.9043E+00
50.000	0.1098E+02	-0.1921E-01	-0.4100E+00	-0.8433E+00
55.000	0.1162E+02	-0.6404E-03	-0.5231E+00	-0.7681E+00
60.000	0.1221E+02	0.2093E-01	-0.6202E+00	-0.6817E+00
65.000	0.1274E+02	0.4515E-01	-0.7017E+00	-0.5865E+00
70.000	0.1320E+02	0.7162E-01	-0.7677E+00	-0.4845E+00
75.000	0.1358E+02	0.9992E-01	-0.8188E+00	-0.3773E+00
80.000	0.1387E+02	0.1296E+00	-0.8549E+00	-0.2664E+00
85.000	0.1406E+02	0.1602E+00	-0.8764E+00	-0.1528E+00
90.000	0.1415E+02	0.1914E+00	-0.8832E+00	-0.3785E-01
95.000	0.1414E+02	0.2227E+00	-0.8752E+00	0.7748E-01
100.000	0.1403E+02	0.2538E+00	-0.8523E+00	0.1921E+00
105.000	0.1383E+02	0.2843E+00	-0.8140E+00	0.3049E+00
110.000	0.1353E+02	0.3137E+00	-0.7598E+00	0.4146E+00
115.000	0.1315E+02	0.3415E+00	-0.6890E+00	0.5196E+00
120.000	0.1270E+02	0.3670E+00	-0.6006E+00	0.6177E+00
125.000	0.1220E+02	0.3891E+00	-0.4941E+00	0.7062E+00
130.000	0.1167E+02	0.4066E+00	-0.3690E+00	0.7817E+00
135.000	0.1113E+02	0.4179E+00	-0.2258E+00	0.8398E+00
140.000	0.1059E+02	0.4210E+00	-0.6622E-01	0.8758E+00
145.000	0.1007E+02	0.4139E+00	0.1064E+00	0.8843E+00
150.000	0.9593E+01	0.3944E+00	0.2865E+00	0.8603E+00
155.000	0.9170E+01	0.3610E+00	0.4663E+00	0.7999E+00
160.000	0.8810E+01	0.3129E+00	0.6360E+00	0.7014E+00
165.000	0.8524E+01	0.2502E+00	0.7845E+00	0.5657E+00
170.000	0.8315E+01	0.1749E+00	0.9005E+00	0.3976E+00
175.000	0.8189E+01	0.8999E-01	0.9745E+00	0.2053E+00
180.000	0.8147E+01	0.2044E-04	0.1000E+01	0.2892E-04
