0.000	0.3034E+01	0.0000E+00	0.1000E+01	0.0000E+00
5.000	0.3064E+01	-0.9417E-03	0.9687E+00	-0.2480E+00
10.000	0.3152E+01	-0.7839E-03	0.8793E+00	-0.4758E+00
15.000	0.3296E+01	0.1348E-02	0.7431E+00	-0.6674E+00
20.000	0.3491E+01	0.5973E-02	0.5756E+00	-0.8137E+00
25.000	0.3732E+01	0.1326E-01	0.3924E+00	-0.9124E+00
30.000	0.4013E+01	0.2309E-01	0.2064E+00	-0.9666E+00
35.000	0.4324E+01	0.3523E-01	0.2713E-01	-0.9822E+00
40.000	0.4657E+01	0.4936E-01	-0.1395E+00	-0.9660E+00
45.000	0.5002E+01	0.6519E-01	-0.2902E+00	-0.9246E+00
50.000	0.5351E+01	0.8249E-01	-0.4238E+00	-0.8639E+00
55.000	0.5693E+01	0.1010E+00	-0.5401E+00	-0.7882E+00
60.000	0.6019E+01	0.1207E+00	-0.6396E+00	-0.7013E+00
65.000	0.6322E+01	0.1413E+00	-0.7231E+00	-0.6056E+00
70.000	0.6593E+01	0.1628E+00	-0.7911E+00	-0.5032E+00
75.000	0.6826E+01	0.1850E+00	-0.8443E+00	-0.3955E+00
80.000	0.7017E+01	0.2078E+00	-0.8829E+00	-0.2836E+00
85.000	0.7160E+01	0.2311E+00	-0.9070E+00	-0.1685E+00
90.000	0.7255E+01	0.2546E+00	-0.9164E+00	-0.5105E-01
95.000	0.7300E+01	0.2780E+00	-0.9107E+00	0.6784E-01
100.000	0.7295E+01	0.3012E+00	-0.8893E+00	0.1871E+00
105.000	0.7243E+01	0.3235E+00	-0.8514E+00	0.3054E+00
110.000	0.7146E+01	0.3447E+00	-0.7963E+00	0.4210E+00
115.000	0.7010E+01	0.3639E+00	-0.7230E+00	0.5319E+00
120.000	0.6839E+01	0.3804E+00	-0.6308E+00	0.6356E+00
125.000	0.6641E+01	0.3933E+00	-0.5194E+00	0.7286E+00
130.000	0.6423E+01	0.4015E+00	-0.3887E+00	0.8073E+00
135.000	0.6193E+01	0.4036E+00	-0.2400E+00	0.8670E+00
140.000	0.5959E+01	0.3983E+00	-0.7534E-01	0.9030E+00
145.000	0.5729E+01	0.3842E+00	0.1013E+00	0.9102E+00
150.000	0.5511E+01	0.3600E+00	0.2843E+00	0.8838E+00
155.000	0.5313E+01	0.3247E+00	0.4658E+00	0.8204E+00
160.000	0.5141E+01	0.2779E+00	0.6362E+00	0.7182E+00
165.000	0.5000E+01	0.2202E+00	0.7848E+00	0.5787E+00
170.000	0.4897E+01	0.1528E+00	0.9007E+00	0.4064E+00
175.000	0.4833E+01	0.7831E-01	0.9746E+00	0.2098E+00
180.000	0.4812E+01	0.1565E-04	0.1000E+01	0.2759E-04
