0.000	0.6024E-01	0.0000E+00	0.1000E+01	0.0000E+00
5.000	0.6050E-01	0.8099E-01	0.9776E+00	-0.1940E+00
10.000	0.6128E-01	0.1595E+00	0.9123E+00	-0.3772E+00
15.000	0.6255E-01	0.2333E+00	0.8088E+00	-0.5398E+00
20.000	0.6429E-01	0.3006E+00	0.6743E+00	-0.6745E+00
25.000	0.6647E-01	0.3603E+00	0.5175E+00	-0.7761E+00
30.000	0.6903E-01	0.4118E+00	0.3473E+00	-0.8425E+00
35.000	0.7194E-01	0.4551E+00	0.1721E+00	-0.8736E+00
40.000	0.7512E-01	0.4907E+00	-0.7791E-03	-0.8713E+00
45.000	0.7852E-01	0.5190E+00	-0.1652E+00	-0.8386E+00
50.000	0.8208E-01	0.5409E+00	-0.3163E+00	-0.7792E+00
55.000	0.8572E-01	0.5572E+00	-0.4508E+00	-0.6972E+00
60.000	0.8938E-01	0.5685E+00	-0.5662E+00	-0.5966E+00
65.000	0.9301E-01	0.5756E+00	-0.6608E+00	-0.4814E+00
70.000	0.9653E-01	0.5791E+00	-0.7336E+00	-0.3552E+00
75.000	0.9991E-01	0.5793E+00	-0.7842E+00	-0.2214E+00
80.000	0.1031E+00	0.5767E+00	-0.8124E+00	-0.8346E-01
85.000	0.1060E+00	0.5715E+00	-0.8184E+00	0.5576E-01
90.000	0.1087E+00	0.5639E+00	-0.8026E+00	0.1933E+00
95.000	0.1111E+00	0.5540E+00	-0.7656E+00	0.3263E+00
100.000	0.1131E+00	0.5417E+00	-0.7084E+00	0.4520E+00
105.000	0.1149E+00	0.5271E+00	-0.6319E+00	0.5677E+00
110.000	0.1164E+00	0.5102E+00	-0.5378E+00	0.6709E+00
115.000	0.1175E+00	0.4907E+00	-0.4278E+00	0.7588E+00
120.000	0.1184E+00	0.4686E+00	-0.3040E+00	0.8292E+00
125.000	0.1190E+00	0.4438E+00	-0.1691E+00	0.8798E+00
130.000	0.1194E+00	0.4162E+00	-0.2609E-01	0.9087E+00
135.000	0.1196E+00	0.3858E+00	0.1216E+00	0.9144E+00
140.000	0.1197E+00	0.3524E+00	0.2701E+00	0.8959E+00
145.000	0.1196E+00	0.3161E+00	0.4154E+00	0.8529E+00
150.000	0.1195E+00	0.2771E+00	0.5531E+00	0.7856E+00
155.000	0.1193E+00	0.2354E+00	0.6789E+00	0.6954E+00
160.000	0.1191E+00	0.1914E+00	0.7886E+00	0.5843E+00
165.000	0.1189E+00	0.1454E+00	0.8784E+00	0.4552E+00
170.000	0.1187E+00	0.9787E-01	0.9451E+00	0.3118E+00
175.000	0.1186E+00	0.4922E-01	0.9861E+00	0.1584E+00
180.000	0.1186E+00	0.5569E-05	0.1000E+01	0.1738E-04
