0.000	0.1048E+02	0.0000E+00	0.1000E+01	0.0000E+00
5.000	0.1060E+02	-0.5556E-01	0.9675E+00	-0.2465E+00
10.000	0.1096E+02	-0.1063E+00	0.8752E+00	-0.4702E+00
15.000	0.1155E+02	-0.1485E+00	0.7368E+00	-0.6540E+00
20.000	0.1234E+02	-0.1804E+00	0.5700E+00	-0.7893E+00
25.000	0.1331E+02	-0.2017E+00	0.3917E+00	-0.8755E+00
30.000	0.1444E+02	-0.2133E+00	0.2151E+00	-0.9179E+00
35.000	0.1568E+02	-0.2167E+00	0.4924E-01	-0.9241E+00
40.000	0.1699E+02	-0.2135E+00	-0.1012E+00	-0.9023E+00
45.000	0.1833E+02	-0.2051E+00	-0.2341E+00	-0.8599E+00
50.000	0.1965E+02	-0.1926E+00	-0.3494E+00	-0.8027E+00
55.000	0.2092E+02	-0.1768E+00	-0.4481E+00	-0.7354E+00
60.000	0.2207E+02	-0.1583E+00	-0.5314E+00	-0.6614E+00
65.000	0.2309E+02	-0.1376E+00	-0.6009E+00	-0.5831E+00
70.000	0.2392E+02	-0.1149E+00	-0.6580E+00	-0.5022E+00
75.000	0.2453E+02	-0.9036E-01	-0.7040E+00	-0.4195E+00
80.000	0.2491E+02	-0.6404E-01	-0.7398E+00	-0.3359E+00
85.000	0.2504E+02	-0.3597E-01	-0.7664E+00	-0.2517E+00
90.000	0.2490E+02	-0.6126E-02	-0.7843E+00	-0.1669E+00
95.000	0.2451E+02	0.2554E-01	-0.7936E+00	-0.8168E-01
100.000	0.2386E+02	0.5910E-01	-0.7944E+00	0.4221E-02
105.000	0.2297E+02	0.9461E-01	-0.7864E+00	0.9088E-01
110.000	0.2188E+02	0.1321E+00	-0.7690E+00	0.1784E+00
115.000	0.2060E+02	0.1716E+00	-0.7411E+00	0.2668E+00
120.000	0.1917E+02	0.2130E+00	-0.7013E+00	0.3559E+00
125.000	0.1765E+02	0.2559E+00	-0.6476E+00	0.4452E+00
130.000	0.1606E+02	0.2997E+00	-0.5775E+00	0.5336E+00
135.000	0.1446E+02	0.3433E+00	-0.4880E+00	0.6191E+00
140.000	0.1288E+02	0.3847E+00	-0.3753E+00	0.6983E+00
145.000	0.1138E+02	0.4207E+00	-0.2359E+00	0.7657E+00
150.000	0.9986E+01	0.4466E+00	-0.6690E-01	0.8129E+00
155.000	0.8745E+01	0.4554E+00	0.1317E+00	0.8280E+00
160.000	0.7685E+01	0.4383E+00	0.3542E+00	0.7955E+00
165.000	0.6832E+01	0.3859E+00	0.5847E+00	0.6990E+00
170.000	0.6208E+01	0.2918E+00	0.7945E+00	0.5278E+00
175.000	0.5827E+01	0.1583E+00	0.9449E+00	0.2860E+00
180.000	0.5699E+01	0.5148E-04	0.1000E+01	0.5092E-04
