0.000	0.8305E+01	0.0000E+00	0.1000E+01	0.0000E+00
5.000	0.8394E+01	-0.5763E-01	0.9689E+00	-0.2404E+00
10.000	0.8661E+01	-0.1108E+00	0.8803E+00	-0.4595E+00
15.000	0.9096E+01	-0.1562E+00	0.7469E+00	-0.6408E+00
20.000	0.9686E+01	-0.1917E+00	0.5849E+00	-0.7757E+00
25.000	0.1041E+02	-0.2171E+00	0.4106E+00	-0.8631E+00
30.000	0.1125E+02	-0.2331E+00	0.2369E+00	-0.9073E+00
35.000	0.1218E+02	-0.2409E+00	0.7266E-01	-0.9154E+00
40.000	0.1317E+02	-0.2419E+00	-0.7681E-01	-0.8953E+00
45.000	0.1418E+02	-0.2374E+00	-0.2092E+00	-0.8541E+00
50.000	0.1518E+02	-0.2285E+00	-0.3241E+00	-0.7979E+00
55.000	0.1613E+02	-0.2161E+00	-0.4222E+00	-0.7314E+00
60.000	0.1700E+02	-0.2008E+00	-0.5047E+00	-0.6582E+00
65.000	0.1777E+02	-0.1831E+00	-0.5732E+00	-0.5809E+00
70.000	0.1839E+02	-0.1632E+00	-0.6291E+00	-0.5013E+00
75.000	0.1884E+02	-0.1413E+00	-0.6738E+00	-0.4206E+00
80.000	0.1910E+02	-0.1175E+00	-0.7084E+00	-0.3397E+00
85.000	0.1916E+02	-0.9186E-01	-0.7340E+00	-0.2589E+00
90.000	0.1901E+02	-0.6428E-01	-0.7512E+00	-0.1785E+00
95.000	0.1865E+02	-0.3467E-01	-0.7606E+00	-0.9841E-01
100.000	0.1808E+02	-0.2903E-02	-0.7625E+00	-0.1860E-01
105.000	0.1732E+02	0.3117E-01	-0.7568E+00	0.6118E-01
110.000	0.1639E+02	0.6773E-01	-0.7432E+00	0.1412E+00
115.000	0.1532E+02	0.1069E+00	-0.7210E+00	0.2217E+00
120.000	0.1413E+02	0.1488E+00	-0.6893E+00	0.3030E+00
125.000	0.1286E+02	0.1935E+00	-0.6463E+00	0.3850E+00
130.000	0.1155E+02	0.2407E+00	-0.5898E+00	0.4676E+00
135.000	0.1023E+02	0.2898E+00	-0.5167E+00	0.5498E+00
140.000	0.8935E+01	0.3395E+00	-0.4229E+00	0.6298E+00
145.000	0.7707E+01	0.3874E+00	-0.3035E+00	0.7037E+00
150.000	0.6575E+01	0.4291E+00	-0.1528E+00	0.7648E+00
155.000	0.5569E+01	0.4573E+00	0.3353E-01	0.8016E+00
160.000	0.4711E+01	0.4607E+00	0.2558E+00	0.7965E+00
165.000	0.4024E+01	0.4246E+00	0.5031E+00	0.7260E+00
170.000	0.3521E+01	0.3347E+00	0.7452E+00	0.5677E+00
175.000	0.3215E+01	0.1870E+00	0.9298E+00	0.3157E+00
180.000	0.3113E+01	0.6799E-04	0.1000E+01	0.6072E-04
