0.000	0.1063E+02	0.0000E+00	0.1000E+01	0.0000E+00
5.000	0.1074E+02	-0.3035E-01	0.9690E+00	-0.2451E+00
10.000	0.1106E+02	-0.5996E-01	0.8804E+00	-0.4689E+00
15.000	0.1160E+02	-0.8801E-01	0.7463E+00	-0.6548E+00
20.000	0.1234E+02	-0.1136E+00	0.5827E+00	-0.7937E+00
25.000	0.1326E+02	-0.1356E+00	0.4058E+00	-0.8839E+00
30.000	0.1434E+02	-0.1532E+00	0.2286E+00	-0.9296E+00
35.000	0.1554E+02	-0.1656E+00	0.6087E-01	-0.9377E+00
40.000	0.1683E+02	-0.1724E+00	-0.9197E-01	-0.9165E+00
45.000	0.1817E+02	-0.1735E+00	-0.2273E+00	-0.8736E+00
50.000	0.1951E+02	-0.1690E+00	-0.3445E+00	-0.8152E+00
55.000	0.2082E+02	-0.1592E+00	-0.4444E+00	-0.7466E+00
60.000	0.2204E+02	-0.1447E+00	-0.5285E+00	-0.6714E+00
65.000	0.2312E+02	-0.1260E+00	-0.5983E+00	-0.5922E+00
70.000	0.2403E+02	-0.1039E+00	-0.6555E+00	-0.5106E+00
75.000	0.2473E+02	-0.7902E-01	-0.7014E+00	-0.4277E+00
80.000	0.2519E+02	-0.5187E-01	-0.7373E+00	-0.3441E+00
85.000	0.2540E+02	-0.2296E-01	-0.7639E+00	-0.2599E+00
90.000	0.2533E+02	0.7384E-02	-0.7820E+00	-0.1751E+00
95.000	0.2499E+02	0.3895E-01	-0.7916E+00	-0.8971E-01
100.000	0.2439E+02	0.7167E-01	-0.7928E+00	-0.3523E-02
105.000	0.2354E+02	0.1056E+00	-0.7853E+00	0.8355E-01
110.000	0.2247E+02	0.1410E+00	-0.7683E+00	0.1716E+00
115.000	0.2121E+02	0.1780E+00	-0.7408E+00	0.2604E+00
120.000	0.1979E+02	0.2169E+00	-0.7015E+00	0.3498E+00
125.000	0.1826E+02	0.2576E+00	-0.6483E+00	0.4391E+00
130.000	0.1666E+02	0.3001E+00	-0.5789E+00	0.5272E+00
135.000	0.1502E+02	0.3433E+00	-0.4901E+00	0.6120E+00
140.000	0.1341E+02	0.3857E+00	-0.3785E+00	0.6902E+00
145.000	0.1185E+02	0.4241E+00	-0.2404E+00	0.7567E+00
150.000	0.1041E+02	0.4536E+00	-0.7275E-01	0.8033E+00
155.000	0.9111E+01	0.4666E+00	0.1249E+00	0.8185E+00
160.000	0.7996E+01	0.4533E+00	0.3472E+00	0.7871E+00
165.000	0.7095E+01	0.4027E+00	0.5788E+00	0.6928E+00
170.000	0.6434E+01	0.3068E+00	0.7909E+00	0.5240E+00
175.000	0.6029E+01	0.1673E+00	0.9438E+00	0.2844E+00
180.000	0.5893E+01	0.5308E-04	0.1000E+01	0.5281E-04
