0.000	0.6057E+01	0.0000E+00	0.1000E+01	0.0000E+00
5.000	0.6086E+01	-0.8597E-02	0.9781E+00	-0.2078E+00
10.000	0.6172E+01	-0.1984E-01	0.9139E+00	-0.4043E+00
15.000	0.6320E+01	-0.3568E-01	0.8120E+00	-0.5790E+00
20.000	0.6534E+01	-0.5685E-01	0.6795E+00	-0.7233E+00
25.000	0.6820E+01	-0.8267E-01	0.5258E+00	-0.8313E+00
30.000	0.7180E+01	-0.1112E+00	0.3615E+00	-0.9009E+00
35.000	0.7612E+01	-0.1399E+00	0.1964E+00	-0.9331E+00
40.000	0.8112E+01	-0.1660E+00	0.3903E-01	-0.9324E+00
45.000	0.8666E+01	-0.1874E+00	-0.1047E+00	-0.9047E+00
50.000	0.9256E+01	-0.2027E+00	-0.2316E+00	-0.8570E+00
55.000	0.9860E+01	-0.2113E+00	-0.3405E+00	-0.7953E+00
60.000	0.1045E+02	-0.2135E+00	-0.4323E+00	-0.7250E+00
65.000	0.1099E+02	-0.2099E+00	-0.5084E+00	-0.6498E+00
70.000	0.1146E+02	-0.2015E+00	-0.5709E+00	-0.5723E+00
75.000	0.1183E+02	-0.1890E+00	-0.6217E+00	-0.4941E+00
80.000	0.1208E+02	-0.1734E+00	-0.6626E+00	-0.4161E+00
85.000	0.1218E+02	-0.1554E+00	-0.6949E+00	-0.3383E+00
90.000	0.1213E+02	-0.1356E+00	-0.7196E+00	-0.2608E+00
95.000	0.1194E+02	-0.1141E+00	-0.7373E+00	-0.1834E+00
100.000	0.1159E+02	-0.9106E-01	-0.7482E+00	-0.1056E+00
105.000	0.1111E+02	-0.6637E-01	-0.7524E+00	-0.2739E-01
110.000	0.1050E+02	-0.3968E-01	-0.7496E+00	0.5155E-01
115.000	0.9789E+01	-0.1051E-01	-0.7393E+00	0.1313E+00
120.000	0.8995E+01	0.2179E-01	-0.7208E+00	0.2121E+00
125.000	0.8140E+01	0.5792E-01	-0.6929E+00	0.2938E+00
130.000	0.7248E+01	0.9859E-01	-0.6541E+00	0.3766E+00
135.000	0.6342E+01	0.1444E+00	-0.6020E+00	0.4605E+00
140.000	0.5448E+01	0.1956E+00	-0.5330E+00	0.5450E+00
145.000	0.4590E+01	0.2517E+00	-0.4418E+00	0.6288E+00
150.000	0.3789E+01	0.3106E+00	-0.3208E+00	0.7087E+00
155.000	0.3070E+01	0.3674E+00	-0.1599E+00	0.7769E+00
160.000	0.2451E+01	0.4111E+00	0.5194E-01	0.8168E+00
165.000	0.1951E+01	0.4214E+00	0.3197E+00	0.7973E+00
170.000	0.1583E+01	0.3674E+00	0.6234E+00	0.6710E+00
175.000	0.1358E+01	0.2218E+00	0.8895E+00	0.3966E+00
180.000	0.1282E+01	0.9604E-04	0.1000E+01	0.9532E-04
