0.000	0.3255E+00	0.0000E+00	0.1000E+01	0.0000E+00
5.000	0.3270E+00	0.5592E-01	0.9773E+00	-0.2043E+00
10.000	0.3315E+00	0.1103E+00	0.9110E+00	-0.3973E+00
15.000	0.3389E+00	0.1617E+00	0.8063E+00	-0.5690E+00
20.000	0.3491E+00	0.2092E+00	0.6704E+00	-0.7119E+00
25.000	0.3617E+00	0.2520E+00	0.5122E+00	-0.8210E+00
30.000	0.3766E+00	0.2899E+00	0.3407E+00	-0.8943E+00
35.000	0.3935E+00	0.3230E+00	0.1640E+00	-0.9319E+00
40.000	0.4120E+00	0.3515E+00	-0.1070E-01	-0.9359E+00
45.000	0.4318E+00	0.3758E+00	-0.1776E+00	-0.9092E+00
50.000	0.4527E+00	0.3964E+00	-0.3323E+00	-0.8554E+00
55.000	0.4742E+00	0.4136E+00	-0.4714E+00	-0.7784E+00
60.000	0.4960E+00	0.4279E+00	-0.5924E+00	-0.6818E+00
65.000	0.5177E+00	0.4395E+00	-0.6936E+00	-0.5694E+00
70.000	0.5391E+00	0.4489E+00	-0.7740E+00	-0.4446E+00
75.000	0.5598E+00	0.4560E+00	-0.8327E+00	-0.3107E+00
80.000	0.5795E+00	0.4611E+00	-0.8692E+00	-0.1708E+00
85.000	0.5978E+00	0.4643E+00	-0.8836E+00	-0.2804E-01
90.000	0.6146E+00	0.4655E+00	-0.8758E+00	0.1148E+00
95.000	0.6297E+00	0.4646E+00	-0.8462E+00	0.2548E+00
100.000	0.6429E+00	0.4615E+00	-0.7952E+00	0.3890E+00
105.000	0.6542E+00	0.4562E+00	-0.7238E+00	0.5147E+00
110.000	0.6636E+00	0.4482E+00	-0.6329E+00	0.6289E+00
115.000	0.6712E+00	0.4375E+00	-0.5242E+00	0.7288E+00
120.000	0.6771E+00	0.4238E+00	-0.3996E+00	0.8114E+00
125.000	0.6815E+00	0.4068E+00	-0.2615E+00	0.8741E+00
130.000	0.6846E+00	0.3864E+00	-0.1130E+00	0.9145E+00
135.000	0.6865E+00	0.3623E+00	0.4237E-01	0.9304E+00
140.000	0.6875E+00	0.3345E+00	0.2004E+00	0.9203E+00
145.000	0.6879E+00	0.3030E+00	0.3566E+00	0.8834E+00
150.000	0.6877E+00	0.2678E+00	0.5061E+00	0.8196E+00
155.000	0.6871E+00	0.2292E+00	0.6438E+00	0.7299E+00
160.000	0.6865E+00	0.1875E+00	0.7647E+00	0.6164E+00
165.000	0.6858E+00	0.1432E+00	0.8643E+00	0.4821E+00
170.000	0.6852E+00	0.9667E-01	0.9386E+00	0.3312E+00
175.000	0.6848E+00	0.4872E-01	0.9845E+00	0.1686E+00
180.000	0.6846E+00	0.6000E-05	0.1000E+01	0.1731E-04
