0.000	0.2706E+01	0.0000E+00	0.1000E+01	0.0000E+00
5.000	0.2732E+01	0.3155E-02	0.9698E+00	-0.2439E+00
10.000	0.2810E+01	0.6747E-02	0.8833E+00	-0.4679E+00
15.000	0.2936E+01	0.1118E-01	0.7519E+00	-0.6567E+00
20.000	0.3104E+01	0.1680E-01	0.5902E+00	-0.8017E+00
25.000	0.3309E+01	0.2389E-01	0.4127E+00	-0.9009E+00
30.000	0.3541E+01	0.3270E-01	0.2314E+00	-0.9574E+00
35.000	0.3793E+01	0.4339E-01	0.5482E-01	-0.9763E+00
40.000	0.4056E+01	0.5608E-01	-0.1115E+00	-0.9638E+00
45.000	0.4322E+01	0.7084E-01	-0.2643E+00	-0.9254E+00
50.000	0.4585E+01	0.8768E-01	-0.4019E+00	-0.8660E+00
55.000	0.4838E+01	0.1065E+00	-0.5235E+00	-0.7896E+00
60.000	0.5075E+01	0.1272E+00	-0.6287E+00	-0.6992E+00
65.000	0.5292E+01	0.1495E+00	-0.7170E+00	-0.5975E+00
70.000	0.5485E+01	0.1732E+00	-0.7885E+00	-0.4869E+00
75.000	0.5651E+01	0.1979E+00	-0.8429E+00	-0.3693E+00
80.000	0.5788E+01	0.2232E+00	-0.8800E+00	-0.2467E+00
85.000	0.5893E+01	0.2488E+00	-0.8997E+00	-0.1209E+00
90.000	0.5966E+01	0.2742E+00	-0.9019E+00	0.6495E-02
95.000	0.6003E+01	0.2990E+00	-0.8864E+00	0.1336E+00
100.000	0.6007E+01	0.3229E+00	-0.8532E+00	0.2588E+00
105.000	0.5977E+01	0.3452E+00	-0.8020E+00	0.3802E+00
110.000	0.5916E+01	0.3655E+00	-0.7326E+00	0.4956E+00
115.000	0.5827E+01	0.3831E+00	-0.6450E+00	0.6027E+00
120.000	0.5713E+01	0.3971E+00	-0.5392E+00	0.6989E+00
125.000	0.5582E+01	0.4068E+00	-0.4158E+00	0.7808E+00
130.000	0.5438E+01	0.4109E+00	-0.2761E+00	0.8450E+00
135.000	0.5288E+01	0.4083E+00	-0.1221E+00	0.8875E+00
140.000	0.5138E+01	0.3980E+00	0.4281E-01	0.9045E+00
145.000	0.4994E+01	0.3789E+00	0.2138E+00	0.8925E+00
150.000	0.4861E+01	0.3501E+00	0.3849E+00	0.8490E+00
155.000	0.4743E+01	0.3115E+00	0.5489E+00	0.7729E+00
160.000	0.4643E+01	0.2632E+00	0.6978E+00	0.6648E+00
165.000	0.4564E+01	0.2061E+00	0.8237E+00	0.5276E+00
170.000	0.4507E+01	0.1418E+00	0.9196E+00	0.3662E+00
175.000	0.4472E+01	0.7226E-01	0.9796E+00	0.1876E+00
180.000	0.4460E+01	0.1419E-04	0.1000E+01	0.2395E-04
