0.000	0.2442E+00	0.0000E+00	0.1000E+01	0.0000E+00
5.000	0.2453E+00	0.6363E-01	0.9777E+00	-0.2001E+00
10.000	0.2488E+00	0.1253E+00	0.9126E+00	-0.3891E+00
15.000	0.2545E+00	0.1834E+00	0.8097E+00	-0.5572E+00
20.000	0.2623E+00	0.2365E+00	0.6766E+00	-0.6970E+00
25.000	0.2720E+00	0.2840E+00	0.5217E+00	-0.8038E+00
30.000	0.2832E+00	0.3255E+00	0.3539E+00	-0.8756E+00
35.000	0.2959E+00	0.3612E+00	0.1813E+00	-0.9130E+00
40.000	0.3096E+00	0.3915E+00	0.1081E-01	-0.9177E+00
45.000	0.3241E+00	0.4169E+00	-0.1522E+00	-0.8930E+00
50.000	0.3390E+00	0.4380E+00	-0.3033E+00	-0.8422E+00
55.000	0.3540E+00	0.4553E+00	-0.4396E+00	-0.7691E+00
60.000	0.3689E+00	0.4696E+00	-0.5587E+00	-0.6772E+00
65.000	0.3833E+00	0.4810E+00	-0.6591E+00	-0.5700E+00
70.000	0.3970E+00	0.4901E+00	-0.7398E+00	-0.4505E+00
75.000	0.4098E+00	0.4970E+00	-0.7999E+00	-0.3219E+00
80.000	0.4215E+00	0.5018E+00	-0.8390E+00	-0.1869E+00
85.000	0.4320E+00	0.5047E+00	-0.8568E+00	-0.4830E-01
90.000	0.4410E+00	0.5056E+00	-0.8531E+00	0.9115E-01
95.000	0.4487E+00	0.5044E+00	-0.8281E+00	0.2287E+00
100.000	0.4548E+00	0.5010E+00	-0.7820E+00	0.3617E+00
105.000	0.4595E+00	0.4952E+00	-0.7154E+00	0.4871E+00
110.000	0.4628E+00	0.4867E+00	-0.6291E+00	0.6020E+00
115.000	0.4649E+00	0.4754E+00	-0.5245E+00	0.7035E+00
120.000	0.4657E+00	0.4608E+00	-0.4033E+00	0.7885E+00
125.000	0.4655E+00	0.4427E+00	-0.2679E+00	0.8543E+00
130.000	0.4644E+00	0.4209E+00	-0.1212E+00	0.8980E+00
135.000	0.4627E+00	0.3952E+00	0.3329E-01	0.9173E+00
140.000	0.4605E+00	0.3653E+00	0.1913E+00	0.9106E+00
145.000	0.4581E+00	0.3313E+00	0.3483E+00	0.8766E+00
150.000	0.4555E+00	0.2932E+00	0.4990E+00	0.8153E+00
155.000	0.4531E+00	0.2512E+00	0.6383E+00	0.7275E+00
160.000	0.4508E+00	0.2057E+00	0.7609E+00	0.6153E+00
165.000	0.4490E+00	0.1571E+00	0.8621E+00	0.4818E+00
170.000	0.4475E+00	0.1062E+00	0.9376E+00	0.3312E+00
175.000	0.4467E+00	0.5352E-01	0.9842E+00	0.1687E+00
180.000	0.4464E+00	0.6608E-05	0.1000E+01	0.1850E-04
