0.000	0.1750E+00	0.0000E+00	0.1000E+01	0.0000E+00
5.000	0.1757E+00	0.6811E-01	0.9782E+00	-0.1964E+00
10.000	0.1781E+00	0.1342E+00	0.9143E+00	-0.3822E+00
15.000	0.1819E+00	0.1965E+00	0.8132E+00	-0.5478E+00
20.000	0.1871E+00	0.2535E+00	0.6818E+00	-0.6860E+00
25.000	0.1935E+00	0.3045E+00	0.5285E+00	-0.7921E+00
30.000	0.2011E+00	0.3491E+00	0.3618E+00	-0.8638E+00
35.000	0.2096E+00	0.3873E+00	0.1898E+00	-0.9013E+00
40.000	0.2189E+00	0.4195E+00	0.1928E-01	-0.9063E+00
45.000	0.2287E+00	0.4462E+00	-0.1440E+00	-0.8817E+00
50.000	0.2388E+00	0.4680E+00	-0.2957E+00	-0.8307E+00
55.000	0.2491E+00	0.4856E+00	-0.4324E+00	-0.7572E+00
60.000	0.2593E+00	0.4994E+00	-0.5519E+00	-0.6646E+00
65.000	0.2692E+00	0.5100E+00	-0.6524E+00	-0.5565E+00
70.000	0.2787E+00	0.5179E+00	-0.7327E+00	-0.4362E+00
75.000	0.2876E+00	0.5232E+00	-0.7921E+00	-0.3068E+00
80.000	0.2958E+00	0.5262E+00	-0.8302E+00	-0.1712E+00
85.000	0.3032E+00	0.5270E+00	-0.8467E+00	-0.3231E-01
90.000	0.3097E+00	0.5257E+00	-0.8416E+00	0.1071E+00
95.000	0.3152E+00	0.5222E+00	-0.8150E+00	0.2442E+00
100.000	0.3197E+00	0.5164E+00	-0.7673E+00	0.3763E+00
105.000	0.3233E+00	0.5081E+00	-0.6992E+00	0.5003E+00
110.000	0.3259E+00	0.4973E+00	-0.6117E+00	0.6135E+00
115.000	0.3276E+00	0.4836E+00	-0.5063E+00	0.7128E+00
120.000	0.3285E+00	0.4668E+00	-0.3847E+00	0.7955E+00
125.000	0.3287E+00	0.4467E+00	-0.2494E+00	0.8586E+00
130.000	0.3283E+00	0.4231E+00	-0.1033E+00	0.8998E+00
135.000	0.3274E+00	0.3958E+00	0.4991E-01	0.9167E+00
140.000	0.3262E+00	0.3647E+00	0.2062E+00	0.9078E+00
145.000	0.3247E+00	0.3297E+00	0.3609E+00	0.8722E+00
150.000	0.3232E+00	0.2911E+00	0.5092E+00	0.8098E+00
155.000	0.3217E+00	0.2488E+00	0.6460E+00	0.7216E+00
160.000	0.3203E+00	0.2034E+00	0.7662E+00	0.6096E+00
165.000	0.3191E+00	0.1551E+00	0.8652E+00	0.4769E+00
170.000	0.3182E+00	0.1047E+00	0.9390E+00	0.3276E+00
175.000	0.3176E+00	0.5275E-01	0.9846E+00	0.1668E+00
180.000	0.3174E+00	0.6295E-05	0.1000E+01	0.1825E-04
