0.000	0.6299E+01	0.0000E+00	0.1000E+01	0.0000E+00
5.000	0.6331E+01	-0.1084E-01	0.9773E+00	-0.2113E+00
10.000	0.6430E+01	-0.2409E-01	0.9111E+00	-0.4105E+00
15.000	0.6597E+01	-0.4147E-01	0.8062E+00	-0.5865E+00
20.000	0.6839E+01	-0.6353E-01	0.6708E+00	-0.7306E+00
25.000	0.7157E+01	-0.8945E-01	0.5148E+00	-0.8373E+00
30.000	0.7554E+01	-0.1173E+00	0.3490E+00	-0.9046E+00
35.000	0.8028E+01	-0.1447E+00	0.1835E+00	-0.9344E+00
40.000	0.8570E+01	-0.1691E+00	0.2647E-01	-0.9315E+00
45.000	0.9167E+01	-0.1885E+00	-0.1164E+00	-0.9022E+00
50.000	0.9799E+01	-0.2017E+00	-0.2421E+00	-0.8533E+00
55.000	0.1044E+02	-0.2084E+00	-0.3499E+00	-0.7910E+00
60.000	0.1106E+02	-0.2088E+00	-0.4406E+00	-0.7203E+00
65.000	0.1164E+02	-0.2036E+00	-0.5159E+00	-0.6450E+00
70.000	0.1213E+02	-0.1937E+00	-0.5777E+00	-0.5675E+00
75.000	0.1252E+02	-0.1799E+00	-0.6280E+00	-0.4893E+00
80.000	0.1277E+02	-0.1631E+00	-0.6684E+00	-0.4111E+00
85.000	0.1288E+02	-0.1440E+00	-0.7003E+00	-0.3332E+00
90.000	0.1283E+02	-0.1230E+00	-0.7246E+00	-0.2555E+00
95.000	0.1262E+02	-0.1004E+00	-0.7418E+00	-0.1778E+00
100.000	0.1226E+02	-0.7637E-01	-0.7522E+00	-0.9966E-01
105.000	0.1175E+02	-0.5064E-01	-0.7558E+00	-0.2097E-01
110.000	0.1112E+02	-0.2292E-01	-0.7523E+00	0.5851E-01
115.000	0.1037E+02	0.7275E-02	-0.7411E+00	0.1389E+00
120.000	0.9540E+01	0.4057E-01	-0.7214E+00	0.2204E+00
125.000	0.8645E+01	0.7764E-01	-0.6920E+00	0.3029E+00
130.000	0.7710E+01	0.1192E+00	-0.6512E+00	0.3864E+00
135.000	0.6762E+01	0.1656E+00	-0.5965E+00	0.4708E+00
140.000	0.5826E+01	0.2171E+00	-0.5242E+00	0.5555E+00
145.000	0.4926E+01	0.2730E+00	-0.4289E+00	0.6389E+00
150.000	0.4087E+01	0.3308E+00	-0.3032E+00	0.7170E+00
155.000	0.3333E+01	0.3849E+00	-0.1375E+00	0.7815E+00
160.000	0.2684E+01	0.4241E+00	0.7783E-01	0.8154E+00
165.000	0.2159E+01	0.4280E+00	0.3452E+00	0.7881E+00
170.000	0.1773E+01	0.3674E+00	0.6417E+00	0.6557E+00
175.000	0.1537E+01	0.2191E+00	0.8960E+00	0.3837E+00
180.000	0.1458E+01	0.9193E-04	0.1000E+01	0.8989E-04
