0.000	0.9422E+01	0.0000E+00	0.1000E+01	0.0000E+00
5.000	0.9532E+01	-0.3138E-01	0.9663E+00	-0.2555E+00
10.000	0.9858E+01	-0.5930E-01	0.8704E+00	-0.4875E+00
15.000	0.1039E+02	-0.8112E-01	0.7267E+00	-0.6781E+00
20.000	0.1111E+02	-0.9553E-01	0.5535E+00	-0.8185E+00
25.000	0.1200E+02	-0.1024E+00	0.3680E+00	-0.9083E+00
30.000	0.1302E+02	-0.1025E+00	0.1841E+00	-0.9526E+00
35.000	0.1415E+02	-0.9683E-01	0.1077E-01	-0.9594E+00
40.000	0.1535E+02	-0.8658E-01	-0.1470E+00	-0.9368E+00
45.000	0.1658E+02	-0.7273E-01	-0.2872E+00	-0.8922E+00
50.000	0.1781E+02	-0.5608E-01	-0.4096E+00	-0.8316E+00
55.000	0.1900E+02	-0.3720E-01	-0.5149E+00	-0.7593E+00
60.000	0.2010E+02	-0.1649E-01	-0.6045E+00	-0.6788E+00
65.000	0.2109E+02	0.5771E-02	-0.6796E+00	-0.5922E+00
70.000	0.2195E+02	0.2942E-01	-0.7413E+00	-0.5013E+00
75.000	0.2263E+02	0.5434E-01	-0.7907E+00	-0.4068E+00
80.000	0.2313E+02	0.8045E-01	-0.8284E+00	-0.3096E+00
85.000	0.2344E+02	0.1077E+00	-0.8547E+00	-0.2101E+00
90.000	0.2354E+02	0.1360E+00	-0.8697E+00	-0.1085E+00
95.000	0.2343E+02	0.1652E+00	-0.8732E+00	-0.5154E-02
100.000	0.2313E+02	0.1952E+00	-0.8646E+00	0.9959E-01
105.000	0.2263E+02	0.2258E+00	-0.8432E+00	0.2053E+00
110.000	0.2196E+02	0.2566E+00	-0.8078E+00	0.3112E+00
115.000	0.2115E+02	0.2872E+00	-0.7570E+00	0.4162E+00
120.000	0.2020E+02	0.3169E+00	-0.6892E+00	0.5188E+00
125.000	0.1916E+02	0.3448E+00	-0.6029E+00	0.6167E+00
130.000	0.1806E+02	0.3697E+00	-0.4964E+00	0.7067E+00
135.000	0.1692E+02	0.3899E+00	-0.3683E+00	0.7847E+00
140.000	0.1579E+02	0.4033E+00	-0.2184E+00	0.8452E+00
145.000	0.1469E+02	0.4073E+00	-0.4776E-01	0.8814E+00
150.000	0.1367E+02	0.3991E+00	0.1402E+00	0.8858E+00
155.000	0.1274E+02	0.3756E+00	0.3385E+00	0.8503E+00
160.000	0.1195E+02	0.3342E+00	0.5363E+00	0.7683E+00
165.000	0.1130E+02	0.2737E+00	0.7185E+00	0.6364E+00
170.000	0.1083E+02	0.1949E+00	0.8675E+00	0.4568E+00
175.000	0.1054E+02	0.1015E+00	0.9656E+00	0.2391E+00
180.000	0.1044E+02	0.2525E-04	0.1000E+01	0.3627E-04
