0.000	0.9988E+01	0.0000E+00	0.1000E+01	0.0000E+00
5.000	0.1011E+02	-0.2716E-01	0.9657E+00	-0.2579E+00
10.000	0.1047E+02	-0.5214E-01	0.8687E+00	-0.4910E+00
15.000	0.1106E+02	-0.7324E-01	0.7241E+00	-0.6810E+00
20.000	0.1185E+02	-0.8940E-01	0.5508E+00	-0.8195E+00
25.000	0.1281E+02	-0.1002E+00	0.3663E+00	-0.9068E+00
30.000	0.1390E+02	-0.1056E+00	0.1839E+00	-0.9489E+00
35.000	0.1509E+02	-0.1057E+00	0.1197E-01	-0.9540E+00
40.000	0.1632E+02	-0.1010E+00	-0.1450E+00	-0.9302E+00
45.000	0.1757E+02	-0.9166E-01	-0.2852E+00	-0.8845E+00
50.000	0.1880E+02	-0.7803E-01	-0.4082E+00	-0.8224E+00
55.000	0.1996E+02	-0.6046E-01	-0.5147E+00	-0.7481E+00
60.000	0.2103E+02	-0.3934E-01	-0.6053E+00	-0.6648E+00
65.000	0.2198E+02	-0.1509E-01	-0.6809E+00	-0.5746E+00
70.000	0.2279E+02	0.1183E-01	-0.7423E+00	-0.4794E+00
75.000	0.2344E+02	0.4094E-01	-0.7902E+00	-0.3805E+00
80.000	0.2391E+02	0.7177E-01	-0.8250E+00	-0.2789E+00
85.000	0.2419E+02	0.1039E+00	-0.8471E+00	-0.1755E+00
90.000	0.2427E+02	0.1369E+00	-0.8567E+00	-0.7089E-01
95.000	0.2415E+02	0.1705E+00	-0.8539E+00	0.3426E-01
100.000	0.2382E+02	0.2044E+00	-0.8385E+00	0.1394E+00
105.000	0.2331E+02	0.2383E+00	-0.8099E+00	0.2439E+00
110.000	0.2262E+02	0.2720E+00	-0.7676E+00	0.3471E+00
115.000	0.2178E+02	0.3052E+00	-0.7103E+00	0.4478E+00
120.000	0.2080E+02	0.3372E+00	-0.6369E+00	0.5446E+00
125.000	0.1973E+02	0.3674E+00	-0.5459E+00	0.6354E+00
130.000	0.1860E+02	0.3944E+00	-0.4360E+00	0.7172E+00
135.000	0.1744E+02	0.4165E+00	-0.3060E+00	0.7860E+00
140.000	0.1629E+02	0.4314E+00	-0.1560E+00	0.8366E+00
145.000	0.1519E+02	0.4362E+00	0.1242E-01	0.8629E+00
150.000	0.1418E+02	0.4276E+00	0.1954E+00	0.8580E+00
155.000	0.1327E+02	0.4022E+00	0.3857E+00	0.8152E+00
160.000	0.1250E+02	0.3575E+00	0.5727E+00	0.7295E+00
165.000	0.1188E+02	0.2923E+00	0.7425E+00	0.5991E+00
170.000	0.1143E+02	0.2078E+00	0.8795E+00	0.4270E+00
175.000	0.1115E+02	0.1081E+00	0.9689E+00	0.2225E+00
180.000	0.1106E+02	0.2711E-04	0.1000E+01	0.3392E-04
