0.000	0.8585E+01	0.0000E+00	0.1000E+01	0.0000E+00
5.000	0.8684E+01	-0.2868E-01	0.9663E+00	-0.2555E+00
10.000	0.8978E+01	-0.5411E-01	0.8708E+00	-0.4875E+00
15.000	0.9458E+01	-0.7382E-01	0.7273E+00	-0.6785E+00
20.000	0.1011E+02	-0.8655E-01	0.5541E+00	-0.8195E+00
25.000	0.1091E+02	-0.9218E-01	0.3684E+00	-0.9100E+00
30.000	0.1183E+02	-0.9136E-01	0.1840E+00	-0.9550E+00
35.000	0.1286E+02	-0.8510E-01	0.1000E-01	-0.9623E+00
40.000	0.1394E+02	-0.7447E-01	-0.1486E+00	-0.9400E+00
45.000	0.1506E+02	-0.6039E-01	-0.2897E+00	-0.8955E+00
50.000	0.1617E+02	-0.4362E-01	-0.4130E+00	-0.8346E+00
55.000	0.1724E+02	-0.2470E-01	-0.5192E+00	-0.7620E+00
60.000	0.1825E+02	-0.4017E-02	-0.6096E+00	-0.6808E+00
65.000	0.1915E+02	0.1817E-01	-0.6853E+00	-0.5934E+00
70.000	0.1993E+02	0.4170E-01	-0.7475E+00	-0.5014E+00
75.000	0.2057E+02	0.6645E-01	-0.7972E+00	-0.4057E+00
80.000	0.2104E+02	0.9235E-01	-0.8349E+00	-0.3072E+00
85.000	0.2133E+02	0.1193E+00	-0.8611E+00	-0.2062E+00
90.000	0.2144E+02	0.1473E+00	-0.8757E+00	-0.1031E+00
95.000	0.2136E+02	0.1761E+00	-0.8784E+00	0.1704E-02
100.000	0.2111E+02	0.2055E+00	-0.8688E+00	0.1079E+00
105.000	0.2068E+02	0.2355E+00	-0.8459E+00	0.2150E+00
110.000	0.2011E+02	0.2655E+00	-0.8087E+00	0.3221E+00
115.000	0.1939E+02	0.2951E+00	-0.7558E+00	0.4280E+00
120.000	0.1856E+02	0.3236E+00	-0.6856E+00	0.5311E+00
125.000	0.1765E+02	0.3501E+00	-0.5967E+00	0.6289E+00
130.000	0.1668E+02	0.3733E+00	-0.4875E+00	0.7183E+00
135.000	0.1567E+02	0.3917E+00	-0.3570E+00	0.7948E+00
140.000	0.1467E+02	0.4031E+00	-0.2050E+00	0.8531E+00
145.000	0.1370E+02	0.4050E+00	-0.3309E-01	0.8865E+00
150.000	0.1280E+02	0.3949E+00	0.1550E+00	0.8875E+00
155.000	0.1198E+02	0.3698E+00	0.3521E+00	0.8488E+00
160.000	0.1127E+02	0.3276E+00	0.5473E+00	0.7643E+00
165.000	0.1070E+02	0.2672E+00	0.7261E+00	0.6310E+00
170.000	0.1028E+02	0.1897E+00	0.8713E+00	0.4517E+00
175.000	0.1002E+02	0.9862E-01	0.9667E+00	0.2360E+00
180.000	0.9931E+01	0.2399E-04	0.1000E+01	0.3534E-04
