0.000	0.1926E+01	0.0000E+00	0.1000E+01	0.0000E+00
5.000	0.1943E+01	0.1227E-01	0.9701E+00	-0.2423E+00
10.000	0.1995E+01	0.2471E-01	0.8843E+00	-0.4658E+00
15.000	0.2079E+01	0.3747E-01	0.7530E+00	-0.6558E+00
20.000	0.2193E+01	0.5071E-01	0.5902E+00	-0.8031E+00
25.000	0.2333E+01	0.6452E-01	0.4102E+00	-0.9052E+00
30.000	0.2496E+01	0.7902E-01	0.2254E+00	-0.9638E+00
35.000	0.2677E+01	0.9424E-01	0.4507E-01	-0.9840E+00
40.000	0.2870E+01	0.1102E+00	-0.1245E+00	-0.9718E+00
45.000	0.3071E+01	0.1270E+00	-0.2795E+00	-0.9330E+00
50.000	0.3274E+01	0.1445E+00	-0.4181E+00	-0.8731E+00
55.000	0.3476E+01	0.1626E+00	-0.5396E+00	-0.7966E+00
60.000	0.3670E+01	0.1814E+00	-0.6438E+00	-0.7071E+00
65.000	0.3852E+01	0.2008E+00	-0.7311E+00	-0.6075E+00
70.000	0.4019E+01	0.2205E+00	-0.8018E+00	-0.5001E+00
75.000	0.4166E+01	0.2406E+00	-0.8563E+00	-0.3866E+00
80.000	0.4291E+01	0.2609E+00	-0.8949E+00	-0.2686E+00
85.000	0.4391E+01	0.2812E+00	-0.9174E+00	-0.1471E+00
90.000	0.4466E+01	0.3014E+00	-0.9238E+00	-0.2358E-01
95.000	0.4512E+01	0.3211E+00	-0.9136E+00	0.1009E+00
100.000	0.4532E+01	0.3400E+00	-0.8864E+00	0.2249E+00
105.000	0.4526E+01	0.3578E+00	-0.8415E+00	0.3469E+00
110.000	0.4495E+01	0.3738E+00	-0.7783E+00	0.4647E+00
115.000	0.4441E+01	0.3875E+00	-0.6962E+00	0.5759E+00
120.000	0.4368E+01	0.3980E+00	-0.5951E+00	0.6777E+00
125.000	0.4279E+01	0.4046E+00	-0.4751E+00	0.7665E+00
130.000	0.4177E+01	0.4062E+00	-0.3372E+00	0.8385E+00
135.000	0.4068E+01	0.4018E+00	-0.1834E+00	0.8895E+00
140.000	0.3954E+01	0.3904E+00	-0.1657E-01	0.9152E+00
145.000	0.3841E+01	0.3709E+00	0.1587E+00	0.9115E+00
150.000	0.3732E+01	0.3426E+00	0.3364E+00	0.8749E+00
155.000	0.3632E+01	0.3050E+00	0.5092E+00	0.8035E+00
160.000	0.3545E+01	0.2581E+00	0.6685E+00	0.6968E+00
165.000	0.3473E+01	0.2025E+00	0.8053E+00	0.5569E+00
170.000	0.3419E+01	0.1395E+00	0.9107E+00	0.3888E+00
175.000	0.3386E+01	0.7120E-01	0.9772E+00	0.1999E+00
180.000	0.3375E+01	0.1303E-04	0.1000E+01	0.2487E-04
