0.000	0.4990E+01	0.0000E+00	0.1000E+01	0.0000E+00
5.000	0.5029E+01	-0.4588E-01	0.9739E+00	-0.2222E+00
10.000	0.5147E+01	-0.9016E-01	0.8986E+00	-0.4280E+00
15.000	0.5341E+01	-0.1314E+00	0.7823E+00	-0.6039E+00
20.000	0.5608E+01	-0.1685E+00	0.6369E+00	-0.7412E+00
25.000	0.5943E+01	-0.2006E+00	0.4750E+00	-0.8363E+00
30.000	0.6337E+01	-0.2273E+00	0.3082E+00	-0.8904E+00
35.000	0.6781E+01	-0.2485E+00	0.1460E+00	-0.9078E+00
40.000	0.7263E+01	-0.2643E+00	-0.5119E-02	-0.8946E+00
45.000	0.7768E+01	-0.2751E+00	-0.1410E+00	-0.8573E+00
50.000	0.8279E+01	-0.2812E+00	-0.2597E+00	-0.8023E+00
55.000	0.8777E+01	-0.2830E+00	-0.3608E+00	-0.7350E+00
60.000	0.9242E+01	-0.2810E+00	-0.4451E+00	-0.6597E+00
65.000	0.9654E+01	-0.2756E+00	-0.5136E+00	-0.5801E+00
70.000	0.9993E+01	-0.2672E+00	-0.5679E+00	-0.4985E+00
75.000	0.1024E+02	-0.2562E+00	-0.6096E+00	-0.4170E+00
80.000	0.1038E+02	-0.2426E+00	-0.6402E+00	-0.3368E+00
85.000	0.1041E+02	-0.2269E+00	-0.6612E+00	-0.2588E+00
90.000	0.1030E+02	-0.2089E+00	-0.6738E+00	-0.1834E+00
95.000	0.1007E+02	-0.1889E+00	-0.6791E+00	-0.1109E+00
100.000	0.9709E+01	-0.1668E+00	-0.6779E+00	-0.4130E-01
105.000	0.9229E+01	-0.1424E+00	-0.6710E+00	0.2545E-01
110.000	0.8642E+01	-0.1155E+00	-0.6588E+00	0.8962E-01
115.000	0.7965E+01	-0.8595E-01	-0.6417E+00	0.1516E+00
120.000	0.7218E+01	-0.5330E-01	-0.6197E+00	0.2119E+00
125.000	0.6423E+01	-0.1708E-01	-0.5925E+00	0.2713E+00
130.000	0.5606E+01	0.2328E-01	-0.5595E+00	0.3305E+00
135.000	0.4789E+01	0.6846E-01	-0.5193E+00	0.3907E+00
140.000	0.3997E+01	0.1192E+00	-0.4697E+00	0.4529E+00
145.000	0.3251E+01	0.1761E+00	-0.4067E+00	0.5183E+00
150.000	0.2570E+01	0.2395E+00	-0.3240E+00	0.5875E+00
155.000	0.1969E+01	0.3079E+00	-0.2109E+00	0.6590E+00
160.000	0.1462E+01	0.3758E+00	-0.5048E-01	0.7249E+00
165.000	0.1058E+01	0.4263E+00	0.1802E+00	0.7612E+00
170.000	0.7652E+00	0.4182E+00	0.4948E+00	0.7075E+00
175.000	0.5875E+00	0.2823E+00	0.8352E+00	0.4627E+00
180.000	0.5280E+00	0.1461E-03	0.1000E+01	0.1177E-03
