0.000	0.9736E+01	0.0000E+00	0.1000E+01	0.0000E+00
5.000	0.9830E+01	-0.2829E-01	0.9701E+00	-0.2407E+00
10.000	0.1011E+02	-0.5633E-01	0.8846E+00	-0.4614E+00
15.000	0.1057E+02	-0.8367E-01	0.7544E+00	-0.6463E+00
20.000	0.1121E+02	-0.1095E+00	0.5944E+00	-0.7861E+00
25.000	0.1200E+02	-0.1327E+00	0.4199E+00	-0.8786E+00
30.000	0.1294E+02	-0.1522E+00	0.2441E+00	-0.9268E+00
35.000	0.1400E+02	-0.1669E+00	0.7656E-01	-0.9374E+00
40.000	0.1514E+02	-0.1762E+00	-0.7662E-01	-0.9182E+00
45.000	0.1633E+02	-0.1796E+00	-0.2125E+00	-0.8767E+00
50.000	0.1754E+02	-0.1773E+00	-0.3303E+00	-0.8195E+00
55.000	0.1871E+02	-0.1695E+00	-0.4306E+00	-0.7518E+00
60.000	0.1982E+02	-0.1567E+00	-0.5150E+00	-0.6775E+00
65.000	0.2080E+02	-0.1397E+00	-0.5850E+00	-0.5993E+00
70.000	0.2163E+02	-0.1190E+00	-0.6424E+00	-0.5189E+00
75.000	0.2227E+02	-0.9544E-01	-0.6887E+00	-0.4374E+00
80.000	0.2269E+02	-0.6953E-01	-0.7251E+00	-0.3554E+00
85.000	0.2287E+02	-0.4179E-01	-0.7526E+00	-0.2729E+00
90.000	0.2280E+02	-0.1256E-01	-0.7717E+00	-0.1901E+00
95.000	0.2247E+02	0.1796E-01	-0.7829E+00	-0.1066E+00
100.000	0.2191E+02	0.4972E-01	-0.7860E+00	-0.2235E-01
105.000	0.2112E+02	0.8282E-01	-0.7808E+00	0.6283E-01
110.000	0.2012E+02	0.1175E+00	-0.7667E+00	0.1490E+00
115.000	0.1895E+02	0.1540E+00	-0.7427E+00	0.2363E+00
120.000	0.1763E+02	0.1927E+00	-0.7073E+00	0.3243E+00
125.000	0.1621E+02	0.2338E+00	-0.6588E+00	0.4127E+00
130.000	0.1473E+02	0.2771E+00	-0.5948E+00	0.5005E+00
135.000	0.1321E+02	0.3221E+00	-0.5121E+00	0.5860E+00
140.000	0.1172E+02	0.3674E+00	-0.4071E+00	0.6665E+00
145.000	0.1029E+02	0.4101E+00	-0.2753E+00	0.7371E+00
150.000	0.8948E+01	0.4455E+00	-0.1129E+00	0.7903E+00
155.000	0.7745E+01	0.4657E+00	0.8224E-01	0.8143E+00
160.000	0.6712E+01	0.4600E+00	0.3068E+00	0.7930E+00
165.000	0.5876E+01	0.4154E+00	0.5468E+00	0.7072E+00
170.000	0.5262E+01	0.3212E+00	0.7723E+00	0.5415E+00
175.000	0.4887E+01	0.1769E+00	0.9382E+00	0.2965E+00
180.000	0.4760E+01	0.5838E-04	0.1000E+01	0.5688E-04
