0.000	0.3601E+01	0.0000E+00	0.1000E+01	0.0000E+00
5.000	0.3638E+01	-0.4444E-02	0.9688E+00	-0.2478E+00
10.000	0.3748E+01	-0.8006E-02	0.8797E+00	-0.4745E+00
15.000	0.3926E+01	-0.9936E-02	0.7450E+00	-0.6641E+00
20.000	0.4164E+01	-0.9693E-02	0.5802E+00	-0.8080E+00
25.000	0.4453E+01	-0.6940E-02	0.4008E+00	-0.9048E+00
30.000	0.4781E+01	-0.1500E-02	0.2188E+00	-0.9582E+00
35.000	0.5135E+01	0.6705E-02	0.4295E-01	-0.9742E+00
40.000	0.5505E+01	0.1769E-01	-0.1216E+00	-0.9592E+00
45.000	0.5878E+01	0.3141E-01	-0.2721E+00	-0.9192E+00
50.000	0.6244E+01	0.4778E-01	-0.4069E+00	-0.8591E+00
55.000	0.6594E+01	0.6666E-01	-0.5257E+00	-0.7829E+00
60.000	0.6920E+01	0.8784E-01	-0.6281E+00	-0.6937E+00
65.000	0.7217E+01	0.1111E+00	-0.7142E+00	-0.5941E+00
70.000	0.7478E+01	0.1360E+00	-0.7838E+00	-0.4862E+00
75.000	0.7700E+01	0.1623E+00	-0.8371E+00	-0.3720E+00
80.000	0.7877E+01	0.1894E+00	-0.8739E+00	-0.2531E+00
85.000	0.8009E+01	0.2172E+00	-0.8941E+00	-0.1312E+00
90.000	0.8091E+01	0.2450E+00	-0.8978E+00	-0.7741E-02
95.000	0.8123E+01	0.2725E+00	-0.8848E+00	0.1157E+00
100.000	0.8104E+01	0.2992E+00	-0.8549E+00	0.2376E+00
105.000	0.8037E+01	0.3248E+00	-0.8079E+00	0.3564E+00
110.000	0.7924E+01	0.3485E+00	-0.7434E+00	0.4702E+00
115.000	0.7770E+01	0.3699E+00	-0.6610E+00	0.5770E+00
120.000	0.7581E+01	0.3881E+00	-0.5606E+00	0.6741E+00
125.000	0.7366E+01	0.4021E+00	-0.4423E+00	0.7585E+00
130.000	0.7134E+01	0.4108E+00	-0.3067E+00	0.8266E+00
135.000	0.6893E+01	0.4127E+00	-0.1555E+00	0.8743E+00
140.000	0.6654E+01	0.4066E+00	0.8414E-02	0.8973E+00
145.000	0.6425E+01	0.3910E+00	0.1806E+00	0.8916E+00
150.000	0.6213E+01	0.3648E+00	0.3551E+00	0.8538E+00
155.000	0.6026E+01	0.3274E+00	0.5243E+00	0.7821E+00
160.000	0.5867E+01	0.2788E+00	0.6797E+00	0.6764E+00
165.000	0.5741E+01	0.2197E+00	0.8124E+00	0.5393E+00
170.000	0.5650E+01	0.1518E+00	0.9141E+00	0.3756E+00
175.000	0.5594E+01	0.7758E-01	0.9781E+00	0.1929E+00
180.000	0.5576E+01	0.1606E-04	0.1000E+01	0.2544E-04
