0.000	0.8374E-01	0.0000E+00	0.1000E+01	0.0000E+00
5.000	0.8399E-01	0.6061E-01	0.9796E+00	-0.1918E+00
10.000	0.8475E-01	0.1199E+00	0.9194E+00	-0.3746E+00
15.000	0.8600E-01	0.1766E+00	0.8228E+00	-0.5399E+00
20.000	0.8777E-01	0.2297E+00	0.6951E+00	-0.6805E+00
25.000	0.9002E-01	0.2781E+00	0.5431E+00	-0.7908E+00
30.000	0.9275E-01	0.3213E+00	0.3744E+00	-0.8674E+00
35.000	0.9593E-01	0.3588E+00	0.1971E+00	-0.9085E+00
40.000	0.9951E-01	0.3906E+00	0.1860E-01	-0.9147E+00
45.000	0.1034E+00	0.4167E+00	-0.1541E+00	-0.8878E+00
50.000	0.1077E+00	0.4376E+00	-0.3153E+00	-0.8310E+00
55.000	0.1121E+00	0.4535E+00	-0.4604E+00	-0.7480E+00
60.000	0.1167E+00	0.4650E+00	-0.5860E+00	-0.6432E+00
65.000	0.1214E+00	0.4726E+00	-0.6896E+00	-0.5207E+00
70.000	0.1261E+00	0.4765E+00	-0.7695E+00	-0.3848E+00
75.000	0.1308E+00	0.4772E+00	-0.8247E+00	-0.2396E+00
80.000	0.1354E+00	0.4750E+00	-0.8549E+00	-0.8933E-01
85.000	0.1399E+00	0.4700E+00	-0.8599E+00	0.6227E-01
90.000	0.1444E+00	0.4624E+00	-0.8405E+00	0.2114E+00
95.000	0.1486E+00	0.4525E+00	-0.7975E+00	0.3545E+00
100.000	0.1527E+00	0.4403E+00	-0.7324E+00	0.4882E+00
105.000	0.1565E+00	0.4259E+00	-0.6471E+00	0.6094E+00
110.000	0.1601E+00	0.4095E+00	-0.5437E+00	0.7153E+00
115.000	0.1634E+00	0.3911E+00	-0.4247E+00	0.8033E+00
120.000	0.1664E+00	0.3707E+00	-0.2929E+00	0.8712E+00
125.000	0.1691E+00	0.3484E+00	-0.1514E+00	0.9174E+00
130.000	0.1715E+00	0.3242E+00	-0.3635E-02	0.9403E+00
135.000	0.1736E+00	0.2981E+00	0.1468E+00	0.9391E+00
140.000	0.1754E+00	0.2703E+00	0.2960E+00	0.9133E+00
145.000	0.1769E+00	0.2407E+00	0.4400E+00	0.8633E+00
150.000	0.1782E+00	0.2095E+00	0.5747E+00	0.7899E+00
155.000	0.1793E+00	0.1769E+00	0.6963E+00	0.6949E+00
160.000	0.1802E+00	0.1430E+00	0.8012E+00	0.5807E+00
165.000	0.1809E+00	0.1082E+00	0.8862E+00	0.4504E+00
170.000	0.1814E+00	0.7253E-01	0.9488E+00	0.3075E+00
175.000	0.1817E+00	0.3640E-01	0.9871E+00	0.1559E+00
180.000	0.1818E+00	0.3656E-05	0.1000E+01	0.1485E-04
