0.000	0.7434E+01	0.0000E+00	0.1000E+01	0.0000E+00
5.000	0.7486E+01	-0.1903E-01	0.9743E+00	-0.2243E+00
10.000	0.7644E+01	-0.3944E-01	0.8998E+00	-0.4333E+00
15.000	0.7908E+01	-0.6203E-01	0.7839E+00	-0.6138E+00
20.000	0.8279E+01	-0.8667E-01	0.6374E+00	-0.7566E+00
25.000	0.8754E+01	-0.1123E+00	0.4728E+00	-0.8573E+00
30.000	0.9330E+01	-0.1371E+00	0.3021E+00	-0.9161E+00
35.000	0.9997E+01	-0.1593E+00	0.1354E+00	-0.9370E+00
40.000	0.1074E+02	-0.1770E+00	-0.1987E-01	-0.9264E+00
45.000	0.1154E+02	-0.1892E+00	-0.1593E+00	-0.8912E+00
50.000	0.1237E+02	-0.1952E+00	-0.2809E+00	-0.8383E+00
55.000	0.1319E+02	-0.1951E+00	-0.3848E+00	-0.7736E+00
60.000	0.1398E+02	-0.1893E+00	-0.4721E+00	-0.7016E+00
65.000	0.1469E+02	-0.1785E+00	-0.5445E+00	-0.6255E+00
70.000	0.1530E+02	-0.1635E+00	-0.6039E+00	-0.5474E+00
75.000	0.1577E+02	-0.1450E+00	-0.6522E+00	-0.4686E+00
80.000	0.1608E+02	-0.1240E+00	-0.6908E+00	-0.3896E+00
85.000	0.1620E+02	-0.1008E+00	-0.7209E+00	-0.3107E+00
90.000	0.1614E+02	-0.7594E-01	-0.7433E+00	-0.2317E+00
95.000	0.1589E+02	-0.4963E-01	-0.7584E+00	-0.1523E+00
100.000	0.1545E+02	-0.2189E-01	-0.7664E+00	-0.7238E-01
105.000	0.1483E+02	0.7430E-02	-0.7671E+00	0.8397E-02
110.000	0.1407E+02	0.3864E-01	-0.7600E+00	0.9021E-01
115.000	0.1317E+02	0.7219E-01	-0.7445E+00	0.1732E+00
120.000	0.1216E+02	0.1086E+00	-0.7194E+00	0.2572E+00
125.000	0.1108E+02	0.1484E+00	-0.6832E+00	0.3424E+00
130.000	0.9954E+01	0.1920E+00	-0.6338E+00	0.4282E+00
135.000	0.8808E+01	0.2395E+00	-0.5684E+00	0.5140E+00
140.000	0.7675E+01	0.2905E+00	-0.4829E+00	0.5983E+00
145.000	0.6586E+01	0.3431E+00	-0.3722E+00	0.6782E+00
150.000	0.5571E+01	0.3938E+00	-0.2296E+00	0.7479E+00
155.000	0.4658E+01	0.4355E+00	-0.4838E-01	0.7970E+00
160.000	0.3872E+01	0.4560E+00	0.1756E+00	0.8078E+00
165.000	0.3236E+01	0.4368E+00	0.4359E+00	0.7533E+00
170.000	0.2769E+01	0.3566E+00	0.7035E+00	0.6029E+00
175.000	0.2482E+01	0.2045E+00	0.9167E+00	0.3416E+00
180.000	0.2386E+01	0.7693E-04	0.1000E+01	0.7312E-04
