0.000	0.2228E-03	0.0000E+00	0.1000E+01	0.0000E+00
5.000	0.2243E-03	-0.1730E+00	0.9845E+00	-0.3007E-01
10.000	0.2287E-03	-0.3379E+00	0.9395E+00	-0.5481E-01
15.000	0.2361E-03	-0.4879E+00	0.8698E+00	-0.6971E-01
20.000	0.2465E-03	-0.6180E+00	0.7821E+00	-0.7170E-01
25.000	0.2596E-03	-0.7254E+00	0.6838E+00	-0.5933E-01
30.000	0.2754E-03	-0.8093E+00	0.5825E+00	-0.3279E-01
35.000	0.2938E-03	-0.8707E+00	0.4845E+00	0.6575E-02
40.000	0.3147E-03	-0.9116E+00	0.3948E+00	0.5659E-01
45.000	0.3379E-03	-0.9348E+00	0.3170E+00	0.1146E+00
50.000	0.3632E-03	-0.9430E+00	0.2531E+00	0.1780E+00
55.000	0.3904E-03	-0.9390E+00	0.2042E+00	0.2442E+00
60.000	0.4192E-03	-0.9252E+00	0.1704E+00	0.3107E+00
65.000	0.4496E-03	-0.9037E+00	0.1514E+00	0.3757E+00
70.000	0.4812E-03	-0.8763E+00	0.1461E+00	0.4373E+00
75.000	0.5139E-03	-0.8445E+00	0.1535E+00	0.4941E+00
80.000	0.5473E-03	-0.8094E+00	0.1721E+00	0.5450E+00
85.000	0.5811E-03	-0.7719E+00	0.2007E+00	0.5890E+00
90.000	0.6153E-03	-0.7327E+00	0.2378E+00	0.6255E+00
95.000	0.6493E-03	-0.6924E+00	0.2819E+00	0.6539E+00
100.000	0.6832E-03	-0.6513E+00	0.3316E+00	0.6738E+00
105.000	0.7165E-03	-0.6098E+00	0.3857E+00	0.6851E+00
110.000	0.7490E-03	-0.5681E+00	0.4428E+00	0.6878E+00
115.000	0.7804E-03	-0.5264E+00	0.5017E+00	0.6817E+00
120.000	0.8106E-03	-0.4848E+00	0.5611E+00	0.6671E+00
125.000	0.8393E-03	-0.4433E+00	0.6201E+00	0.6443E+00
130.000	0.8663E-03	-0.4020E+00	0.6776E+00	0.6136E+00
135.000	0.8914E-03	-0.3609E+00	0.7327E+00	0.5754E+00
140.000	0.9143E-03	-0.3201E+00	0.7843E+00	0.5302E+00
145.000	0.9350E-03	-0.2795E+00	0.8319E+00	0.4787E+00
150.000	0.9533E-03	-0.2392E+00	0.8745E+00	0.4214E+00
155.000	0.9690E-03	-0.1990E+00	0.9117E+00	0.3591E+00
160.000	0.9819E-03	-0.1590E+00	0.9429E+00	0.2925E+00
165.000	0.9922E-03	-0.1191E+00	0.9676E+00	0.2225E+00
170.000	0.9995E-03	-0.7935E-01	0.9855E+00	0.1498E+00
175.000	0.1004E-02	-0.3966E-01	0.9964E+00	0.7535E-01
180.000	0.1005E-02	-0.3779E-05	0.1000E+01	0.7139E-05
