0.000	0.6613E+01	0.0000E+00	0.1000E+01	0.0000E+00
5.000	0.6678E+01	-0.5481E-01	0.9708E+00	-0.2333E+00
10.000	0.6869E+01	-0.1062E+00	0.8873E+00	-0.4472E+00
15.000	0.7182E+01	-0.1514E+00	0.7603E+00	-0.6263E+00
20.000	0.7609E+01	-0.1888E+00	0.6046E+00	-0.7619E+00
25.000	0.8137E+01	-0.2176E+00	0.4349E+00	-0.8520E+00
30.000	0.8752E+01	-0.2382E+00	0.2638E+00	-0.8997E+00
35.000	0.9435E+01	-0.2513E+00	0.1005E+00	-0.9110E+00
40.000	0.1016E+02	-0.2578E+00	-0.4926E-01	-0.8933E+00
45.000	0.1092E+02	-0.2588E+00	-0.1825E+00	-0.8536E+00
50.000	0.1167E+02	-0.2552E+00	-0.2983E+00	-0.7980E+00
55.000	0.1238E+02	-0.2477E+00	-0.3970E+00	-0.7315E+00
60.000	0.1305E+02	-0.2370E+00	-0.4797E+00	-0.6580E+00
65.000	0.1362E+02	-0.2235E+00	-0.5478E+00	-0.5804E+00
70.000	0.1409E+02	-0.2076E+00	-0.6029E+00	-0.5008E+00
75.000	0.1443E+02	-0.1895E+00	-0.6464E+00	-0.4205E+00
80.000	0.1462E+02	-0.1693E+00	-0.6796E+00	-0.3407E+00
85.000	0.1465E+02	-0.1471E+00	-0.7037E+00	-0.2617E+00
90.000	0.1451E+02	-0.1229E+00	-0.7196E+00	-0.1840E+00
95.000	0.1420E+02	-0.9660E-01	-0.7280E+00	-0.1077E+00
100.000	0.1373E+02	-0.6809E-01	-0.7295E+00	-0.3263E-01
105.000	0.1310E+02	-0.3719E-01	-0.7244E+00	0.4132E-01
110.000	0.1234E+02	-0.3672E-02	-0.7127E+00	0.1145E+00
115.000	0.1146E+02	0.3274E-01	-0.6942E+00	0.1873E+00
120.000	0.1048E+02	0.7232E-01	-0.6682E+00	0.2601E+00
125.000	0.9444E+01	0.1154E+00	-0.6337E+00	0.3335E+00
130.000	0.8372E+01	0.1621E+00	-0.5888E+00	0.4079E+00
135.000	0.7298E+01	0.2126E+00	-0.5310E+00	0.4834E+00
140.000	0.6251E+01	0.2664E+00	-0.4565E+00	0.5595E+00
145.000	0.5260E+01	0.3222E+00	-0.3598E+00	0.6348E+00
150.000	0.4350E+01	0.3773E+00	-0.2338E+00	0.7050E+00
155.000	0.3544E+01	0.4256E+00	-0.6961E-01	0.7614E+00
160.000	0.2861E+01	0.4554E+00	0.1406E+00	0.7869E+00
165.000	0.2315E+01	0.4472E+00	0.3966E+00	0.7523E+00
170.000	0.1918E+01	0.3748E+00	0.6740E+00	0.6186E+00
175.000	0.1676E+01	0.2196E+00	0.9063E+00	0.3584E+00
180.000	0.1595E+01	0.9058E-04	0.1000E+01	0.7565E-04
