0.000	0.5616E+01	0.0000E+00	0.1000E+01	0.0000E+00
5.000	0.5637E+01	-0.3907E-02	0.9796E+00	-0.2007E+00
10.000	0.5702E+01	-0.1091E-01	0.9196E+00	-0.3916E+00
15.000	0.5814E+01	-0.2341E-01	0.8234E+00	-0.5633E+00
20.000	0.5981E+01	-0.4254E-01	0.6970E+00	-0.7076E+00
25.000	0.6208E+01	-0.6788E-01	0.5484E+00	-0.8183E+00
30.000	0.6500E+01	-0.9759E-01	0.3872E+00	-0.8922E+00
35.000	0.6860E+01	-0.1288E+00	0.2233E+00	-0.9293E+00
40.000	0.7282E+01	-0.1586E+00	0.6523E-01	-0.9331E+00
45.000	0.7759E+01	-0.1841E+00	-0.8034E-01	-0.9091E+00
50.000	0.8274E+01	-0.2038E+00	-0.2095E+00	-0.8637E+00
55.000	0.8807E+01	-0.2166E+00	-0.3209E+00	-0.8035E+00
60.000	0.9332E+01	-0.2227E+00	-0.4148E+00	-0.7339E+00
65.000	0.9822E+01	-0.2227E+00	-0.4927E+00	-0.6589E+00
70.000	0.1025E+02	-0.2174E+00	-0.5566E+00	-0.5815E+00
75.000	0.1059E+02	-0.2078E+00	-0.6086E+00	-0.5033E+00
80.000	0.1081E+02	-0.1948E+00	-0.6504E+00	-0.4252E+00
85.000	0.1091E+02	-0.1793E+00	-0.6835E+00	-0.3477E+00
90.000	0.1087E+02	-0.1618E+00	-0.7090E+00	-0.2705E+00
95.000	0.1070E+02	-0.1426E+00	-0.7274E+00	-0.1935E+00
100.000	0.1038E+02	-0.1219E+00	-0.7392E+00	-0.1164E+00
105.000	0.9945E+01	-0.9943E-01	-0.7444E+00	-0.3909E-01
110.000	0.9392E+01	-0.7501E-01	-0.7429E+00	0.3875E-01
115.000	0.8743E+01	-0.4810E-01	-0.7342E+00	0.1172E+00
120.000	0.8018E+01	-0.1807E-01	-0.7178E+00	0.1964E+00
125.000	0.7237E+01	0.1583E-01	-0.6928E+00	0.2765E+00
130.000	0.6422E+01	0.5439E-01	-0.6579E+00	0.3577E+00
135.000	0.5596E+01	0.9833E-01	-0.6108E+00	0.4400E+00
140.000	0.4779E+01	0.1482E+00	-0.5484E+00	0.5237E+00
145.000	0.3996E+01	0.2039E+00	-0.4655E+00	0.6081E+00
150.000	0.3266E+01	0.2642E+00	-0.3545E+00	0.6909E+00
155.000	0.2610E+01	0.3253E+00	-0.2045E+00	0.7659E+00
160.000	0.2047E+01	0.3775E+00	-0.1587E-02	0.8180E+00
165.000	0.1591E+01	0.4011E+00	0.2649E+00	0.8157E+00
170.000	0.1256E+01	0.3623E+00	0.5820E+00	0.7043E+00
175.000	0.1052E+01	0.2253E+00	0.8744E+00	0.4262E+00
180.000	0.9826E+00	0.1047E-03	0.1000E+01	0.1084E-03
