0.000	0.4865E+01	0.0000E+00	0.1000E+01	0.0000E+00
5.000	0.4875E+01	0.6146E-02	0.9825E+00	-0.1858E+00
10.000	0.4905E+01	0.8406E-02	0.9306E+00	-0.3646E+00
15.000	0.4962E+01	0.3538E-02	0.8460E+00	-0.5291E+00
20.000	0.5054E+01	-0.1046E-01	0.7321E+00	-0.6721E+00
25.000	0.5188E+01	-0.3389E-01	0.5944E+00	-0.7871E+00
30.000	0.5374E+01	-0.6524E-01	0.4407E+00	-0.8691E+00
35.000	0.5616E+01	-0.1015E+00	0.2800E+00	-0.9161E+00
40.000	0.5915E+01	-0.1389E+00	0.1213E+00	-0.9294E+00
45.000	0.6266E+01	-0.1737E+00	-0.2753E-01	-0.9131E+00
50.000	0.6658E+01	-0.2033E+00	-0.1614E+00	-0.8732E+00
55.000	0.7076E+01	-0.2258E+00	-0.2778E+00	-0.8163E+00
60.000	0.7497E+01	-0.2410E+00	-0.3763E+00	-0.7482E+00
65.000	0.7899E+01	-0.2492E+00	-0.4580E+00	-0.6737E+00
70.000	0.8256E+01	-0.2512E+00	-0.5248E+00	-0.5961E+00
75.000	0.8545E+01	-0.2482E+00	-0.5790E+00	-0.5176E+00
80.000	0.8745E+01	-0.2413E+00	-0.6225E+00	-0.4394E+00
85.000	0.8840E+01	-0.2315E+00	-0.6568E+00	-0.3618E+00
90.000	0.8820E+01	-0.2193E+00	-0.6832E+00	-0.2851E+00
95.000	0.8682E+01	-0.2053E+00	-0.7026E+00	-0.2090E+00
100.000	0.8428E+01	-0.1897E+00	-0.7154E+00	-0.1333E+00
105.000	0.8064E+01	-0.1724E+00	-0.7218E+00	-0.5782E-01
110.000	0.7603E+01	-0.1533E+00	-0.7219E+00	0.1755E-01
115.000	0.7060E+01	-0.1318E+00	-0.7155E+00	0.9292E-01
120.000	0.6451E+01	-0.1074E+00	-0.7025E+00	0.1684E+00
125.000	0.5793E+01	-0.7932E-01	-0.6823E+00	0.2443E+00
130.000	0.5108E+01	-0.4676E-01	-0.6540E+00	0.3208E+00
135.000	0.4412E+01	-0.8810E-02	-0.6164E+00	0.3987E+00
140.000	0.3726E+01	0.3539E-01	-0.5670E+00	0.4786E+00
145.000	0.3067E+01	0.8653E-01	-0.5015E+00	0.5613E+00
150.000	0.2456E+01	0.1448E+00	-0.4129E+00	0.6469E+00
155.000	0.1907E+01	0.2086E+00	-0.2896E+00	0.7330E+00
160.000	0.1436E+01	0.2728E+00	-0.1139E+00	0.8096E+00
165.000	0.1056E+01	0.3222E+00	0.1375E+00	0.8482E+00
170.000	0.7774E+00	0.3221E+00	0.4747E+00	0.7819E+00
175.000	0.6071E+00	0.2184E+00	0.8309E+00	0.5056E+00
180.000	0.5498E+00	0.1230E-03	0.1000E+01	0.1476E-03
