0.000	0.1246E+02	0.0000E+00	0.1000E+01	0.0000E+00
5.000	0.1261E+02	-0.3275E-01	0.9667E+00	-0.2535E+00
10.000	0.1304E+02	-0.6377E-01	0.8723E+00	-0.4831E+00
15.000	0.1375E+02	-0.9158E-01	0.7310E+00	-0.6710E+00
20.000	0.1471E+02	-0.1150E+00	0.5608E+00	-0.8083E+00
25.000	0.1589E+02	-0.1334E+00	0.3792E+00	-0.8950E+00
30.000	0.1726E+02	-0.1463E+00	0.1995E+00	-0.9364E+00
35.000	0.1876E+02	-0.1536E+00	0.3064E-01	-0.9407E+00
40.000	0.2035E+02	-0.1552E+00	-0.1225E+00	-0.9164E+00
45.000	0.2198E+02	-0.1513E+00	-0.2579E+00	-0.8710E+00
50.000	0.2359E+02	-0.1423E+00	-0.3754E+00	-0.8106E+00
55.000	0.2514E+02	-0.1286E+00	-0.4760E+00	-0.7397E+00
60.000	0.2657E+02	-0.1106E+00	-0.5609E+00	-0.6618E+00
65.000	0.2784E+02	-0.8884E-01	-0.6315E+00	-0.5792E+00
70.000	0.2891E+02	-0.6399E-01	-0.6891E+00	-0.4936E+00
75.000	0.2973E+02	-0.3656E-01	-0.7349E+00	-0.4059E+00
80.000	0.3029E+02	-0.7067E-02	-0.7699E+00	-0.3168E+00
85.000	0.3056E+02	0.2403E-01	-0.7946E+00	-0.2268E+00
90.000	0.3054E+02	0.5640E-01	-0.8096E+00	-0.1359E+00
95.000	0.3021E+02	0.8981E-01	-0.8150E+00	-0.4436E-01
100.000	0.2958E+02	0.1241E+00	-0.8107E+00	0.4785E-01
105.000	0.2868E+02	0.1593E+00	-0.7963E+00	0.1406E+00
110.000	0.2752E+02	0.1954E+00	-0.7709E+00	0.2339E+00
115.000	0.2615E+02	0.2325E+00	-0.7336E+00	0.3272E+00
120.000	0.2459E+02	0.2704E+00	-0.6828E+00	0.4199E+00
125.000	0.2290E+02	0.3090E+00	-0.6165E+00	0.5109E+00
130.000	0.2112E+02	0.3474E+00	-0.5323E+00	0.5984E+00
135.000	0.1931E+02	0.3843E+00	-0.4278E+00	0.6795E+00
140.000	0.1752E+02	0.4176E+00	-0.3002E+00	0.7499E+00
145.000	0.1580E+02	0.4438E+00	-0.1477E+00	0.8035E+00
150.000	0.1421E+02	0.4581E+00	0.2995E-01	0.8317E+00
155.000	0.1278E+02	0.4541E+00	0.2294E+00	0.8242E+00
160.000	0.1155E+02	0.4247E+00	0.4417E+00	0.7693E+00
165.000	0.1056E+02	0.3638E+00	0.6504E+00	0.6571E+00
170.000	0.9836E+01	0.2686E+00	0.8310E+00	0.4840E+00
175.000	0.9394E+01	0.1433E+00	0.9554E+00	0.2577E+00
180.000	0.9245E+01	0.4149E-04	0.1000E+01	0.4433E-04
