0.000	0.1214E+02	0.0000E+00	0.1000E+01	0.0000E+00
5.000	0.1228E+02	-0.5041E-01	0.9667E+00	-0.2508E+00
10.000	0.1271E+02	-0.9618E-01	0.8722E+00	-0.4779E+00
15.000	0.1340E+02	-0.1338E+00	0.7309E+00	-0.6639E+00
20.000	0.1435E+02	-0.1615E+00	0.5610E+00	-0.8002E+00
25.000	0.1551E+02	-0.1790E+00	0.3799E+00	-0.8865E+00
30.000	0.1684E+02	-0.1873E+00	0.2010E+00	-0.9283E+00
35.000	0.1831E+02	-0.1879E+00	0.3325E-01	-0.9337E+00
40.000	0.1986E+02	-0.1820E+00	-0.1187E+00	-0.9110E+00
45.000	0.2145E+02	-0.1713E+00	-0.2530E+00	-0.8676E+00
50.000	0.2302E+02	-0.1566E+00	-0.3697E+00	-0.8095E+00
55.000	0.2452E+02	-0.1389E+00	-0.4696E+00	-0.7410E+00
60.000	0.2590E+02	-0.1187E+00	-0.5542E+00	-0.6656E+00
65.000	0.2712E+02	-0.9647E-01	-0.6250E+00	-0.5855E+00
70.000	0.2812E+02	-0.7249E-01	-0.6833E+00	-0.5022E+00
75.000	0.2889E+02	-0.4692E-01	-0.7303E+00	-0.4168E+00
80.000	0.2939E+02	-0.1981E-01	-0.7670E+00	-0.3298E+00
85.000	0.2960E+02	0.8831E-02	-0.7939E+00	-0.2415E+00
90.000	0.2952E+02	0.3903E-01	-0.8115E+00	-0.1522E+00
95.000	0.2915E+02	0.7083E-01	-0.8199E+00	-0.6175E-01
100.000	0.2848E+02	0.1043E+00	-0.8188E+00	0.2977E-01
105.000	0.2756E+02	0.1394E+00	-0.8078E+00	0.1224E+00
110.000	0.2639E+02	0.1761E+00	-0.7859E+00	0.2160E+00
115.000	0.2501E+02	0.2142E+00	-0.7520E+00	0.3104E+00
120.000	0.2347E+02	0.2534E+00	-0.7043E+00	0.4049E+00
125.000	0.2180E+02	0.2931E+00	-0.6408E+00	0.4986E+00
130.000	0.2006E+02	0.3322E+00	-0.5592E+00	0.5896E+00
135.000	0.1830E+02	0.3692E+00	-0.4565E+00	0.6752E+00
140.000	0.1656E+02	0.4019E+00	-0.3300E+00	0.7508E+00
145.000	0.1489E+02	0.4270E+00	-0.1777E+00	0.8102E+00
150.000	0.1334E+02	0.4400E+00	0.1144E-02	0.8446E+00
155.000	0.1195E+02	0.4352E+00	0.2035E+00	0.8427E+00
160.000	0.1076E+02	0.4062E+00	0.4206E+00	0.7918E+00
165.000	0.9805E+01	0.3474E+00	0.6357E+00	0.6804E+00
170.000	0.9101E+01	0.2563E+00	0.8233E+00	0.5036E+00
175.000	0.8671E+01	0.1367E+00	0.9533E+00	0.2691E+00
180.000	0.8527E+01	0.4096E-04	0.1000E+01	0.4551E-04
