0.000	0.8664E+00	0.0000E+00	0.1000E+01	0.0000E+00
5.000	0.8723E+00	0.3456E-01	0.9738E+00	-0.2247E+00
10.000	0.8897E+00	0.6825E-01	0.8979E+00	-0.4348E+00
15.000	0.9182E+00	0.1003E+00	0.7795E+00	-0.6181E+00
20.000	0.9572E+00	0.1303E+00	0.6290E+00	-0.7659E+00
25.000	0.1006E+01	0.1579E+00	0.4578E+00	-0.8739E+00
30.000	0.1063E+01	0.1832E+00	0.2769E+00	-0.9416E+00
35.000	0.1126E+01	0.2064E+00	0.9559E-01	-0.9714E+00
40.000	0.1196E+01	0.2276E+00	-0.7910E-01	-0.9672E+00
45.000	0.1269E+01	0.2473E+00	-0.2421E+00	-0.9339E+00
50.000	0.1344E+01	0.2657E+00	-0.3900E+00	-0.8762E+00
55.000	0.1420E+01	0.2831E+00	-0.5208E+00	-0.7986E+00
60.000	0.1494E+01	0.2996E+00	-0.6336E+00	-0.7050E+00
65.000	0.1566E+01	0.3154E+00	-0.7278E+00	-0.5988E+00
70.000	0.1634E+01	0.3306E+00	-0.8033E+00	-0.4828E+00
75.000	0.1696E+01	0.3451E+00	-0.8601E+00	-0.3593E+00
80.000	0.1752E+01	0.3590E+00	-0.8980E+00	-0.2305E+00
85.000	0.1801E+01	0.3721E+00	-0.9171E+00	-0.9834E-01
90.000	0.1842E+01	0.3841E+00	-0.9173E+00	0.3538E-01
95.000	0.1875E+01	0.3950E+00	-0.8982E+00	0.1687E+00
100.000	0.1899E+01	0.4042E+00	-0.8598E+00	0.2995E+00
105.000	0.1916E+01	0.4116E+00	-0.8018E+00	0.4256E+00
110.000	0.1924E+01	0.4166E+00	-0.7244E+00	0.5443E+00
115.000	0.1925E+01	0.4187E+00	-0.6279E+00	0.6527E+00
120.000	0.1919E+01	0.4174E+00	-0.5132E+00	0.7476E+00
125.000	0.1906E+01	0.4120E+00	-0.3815E+00	0.8258E+00
130.000	0.1889E+01	0.4021E+00	-0.2352E+00	0.8837E+00
135.000	0.1868E+01	0.3871E+00	-0.7717E-01	0.9180E+00
140.000	0.1845E+01	0.3664E+00	0.8859E-01	0.9257E+00
145.000	0.1820E+01	0.3397E+00	0.2572E+00	0.9044E+00
150.000	0.1795E+01	0.3067E+00	0.4229E+00	0.8525E+00
155.000	0.1771E+01	0.2675E+00	0.5792E+00	0.7700E+00
160.000	0.1750E+01	0.2223E+00	0.7194E+00	0.6580E+00
165.000	0.1733E+01	0.1719E+00	0.8370E+00	0.5195E+00
170.000	0.1719E+01	0.1172E+00	0.9258E+00	0.3594E+00
175.000	0.1711E+01	0.5941E-01	0.9812E+00	0.1837E+00
180.000	0.1708E+01	0.9125E-05	0.1000E+01	0.2071E-04
