0.000	0.2335E+01	0.0000E+00	0.1000E+01	0.0000E+00
5.000	0.2356E+01	0.7262E-02	0.9703E+00	-0.2416E+00
10.000	0.2421E+01	0.1473E-01	0.8853E+00	-0.4641E+00
15.000	0.2526E+01	0.2262E-01	0.7557E+00	-0.6523E+00
20.000	0.2667E+01	0.3118E-01	0.5956E+00	-0.7977E+00
25.000	0.2837E+01	0.4066E-01	0.4193E+00	-0.8982E+00
30.000	0.3031E+01	0.5132E-01	0.2384E+00	-0.9562E+00
35.000	0.3242E+01	0.6336E-01	0.6157E-01	-0.9767E+00
40.000	0.3463E+01	0.7698E-01	-0.1055E+00	-0.9654E+00
45.000	0.3687E+01	0.9230E-01	-0.2595E+00	-0.9280E+00
50.000	0.3908E+01	0.1093E+00	-0.3985E+00	-0.8690E+00
55.000	0.4121E+01	0.1281E+00	-0.5215E+00	-0.7924E+00
60.000	0.4322E+01	0.1485E+00	-0.6279E+00	-0.7015E+00
65.000	0.4507E+01	0.1702E+00	-0.7175E+00	-0.5989E+00
70.000	0.4673E+01	0.1931E+00	-0.7898E+00	-0.4870E+00
75.000	0.4816E+01	0.2168E+00	-0.8447E+00	-0.3679E+00
80.000	0.4936E+01	0.2411E+00	-0.8820E+00	-0.2435E+00
85.000	0.5030E+01	0.2654E+00	-0.9014E+00	-0.1158E+00
90.000	0.5096E+01	0.2894E+00	-0.9029E+00	0.1336E-01
95.000	0.5135E+01	0.3128E+00	-0.8863E+00	0.1422E+00
100.000	0.5145E+01	0.3350E+00	-0.8515E+00	0.2689E+00
105.000	0.5128E+01	0.3556E+00	-0.7983E+00	0.3913E+00
110.000	0.5085E+01	0.3739E+00	-0.7266E+00	0.5074E+00
115.000	0.5019E+01	0.3895E+00	-0.6366E+00	0.6147E+00
120.000	0.4934E+01	0.4014E+00	-0.5284E+00	0.7102E+00
125.000	0.4833E+01	0.4087E+00	-0.4028E+00	0.7909E+00
130.000	0.4722E+01	0.4106E+00	-0.2612E+00	0.8531E+00
135.000	0.4605E+01	0.4059E+00	-0.1061E+00	0.8931E+00
140.000	0.4488E+01	0.3936E+00	0.5896E-01	0.9073E+00
145.000	0.4376E+01	0.3729E+00	0.2292E+00	0.8925E+00
150.000	0.4272E+01	0.3431E+00	0.3985E+00	0.8464E+00
155.000	0.4179E+01	0.3040E+00	0.5599E+00	0.7684E+00
160.000	0.4101E+01	0.2560E+00	0.7058E+00	0.6593E+00
165.000	0.4039E+01	0.1999E+00	0.8287E+00	0.5222E+00
170.000	0.3994E+01	0.1372E+00	0.9220E+00	0.3620E+00
175.000	0.3967E+01	0.6984E-01	0.9802E+00	0.1853E+00
180.000	0.3958E+01	0.1333E-04	0.1000E+01	0.2327E-04
