0.000	0.2530E+00	0.0000E+00	0.1000E+01	0.0000E+00
5.000	0.2541E+00	0.5960E-01	0.9779E+00	-0.2003E+00
10.000	0.2573E+00	0.1176E+00	0.9134E+00	-0.3898E+00
15.000	0.2626E+00	0.1724E+00	0.8110E+00	-0.5589E+00
20.000	0.2698E+00	0.2231E+00	0.6780E+00	-0.7003E+00
25.000	0.2788E+00	0.2688E+00	0.5225E+00	-0.8089E+00
30.000	0.2895E+00	0.3093E+00	0.3531E+00	-0.8825E+00
35.000	0.3015E+00	0.3445E+00	0.1779E+00	-0.9211E+00
40.000	0.3148E+00	0.3746E+00	0.3804E-02	-0.9263E+00
45.000	0.3291E+00	0.4001E+00	-0.1632E+00	-0.9006E+00
50.000	0.3441E+00	0.4213E+00	-0.3186E+00	-0.8474E+00
55.000	0.3596E+00	0.4387E+00	-0.4588E+00	-0.7704E+00
60.000	0.3755E+00	0.4527E+00	-0.5810E+00	-0.6732E+00
65.000	0.3914E+00	0.4637E+00	-0.6833E+00	-0.5595E+00
70.000	0.4073E+00	0.4719E+00	-0.7643E+00	-0.4329E+00
75.000	0.4228E+00	0.4775E+00	-0.8230E+00	-0.2969E+00
80.000	0.4377E+00	0.4807E+00	-0.8590E+00	-0.1548E+00
85.000	0.4519E+00	0.4816E+00	-0.8720E+00	-0.1002E-01
90.000	0.4651E+00	0.4803E+00	-0.8623E+00	0.1344E+00
95.000	0.4772E+00	0.4768E+00	-0.8302E+00	0.2752E+00
100.000	0.4880E+00	0.4710E+00	-0.7766E+00	0.4095E+00
105.000	0.4975E+00	0.4629E+00	-0.7024E+00	0.5343E+00
110.000	0.5057E+00	0.4523E+00	-0.6091E+00	0.6466E+00
115.000	0.5125E+00	0.4390E+00	-0.4983E+00	0.7438E+00
120.000	0.5181E+00	0.4229E+00	-0.3723E+00	0.8232E+00
125.000	0.5226E+00	0.4038E+00	-0.2337E+00	0.8822E+00
130.000	0.5261E+00	0.3816E+00	-0.8555E-01	0.9186E+00
135.000	0.5288E+00	0.3560E+00	0.6852E-01	0.9306E+00
140.000	0.5307E+00	0.3272E+00	0.2244E+00	0.9169E+00
145.000	0.5322E+00	0.2950E+00	0.3776E+00	0.8770E+00
150.000	0.5332E+00	0.2597E+00	0.5235E+00	0.8110E+00
155.000	0.5340E+00	0.2214E+00	0.6572E+00	0.7202E+00
160.000	0.5345E+00	0.1806E+00	0.7741E+00	0.6066E+00
165.000	0.5348E+00	0.1375E+00	0.8700E+00	0.4735E+00
170.000	0.5350E+00	0.9266E-01	0.9412E+00	0.3248E+00
175.000	0.5351E+00	0.4664E-01	0.9852E+00	0.1652E+00
180.000	0.5352E+00	0.5458E-05	0.1000E+01	0.1663E-04
