0.000	0.1651E+01	0.0000E+00	0.1000E+01	0.0000E+00
5.000	0.1665E+01	0.1682E-01	0.9707E+00	-0.2396E+00
10.000	0.1708E+01	0.3354E-01	0.8866E+00	-0.4611E+00
15.000	0.1777E+01	0.5008E-01	0.7574E+00	-0.6501E+00
20.000	0.1871E+01	0.6647E-01	0.5966E+00	-0.7977E+00
25.000	0.1986E+01	0.8278E-01	0.4180E+00	-0.9009E+00
30.000	0.2120E+01	0.9913E-01	0.2338E+00	-0.9613E+00
35.000	0.2269E+01	0.1156E+00	0.5321E-01	-0.9833E+00
40.000	0.2428E+01	0.1324E+00	-0.1173E+00	-0.9725E+00
45.000	0.2594E+01	0.1496E+00	-0.2739E+00	-0.9348E+00
50.000	0.2762E+01	0.1672E+00	-0.4143E+00	-0.8753E+00
55.000	0.2929E+01	0.1852E+00	-0.5377E+00	-0.7986E+00
60.000	0.3091E+01	0.2036E+00	-0.6436E+00	-0.7082E+00
65.000	0.3244E+01	0.2224E+00	-0.7323E+00	-0.6073E+00
70.000	0.3385E+01	0.2414E+00	-0.8040E+00	-0.4981E+00
75.000	0.3511E+01	0.2606E+00	-0.8590E+00	-0.3825E+00
80.000	0.3619E+01	0.2798E+00	-0.8974E+00	-0.2623E+00
85.000	0.3707E+01	0.2989E+00	-0.9193E+00	-0.1386E+00
90.000	0.3775E+01	0.3177E+00	-0.9246E+00	-0.1297E-01
95.000	0.3820E+01	0.3359E+00	-0.9127E+00	0.1134E+00
100.000	0.3843E+01	0.3531E+00	-0.8834E+00	0.2389E+00
105.000	0.3845E+01	0.3690E+00	-0.8360E+00	0.3618E+00
110.000	0.3827E+01	0.3831E+00	-0.7700E+00	0.4800E+00
115.000	0.3790E+01	0.3947E+00	-0.6851E+00	0.5910E+00
120.000	0.3738E+01	0.4030E+00	-0.5811E+00	0.6917E+00
125.000	0.3672E+01	0.4073E+00	-0.4586E+00	0.7787E+00
130.000	0.3595E+01	0.4066E+00	-0.3187E+00	0.8482E+00
135.000	0.3512E+01	0.4001E+00	-0.1636E+00	0.8961E+00
140.000	0.3425E+01	0.3866E+00	0.3521E-02	0.9183E+00
145.000	0.3338E+01	0.3655E+00	0.1779E+00	0.9111E+00
150.000	0.3255E+01	0.3360E+00	0.3536E+00	0.8713E+00
155.000	0.3178E+01	0.2979E+00	0.5234E+00	0.7974E+00
160.000	0.3110E+01	0.2511E+00	0.6791E+00	0.6893E+00
165.000	0.3055E+01	0.1964E+00	0.8119E+00	0.5495E+00
170.000	0.3013E+01	0.1350E+00	0.9139E+00	0.3829E+00
175.000	0.2988E+01	0.6880E-01	0.9781E+00	0.1966E+00
180.000	0.2979E+01	0.1220E-04	0.1000E+01	0.2400E-04
