0.000	0.5331E+01	0.0000E+00	0.1000E+01	0.0000E+00
5.000	0.5389E+01	-0.1621E-01	0.9672E+00	-0.2532E+00
10.000	0.5560E+01	-0.3017E-01	0.8739E+00	-0.4843E+00
15.000	0.5840E+01	-0.4013E-01	0.7329E+00	-0.6762E+00
20.000	0.6220E+01	-0.4516E-01	0.5614E+00	-0.8200E+00
25.000	0.6688E+01	-0.4509E-01	0.3761E+00	-0.9141E+00
30.000	0.7230E+01	-0.4030E-01	0.1903E+00	-0.9630E+00
35.000	0.7831E+01	-0.3143E-01	0.1338E-01	-0.9736E+00
40.000	0.8471E+01	-0.1922E-01	-0.1491E+00	-0.9536E+00
45.000	0.9132E+01	-0.4293E-02	-0.2946E+00	-0.9101E+00
50.000	0.9795E+01	0.1281E-01	-0.4225E+00	-0.8490E+00
55.000	0.1044E+02	0.3170E-01	-0.5331E+00	-0.7747E+00
60.000	0.1105E+02	0.5209E-01	-0.6274E+00	-0.6908E+00
65.000	0.1160E+02	0.7377E-01	-0.7064E+00	-0.5997E+00
70.000	0.1209E+02	0.9661E-01	-0.7711E+00	-0.5030E+00
75.000	0.1249E+02	0.1205E+00	-0.8223E+00	-0.4020E+00
80.000	0.1281E+02	0.1453E+00	-0.8605E+00	-0.2974E+00
85.000	0.1303E+02	0.1709E+00	-0.8858E+00	-0.1900E+00
90.000	0.1314E+02	0.1972E+00	-0.8982E+00	-0.8027E-01
95.000	0.1315E+02	0.2240E+00	-0.8974E+00	0.3125E-01
100.000	0.1307E+02	0.2510E+00	-0.8826E+00	0.1438E+00
105.000	0.1288E+02	0.2779E+00	-0.8531E+00	0.2566E+00
110.000	0.1261E+02	0.3042E+00	-0.8077E+00	0.3684E+00
115.000	0.1226E+02	0.3294E+00	-0.7453E+00	0.4775E+00
120.000	0.1184E+02	0.3526E+00	-0.6647E+00	0.5818E+00
125.000	0.1137E+02	0.3730E+00	-0.5646E+00	0.6784E+00
130.000	0.1087E+02	0.3892E+00	-0.4445E+00	0.7636E+00
135.000	0.1034E+02	0.3997E+00	-0.3041E+00	0.8329E+00
140.000	0.9816E+01	0.4028E+00	-0.1447E+00	0.8810E+00
145.000	0.9302E+01	0.3966E+00	0.3104E-01	0.9018E+00
150.000	0.8817E+01	0.3789E+00	0.2181E+00	0.8892E+00
155.000	0.8378E+01	0.3481E+00	0.4087E+00	0.8376E+00
160.000	0.7999E+01	0.3030E+00	0.5924E+00	0.7433E+00
165.000	0.7691E+01	0.2434E+00	0.7563E+00	0.6059E+00
170.000	0.7464E+01	0.1707E+00	0.8866E+00	0.4294E+00
175.000	0.7325E+01	0.8809E-01	0.9708E+00	0.2229E+00
180.000	0.7278E+01	0.1954E-04	0.1000E+01	0.3139E-04
