0.000	0.6060E+00	0.0000E+00	0.1000E+01	0.0000E+00
5.000	0.6097E+00	0.4394E-01	0.9750E+00	-0.2178E+00
10.000	0.6206E+00	0.8657E-01	0.9024E+00	-0.4222E+00
15.000	0.6385E+00	0.1268E+00	0.7887E+00	-0.6015E+00
20.000	0.6628E+00	0.1638E+00	0.6434E+00	-0.7477E+00
25.000	0.6930E+00	0.1973E+00	0.4770E+00	-0.8562E+00
30.000	0.7282E+00	0.2273E+00	0.2997E+00	-0.9261E+00
35.000	0.7676E+00	0.2540E+00	0.1202E+00	-0.9591E+00
40.000	0.8105E+00	0.2777E+00	-0.5444E-01	-0.9583E+00
45.000	0.8558E+00	0.2988E+00	-0.2190E+00	-0.9277E+00
50.000	0.9028E+00	0.3178E+00	-0.3698E+00	-0.8717E+00
55.000	0.9506E+00	0.3350E+00	-0.5042E+00	-0.7943E+00
60.000	0.9983E+00	0.3506E+00	-0.6205E+00	-0.6995E+00
65.000	0.1045E+01	0.3648E+00	-0.7179E+00	-0.5906E+00
70.000	0.1090E+01	0.3777E+00	-0.7956E+00	-0.4709E+00
75.000	0.1132E+01	0.3895E+00	-0.8533E+00	-0.3431E+00
80.000	0.1171E+01	0.4000E+00	-0.8910E+00	-0.2097E+00
85.000	0.1206E+01	0.4093E+00	-0.9084E+00	-0.7306E-01
90.000	0.1236E+01	0.4173E+00	-0.9056E+00	0.6461E-01
95.000	0.1262E+01	0.4237E+00	-0.8825E+00	0.2010E+00
100.000	0.1282E+01	0.4283E+00	-0.8391E+00	0.3338E+00
105.000	0.1298E+01	0.4308E+00	-0.7756E+00	0.4605E+00
110.000	0.1309E+01	0.4308E+00	-0.6925E+00	0.5782E+00
115.000	0.1315E+01	0.4278E+00	-0.5906E+00	0.6839E+00
120.000	0.1317E+01	0.4214E+00	-0.4713E+00	0.7746E+00
125.000	0.1316E+01	0.4113E+00	-0.3364E+00	0.8471E+00
130.000	0.1312E+01	0.3969E+00	-0.1886E+00	0.8982E+00
135.000	0.1306E+01	0.3779E+00	-0.3118E-01	0.9253E+00
140.000	0.1297E+01	0.3541E+00	0.1317E+00	0.9259E+00
145.000	0.1287E+01	0.3252E+00	0.2954E+00	0.8983E+00
150.000	0.1277E+01	0.2912E+00	0.4546E+00	0.8417E+00
155.000	0.1266E+01	0.2521E+00	0.6036E+00	0.7564E+00
160.000	0.1256E+01	0.2084E+00	0.7363E+00	0.6438E+00
165.000	0.1248E+01	0.1604E+00	0.8470E+00	0.5068E+00
170.000	0.1241E+01	0.1090E+00	0.9305E+00	0.3498E+00
175.000	0.1237E+01	0.5514E-01	0.9824E+00	0.1786E+00
180.000	0.1235E+01	0.7807E-05	0.1000E+01	0.1945E-04
