0.000	0.9565E+01	0.0000E+00	0.1000E+01	0.0000E+00
5.000	0.9673E+01	-0.5675E-01	0.9680E+00	-0.2440E+00
10.000	0.9992E+01	-0.1088E+00	0.8772E+00	-0.4659E+00
15.000	0.1051E+02	-0.1527E+00	0.7407E+00	-0.6486E+00
20.000	0.1122E+02	-0.1864E+00	0.5758E+00	-0.7836E+00
25.000	0.1209E+02	-0.2097E+00	0.3990E+00	-0.8702E+00
30.000	0.1310E+02	-0.2232E+00	0.2236E+00	-0.9131E+00
35.000	0.1420E+02	-0.2284E+00	0.5835E-01	-0.9200E+00
40.000	0.1538E+02	-0.2268E+00	-0.9162E-01	-0.8988E+00
45.000	0.1658E+02	-0.2197E+00	-0.2242E+00	-0.8569E+00
50.000	0.1777E+02	-0.2084E+00	-0.3392E+00	-0.8002E+00
55.000	0.1890E+02	-0.1936E+00	-0.4375E+00	-0.7334E+00
60.000	0.1994E+02	-0.1761E+00	-0.5204E+00	-0.6600E+00
65.000	0.2084E+02	-0.1563E+00	-0.5894E+00	-0.5823E+00
70.000	0.2158E+02	-0.1345E+00	-0.6459E+00	-0.5021E+00
75.000	0.2212E+02	-0.1109E+00	-0.6914E+00	-0.4204E+00
80.000	0.2245E+02	-0.8550E-01	-0.7268E+00	-0.3380E+00
85.000	0.2255E+02	-0.5839E-01	-0.7531E+00	-0.2553E+00
90.000	0.2240E+02	-0.2945E-01	-0.7708E+00	-0.1724E+00
95.000	0.2201E+02	0.1422E-02	-0.7803E+00	-0.8926E-01
100.000	0.2139E+02	0.3436E-01	-0.7818E+00	-0.5874E-02
105.000	0.2056E+02	0.6951E-01	-0.7750E+00	0.7796E-01
110.000	0.1952E+02	0.1070E+00	-0.7593E+00	0.1624E+00
115.000	0.1832E+02	0.1468E+00	-0.7341E+00	0.2476E+00
120.000	0.1699E+02	0.1890E+00	-0.6978E+00	0.3336E+00
125.000	0.1557E+02	0.2333E+00	-0.6486E+00	0.4201E+00
130.000	0.1409E+02	0.2791E+00	-0.5841E+00	0.5063E+00
135.000	0.1260E+02	0.3255E+00	-0.5011E+00	0.5909E+00
140.000	0.1114E+02	0.3707E+00	-0.3957E+00	0.6709E+00
145.000	0.9748E+01	0.4117E+00	-0.2638E+00	0.7414E+00
150.000	0.8462E+01	0.4437E+00	-0.1012E+00	0.7947E+00
155.000	0.7316E+01	0.4595E+00	0.9365E-01	0.8187E+00
160.000	0.6338E+01	0.4493E+00	0.3171E+00	0.7968E+00
165.000	0.5552E+01	0.4019E+00	0.5548E+00	0.7099E+00
170.000	0.4977E+01	0.3082E+00	0.7769E+00	0.5428E+00
175.000	0.4627E+01	0.1689E+00	0.9396E+00	0.2969E+00
180.000	0.4509E+01	0.5744E-04	0.1000E+01	0.5444E-04
