0.000	0.1025E+01	0.0000E+00	0.1000E+01	0.0000E+00
5.000	0.1032E+01	0.3000E-01	0.9731E+00	-0.2283E+00
10.000	0.1054E+01	0.5932E-01	0.8953E+00	-0.4414E+00
15.000	0.1090E+01	0.8739E-01	0.7743E+00	-0.6264E+00
20.000	0.1139E+01	0.1139E+00	0.6212E+00	-0.7745E+00
25.000	0.1200E+01	0.1386E+00	0.4479E+00	-0.8817E+00
30.000	0.1271E+01	0.1615E+00	0.2658E+00	-0.9478E+00
35.000	0.1351E+01	0.1829E+00	0.8416E-01	-0.9758E+00
40.000	0.1437E+01	0.2030E+00	-0.8990E-01	-0.9700E+00
45.000	0.1528E+01	0.2220E+00	-0.2516E+00	-0.9354E+00
50.000	0.1622E+01	0.2402E+00	-0.3978E+00	-0.8771E+00
55.000	0.1715E+01	0.2577E+00	-0.5268E+00	-0.7996E+00
60.000	0.1806E+01	0.2747E+00	-0.6378E+00	-0.7068E+00
65.000	0.1894E+01	0.2914E+00	-0.7306E+00	-0.6019E+00
70.000	0.1976E+01	0.3076E+00	-0.8051E+00	-0.4876E+00
75.000	0.2051E+01	0.3235E+00	-0.8614E+00	-0.3662E+00
80.000	0.2117E+01	0.3388E+00	-0.8995E+00	-0.2396E+00
85.000	0.2175E+01	0.3536E+00	-0.9194E+00	-0.1096E+00
90.000	0.2222E+01	0.3675E+00	-0.9209E+00	0.2212E-01
95.000	0.2258E+01	0.3804E+00	-0.9038E+00	0.1538E+00
100.000	0.2284E+01	0.3918E+00	-0.8677E+00	0.2834E+00
105.000	0.2299E+01	0.4014E+00	-0.8125E+00	0.4089E+00
110.000	0.2304E+01	0.4088E+00	-0.7380E+00	0.5277E+00
115.000	0.2299E+01	0.4134E+00	-0.6443E+00	0.6370E+00
120.000	0.2286E+01	0.4146E+00	-0.5321E+00	0.7337E+00
125.000	0.2265E+01	0.4118E+00	-0.4026E+00	0.8144E+00
130.000	0.2238E+01	0.4042E+00	-0.2575E+00	0.8755E+00
135.000	0.2206E+01	0.3912E+00	-0.9967E-01	0.9134E+00
140.000	0.2172E+01	0.3722E+00	0.6697E-01	0.9247E+00
145.000	0.2136E+01	0.3467E+00	0.2375E+00	0.9067E+00
150.000	0.2101E+01	0.3144E+00	0.4061E+00	0.8576E+00
155.000	0.2068E+01	0.2753E+00	0.5661E+00	0.7768E+00
160.000	0.2039E+01	0.2296E+00	0.7102E+00	0.6654E+00
165.000	0.2015E+01	0.1780E+00	0.8313E+00	0.5265E+00
170.000	0.1997E+01	0.1216E+00	0.9232E+00	0.3647E+00
175.000	0.1986E+01	0.6168E-01	0.9805E+00	0.1866E+00
180.000	0.1982E+01	0.9846E-05	0.1000E+01	0.2144E-04
