0.000	0.8891E+01	0.0000E+00	0.1000E+01	0.0000E+00
5.000	0.8969E+01	-0.2567E-01	0.9714E+00	-0.2357E+00
10.000	0.9205E+01	-0.5164E-01	0.8893E+00	-0.4530E+00
15.000	0.9594E+01	-0.7782E-01	0.7635E+00	-0.6366E+00
20.000	0.1013E+02	-0.1036E+00	0.6075E+00	-0.7775E+00
25.000	0.1081E+02	-0.1278E+00	0.4359E+00	-0.8724E+00
30.000	0.1162E+02	-0.1491E+00	0.2616E+00	-0.9238E+00
35.000	0.1253E+02	-0.1663E+00	0.9427E-01	-0.9374E+00
40.000	0.1353E+02	-0.1781E+00	-0.5946E-01	-0.9206E+00
45.000	0.1458E+02	-0.1842E+00	-0.1962E+00	-0.8808E+00
50.000	0.1565E+02	-0.1844E+00	-0.3150E+00	-0.8249E+00
55.000	0.1670E+02	-0.1788E+00	-0.4161E+00	-0.7581E+00
60.000	0.1769E+02	-0.1681E+00	-0.5011E+00	-0.6846E+00
65.000	0.1858E+02	-0.1529E+00	-0.5716E+00	-0.6073E+00
70.000	0.1933E+02	-0.1339E+00	-0.6295E+00	-0.5279E+00
75.000	0.1990E+02	-0.1118E+00	-0.6763E+00	-0.4476E+00
80.000	0.2028E+02	-0.8732E-01	-0.7133E+00	-0.3668E+00
85.000	0.2044E+02	-0.6092E-01	-0.7417E+00	-0.2858E+00
90.000	0.2037E+02	-0.3297E-01	-0.7619E+00	-0.2045E+00
95.000	0.2007E+02	-0.3673E-02	-0.7745E+00	-0.1227E+00
100.000	0.1954E+02	0.2693E-01	-0.7794E+00	-0.4015E-01
105.000	0.1881E+02	0.5898E-01	-0.7764E+00	0.4337E-01
110.000	0.1789E+02	0.9272E-01	-0.7649E+00	0.1280E+00
115.000	0.1681E+02	0.1285E+00	-0.7439E+00	0.2137E+00
120.000	0.1561E+02	0.1668E+00	-0.7123E+00	0.3004E+00
125.000	0.1430E+02	0.2077E+00	-0.6682E+00	0.3877E+00
130.000	0.1294E+02	0.2516E+00	-0.6093E+00	0.4751E+00
135.000	0.1156E+02	0.2979E+00	-0.5325E+00	0.5610E+00
140.000	0.1019E+02	0.3457E+00	-0.4340E+00	0.6432E+00
145.000	0.8874E+01	0.3922E+00	-0.3089E+00	0.7174E+00
150.000	0.7648E+01	0.4331E+00	-0.1525E+00	0.7766E+00
155.000	0.6546E+01	0.4606E+00	0.3915E-01	0.8092E+00
160.000	0.5598E+01	0.4632E+00	0.2649E+00	0.7983E+00
165.000	0.4832E+01	0.4258E+00	0.5126E+00	0.7220E+00
170.000	0.4268E+01	0.3346E+00	0.7517E+00	0.5603E+00
175.000	0.3923E+01	0.1865E+00	0.9320E+00	0.3098E+00
180.000	0.3807E+01	0.6409E-04	0.1000E+01	0.6150E-04
