0.000	0.7716E+01	0.0000E+00	0.1000E+01	0.0000E+00
5.000	0.7804E+01	-0.2581E-01	0.9665E+00	-0.2551E+00
10.000	0.8064E+01	-0.4859E-01	0.8714E+00	-0.4870E+00
15.000	0.8489E+01	-0.6604E-01	0.7284E+00	-0.6783E+00
20.000	0.9066E+01	-0.7697E-01	0.5555E+00	-0.8200E+00
25.000	0.9776E+01	-0.8125E-01	0.3698E+00	-0.9114E+00
30.000	0.1060E+02	-0.7947E-01	0.1849E+00	-0.9573E+00
35.000	0.1150E+02	-0.7256E-01	0.1011E-01	-0.9653E+00
40.000	0.1247E+02	-0.6152E-01	-0.1495E+00	-0.9434E+00
45.000	0.1346E+02	-0.4722E-01	-0.2916E+00	-0.8990E+00
50.000	0.1446E+02	-0.3036E-01	-0.4159E+00	-0.8380E+00
55.000	0.1542E+02	-0.1145E-01	-0.5231E+00	-0.7649E+00
60.000	0.1631E+02	0.9156E-02	-0.6143E+00	-0.6831E+00
65.000	0.1713E+02	0.3122E-01	-0.6908E+00	-0.5948E+00
70.000	0.1783E+02	0.5458E-01	-0.7535E+00	-0.5017E+00
75.000	0.1840E+02	0.7913E-01	-0.8036E+00	-0.4049E+00
80.000	0.1883E+02	0.1048E+00	-0.8414E+00	-0.3050E+00
85.000	0.1911E+02	0.1315E+00	-0.8674E+00	-0.2025E+00
90.000	0.1922E+02	0.1591E+00	-0.8815E+00	-0.9788E-01
95.000	0.1918E+02	0.1875E+00	-0.8835E+00	0.8562E-02
100.000	0.1897E+02	0.2164E+00	-0.8727E+00	0.1164E+00
105.000	0.1862E+02	0.2457E+00	-0.8483E+00	0.2249E+00
110.000	0.1813E+02	0.2749E+00	-0.8092E+00	0.3332E+00
115.000	0.1752E+02	0.3036E+00	-0.7541E+00	0.4400E+00
120.000	0.1681E+02	0.3309E+00	-0.6814E+00	0.5435E+00
125.000	0.1602E+02	0.3560E+00	-0.5897E+00	0.6412E+00
130.000	0.1518E+02	0.3775E+00	-0.4778E+00	0.7297E+00
135.000	0.1431E+02	0.3940E+00	-0.3447E+00	0.8046E+00
140.000	0.1344E+02	0.4033E+00	-0.1908E+00	0.8605E+00
145.000	0.1260E+02	0.4033E+00	-0.1767E-01	0.8909E+00
150.000	0.1181E+02	0.3912E+00	0.1704E+00	0.8886E+00
155.000	0.1109E+02	0.3646E+00	0.3661E+00	0.8466E+00
160.000	0.1048E+02	0.3215E+00	0.5586E+00	0.7594E+00
165.000	0.9976E+01	0.2612E+00	0.7337E+00	0.6250E+00
170.000	0.9608E+01	0.1849E+00	0.8753E+00	0.4462E+00
175.000	0.9383E+01	0.9594E-01	0.9678E+00	0.2328E+00
180.000	0.9307E+01	0.2283E-04	0.1000E+01	0.3434E-04
