0.000	0.7766E+01	0.0000E+00	0.1000E+01	0.0000E+00
5.000	0.7825E+01	-0.2085E-01	0.9736E+00	-0.2274E+00
10.000	0.8000E+01	-0.4281E-01	0.8971E+00	-0.4385E+00
15.000	0.8293E+01	-0.6646E-01	0.7786E+00	-0.6199E+00
20.000	0.8701E+01	-0.9152E-01	0.6296E+00	-0.7623E+00
25.000	0.9223E+01	-0.1169E+00	0.4630E+00	-0.8615E+00
30.000	0.9851E+01	-0.1409E+00	0.2913E+00	-0.9183E+00
35.000	0.1058E+02	-0.1617E+00	0.1244E+00	-0.9372E+00
40.000	0.1138E+02	-0.1779E+00	-0.3042E-01	-0.9249E+00
45.000	0.1223E+02	-0.1885E+00	-0.1691E+00	-0.8884E+00
50.000	0.1312E+02	-0.1929E+00	-0.2899E+00	-0.8347E+00
55.000	0.1400E+02	-0.1913E+00	-0.3930E+00	-0.7695E+00
60.000	0.1483E+02	-0.1842E+00	-0.4795E+00	-0.6971E+00
65.000	0.1559E+02	-0.1722E+00	-0.5514E+00	-0.6207E+00
70.000	0.1623E+02	-0.1560E+00	-0.6103E+00	-0.5424E+00
75.000	0.1672E+02	-0.1366E+00	-0.6582E+00	-0.4633E+00
80.000	0.1704E+02	-0.1146E+00	-0.6964E+00	-0.3840E+00
85.000	0.1718E+02	-0.9057E-01	-0.7260E+00	-0.3046E+00
90.000	0.1711E+02	-0.6487E-01	-0.7479E+00	-0.2251E+00
95.000	0.1684E+02	-0.3774E-01	-0.7624E+00	-0.1453E+00
100.000	0.1638E+02	-0.9213E-02	-0.7697E+00	-0.6476E-01
105.000	0.1574E+02	0.2086E-01	-0.7695E+00	0.1663E-01
110.000	0.1494E+02	0.5280E-01	-0.7614E+00	0.9908E-01
115.000	0.1400E+02	0.8701E-01	-0.7446E+00	0.1827E+00
120.000	0.1294E+02	0.1240E+00	-0.7180E+00	0.2674E+00
125.000	0.1181E+02	0.1642E+00	-0.6799E+00	0.3531E+00
130.000	0.1063E+02	0.2081E+00	-0.6283E+00	0.4394E+00
135.000	0.9424E+01	0.2555E+00	-0.5601E+00	0.5254E+00
140.000	0.8236E+01	0.3058E+00	-0.4713E+00	0.6093E+00
145.000	0.7094E+01	0.3572E+00	-0.3569E+00	0.6880E+00
150.000	0.6029E+01	0.4057E+00	-0.2106E+00	0.7552E+00
155.000	0.5071E+01	0.4439E+00	-0.2633E-01	0.8003E+00
160.000	0.4246E+01	0.4597E+00	0.1986E+00	0.8055E+00
165.000	0.3579E+01	0.4355E+00	0.4562E+00	0.7452E+00
170.000	0.3089E+01	0.3518E+00	0.7166E+00	0.5915E+00
175.000	0.2789E+01	0.2002E+00	0.9209E+00	0.3328E+00
180.000	0.2687E+01	0.7353E-04	0.1000E+01	0.6984E-04
