0.000	0.4999E+00	0.0000E+00	0.1000E+01	0.0000E+00
5.000	0.5026E+00	0.4733E-01	0.9762E+00	-0.2118E+00
10.000	0.5107E+00	0.9338E-01	0.9067E+00	-0.4114E+00
15.000	0.5241E+00	0.1370E+00	0.7971E+00	-0.5880E+00
20.000	0.5423E+00	0.1774E+00	0.6558E+00	-0.7337E+00
25.000	0.5652E+00	0.2141E+00	0.4923E+00	-0.8436E+00
30.000	0.5922E+00	0.2469E+00	0.3163E+00	-0.9158E+00
35.000	0.6227E+00	0.2758E+00	0.1365E+00	-0.9513E+00
40.000	0.6562E+00	0.3011E+00	-0.3957E-01	-0.9525E+00
45.000	0.6919E+00	0.3233E+00	-0.2062E+00	-0.9232E+00
50.000	0.7291E+00	0.3427E+00	-0.3593E+00	-0.8677E+00
55.000	0.7670E+00	0.3598E+00	-0.4958E+00	-0.7900E+00
60.000	0.8048E+00	0.3748E+00	-0.6139E+00	-0.6943E+00
65.000	0.8419E+00	0.3880E+00	-0.7125E+00	-0.5842E+00
70.000	0.8775E+00	0.3997E+00	-0.7909E+00	-0.4628E+00
75.000	0.9111E+00	0.4100E+00	-0.8489E+00	-0.3332E+00
80.000	0.9421E+00	0.4189E+00	-0.8861E+00	-0.1979E+00
85.000	0.9702E+00	0.4263E+00	-0.9025E+00	-0.5935E-01
90.000	0.9951E+00	0.4323E+00	-0.8982E+00	0.7999E-01
95.000	0.1017E+01	0.4364E+00	-0.8730E+00	0.2177E+00
100.000	0.1035E+01	0.4387E+00	-0.8272E+00	0.3512E+00
105.000	0.1049E+01	0.4386E+00	-0.7611E+00	0.4779E+00
110.000	0.1060E+01	0.4360E+00	-0.6753E+00	0.5948E+00
115.000	0.1068E+01	0.4305E+00	-0.5710E+00	0.6990E+00
120.000	0.1073E+01	0.4216E+00	-0.4496E+00	0.7874E+00
125.000	0.1075E+01	0.4092E+00	-0.3133E+00	0.8570E+00
130.000	0.1075E+01	0.3927E+00	-0.1649E+00	0.9047E+00
135.000	0.1073E+01	0.3720E+00	-0.7696E-02	0.9282E+00
140.000	0.1069E+01	0.3469E+00	0.1541E+00	0.9251E+00
145.000	0.1063E+01	0.3171E+00	0.3158E+00	0.8943E+00
150.000	0.1057E+01	0.2827E+00	0.4721E+00	0.8350E+00
155.000	0.1051E+01	0.2439E+00	0.6175E+00	0.7478E+00
160.000	0.1045E+01	0.2008E+00	0.7464E+00	0.6345E+00
165.000	0.1040E+01	0.1542E+00	0.8533E+00	0.4982E+00
170.000	0.1036E+01	0.1045E+00	0.9334E+00	0.3432E+00
175.000	0.1033E+01	0.5280E-01	0.9831E+00	0.1750E+00
180.000	0.1032E+01	0.7151E-05	0.1000E+01	0.1865E-04
