0.000	0.4723E+01	0.0000E+00	0.1000E+01	0.0000E+00
5.000	0.4775E+01	-0.1119E-01	0.9679E+00	-0.2510E+00
10.000	0.4927E+01	-0.2109E-01	0.8765E+00	-0.4798E+00
15.000	0.5173E+01	-0.2863E-01	0.7389E+00	-0.6698E+00
20.000	0.5503E+01	-0.3313E-01	0.5717E+00	-0.8124E+00
25.000	0.5901E+01	-0.3419E-01	0.3906E+00	-0.9069E+00
30.000	0.6354E+01	-0.3172E-01	0.2084E+00	-0.9574E+00
35.000	0.6843E+01	-0.2573E-01	0.3333E-01	-0.9706E+00
40.000	0.7351E+01	-0.1632E-01	-0.1295E+00	-0.9534E+00
45.000	0.7864E+01	-0.3597E-02	-0.2775E+00	-0.9120E+00
50.000	0.8366E+01	0.1226E-01	-0.4096E+00	-0.8513E+00
55.000	0.8844E+01	0.3106E-01	-0.5255E+00	-0.7756E+00
60.000	0.9288E+01	0.5253E-01	-0.6252E+00	-0.6877E+00
65.000	0.9688E+01	0.7638E-01	-0.7089E+00	-0.5903E+00
70.000	0.1004E+02	0.1022E+00	-0.7768E+00	-0.4853E+00
75.000	0.1033E+02	0.1297E+00	-0.8289E+00	-0.3746E+00
80.000	0.1056E+02	0.1583E+00	-0.8654E+00	-0.2596E+00
85.000	0.1072E+02	0.1877E+00	-0.8862E+00	-0.1418E+00
90.000	0.1081E+02	0.2174E+00	-0.8914E+00	-0.2257E-01
95.000	0.1082E+02	0.2471E+00	-0.8810E+00	0.9687E-01
100.000	0.1077E+02	0.2762E+00	-0.8545E+00	0.2152E+00
105.000	0.1064E+02	0.3045E+00	-0.8119E+00	0.3311E+00
110.000	0.1045E+02	0.3313E+00	-0.7525E+00	0.4431E+00
115.000	0.1020E+02	0.3561E+00	-0.6758E+00	0.5491E+00
120.000	0.9907E+01	0.3781E+00	-0.5812E+00	0.6469E+00
125.000	0.9572E+01	0.3964E+00	-0.4686E+00	0.7335E+00
130.000	0.9213E+01	0.4095E+00	-0.3379E+00	0.8054E+00
135.000	0.8843E+01	0.4161E+00	-0.1903E+00	0.8583E+00
140.000	0.8476E+01	0.4144E+00	-0.2818E-01	0.8877E+00
145.000	0.8125E+01	0.4028E+00	0.1446E+00	0.8889E+00
150.000	0.7801E+01	0.3798E+00	0.3221E+00	0.8577E+00
155.000	0.7514E+01	0.3441E+00	0.4967E+00	0.7912E+00
160.000	0.7271E+01	0.2954E+00	0.6591E+00	0.6887E+00
165.000	0.7077E+01	0.2344E+00	0.7993E+00	0.5520E+00
170.000	0.6936E+01	0.1629E+00	0.9078E+00	0.3861E+00
175.000	0.6851E+01	0.8350E-01	0.9765E+00	0.1988E+00
180.000	0.6823E+01	0.1815E-04	0.1000E+01	0.2710E-04
