0.000	0.1139E+02	0.0000E+00	0.1000E+01	0.0000E+00
5.000	0.1152E+02	-0.5357E-01	0.9670E+00	-0.2487E+00
10.000	0.1192E+02	-0.1023E+00	0.8735E+00	-0.4742E+00
15.000	0.1256E+02	-0.1426E+00	0.7335E+00	-0.6590E+00
20.000	0.1344E+02	-0.1725E+00	0.5651E+00	-0.7947E+00
25.000	0.1451E+02	-0.1919E+00	0.3853E+00	-0.8808E+00
30.000	0.1575E+02	-0.2017E+00	0.2077E+00	-0.9228E+00
35.000	0.1712E+02	-0.2034E+00	0.4092E-01	-0.9285E+00
40.000	0.1856E+02	-0.1987E+00	-0.1101E+00	-0.9063E+00
45.000	0.2004E+02	-0.1889E+00	-0.2436E+00	-0.8633E+00
50.000	0.2150E+02	-0.1751E+00	-0.3595E+00	-0.8057E+00
55.000	0.2289E+02	-0.1583E+00	-0.4587E+00	-0.7380E+00
60.000	0.2417E+02	-0.1389E+00	-0.5425E+00	-0.6634E+00
65.000	0.2529E+02	-0.1174E+00	-0.6126E+00	-0.5843E+00
70.000	0.2621E+02	-0.9399E-01	-0.6703E+00	-0.5022E+00
75.000	0.2690E+02	-0.6892E-01	-0.7168E+00	-0.4183E+00
80.000	0.2734E+02	-0.4217E-01	-0.7531E+00	-0.3331E+00
85.000	0.2751E+02	-0.1377E-01	-0.7800E+00	-0.2470E+00
90.000	0.2740E+02	0.1635E-01	-0.7978E+00	-0.1600E+00
95.000	0.2700E+02	0.4822E-01	-0.8068E+00	-0.7228E-01
100.000	0.2634E+02	0.8192E-01	-0.8068E+00	0.1635E-01
105.000	0.2542E+02	0.1175E+00	-0.7974E+00	0.1059E+00
110.000	0.2427E+02	0.1549E+00	-0.7779E+00	0.1965E+00
115.000	0.2293E+02	0.1940E+00	-0.7471E+00	0.2879E+00
120.000	0.2143E+02	0.2347E+00	-0.7035E+00	0.3797E+00
125.000	0.1982E+02	0.2763E+00	-0.6451E+00	0.4713E+00
130.000	0.1813E+02	0.3180E+00	-0.5692E+00	0.5612E+00
135.000	0.1643E+02	0.3586E+00	-0.4731E+00	0.6470E+00
140.000	0.1475E+02	0.3958E+00	-0.3534E+00	0.7247E+00
145.000	0.1315E+02	0.4263E+00	-0.2073E+00	0.7884E+00
150.000	0.1166E+02	0.4455E+00	-0.3295E-01	0.8294E+00
155.000	0.1034E+02	0.4470E+00	0.1680E+00	0.8361E+00
160.000	0.9197E+01	0.4233E+00	0.3882E+00	0.7942E+00
165.000	0.8280E+01	0.3670E+00	0.6111E+00	0.6899E+00
170.000	0.7608E+01	0.2739E+00	0.8096E+00	0.5155E+00
175.000	0.7198E+01	0.1472E+00	0.9493E+00	0.2773E+00
180.000	0.7060E+01	0.4596E-04	0.1000E+01	0.4810E-04
