0.000	0.3515E+01	0.0000E+00	0.1000E+01	0.0000E+00
5.000	0.3550E+01	-0.5165E-02	0.9684E+00	-0.2494E+00
10.000	0.3655E+01	-0.8897E-02	0.8779E+00	-0.4781E+00
15.000	0.3825E+01	-0.1007E-01	0.7405E+00	-0.6699E+00
20.000	0.4057E+01	-0.8050E-02	0.5719E+00	-0.8157E+00
25.000	0.4343E+01	-0.2669E-02	0.3878E+00	-0.9134E+00
30.000	0.4676E+01	0.5876E-02	0.2016E+00	-0.9662E+00
35.000	0.5046E+01	0.1720E-01	0.2261E-01	-0.9805E+00
40.000	0.5442E+01	0.3088E-01	-0.1432E+00	-0.9632E+00
45.000	0.5852E+01	0.4651E-01	-0.2927E+00	-0.9212E+00
50.000	0.6266E+01	0.6376E-01	-0.4248E+00	-0.8602E+00
55.000	0.6671E+01	0.8239E-01	-0.5395E+00	-0.7849E+00
60.000	0.7056E+01	0.1022E+00	-0.6375E+00	-0.6987E+00
65.000	0.7412E+01	0.1231E+00	-0.7197E+00	-0.6043E+00
70.000	0.7729E+01	0.1450E+00	-0.7867E+00	-0.5035E+00
75.000	0.7999E+01	0.1677E+00	-0.8393E+00	-0.3976E+00
80.000	0.8217E+01	0.1911E+00	-0.8777E+00	-0.2877E+00
85.000	0.8378E+01	0.2151E+00	-0.9021E+00	-0.1746E+00
90.000	0.8479E+01	0.2394E+00	-0.9124E+00	-0.5907E-01
95.000	0.8520E+01	0.2639E+00	-0.9081E+00	0.5799E-01
100.000	0.8501E+01	0.2882E+00	-0.8885E+00	0.1756E+00
105.000	0.8425E+01	0.3118E+00	-0.8530E+00	0.2926E+00
110.000	0.8295E+01	0.3344E+00	-0.8005E+00	0.4074E+00
115.000	0.8118E+01	0.3553E+00	-0.7301E+00	0.5180E+00
120.000	0.7900E+01	0.3736E+00	-0.6409E+00	0.6220E+00
125.000	0.7650E+01	0.3885E+00	-0.5323E+00	0.7161E+00
130.000	0.7375E+01	0.3987E+00	-0.4043E+00	0.7966E+00
135.000	0.7087E+01	0.4030E+00	-0.2574E+00	0.8590E+00
140.000	0.6795E+01	0.3999E+00	-0.9382E-01	0.8982E+00
145.000	0.6508E+01	0.3877E+00	0.8302E-01	0.9088E+00
150.000	0.6238E+01	0.3651E+00	0.2674E+00	0.8858E+00
155.000	0.5993E+01	0.3308E+00	0.4516E+00	0.8252E+00
160.000	0.5780E+01	0.2843E+00	0.6255E+00	0.7247E+00
165.000	0.5608E+01	0.2260E+00	0.7780E+00	0.5855E+00
170.000	0.5481E+01	0.1572E+00	0.8974E+00	0.4120E+00
175.000	0.5403E+01	0.8070E-01	0.9737E+00	0.2129E+00
180.000	0.5377E+01	0.1657E-04	0.1000E+01	0.2850E-04
