0.000	0.1413E+01	0.0000E+00	0.1000E+01	0.0000E+00
5.000	0.1425E+01	0.2138E-01	0.9714E+00	-0.2364E+00
10.000	0.1459E+01	0.4240E-01	0.8891E+00	-0.4555E+00
15.000	0.1515E+01	0.6281E-01	0.7623E+00	-0.6434E+00
20.000	0.1592E+01	0.8249E-01	0.6038E+00	-0.7912E+00
25.000	0.1686E+01	0.1015E+00	0.4269E+00	-0.8956E+00
30.000	0.1795E+01	0.1198E+00	0.2433E+00	-0.9578E+00
35.000	0.1917E+01	0.1378E+00	0.6253E-01	-0.9817E+00
40.000	0.2047E+01	0.1555E+00	-0.1091E+00	-0.9725E+00
45.000	0.2183E+01	0.1732E+00	-0.2672E+00	-0.9359E+00
50.000	0.2322E+01	0.1909E+00	-0.4095E+00	-0.8768E+00
55.000	0.2460E+01	0.2087E+00	-0.5347E+00	-0.7999E+00
60.000	0.2595E+01	0.2267E+00	-0.6424E+00	-0.7087E+00
65.000	0.2723E+01	0.2448E+00	-0.7326E+00	-0.6064E+00
70.000	0.2841E+01	0.2630E+00	-0.8053E+00	-0.4954E+00
75.000	0.2948E+01	0.2812E+00	-0.8608E+00	-0.3778E+00
80.000	0.3041E+01	0.2992E+00	-0.8992E+00	-0.2553E+00
85.000	0.3118E+01	0.3170E+00	-0.9204E+00	-0.1294E+00
90.000	0.3179E+01	0.3343E+00	-0.9244E+00	-0.1666E-02
95.000	0.3222E+01	0.3508E+00	-0.9108E+00	0.1265E+00
100.000	0.3247E+01	0.3662E+00	-0.8793E+00	0.2534E+00
105.000	0.3255E+01	0.3802E+00	-0.8293E+00	0.3772E+00
110.000	0.3246E+01	0.3921E+00	-0.7605E+00	0.4957E+00
115.000	0.3223E+01	0.4014E+00	-0.6727E+00	0.6062E+00
120.000	0.3186E+01	0.4075E+00	-0.5660E+00	0.7057E+00
125.000	0.3138E+01	0.4095E+00	-0.4411E+00	0.7908E+00
130.000	0.3082E+01	0.4065E+00	-0.2994E+00	0.8576E+00
135.000	0.3020E+01	0.3978E+00	-0.1432E+00	0.9023E+00
140.000	0.2955E+01	0.3824E+00	0.2396E-01	0.9210E+00
145.000	0.2890E+01	0.3597E+00	0.1973E+00	0.9102E+00
150.000	0.2827E+01	0.3292E+00	0.3709E+00	0.8673E+00
155.000	0.2768E+01	0.2905E+00	0.5375E+00	0.7910E+00
160.000	0.2717E+01	0.2440E+00	0.6894E+00	0.6817E+00
165.000	0.2675E+01	0.1903E+00	0.8184E+00	0.5421E+00
170.000	0.2644E+01	0.1305E+00	0.9170E+00	0.3769E+00
175.000	0.2625E+01	0.6639E-01	0.9789E+00	0.1933E+00
180.000	0.2618E+01	0.1139E-04	0.1000E+01	0.2315E-04
