0.000	0.1135E+00	0.0000E+00	0.1000E+01	0.0000E+00
5.000	0.1139E+00	0.7322E-01	0.9783E+00	-0.1938E+00
10.000	0.1154E+00	0.1443E+00	0.9149E+00	-0.3771E+00
15.000	0.1177E+00	0.2113E+00	0.8142E+00	-0.5407E+00
20.000	0.1209E+00	0.2727E+00	0.6833E+00	-0.6772E+00
25.000	0.1249E+00	0.3275E+00	0.5302E+00	-0.7819E+00
30.000	0.1296E+00	0.3753E+00	0.3635E+00	-0.8524E+00
35.000	0.1349E+00	0.4161E+00	0.1911E+00	-0.8887E+00
40.000	0.1407E+00	0.4502E+00	0.2016E-01	-0.8923E+00
45.000	0.1468E+00	0.4781E+00	-0.1436E+00	-0.8660E+00
50.000	0.1532E+00	0.5004E+00	-0.2954E+00	-0.8132E+00
55.000	0.1597E+00	0.5179E+00	-0.4320E+00	-0.7375E+00
60.000	0.1662E+00	0.5311E+00	-0.5508E+00	-0.6429E+00
65.000	0.1725E+00	0.5406E+00	-0.6501E+00	-0.5327E+00
70.000	0.1787E+00	0.5469E+00	-0.7287E+00	-0.4106E+00
75.000	0.1844E+00	0.5503E+00	-0.7859E+00	-0.2797E+00
80.000	0.1898E+00	0.5511E+00	-0.8213E+00	-0.1432E+00
85.000	0.1947E+00	0.5495E+00	-0.8348E+00	-0.3918E-02
90.000	0.1990E+00	0.5456E+00	-0.8265E+00	0.1351E+00
95.000	0.2028E+00	0.5394E+00	-0.7966E+00	0.2712E+00
100.000	0.2059E+00	0.5309E+00	-0.7459E+00	0.4014E+00
105.000	0.2085E+00	0.5199E+00	-0.6751E+00	0.5229E+00
110.000	0.2105E+00	0.5063E+00	-0.5854E+00	0.6328E+00
115.000	0.2119E+00	0.4900E+00	-0.4783E+00	0.7285E+00
120.000	0.2128E+00	0.4709E+00	-0.3560E+00	0.8070E+00
125.000	0.2133E+00	0.4486E+00	-0.2208E+00	0.8659E+00
130.000	0.2133E+00	0.4231E+00	-0.7577E-01	0.9028E+00
135.000	0.2131E+00	0.3942E+00	0.7553E-01	0.9159E+00
140.000	0.2126E+00	0.3619E+00	0.2291E+00	0.9036E+00
145.000	0.2119E+00	0.3261E+00	0.3805E+00	0.8654E+00
150.000	0.2112E+00	0.2870E+00	0.5250E+00	0.8012E+00
155.000	0.2104E+00	0.2447E+00	0.6578E+00	0.7123E+00
160.000	0.2097E+00	0.1996E+00	0.7742E+00	0.6006E+00
165.000	0.2091E+00	0.1520E+00	0.8699E+00	0.4692E+00
170.000	0.2086E+00	0.1025E+00	0.9412E+00	0.3220E+00
175.000	0.2083E+00	0.5158E-01	0.9851E+00	0.1638E+00
180.000	0.2082E+00	0.5975E-05	0.1000E+01	0.1793E-04
