0.000	0.1134E+02	0.0000E+00	0.1000E+01	0.0000E+00
5.000	0.1148E+02	-0.2951E-01	0.9656E+00	-0.2583E+00
10.000	0.1189E+02	-0.5683E-01	0.8681E+00	-0.4915E+00
15.000	0.1257E+02	-0.8019E-01	0.7230E+00	-0.6812E+00
20.000	0.1348E+02	-0.9851E-01	0.5493E+00	-0.8189E+00
25.000	0.1458E+02	-0.1113E+00	0.3647E+00	-0.9051E+00
30.000	0.1584E+02	-0.1185E+00	0.1826E+00	-0.9459E+00
35.000	0.1722E+02	-0.1202E+00	0.1152E-01	-0.9498E+00
40.000	0.1865E+02	-0.1168E+00	-0.1441E+00	-0.9250E+00
45.000	0.2011E+02	-0.1086E+00	-0.2825E+00	-0.8787E+00
50.000	0.2154E+02	-0.9584E-01	-0.4036E+00	-0.8166E+00
55.000	0.2290E+02	-0.7894E-01	-0.5079E+00	-0.7429E+00
60.000	0.2415E+02	-0.5831E-01	-0.5965E+00	-0.6609E+00
65.000	0.2526E+02	-0.3440E-01	-0.6702E+00	-0.5727E+00
70.000	0.2620E+02	-0.7699E-02	-0.7302E+00	-0.4801E+00
75.000	0.2695E+02	0.2130E-01	-0.7771E+00	-0.3842E+00
80.000	0.2748E+02	0.5213E-01	-0.8116E+00	-0.2861E+00
85.000	0.2778E+02	0.8433E-01	-0.8341E+00	-0.1864E+00
90.000	0.2784E+02	0.1175E+00	-0.8450E+00	-0.8565E-01
95.000	0.2766E+02	0.1515E+00	-0.8442E+00	0.1572E-01
100.000	0.2724E+02	0.1859E+00	-0.8316E+00	0.1173E+00
105.000	0.2659E+02	0.2205E+00	-0.8067E+00	0.2186E+00
110.000	0.2572E+02	0.2553E+00	-0.7688E+00	0.3191E+00
115.000	0.2468E+02	0.2899E+00	-0.7168E+00	0.4180E+00
120.000	0.2347E+02	0.3240E+00	-0.6493E+00	0.5139E+00
125.000	0.2216E+02	0.3567E+00	-0.5645E+00	0.6051E+00
130.000	0.2077E+02	0.3870E+00	-0.4609E+00	0.6887E+00
135.000	0.1935E+02	0.4132E+00	-0.3369E+00	0.7611E+00
140.000	0.1794E+02	0.4328E+00	-0.1918E+00	0.8172E+00
145.000	0.1660E+02	0.4427E+00	-0.2635E-01	0.8505E+00
150.000	0.1535E+02	0.4392E+00	0.1565E+00	0.8537E+00
155.000	0.1424E+02	0.4181E+00	0.3501E+00	0.8190E+00
160.000	0.1329E+02	0.3758E+00	0.5438E+00	0.7398E+00
165.000	0.1252E+02	0.3104E+00	0.7228E+00	0.6127E+00
170.000	0.1197E+02	0.2224E+00	0.8694E+00	0.4398E+00
175.000	0.1163E+02	0.1163E+00	0.9661E+00	0.2301E+00
180.000	0.1151E+02	0.3024E-04	0.1000E+01	0.3617E-04
