0.000	0.4088E+00	0.0000E+00	0.1000E+01	0.0000E+00
5.000	0.4111E+00	0.5468E-01	0.9765E+00	-0.2084E+00
10.000	0.4179E+00	0.1076E+00	0.9081E+00	-0.4045E+00
15.000	0.4289E+00	0.1573E+00	0.8007E+00	-0.5777E+00
20.000	0.4440E+00	0.2027E+00	0.6626E+00	-0.7201E+00
25.000	0.4626E+00	0.2432E+00	0.5035E+00	-0.8274E+00
30.000	0.4842E+00	0.2787E+00	0.3326E+00	-0.8983E+00
35.000	0.5083E+00	0.3096E+00	0.1584E+00	-0.9337E+00
40.000	0.5342E+00	0.3362E+00	-0.1242E-01	-0.9363E+00
45.000	0.5614E+00	0.3591E+00	-0.1747E+00	-0.9097E+00
50.000	0.5892E+00	0.3790E+00	-0.3245E+00	-0.8576E+00
55.000	0.6171E+00	0.3962E+00	-0.4591E+00	-0.7837E+00
60.000	0.6444E+00	0.4112E+00	-0.5767E+00	-0.6918E+00
65.000	0.6708E+00	0.4243E+00	-0.6758E+00	-0.5849E+00
70.000	0.6956E+00	0.4357E+00	-0.7556E+00	-0.4661E+00
75.000	0.7186E+00	0.4456E+00	-0.8154E+00	-0.3382E+00
80.000	0.7393E+00	0.4539E+00	-0.8547E+00	-0.2040E+00
85.000	0.7576E+00	0.4607E+00	-0.8731E+00	-0.6603E-01
90.000	0.7733E+00	0.4658E+00	-0.8706E+00	0.7315E-01
95.000	0.7861E+00	0.4691E+00	-0.8469E+00	0.2109E+00
100.000	0.7962E+00	0.4703E+00	-0.8024E+00	0.3445E+00
105.000	0.8035E+00	0.4691E+00	-0.7373E+00	0.4711E+00
110.000	0.8081E+00	0.4652E+00	-0.6524E+00	0.5879E+00
115.000	0.8103E+00	0.4583E+00	-0.5488E+00	0.6917E+00
120.000	0.8104E+00	0.4480E+00	-0.4282E+00	0.7795E+00
125.000	0.8086E+00	0.4339E+00	-0.2927E+00	0.8483E+00
130.000	0.8053E+00	0.4156E+00	-0.1451E+00	0.8952E+00
135.000	0.8009E+00	0.3929E+00	0.1103E-01	0.9177E+00
140.000	0.7957E+00	0.3655E+00	0.1714E+00	0.9136E+00
145.000	0.7902E+00	0.3334E+00	0.3313E+00	0.8819E+00
150.000	0.7848E+00	0.2965E+00	0.4853E+00	0.8220E+00
155.000	0.7796E+00	0.2551E+00	0.6280E+00	0.7349E+00
160.000	0.7750E+00	0.2096E+00	0.7539E+00	0.6225E+00
165.000	0.7712E+00	0.1606E+00	0.8579E+00	0.4879E+00
170.000	0.7684E+00	0.1087E+00	0.9357E+00	0.3357E+00
175.000	0.7667E+00	0.5485E-01	0.9837E+00	0.1711E+00
180.000	0.7661E+00	0.7305E-05	0.1000E+01	0.1894E-04
