0.000	0.5183E+01	0.0000E+00	0.1000E+01	0.0000E+00
5.000	0.5225E+01	-0.4770E-01	0.9734E+00	-0.2240E+00
10.000	0.5352E+01	-0.9345E-01	0.8967E+00	-0.4311E+00
15.000	0.5561E+01	-0.1356E+00	0.7788E+00	-0.6075E+00
20.000	0.5847E+01	-0.1728E+00	0.6317E+00	-0.7445E+00
25.000	0.6205E+01	-0.2045E+00	0.4686E+00	-0.8388E+00
30.000	0.6625E+01	-0.2302E+00	0.3012E+00	-0.8918E+00
35.000	0.7096E+01	-0.2501E+00	0.1389E+00	-0.9082E+00
40.000	0.7606E+01	-0.2644E+00	-0.1187E-01	-0.8943E+00
45.000	0.8139E+01	-0.2735E+00	-0.1472E+00	-0.8567E+00
50.000	0.8676E+01	-0.2780E+00	-0.2654E+00	-0.8016E+00
55.000	0.9199E+01	-0.2784E+00	-0.3662E+00	-0.7345E+00
60.000	0.9686E+01	-0.2751E+00	-0.4501E+00	-0.6595E+00
65.000	0.1012E+02	-0.2684E+00	-0.5185E+00	-0.5802E+00
70.000	0.1047E+02	-0.2589E+00	-0.5730E+00	-0.4990E+00
75.000	0.1073E+02	-0.2467E+00	-0.6149E+00	-0.4177E+00
80.000	0.1088E+02	-0.2321E+00	-0.6460E+00	-0.3376E+00
85.000	0.1090E+02	-0.2153E+00	-0.6675E+00	-0.2595E+00
90.000	0.1079E+02	-0.1963E+00	-0.6806E+00	-0.1839E+00
95.000	0.1055E+02	-0.1753E+00	-0.6865E+00	-0.1110E+00
100.000	0.1017E+02	-0.1521E+00	-0.6859E+00	-0.4074E-01
105.000	0.9671E+01	-0.1266E+00	-0.6794E+00	0.2695E-01
110.000	0.9061E+01	-0.9863E-01	-0.6676E+00	0.9237E-01
115.000	0.8358E+01	-0.6790E-01	-0.6506E+00	0.1559E+00
120.000	0.7582E+01	-0.3403E-01	-0.6283E+00	0.2181E+00
125.000	0.6758E+01	0.3461E-02	-0.6004E+00	0.2797E+00
130.000	0.5910E+01	0.4513E-01	-0.5661E+00	0.3414E+00
135.000	0.5064E+01	0.9160E-01	-0.5237E+00	0.4042E+00
140.000	0.4242E+01	0.1435E+00	-0.4708E+00	0.4690E+00
145.000	0.3467E+01	0.2013E+00	-0.4031E+00	0.5368E+00
150.000	0.2759E+01	0.2647E+00	-0.3138E+00	0.6074E+00
155.000	0.2134E+01	0.3316E+00	-0.1921E+00	0.6780E+00
160.000	0.1606E+01	0.3950E+00	-0.2164E-01	0.7391E+00
165.000	0.1185E+01	0.4365E+00	0.2170E+00	0.7640E+00
170.000	0.8791E+00	0.4154E+00	0.5293E+00	0.6940E+00
175.000	0.6936E+00	0.2723E+00	0.8505E+00	0.4424E+00
180.000	0.6314E+00	0.1353E-03	0.1000E+01	0.1088E-03
