0.000	0.1069E+02	0.0000E+00	0.1000E+01	0.0000E+00
5.000	0.1083E+02	-0.2834E-01	0.9656E+00	-0.2584E+00
10.000	0.1122E+02	-0.5449E-01	0.8682E+00	-0.4917E+00
15.000	0.1185E+02	-0.7671E-01	0.7230E+00	-0.6816E+00
20.000	0.1271E+02	-0.9392E-01	0.5493E+00	-0.8196E+00
25.000	0.1374E+02	-0.1057E+00	0.3646E+00	-0.9063E+00
30.000	0.1493E+02	-0.1119E+00	0.1823E+00	-0.9476E+00
35.000	0.1621E+02	-0.1128E+00	0.1071E-01	-0.9519E+00
40.000	0.1756E+02	-0.1087E+00	-0.1456E+00	-0.9274E+00
45.000	0.1891E+02	-0.9989E-01	-0.2848E+00	-0.8812E+00
50.000	0.2025E+02	-0.8665E-01	-0.4068E+00	-0.8190E+00
55.000	0.2151E+02	-0.6938E-01	-0.5120E+00	-0.7449E+00
60.000	0.2268E+02	-0.4847E-01	-0.6015E+00	-0.6621E+00
65.000	0.2372E+02	-0.2436E-01	-0.6761E+00	-0.5729E+00
70.000	0.2460E+02	0.2484E-02	-0.7367E+00	-0.4790E+00
75.000	0.2530E+02	0.3157E-01	-0.7839E+00	-0.3816E+00
80.000	0.2580E+02	0.6243E-01	-0.8185E+00	-0.2817E+00
85.000	0.2609E+02	0.9462E-01	-0.8407E+00	-0.1802E+00
90.000	0.2617E+02	0.1278E+00	-0.8508E+00	-0.7750E-01
95.000	0.2602E+02	0.1615E+00	-0.8490E+00	0.2573E-01
100.000	0.2565E+02	0.1957E+00	-0.8349E+00	0.1291E+00
105.000	0.2506E+02	0.2300E+00	-0.8081E+00	0.2320E+00
110.000	0.2429E+02	0.2643E+00	-0.7679E+00	0.3337E+00
115.000	0.2334E+02	0.2982E+00	-0.7132E+00	0.4335E+00
120.000	0.2225E+02	0.3313E+00	-0.6427E+00	0.5298E+00
125.000	0.2105E+02	0.3627E+00	-0.5547E+00	0.6208E+00
130.000	0.1979E+02	0.3914E+00	-0.4478E+00	0.7035E+00
135.000	0.1850E+02	0.4155E+00	-0.3208E+00	0.7740E+00
140.000	0.1722E+02	0.4327E+00	-0.1731E+00	0.8272E+00
145.000	0.1600E+02	0.4400E+00	-0.6100E-02	0.8569E+00
150.000	0.1486E+02	0.4337E+00	0.1768E+00	0.8559E+00
155.000	0.1385E+02	0.4104E+00	0.3688E+00	0.8170E+00
160.000	0.1299E+02	0.3667E+00	0.5590E+00	0.7344E+00
165.000	0.1230E+02	0.3012E+00	0.7332E+00	0.6055E+00
170.000	0.1179E+02	0.2150E+00	0.8748E+00	0.4330E+00
175.000	0.1148E+02	0.1121E+00	0.9676E+00	0.2261E+00
180.000	0.1138E+02	0.2863E-04	0.1000E+01	0.3499E-04
