0.000	0.5414E+01	0.0000E+00	0.1000E+01	0.0000E+00
5.000	0.5432E+01	-0.1470E-02	0.9804E+00	-0.1970E+00
10.000	0.5486E+01	-0.6249E-02	0.9224E+00	-0.3850E+00
15.000	0.5583E+01	-0.1695E-01	0.8292E+00	-0.5551E+00
20.000	0.5729E+01	-0.3493E-01	0.7058E+00	-0.6992E+00
25.000	0.5930E+01	-0.5991E-01	0.5599E+00	-0.8112E+00
30.000	0.6192E+01	-0.9011E-01	0.4004E+00	-0.8872E+00
35.000	0.6519E+01	-0.1226E+00	0.2371E+00	-0.9268E+00
40.000	0.6907E+01	-0.1542E+00	0.7883E-01	-0.9329E+00
45.000	0.7348E+01	-0.1820E+00	-0.6763E-01	-0.9107E+00
50.000	0.7829E+01	-0.2040E+00	-0.1980E+00	-0.8667E+00
55.000	0.8330E+01	-0.2191E+00	-0.3106E+00	-0.8073E+00
60.000	0.8827E+01	-0.2273E+00	-0.4057E+00	-0.7380E+00
65.000	0.9292E+01	-0.2292E+00	-0.4845E+00	-0.6631E+00
70.000	0.9699E+01	-0.2255E+00	-0.5492E+00	-0.5857E+00
75.000	0.1002E+02	-0.2175E+00	-0.6017E+00	-0.5074E+00
80.000	0.1024E+02	-0.2060E+00	-0.6440E+00	-0.4294E+00
85.000	0.1034E+02	-0.1918E+00	-0.6774E+00	-0.3518E+00
90.000	0.1031E+02	-0.1755E+00	-0.7032E+00	-0.2748E+00
95.000	0.1014E+02	-0.1576E+00	-0.7220E+00	-0.1980E+00
100.000	0.9842E+01	-0.1380E+00	-0.7341E+00	-0.1213E+00
105.000	0.9423E+01	-0.1168E+00	-0.7397E+00	-0.4436E-01
110.000	0.8895E+01	-0.9361E-01	-0.7387E+00	0.3291E-01
115.000	0.8275E+01	-0.6795E-01	-0.7307E+00	0.1107E+00
120.000	0.7581E+01	-0.3919E-01	-0.7153E+00	0.1891E+00
125.000	0.6834E+01	-0.6573E-02	-0.6916E+00	0.2682E+00
130.000	0.6055E+01	0.3071E-01	-0.6585E+00	0.3484E+00
135.000	0.5264E+01	0.7345E-01	-0.6138E+00	0.4299E+00
140.000	0.4483E+01	0.1223E+00	-0.5547E+00	0.5129E+00
145.000	0.3734E+01	0.1774E+00	-0.4761E+00	0.5972E+00
150.000	0.3037E+01	0.2378E+00	-0.3705E+00	0.6811E+00
155.000	0.2410E+01	0.3004E+00	-0.2265E+00	0.7593E+00
160.000	0.1872E+01	0.3564E+00	-0.2915E-01	0.8177E+00
165.000	0.1437E+01	0.3868E+00	0.2353E+00	0.8248E+00
170.000	0.1117E+01	0.3567E+00	0.5586E+00	0.7224E+00
175.000	0.9216E+00	0.2257E+00	0.8654E+00	0.4432E+00
180.000	0.8558E+00	0.1092E-03	0.1000E+01	0.1162E-03
