0.000	0.2614E+01	0.0000E+00	0.1000E+01	0.0000E+00
5.000	0.2639E+01	0.3396E-02	0.9691E+00	-0.2464E+00
10.000	0.2713E+01	0.7566E-02	0.8807E+00	-0.4731E+00
15.000	0.2834E+01	0.1314E-01	0.7460E+00	-0.6643E+00
20.000	0.2998E+01	0.2051E-01	0.5798E+00	-0.8110E+00
25.000	0.3200E+01	0.2983E-01	0.3975E+00	-0.9108E+00
30.000	0.3435E+01	0.4109E-01	0.2118E+00	-0.9664E+00
35.000	0.3696E+01	0.5413E-01	0.3220E-01	-0.9834E+00
40.000	0.3975E+01	0.6879E-01	-0.1353E+00	-0.9684E+00
45.000	0.4265E+01	0.8487E-01	-0.2874E+00	-0.9278E+00
50.000	0.4558E+01	0.1022E+00	-0.4226E+00	-0.8672E+00
55.000	0.4846E+01	0.1207E+00	-0.5405E+00	-0.7912E+00
60.000	0.5121E+01	0.1401E+00	-0.6416E+00	-0.7034E+00
65.000	0.5378E+01	0.1603E+00	-0.7263E+00	-0.6065E+00
70.000	0.5609E+01	0.1813E+00	-0.7953E+00	-0.5025E+00
75.000	0.5810E+01	0.2029E+00	-0.8489E+00	-0.3929E+00
80.000	0.5977E+01	0.2250E+00	-0.8876E+00	-0.2790E+00
85.000	0.6105E+01	0.2474E+00	-0.9112E+00	-0.1618E+00
90.000	0.6193E+01	0.2699E+00	-0.9197E+00	-0.4231E-01
95.000	0.6240E+01	0.2922E+00	-0.9125E+00	0.7844E-01
100.000	0.6246E+01	0.3141E+00	-0.8892E+00	0.1993E+00
105.000	0.6212E+01	0.3350E+00	-0.8491E+00	0.3188E+00
110.000	0.6142E+01	0.3546E+00	-0.7913E+00	0.4352E+00
115.000	0.6040E+01	0.3720E+00	-0.7150E+00	0.5464E+00
120.000	0.5908E+01	0.3867E+00	-0.6198E+00	0.6495E+00
125.000	0.5754E+01	0.3975E+00	-0.5055E+00	0.7413E+00
130.000	0.5582E+01	0.4035E+00	-0.3724E+00	0.8179E+00
135.000	0.5400E+01	0.4035E+00	-0.2218E+00	0.8749E+00
140.000	0.5214E+01	0.3961E+00	-0.5629E-01	0.9076E+00
145.000	0.5031E+01	0.3801E+00	0.1201E+00	0.9112E+00
150.000	0.4857E+01	0.3544E+00	0.3015E+00	0.8814E+00
155.000	0.4698E+01	0.3182E+00	0.4802E+00	0.8152E+00
160.000	0.4559E+01	0.2713E+00	0.6470E+00	0.7115E+00
165.000	0.4446E+01	0.2142E+00	0.7917E+00	0.5717E+00
170.000	0.4362E+01	0.1483E+00	0.9041E+00	0.4007E+00
175.000	0.4311E+01	0.7590E-01	0.9755E+00	0.2065E+00
180.000	0.4294E+01	0.1475E-04	0.1000E+01	0.2669E-04
