0.000	0.1721E+01	0.0000E+00	0.1000E+01	0.0000E+00
5.000	0.1736E+01	0.1604E-01	0.9715E+00	-0.2366E+00
10.000	0.1781E+01	0.3181E-01	0.8895E+00	-0.4553E+00
15.000	0.1852E+01	0.4717E-01	0.7637E+00	-0.6420E+00
20.000	0.1948E+01	0.6212E-01	0.6073E+00	-0.7880E+00
25.000	0.2065E+01	0.7682E-01	0.4335E+00	-0.8907E+00
30.000	0.2199E+01	0.9153E-01	0.2538E+00	-0.9518E+00
35.000	0.2345E+01	0.1066E+00	0.7669E-01	-0.9754E+00
40.000	0.2498E+01	0.1222E+00	-0.9182E-01	-0.9669E+00
45.000	0.2654E+01	0.1387E+00	-0.2480E+00	-0.9313E+00
50.000	0.2809E+01	0.1561E+00	-0.3896E+00	-0.8732E+00
55.000	0.2960E+01	0.1747E+00	-0.5153E+00	-0.7967E+00
60.000	0.3102E+01	0.1942E+00	-0.6243E+00	-0.7049E+00
65.000	0.3235E+01	0.2146E+00	-0.7161E+00	-0.6006E+00
70.000	0.3355E+01	0.2357E+00	-0.7901E+00	-0.4864E+00
75.000	0.3461E+01	0.2572E+00	-0.8460E+00	-0.3645E+00
80.000	0.3552E+01	0.2789E+00	-0.8836E+00	-0.2370E+00
85.000	0.3625E+01	0.3004E+00	-0.9026E+00	-0.1060E+00
90.000	0.3680E+01	0.3213E+00	-0.9028E+00	0.2649E-01
95.000	0.3716E+01	0.3413E+00	-0.8841E+00	0.1584E+00
100.000	0.3734E+01	0.3598E+00	-0.8463E+00	0.2877E+00
105.000	0.3734E+01	0.3766E+00	-0.7895E+00	0.4121E+00
110.000	0.3717E+01	0.3908E+00	-0.7138E+00	0.5292E+00
115.000	0.3684E+01	0.4021E+00	-0.6193E+00	0.6363E+00
120.000	0.3637E+01	0.4095E+00	-0.5068E+00	0.7305E+00
125.000	0.3581E+01	0.4124E+00	-0.3774E+00	0.8086E+00
130.000	0.3517E+01	0.4099E+00	-0.2330E+00	0.8670E+00
135.000	0.3449E+01	0.4010E+00	-0.7632E-01	0.9024E+00
140.000	0.3380E+01	0.3851E+00	0.8870E-01	0.9114E+00
145.000	0.3314E+01	0.3615E+00	0.2571E+00	0.8915E+00
150.000	0.3252E+01	0.3298E+00	0.4230E+00	0.8411E+00
155.000	0.3197E+01	0.2900E+00	0.5796E+00	0.7599E+00
160.000	0.3150E+01	0.2427E+00	0.7200E+00	0.6493E+00
165.000	0.3113E+01	0.1886E+00	0.8375E+00	0.5126E+00
170.000	0.3086E+01	0.1290E+00	0.9261E+00	0.3544E+00
175.000	0.3070E+01	0.6548E-01	0.9813E+00	0.1811E+00
180.000	0.3064E+01	0.1176E-04	0.1000E+01	0.2204E-04
