0.000	0.9305E+01	0.0000E+00	0.1000E+01	0.0000E+00
5.000	0.9392E+01	-0.2705E-01	0.9708E+00	-0.2383E+00
10.000	0.9649E+01	-0.5411E-01	0.8869E+00	-0.4573E+00
15.000	0.1007E+02	-0.8093E-01	0.7588E+00	-0.6416E+00
20.000	0.1066E+02	-0.1068E+00	0.6008E+00	-0.7819E+00
25.000	0.1140E+02	-0.1305E+00	0.4277E+00	-0.8756E+00
30.000	0.1227E+02	-0.1509E+00	0.2526E+00	-0.9254E+00
35.000	0.1325E+02	-0.1668E+00	0.8517E-01	-0.9374E+00
40.000	0.1432E+02	-0.1774E+00	-0.6826E-01	-0.9193E+00
45.000	0.1544E+02	-0.1821E+00	-0.2045E+00	-0.8787E+00
50.000	0.1658E+02	-0.1810E+00	-0.3228E+00	-0.8221E+00
55.000	0.1769E+02	-0.1743E+00	-0.4235E+00	-0.7548E+00
60.000	0.1874E+02	-0.1625E+00	-0.5081E+00	-0.6809E+00
65.000	0.1967E+02	-0.1463E+00	-0.5783E+00	-0.6032E+00
70.000	0.2046E+02	-0.1265E+00	-0.6359E+00	-0.5233E+00
75.000	0.2107E+02	-0.1036E+00	-0.6824E+00	-0.4425E+00
80.000	0.2147E+02	-0.7840E-01	-0.7192E+00	-0.3611E+00
85.000	0.2163E+02	-0.5130E-01	-0.7471E+00	-0.2794E+00
90.000	0.2156E+02	-0.2269E-01	-0.7668E+00	-0.1974E+00
95.000	0.2125E+02	0.7236E-02	-0.7787E+00	-0.1148E+00
100.000	0.2070E+02	0.3844E-01	-0.7827E+00	-0.3138E-01
105.000	0.1994E+02	0.7104E-01	-0.7786E+00	0.5294E-01
110.000	0.1898E+02	0.1053E+00	-0.7658E+00	0.1383E+00
115.000	0.1786E+02	0.1415E+00	-0.7433E+00	0.2248E+00
120.000	0.1660E+02	0.1800E+00	-0.7099E+00	0.3122E+00
125.000	0.1523E+02	0.2210E+00	-0.6637E+00	0.4000E+00
130.000	0.1381E+02	0.2647E+00	-0.6022E+00	0.4876E+00
135.000	0.1236E+02	0.3104E+00	-0.5225E+00	0.5734E+00
140.000	0.1093E+02	0.3570E+00	-0.4207E+00	0.6548E+00
145.000	0.9558E+01	0.4017E+00	-0.2923E+00	0.7273E+00
150.000	0.8276E+01	0.4399E+00	-0.1328E+00	0.7835E+00
155.000	0.7124E+01	0.4637E+00	0.6075E-01	0.8119E+00
160.000	0.6133E+01	0.4621E+00	0.2860E+00	0.7957E+00
165.000	0.5332E+01	0.4209E+00	0.5300E+00	0.7145E+00
170.000	0.4743E+01	0.3280E+00	0.7622E+00	0.5507E+00
175.000	0.4382E+01	0.1817E+00	0.9352E+00	0.3030E+00
180.000	0.4261E+01	0.6118E-04	0.1000E+01	0.5912E-04
