0.000	0.1018E+02	0.0000E+00	0.1000E+01	0.0000E+00
5.000	0.1028E+02	-0.2939E-01	0.9695E+00	-0.2430E+00
10.000	0.1059E+02	-0.5829E-01	0.8824E+00	-0.4653E+00
15.000	0.1109E+02	-0.8604E-01	0.7502E+00	-0.6507E+00
20.000	0.1177E+02	-0.1118E+00	0.5884E+00	-0.7900E+00
25.000	0.1263E+02	-0.1344E+00	0.4126E+00	-0.8813E+00
30.000	0.1363E+02	-0.1529E+00	0.2361E+00	-0.9282E+00
35.000	0.1476E+02	-0.1665E+00	0.6846E-01	-0.9376E+00
40.000	0.1598E+02	-0.1745E+00	-0.8452E-01	-0.9173E+00
45.000	0.1724E+02	-0.1767E+00	-0.2201E+00	-0.8750E+00
50.000	0.1852E+02	-0.1733E+00	-0.3375E+00	-0.8172E+00
55.000	0.1976E+02	-0.1645E+00	-0.4376E+00	-0.7491E+00
60.000	0.2092E+02	-0.1508E+00	-0.5218E+00	-0.6743E+00
65.000	0.2196E+02	-0.1329E+00	-0.5917E+00	-0.5956E+00
70.000	0.2283E+02	-0.1115E+00	-0.6489E+00	-0.5147E+00
75.000	0.2350E+02	-0.8725E-01	-0.6950E+00	-0.4325E+00
80.000	0.2394E+02	-0.6070E-01	-0.7311E+00	-0.3497E+00
85.000	0.2413E+02	-0.3235E-01	-0.7582E+00	-0.2664E+00
90.000	0.2406E+02	-0.2538E-02	-0.7768E+00	-0.1826E+00
95.000	0.2373E+02	0.2852E-01	-0.7872E+00	-0.9824E-01
100.000	0.2314E+02	0.6079E-01	-0.7894E+00	-0.1306E-01
105.000	0.2232E+02	0.9434E-01	-0.7830E+00	0.7304E-01
110.000	0.2129E+02	0.1294E+00	-0.7675E+00	0.1601E+00
115.000	0.2007E+02	0.1662E+00	-0.7418E+00	0.2482E+00
120.000	0.1870E+02	0.2050E+00	-0.7045E+00	0.3369E+00
125.000	0.1722E+02	0.2460E+00	-0.6537E+00	0.4257E+00
130.000	0.1568E+02	0.2889E+00	-0.5870E+00	0.5137E+00
135.000	0.1410E+02	0.3331E+00	-0.5013E+00	0.5989E+00
140.000	0.1255E+02	0.3770E+00	-0.3930E+00	0.6783E+00
145.000	0.1105E+02	0.4176E+00	-0.2580E+00	0.7469E+00
150.000	0.9661E+01	0.4500E+00	-0.9290E-01	0.7969E+00
155.000	0.8409E+01	0.4666E+00	0.1036E+00	0.8165E+00
160.000	0.7334E+01	0.4570E+00	0.3272E+00	0.7901E+00
165.000	0.6465E+01	0.4093E+00	0.5631E+00	0.7000E+00
170.000	0.5826E+01	0.3141E+00	0.7818E+00	0.5326E+00
175.000	0.5436E+01	0.1721E+00	0.9411E+00	0.2903E+00
180.000	0.5304E+01	0.5568E-04	0.1000E+01	0.5479E-04
