0.000	0.6909E+01	0.0000E+00	0.1000E+01	0.0000E+00
5.000	0.6978E+01	-0.5560E-01	0.9704E+00	-0.2348E+00
10.000	0.7183E+01	-0.1076E+00	0.8858E+00	-0.4497E+00
15.000	0.7517E+01	-0.1530E+00	0.7575E+00	-0.6293E+00
20.000	0.7973E+01	-0.1901E+00	0.6004E+00	-0.7647E+00
25.000	0.8536E+01	-0.2184E+00	0.4297E+00	-0.8542E+00
30.000	0.9191E+01	-0.2381E+00	0.2580E+00	-0.9010E+00
35.000	0.9918E+01	-0.2500E+00	0.9457E-01	-0.9117E+00
40.000	0.1069E+02	-0.2554E+00	-0.5505E-01	-0.8934E+00
45.000	0.1149E+02	-0.2552E+00	-0.1880E+00	-0.8534E+00
50.000	0.1228E+02	-0.2504E+00	-0.3035E+00	-0.7977E+00
55.000	0.1304E+02	-0.2419E+00	-0.4020E+00	-0.7312E+00
60.000	0.1374E+02	-0.2301E+00	-0.4846E+00	-0.6579E+00
65.000	0.1435E+02	-0.2157E+00	-0.5527E+00	-0.5804E+00
70.000	0.1484E+02	-0.1989E+00	-0.6080E+00	-0.5009E+00
75.000	0.1520E+02	-0.1799E+00	-0.6517E+00	-0.4207E+00
80.000	0.1540E+02	-0.1590E+00	-0.6852E+00	-0.3407E+00
85.000	0.1544E+02	-0.1360E+00	-0.7096E+00	-0.2614E+00
90.000	0.1529E+02	-0.1111E+00	-0.7259E+00	-0.1833E+00
95.000	0.1498E+02	-0.8407E-01	-0.7346E+00	-0.1063E+00
100.000	0.1448E+02	-0.5482E-01	-0.7363E+00	-0.3031E-01
105.000	0.1383E+02	-0.2318E-01	-0.7312E+00	0.4475E-01
110.000	0.1304E+02	0.1109E-01	-0.7193E+00	0.1192E+00
115.000	0.1212E+02	0.4824E-01	-0.7002E+00	0.1935E+00
120.000	0.1111E+02	0.8852E-01	-0.6732E+00	0.2681E+00
125.000	0.1003E+02	0.1322E+00	-0.6372E+00	0.3433E+00
130.000	0.8911E+01	0.1793E+00	-0.5902E+00	0.4194E+00
135.000	0.7792E+01	0.2298E+00	-0.5295E+00	0.4965E+00
140.000	0.6700E+01	0.2832E+00	-0.4511E+00	0.5738E+00
145.000	0.5666E+01	0.3379E+00	-0.3497E+00	0.6492E+00
150.000	0.4717E+01	0.3906E+00	-0.2182E+00	0.7181E+00
155.000	0.3875E+01	0.4349E+00	-0.4871E-01	0.7709E+00
160.000	0.3160E+01	0.4590E+00	0.1651E+00	0.7902E+00
165.000	0.2588E+01	0.4442E+00	0.4205E+00	0.7475E+00
170.000	0.2172E+01	0.3669E+00	0.6907E+00	0.6075E+00
175.000	0.1918E+01	0.2125E+00	0.9121E+00	0.3485E+00
180.000	0.1833E+01	0.8533E-04	0.1000E+01	0.7209E-04
