0.000	0.1264E+02	0.0000E+00	0.1000E+01	0.0000E+00
5.000	0.1280E+02	-0.3248E-01	0.9661E+00	-0.2557E+00
10.000	0.1325E+02	-0.6297E-01	0.8702E+00	-0.4869E+00
15.000	0.1399E+02	-0.8984E-01	0.7270E+00	-0.6755E+00
20.000	0.1499E+02	-0.1119E+00	0.5551E+00	-0.8127E+00
25.000	0.1621E+02	-0.1286E+00	0.3722E+00	-0.8987E+00
30.000	0.1761E+02	-0.1397E+00	0.1916E+00	-0.9394E+00
35.000	0.1915E+02	-0.1450E+00	0.2213E-01	-0.9431E+00
40.000	0.2077E+02	-0.1448E+00	-0.1316E+00	-0.9183E+00
45.000	0.2243E+02	-0.1394E+00	-0.2676E+00	-0.8723E+00
50.000	0.2406E+02	-0.1289E+00	-0.3860E+00	-0.8112E+00
55.000	0.2562E+02	-0.1140E+00	-0.4875E+00	-0.7394E+00
60.000	0.2707E+02	-0.9491E-01	-0.5733E+00	-0.6602E+00
65.000	0.2834E+02	-0.7229E-01	-0.6447E+00	-0.5759E+00
70.000	0.2942E+02	-0.4664E-01	-0.7029E+00	-0.4882E+00
75.000	0.3026E+02	-0.1850E-01	-0.7489E+00	-0.3981E+00
80.000	0.3083E+02	0.1162E-01	-0.7837E+00	-0.3063E+00
85.000	0.3112E+02	0.4329E-01	-0.8077E+00	-0.2133E+00
90.000	0.3112E+02	0.7615E-01	-0.8213E+00	-0.1195E+00
95.000	0.3083E+02	0.1100E+00	-0.8248E+00	-0.2493E-01
100.000	0.3024E+02	0.1445E+00	-0.8180E+00	0.7016E-01
105.000	0.2938E+02	0.1798E+00	-0.8003E+00	0.1656E+00
110.000	0.2827E+02	0.2158E+00	-0.7712E+00	0.2612E+00
115.000	0.2693E+02	0.2524E+00	-0.7293E+00	0.3563E+00
120.000	0.2542E+02	0.2894E+00	-0.6733E+00	0.4503E+00
125.000	0.2377E+02	0.3264E+00	-0.6011E+00	0.5417E+00
130.000	0.2203E+02	0.3625E+00	-0.5106E+00	0.6283E+00
135.000	0.2027E+02	0.3962E+00	-0.3996E+00	0.7071E+00
140.000	0.1852E+02	0.4253E+00	-0.2658E+00	0.7733E+00
145.000	0.1684E+02	0.4462E+00	-0.1084E+00	0.8206E+00
150.000	0.1528E+02	0.4543E+00	0.7182E-01	0.8408E+00
155.000	0.1389E+02	0.4441E+00	0.2703E+00	0.8241E+00
160.000	0.1269E+02	0.4097E+00	0.4771E+00	0.7606E+00
165.000	0.1173E+02	0.3464E+00	0.6760E+00	0.6426E+00
170.000	0.1103E+02	0.2531E+00	0.8449E+00	0.4689E+00
175.000	0.1060E+02	0.1340E+00	0.9593E+00	0.2481E+00
180.000	0.1046E+02	0.3744E-04	0.1000E+01	0.4142E-04
