0.0	0.6845E+01	0.0000E+00	0.1000E+01	0.0000E+00
1.0	0.6848E+01	-0.3994E-02	0.9987E+00	-0.5167E-01
2.0	0.6858E+01	-0.7973E-02	0.9946E+00	-0.1031E+00
3.0	0.6874E+01	-0.1192E-01	0.9880E+00	-0.1542E+00
4.0	0.6896E+01	-0.1582E-01	0.9787E+00	-0.2047E+00
5.0	0.6924E+01	-0.1967E-01	0.9669E+00	-0.2544E+00
6.0	0.6959E+01	-0.2344E-01	0.9526E+00	-0.3031E+00
7.0	0.7000E+01	-0.2712E-01	0.9359E+00	-0.3508E+00
8.0	0.7047E+01	-0.3071E-01	0.9170E+00	-0.3971E+00
9.0	0.7100E+01	-0.3418E-01	0.8959E+00	-0.4420E+00
10.0	0.7159E+01	-0.3754E-01	0.8728E+00	-0.4854E+00
11.0	0.7224E+01	-0.4076E-01	0.8478E+00	-0.5270E+00
12.0	0.7294E+01	-0.4384E-01	0.8211E+00	-0.5670E+00
13.0	0.7370E+01	-0.4678E-01	0.7927E+00	-0.6051E+00
14.0	0.7451E+01	-0.4955E-01	0.7629E+00	-0.6412E+00
15.0	0.7538E+01	-0.5217E-01	0.7318E+00	-0.6754E+00
16.0	0.7630E+01	-0.5462E-01	0.6996E+00	-0.7077E+00
17.0	0.7727E+01	-0.5689E-01	0.6663E+00	-0.7378E+00
18.0	0.7828E+01	-0.5900E-01	0.6321E+00	-0.7660E+00
19.0	0.7935E+01	-0.6092E-01	0.5972E+00	-0.7921E+00
20.0	0.8046E+01	-0.6266E-01	0.5617E+00	-0.8162E+00
21.0	0.8161E+01	-0.6422E-01	0.5257E+00	-0.8383E+00
22.0	0.8280E+01	-0.6560E-01	0.4894E+00	-0.8584E+00
23.0	0.8403E+01	-0.6679E-01	0.4527E+00	-0.8766E+00
24.0	0.8530E+01	-0.6780E-01	0.4159E+00	-0.8930E+00
25.0	0.8660E+01	-0.6863E-01	0.3791E+00	-0.9074E+00
26.0	0.8794E+01	-0.6927E-01	0.3423E+00	-0.9201E+00
27.0	0.8931E+01	-0.6973E-01	0.3056E+00	-0.9311E+00
28.0	0.9071E+01	-0.7001E-01	0.2690E+00	-0.9404E+00
29.0	0.9213E+01	-0.7010E-01	0.2327E+00	-0.9480E+00
30.0	0.9358E+01	-0.7002E-01	0.1968E+00	-0.9542E+00
31.0	0.9505E+01	-0.6976E-01	0.1612E+00	-0.9588E+00
32.0	0.9655E+01	-0.6933E-01	0.1259E+00	-0.9620E+00
33.0	0.9806E+01	-0.6872E-01	0.9119E-01	-0.9639E+00
34.0	0.9959E+01	-0.6794E-01	0.5692E-01	-0.9644E+00
35.0	0.1011E+02	-0.6699E-01	0.2317E-01	-0.9638E+00
36.0	0.1027E+02	-0.6587E-01	-0.1004E-01	-0.9619E+00
37.0	0.1042E+02	-0.6458E-01	-0.4268E-01	-0.9589E+00
38.0	0.1058E+02	-0.6312E-01	-0.7472E-01	-0.9548E+00
39.0	0.1074E+02	-0.6151E-01	-0.1062E+00	-0.9497E+00
40.0	0.1090E+02	-0.5973E-01	-0.1370E+00	-0.9437E+00
41.0	0.1106E+02	-0.5780E-01	-0.1672E+00	-0.9367E+00
42.0	0.1121E+02	-0.5570E-01	-0.1967E+00	-0.9288E+00
43.0	0.1137E+02	-0.5345E-01	-0.2256E+00	-0.9202E+00
44.0	0.1153E+02	-0.5105E-01	-0.2539E+00	-0.9107E+00
45.0	0.1169E+02	-0.4850E-01	-0.2814E+00	-0.9005E+00
46.0	0.1184E+02	-0.4580E-01	-0.3084E+00	-0.8895E+00
47.0	0.1200E+02	-0.4295E-01	-0.3347E+00	-0.8779E+00
48.0	0.1216E+02	-0.3995E-01	-0.3603E+00	-0.8657E+00
49.0	0.1231E+02	-0.3681E-01	-0.3852E+00	-0.8528E+00
50.0	0.1246E+02	-0.3354E-01	-0.4095E+00	-0.8394E+00
51.0	0.1261E+02	-0.3012E-01	-0.4332E+00	-0.8254E+00
52.0	0.1276E+02	-0.2657E-01	-0.4562E+00	-0.8109E+00
53.0	0.1291E+02	-0.2288E-01	-0.4785E+00	-0.7958E+00
54.0	0.1305E+02	-0.1907E-01	-0.5002E+00	-0.7804E+00
55.0	0.1319E+02	-0.1512E-01	-0.5213E+00	-0.7644E+00
56.0	0.1333E+02	-0.1105E-01	-0.5417E+00	-0.7481E+00
57.0	0.1347E+02	-0.6862E-02	-0.5615E+00	-0.7313E+00
58.0	0.1361E+02	-0.2549E-02	-0.5807E+00	-0.7141E+00
59.0	0.1374E+02	0.1880E-02	-0.5992E+00	-0.6966E+00
60.0	0.1387E+02	0.6423E-02	-0.6171E+00	-0.6788E+00
61.0	0.1400E+02	0.1108E-01	-0.6344E+00	-0.6606E+00
62.0	0.1412E+02	0.1584E-01	-0.6511E+00	-0.6420E+00
63.0	0.1424E+02	0.2071E-01	-0.6671E+00	-0.6232E+00
64.0	0.1436E+02	0.2567E-01	-0.6826E+00	-0.6041E+00
65.0	0.1448E+02	0.3074E-01	-0.6974E+00	-0.5847E+00
66.0	0.1459E+02	0.3590E-01	-0.7117E+00	-0.5651E+00
67.0	0.1470E+02	0.4115E-01	-0.7253E+00	-0.5452E+00
68.0	0.1480E+02	0.4649E-01	-0.7384E+00	-0.5251E+00
69.0	0.1490E+02	0.5191E-01	-0.7508E+00	-0.5048E+00
70.0	0.1500E+02	0.5741E-01	-0.7627E+00	-0.4842E+00
71.0	0.1509E+02	0.6299E-01	-0.7739E+00	-0.4635E+00
72.0	0.1518E+02	0.6865E-01	-0.7846E+00	-0.4426E+00
73.0	0.1526E+02	0.7437E-01	-0.7947E+00	-0.4215E+00
74.0	0.1535E+02	0.8016E-01	-0.8042E+00	-0.4002E+00
75.0	0.1542E+02	0.8601E-01	-0.8132E+00	-0.3788E+00
76.0	0.1550E+02	0.9192E-01	-0.8215E+00	-0.3573E+00
77.0	0.1556E+02	0.9789E-01	-0.8293E+00	-0.3356E+00
78.0	0.1563E+02	0.1039E+00	-0.8365E+00	-0.3138E+00
79.0	0.1569E+02	0.1100E+00	-0.8431E+00	-0.2918E+00
80.0	0.1574E+02	0.1161E+00	-0.8492E+00	-0.2698E+00
81.0	0.1579E+02	0.1222E+00	-0.8547E+00	-0.2477E+00
82.0	0.1584E+02	0.1284E+00	-0.8596E+00	-0.2255E+00
83.0	0.1588E+02	0.1346E+00	-0.8639E+00	-0.2032E+00
84.0	0.1592E+02	0.1409E+00	-0.8677E+00	-0.1808E+00
85.0	0.1595E+02	0.1472E+00	-0.8709E+00	-0.1584E+00
86.0	0.1598E+02	0.1535E+00	-0.8736E+00	-0.1359E+00
87.0	0.1600E+02	0.1598E+00	-0.8756E+00	-0.1134E+00
88.0	0.1602E+02	0.1662E+00	-0.8771E+00	-0.9078E-01
89.0	0.1604E+02	0.1725E+00	-0.8781E+00	-0.6818E-01
90.0	0.1605E+02	0.1789E+00	-0.8784E+00	-0.4555E-01
91.0	0.1605E+02	0.1853E+00	-0.8782E+00	-0.2290E-01
92.0	0.1605E+02	0.1917E+00	-0.8775E+00	-0.2427E-03
93.0	0.1604E+02	0.1981E+00	-0.8761E+00	0.2242E-01
94.0	0.1603E+02	0.2045E+00	-0.8742E+00	0.4507E-01
95.0	0.1602E+02	0.2109E+00	-0.8717E+00	0.6771E-01
96.0	0.1600E+02	0.2173E+00	-0.8686E+00	0.9033E-01
97.0	0.1598E+02	0.2237E+00	-0.8650E+00	0.1129E+00
98.0	0.1595E+02	0.2301E+00	-0.8608E+00	0.1355E+00
99.0	0.1591E+02	0.2364E+00	-0.8559E+00	0.1580E+00
100.0	0.1587E+02	0.2428E+00	-0.8505E+00	0.1805E+00
101.0	0.1583E+02	0.2491E+00	-0.8445E+00	0.2029E+00
102.0	0.1578E+02	0.2554E+00	-0.8379E+00	0.2252E+00
103.0	0.1573E+02	0.2617E+00	-0.8307E+00	0.2474E+00
104.0	0.1568E+02	0.2679E+00	-0.8229E+00	0.2696E+00
105.0	0.1562E+02	0.2742E+00	-0.8144E+00	0.2917E+00
106.0	0.1555E+02	0.2804E+00	-0.8054E+00	0.3136E+00
107.0	0.1548E+02	0.2865E+00	-0.7957E+00	0.3355E+00
108.0	0.1541E+02	0.2926E+00	-0.7854E+00	0.3572E+00
109.0	0.1533E+02	0.2987E+00	-0.7744E+00	0.3788E+00
110.0	0.1525E+02	0.3047E+00	-0.7629E+00	0.4002E+00
111.0	0.1517E+02	0.3107E+00	-0.7506E+00	0.4215E+00
112.0	0.1508E+02	0.3166E+00	-0.7377E+00	0.4425E+00
113.0	0.1499E+02	0.3224E+00	-0.7241E+00	0.4634E+00
114.0	0.1489E+02	0.3282E+00	-0.7099E+00	0.4841E+00
115.0	0.1479E+02	0.3338E+00	-0.6949E+00	0.5045E+00
116.0	0.1469E+02	0.3395E+00	-0.6793E+00	0.5247E+00
117.0	0.1458E+02	0.3450E+00	-0.6630E+00	0.5446E+00
118.0	0.1448E+02	0.3504E+00	-0.6459E+00	0.5643E+00
119.0	0.1437E+02	0.3557E+00	-0.6282E+00	0.5836E+00
120.0	0.1425E+02	0.3609E+00	-0.6097E+00	0.6026E+00
121.0	0.1414E+02	0.3660E+00	-0.5905E+00	0.6213E+00
122.0	0.1402E+02	0.3709E+00	-0.5706E+00	0.6396E+00
123.0	0.1390E+02	0.3757E+00	-0.5499E+00	0.6575E+00
124.0	0.1378E+02	0.3804E+00	-0.5285E+00	0.6749E+00
125.0	0.1366E+02	0.3849E+00	-0.5063E+00	0.6919E+00
126.0	0.1353E+02	0.3892E+00	-0.4834E+00	0.7085E+00
127.0	0.1341E+02	0.3934E+00	-0.4598E+00	0.7245E+00
128.0	0.1328E+02	0.3973E+00	-0.4353E+00	0.7399E+00
129.0	0.1315E+02	0.4010E+00	-0.4102E+00	0.7548E+00
130.0	0.1302E+02	0.4045E+00	-0.3842E+00	0.7691E+00
131.0	0.1289E+02	0.4078E+00	-0.3575E+00	0.7827E+00
132.0	0.1276E+02	0.4108E+00	-0.3301E+00	0.7956E+00
133.0	0.1263E+02	0.4135E+00	-0.3020E+00	0.8077E+00
134.0	0.1250E+02	0.4160E+00	-0.2731E+00	0.8191E+00
135.0	0.1237E+02	0.4181E+00	-0.2435E+00	0.8297E+00
136.0	0.1224E+02	0.4200E+00	-0.2132E+00	0.8394E+00
137.0	0.1211E+02	0.4214E+00	-0.1823E+00	0.8483E+00
138.0	0.1198E+02	0.4226E+00	-0.1506E+00	0.8562E+00
139.0	0.1185E+02	0.4233E+00	-0.1184E+00	0.8631E+00
140.0	0.1172E+02	0.4237E+00	-0.8551E-01	0.8689E+00
141.0	0.1160E+02	0.4236E+00	-0.5206E-01	0.8737E+00
142.0	0.1147E+02	0.4231E+00	-0.1808E-01	0.8774E+00
143.0	0.1135E+02	0.4222E+00	0.1640E-01	0.8798E+00
144.0	0.1123E+02	0.4208E+00	0.5135E-01	0.8811E+00
145.0	0.1111E+02	0.4189E+00	0.8672E-01	0.8811E+00
146.0	0.1099E+02	0.4165E+00	0.1224E+00	0.8799E+00
147.0	0.1087E+02	0.4136E+00	0.1585E+00	0.8773E+00
148.0	0.1076E+02	0.4101E+00	0.1948E+00	0.8733E+00
149.0	0.1065E+02	0.4061E+00	0.2313E+00	0.8679E+00
150.0	0.1054E+02	0.4015E+00	0.2679E+00	0.8610E+00
151.0	0.1043E+02	0.3963E+00	0.3045E+00	0.8527E+00
152.0	0.1033E+02	0.3905E+00	0.3412E+00	0.8428E+00
153.0	0.1023E+02	0.3841E+00	0.3777E+00	0.8315E+00
154.0	0.1013E+02	0.3771E+00	0.4141E+00	0.8185E+00
155.0	0.1003E+02	0.3695E+00	0.4502E+00	0.8040E+00
156.0	0.9939E+01	0.3612E+00	0.4860E+00	0.7879E+00
157.0	0.9850E+01	0.3523E+00	0.5213E+00	0.7703E+00
158.0	0.9764E+01	0.3428E+00	0.5561E+00	0.7510E+00
159.0	0.9682E+01	0.3326E+00	0.5902E+00	0.7302E+00
160.0	0.9602E+01	0.3218E+00	0.6236E+00	0.7077E+00
161.0	0.9526E+01	0.3103E+00	0.6562E+00	0.6838E+00
162.0	0.9454E+01	0.2982E+00	0.6879E+00	0.6582E+00
163.0	0.9385E+01	0.2856E+00	0.7186E+00	0.6312E+00
164.0	0.9320E+01	0.2723E+00	0.7481E+00	0.6027E+00
165.0	0.9259E+01	0.2584E+00	0.7764E+00	0.5728E+00
166.0	0.9202E+01	0.2440E+00	0.8034E+00	0.5415E+00
167.0	0.9148E+01	0.2290E+00	0.8290E+00	0.5088E+00
168.0	0.9098E+01	0.2136E+00	0.8531E+00	0.4749E+00
169.0	0.9052E+01	0.1976E+00	0.8757E+00	0.4398E+00
170.0	0.9010E+01	0.1812E+00	0.8965E+00	0.4036E+00
171.0	0.8971E+01	0.1643E+00	0.9157E+00	0.3663E+00
172.0	0.8937E+01	0.1471E+00	0.9330E+00	0.3281E+00
173.0	0.8907E+01	0.1295E+00	0.9484E+00	0.2891E+00
174.0	0.8880E+01	0.1116E+00	0.9620E+00	0.2492E+00
175.0	0.8858E+01	0.9342E-01	0.9735E+00	0.2087E+00
176.0	0.8840E+01	0.7502E-01	0.9830E+00	0.1677E+00
177.0	0.8826E+01	0.5643E-01	0.9904E+00	0.1262E+00
178.0	0.8815E+01	0.3771E-01	0.9957E+00	0.8431E-01
179.0	0.8809E+01	0.1889E-01	0.9989E+00	0.4223E-01
180.0	0.8807E+01	0.2168E-04	0.1000E+01	0.2989E-04
