0.000	0.1237E+02	0.0000E+00	0.1000E+01	0.0000E+00
5.000	0.1251E+02	-0.4362E-01	0.9662E+00	-0.2537E+00
10.000	0.1295E+02	-0.8285E-01	0.8705E+00	-0.4836E+00
15.000	0.1367E+02	-0.1144E+00	0.7273E+00	-0.6718E+00
20.000	0.1463E+02	-0.1366E+00	0.5552E+00	-0.8097E+00
25.000	0.1582E+02	-0.1494E+00	0.3717E+00	-0.8971E+00
30.000	0.1719E+02	-0.1538E+00	0.1905E+00	-0.9394E+00
35.000	0.1870E+02	-0.1511E+00	0.2044E-01	-0.9449E+00
40.000	0.2030E+02	-0.1429E+00	-0.1338E+00	-0.9219E+00
45.000	0.2194E+02	-0.1303E+00	-0.2702E+00	-0.8777E+00
50.000	0.2356E+02	-0.1143E+00	-0.3890E+00	-0.8184E+00
55.000	0.2512E+02	-0.9572E-01	-0.4909E+00	-0.7483E+00
60.000	0.2655E+02	-0.7500E-01	-0.5773E+00	-0.6707E+00
65.000	0.2783E+02	-0.5248E-01	-0.6497E+00	-0.5880E+00
70.000	0.2890E+02	-0.2836E-01	-0.7094E+00	-0.5016E+00
75.000	0.2974E+02	-0.2763E-02	-0.7575E+00	-0.4125E+00
80.000	0.3031E+02	0.2425E-01	-0.7947E+00	-0.3213E+00
85.000	0.3061E+02	0.5264E-01	-0.8215E+00	-0.2283E+00
90.000	0.3061E+02	0.8238E-01	-0.8383E+00	-0.1338E+00
95.000	0.3033E+02	0.1134E+00	-0.8449E+00	-0.3774E-01
100.000	0.2977E+02	0.1457E+00	-0.8410E+00	0.5966E-01
105.000	0.2894E+02	0.1792E+00	-0.8258E+00	0.1583E+00
110.000	0.2788E+02	0.2135E+00	-0.7984E+00	0.2577E+00
115.000	0.2661E+02	0.2486E+00	-0.7575E+00	0.3575E+00
120.000	0.2517E+02	0.2837E+00	-0.7012E+00	0.4565E+00
125.000	0.2360E+02	0.3183E+00	-0.6277E+00	0.5531E+00
130.000	0.2195E+02	0.3511E+00	-0.5347E+00	0.6449E+00
135.000	0.2026E+02	0.3806E+00	-0.4200E+00	0.7283E+00
140.000	0.1860E+02	0.4045E+00	-0.2819E+00	0.7982E+00
145.000	0.1700E+02	0.4198E+00	-0.1196E+00	0.8479E+00
150.000	0.1550E+02	0.4225E+00	0.6519E-01	0.8687E+00
155.000	0.1416E+02	0.4082E+00	0.2675E+00	0.8507E+00
160.000	0.1301E+02	0.3724E+00	0.4769E+00	0.7839E+00
165.000	0.1208E+02	0.3118E+00	0.6770E+00	0.6612E+00
170.000	0.1140E+02	0.2260E+00	0.8457E+00	0.4817E+00
175.000	0.1098E+02	0.1191E+00	0.9596E+00	0.2546E+00
180.000	0.1084E+02	0.3286E-04	0.1000E+01	0.4106E-04
