0.000	0.1096E+02	0.0000E+00	0.1000E+01	0.0000E+00
5.000	0.1109E+02	-0.3654E-01	0.9662E+00	-0.2552E+00
10.000	0.1148E+02	-0.6920E-01	0.8701E+00	-0.4865E+00
15.000	0.1210E+02	-0.9507E-01	0.7264E+00	-0.6763E+00
20.000	0.1295E+02	-0.1127E+00	0.5533E+00	-0.8156E+00
25.000	0.1400E+02	-0.1220E+00	0.3685E+00	-0.9043E+00
30.000	0.1521E+02	-0.1238E+00	0.1855E+00	-0.9476E+00
35.000	0.1654E+02	-0.1193E+00	0.1350E-01	-0.9536E+00
40.000	0.1795E+02	-0.1098E+00	-0.1428E+00	-0.9306E+00
45.000	0.1940E+02	-0.9644E-01	-0.2813E+00	-0.8860E+00
50.000	0.2084E+02	-0.8005E-01	-0.4021E+00	-0.8258E+00
55.000	0.2222E+02	-0.6128E-01	-0.5059E+00	-0.7544E+00
60.000	0.2351E+02	-0.4057E-01	-0.5940E+00	-0.6751E+00
65.000	0.2465E+02	-0.1819E-01	-0.6679E+00	-0.5901E+00
70.000	0.2563E+02	0.5663E-02	-0.7288E+00	-0.5010E+00
75.000	0.2641E+02	0.3088E-01	-0.7776E+00	-0.4088E+00
80.000	0.2696E+02	0.5740E-01	-0.8150E+00	-0.3141E+00
85.000	0.2728E+02	0.8515E-01	-0.8416E+00	-0.2173E+00
90.000	0.2735E+02	0.1141E+00	-0.8574E+00	-0.1187E+00
95.000	0.2718E+02	0.1441E+00	-0.8623E+00	-0.1830E-01
100.000	0.2676E+02	0.1751E+00	-0.8557E+00	0.8349E-01
105.000	0.2612E+02	0.2069E+00	-0.8369E+00	0.1864E+00
110.000	0.2527E+02	0.2392E+00	-0.8049E+00	0.2898E+00
115.000	0.2425E+02	0.2716E+00	-0.7582E+00	0.3929E+00
120.000	0.2307E+02	0.3035E+00	-0.6952E+00	0.4942E+00
125.000	0.2178E+02	0.3341E+00	-0.6140E+00	0.5919E+00
130.000	0.2042E+02	0.3622E+00	-0.5128E+00	0.6830E+00
135.000	0.1902E+02	0.3861E+00	-0.3899E+00	0.7635E+00
140.000	0.1763E+02	0.4036E+00	-0.2444E+00	0.8280E+00
145.000	0.1629E+02	0.4120E+00	-0.7668E-01	0.8698E+00
150.000	0.1504E+02	0.4079E+00	0.1105E+00	0.8807E+00
155.000	0.1391E+02	0.3878E+00	0.3109E+00	0.8519E+00
160.000	0.1294E+02	0.3484E+00	0.5136E+00	0.7755E+00
165.000	0.1216E+02	0.2877E+00	0.7029E+00	0.6467E+00
170.000	0.1158E+02	0.2063E+00	0.8594E+00	0.4667E+00
175.000	0.1123E+02	0.1079E+00	0.9634E+00	0.2452E+00
180.000	0.1111E+02	0.2799E-04	0.1000E+01	0.3816E-04
