0.000	0.9139E+01	0.0000E+00	0.1000E+01	0.0000E+00
5.000	0.9240E+01	-0.5721E-01	0.9683E+00	-0.2429E+00
10.000	0.9542E+01	-0.1098E+00	0.8782E+00	-0.4638E+00
15.000	0.1003E+02	-0.1543E+00	0.7427E+00	-0.6460E+00
20.000	0.1070E+02	-0.1888E+00	0.5786E+00	-0.7809E+00
25.000	0.1152E+02	-0.2128E+00	0.4026E+00	-0.8677E+00
30.000	0.1247E+02	-0.2272E+00	0.2277E+00	-0.9110E+00
35.000	0.1352E+02	-0.2333E+00	0.6281E-01	-0.9183E+00
40.000	0.1463E+02	-0.2325E+00	-0.8696E-01	-0.8974E+00
45.000	0.1577E+02	-0.2262E+00	-0.2194E+00	-0.8557E+00
50.000	0.1689E+02	-0.2155E+00	-0.3344E+00	-0.7992E+00
55.000	0.1796E+02	-0.2015E+00	-0.4325E+00	-0.7325E+00
60.000	0.1894E+02	-0.1846E+00	-0.5152E+00	-0.6592E+00
65.000	0.1980E+02	-0.1654E+00	-0.5840E+00	-0.5817E+00
70.000	0.2050E+02	-0.1442E+00	-0.6403E+00	-0.5017E+00
75.000	0.2101E+02	-0.1211E+00	-0.6855E+00	-0.4205E+00
80.000	0.2132E+02	-0.9625E-01	-0.7206E+00	-0.3386E+00
85.000	0.2140E+02	-0.6961E-01	-0.7467E+00	-0.2566E+00
90.000	0.2125E+02	-0.4112E-01	-0.7643E+00	-0.1745E+00
95.000	0.2087E+02	-0.1065E-01	-0.7738E+00	-0.9244E-01
100.000	0.2026E+02	0.2193E-01	-0.7754E+00	-0.1027E-01
105.000	0.1945E+02	0.5677E-01	-0.7690E+00	0.7219E-01
110.000	0.1845E+02	0.9401E-01	-0.7542E+00	0.1551E+00
115.000	0.1729E+02	0.1338E+00	-0.7300E+00	0.2388E+00
120.000	0.1601E+02	0.1760E+00	-0.6954E+00	0.3232E+00
125.000	0.1463E+02	0.2206E+00	-0.6484E+00	0.4082E+00
130.000	0.1321E+02	0.2670E+00	-0.5866E+00	0.4933E+00
135.000	0.1177E+02	0.3145E+00	-0.5069E+00	0.5772E+00
140.000	0.1037E+02	0.3614E+00	-0.4053E+00	0.6573E+00
145.000	0.9027E+01	0.4047E+00	-0.2774E+00	0.7292E+00
150.000	0.7792E+01	0.4399E+00	-0.1185E+00	0.7853E+00
155.000	0.6692E+01	0.4596E+00	0.7392E-01	0.8136E+00
160.000	0.5753E+01	0.4537E+00	0.2974E+00	0.7972E+00
165.000	0.5000E+01	0.4095E+00	0.5385E+00	0.7154E+00
170.000	0.4449E+01	0.3167E+00	0.7671E+00	0.5509E+00
175.000	0.4113E+01	0.1745E+00	0.9366E+00	0.3028E+00
180.000	0.4001E+01	0.6070E-04	0.1000E+01	0.5642E-04
