0.0	0.8455E+01	0.0000E+00	0.1000E+01	0.0000E+00
1.0	0.8459E+01	-0.4895E-02	0.9986E+00	-0.5203E-01
2.0	0.8471E+01	-0.9772E-02	0.9945E+00	-0.1039E+00
3.0	0.8492E+01	-0.1462E-01	0.9878E+00	-0.1553E+00
4.0	0.8520E+01	-0.1941E-01	0.9783E+00	-0.2061E+00
5.0	0.8556E+01	-0.2413E-01	0.9663E+00	-0.2561E+00
6.0	0.8600E+01	-0.2877E-01	0.9518E+00	-0.3051E+00
7.0	0.8652E+01	-0.3332E-01	0.9349E+00	-0.3529E+00
8.0	0.8712E+01	-0.3775E-01	0.9157E+00	-0.3994E+00
9.0	0.8780E+01	-0.4205E-01	0.8943E+00	-0.4445E+00
10.0	0.8855E+01	-0.4622E-01	0.8708E+00	-0.4880E+00
11.0	0.8937E+01	-0.5024E-01	0.8455E+00	-0.5297E+00
12.0	0.9027E+01	-0.5410E-01	0.8184E+00	-0.5697E+00
13.0	0.9124E+01	-0.5780E-01	0.7897E+00	-0.6077E+00
14.0	0.9227E+01	-0.6131E-01	0.7596E+00	-0.6438E+00
15.0	0.9338E+01	-0.6465E-01	0.7282E+00	-0.6779E+00
16.0	0.9455E+01	-0.6779E-01	0.6956E+00	-0.7100E+00
17.0	0.9578E+01	-0.7075E-01	0.6620E+00	-0.7400E+00
18.0	0.9708E+01	-0.7351E-01	0.6275E+00	-0.7679E+00
19.0	0.9844E+01	-0.7606E-01	0.5923E+00	-0.7937E+00
20.0	0.9985E+01	-0.7842E-01	0.5566E+00	-0.8175E+00
21.0	0.1013E+02	-0.8057E-01	0.5204E+00	-0.8393E+00
22.0	0.1028E+02	-0.8251E-01	0.4838E+00	-0.8591E+00
23.0	0.1044E+02	-0.8425E-01	0.4470E+00	-0.8769E+00
24.0	0.1060E+02	-0.8579E-01	0.4101E+00	-0.8928E+00
25.0	0.1077E+02	-0.8712E-01	0.3732E+00	-0.9068E+00
26.0	0.1094E+02	-0.8824E-01	0.3363E+00	-0.9191E+00
27.0	0.1112E+02	-0.8917E-01	0.2996E+00	-0.9296E+00
28.0	0.1129E+02	-0.8989E-01	0.2630E+00	-0.9384E+00
29.0	0.1148E+02	-0.9041E-01	0.2268E+00	-0.9456E+00
30.0	0.1166E+02	-0.9074E-01	0.1909E+00	-0.9513E+00
31.0	0.1185E+02	-0.9086E-01	0.1554E+00	-0.9555E+00
32.0	0.1204E+02	-0.9080E-01	0.1204E+00	-0.9583E+00
33.0	0.1224E+02	-0.9054E-01	0.8581E-01	-0.9597E+00
34.0	0.1243E+02	-0.9009E-01	0.5176E-01	-0.9599E+00
35.0	0.1263E+02	-0.8946E-01	0.1826E-01	-0.9588E+00
36.0	0.1283E+02	-0.8864E-01	-0.1466E-01	-0.9565E+00
37.0	0.1303E+02	-0.8764E-01	-0.4699E-01	-0.9532E+00
38.0	0.1323E+02	-0.8645E-01	-0.7870E-01	-0.9488E+00
39.0	0.1343E+02	-0.8509E-01	-0.1098E+00	-0.9434E+00
40.0	0.1363E+02	-0.8356E-01	-0.1402E+00	-0.9370E+00
41.0	0.1384E+02	-0.8185E-01	-0.1700E+00	-0.9298E+00
42.0	0.1404E+02	-0.7996E-01	-0.1991E+00	-0.9217E+00
43.0	0.1424E+02	-0.7791E-01	-0.2276E+00	-0.9128E+00
44.0	0.1445E+02	-0.7570E-01	-0.2554E+00	-0.9031E+00
45.0	0.1465E+02	-0.7331E-01	-0.2825E+00	-0.8927E+00
46.0	0.1485E+02	-0.7077E-01	-0.3089E+00	-0.8817E+00
47.0	0.1505E+02	-0.6807E-01	-0.3347E+00	-0.8700E+00
48.0	0.1525E+02	-0.6521E-01	-0.3598E+00	-0.8577E+00
49.0	0.1544E+02	-0.6219E-01	-0.3843E+00	-0.8448E+00
50.0	0.1564E+02	-0.5903E-01	-0.4081E+00	-0.8314E+00
51.0	0.1583E+02	-0.5571E-01	-0.4312E+00	-0.8174E+00
52.0	0.1602E+02	-0.5225E-01	-0.4537E+00	-0.8030E+00
53.0	0.1621E+02	-0.4865E-01	-0.4755E+00	-0.7881E+00
54.0	0.1640E+02	-0.4490E-01	-0.4967E+00	-0.7727E+00
55.0	0.1658E+02	-0.4102E-01	-0.5172E+00	-0.7570E+00
56.0	0.1676E+02	-0.3700E-01	-0.5371E+00	-0.7408E+00
57.0	0.1694E+02	-0.3285E-01	-0.5564E+00	-0.7243E+00
58.0	0.1711E+02	-0.2857E-01	-0.5750E+00	-0.7074E+00
59.0	0.1728E+02	-0.2416E-01	-0.5931E+00	-0.6902E+00
60.0	0.1745E+02	-0.1963E-01	-0.6105E+00	-0.6726E+00
61.0	0.1761E+02	-0.1499E-01	-0.6273E+00	-0.6548E+00
62.0	0.1777E+02	-0.1022E-01	-0.6435E+00	-0.6367E+00
63.0	0.1792E+02	-0.5349E-02	-0.6591E+00	-0.6183E+00
64.0	0.1807E+02	-0.3653E-03	-0.6742E+00	-0.5996E+00
65.0	0.1822E+02	0.4724E-02	-0.6886E+00	-0.5808E+00
66.0	0.1836E+02	0.9914E-02	-0.7024E+00	-0.5616E+00
67.0	0.1850E+02	0.1520E-01	-0.7157E+00	-0.5423E+00
68.0	0.1863E+02	0.2059E-01	-0.7284E+00	-0.5228E+00
69.0	0.1876E+02	0.2606E-01	-0.7405E+00	-0.5030E+00
70.0	0.1888E+02	0.3162E-01	-0.7521E+00	-0.4831E+00
71.0	0.1900E+02	0.3726E-01	-0.7631E+00	-0.4630E+00
72.0	0.1911E+02	0.4299E-01	-0.7735E+00	-0.4428E+00
73.0	0.1921E+02	0.4879E-01	-0.7834E+00	-0.4224E+00
74.0	0.1932E+02	0.5466E-01	-0.7927E+00	-0.4018E+00
75.0	0.1941E+02	0.6060E-01	-0.8014E+00	-0.3811E+00
76.0	0.1950E+02	0.6660E-01	-0.8096E+00	-0.3603E+00
77.0	0.1958E+02	0.7267E-01	-0.8173E+00	-0.3394E+00
78.0	0.1966E+02	0.7879E-01	-0.8244E+00	-0.3183E+00
79.0	0.1974E+02	0.8497E-01	-0.8310E+00	-0.2972E+00
80.0	0.1980E+02	0.9119E-01	-0.8371E+00	-0.2760E+00
81.0	0.1986E+02	0.9747E-01	-0.8426E+00	-0.2547E+00
82.0	0.1992E+02	0.1038E+00	-0.8475E+00	-0.2333E+00
83.0	0.1997E+02	0.1101E+00	-0.8520E+00	-0.2118E+00
84.0	0.2001E+02	0.1165E+00	-0.8559E+00	-0.1903E+00
85.0	0.2005E+02	0.1230E+00	-0.8592E+00	-0.1687E+00
86.0	0.2008E+02	0.1294E+00	-0.8621E+00	-0.1470E+00
87.0	0.2010E+02	0.1359E+00	-0.8644E+00	-0.1253E+00
88.0	0.2012E+02	0.1424E+00	-0.8661E+00	-0.1036E+00
89.0	0.2013E+02	0.1490E+00	-0.8674E+00	-0.8185E-01
90.0	0.2013E+02	0.1555E+00	-0.8681E+00	-0.6006E-01
91.0	0.2013E+02	0.1621E+00	-0.8683E+00	-0.3825E-01
92.0	0.2012E+02	0.1687E+00	-0.8679E+00	-0.1642E-01
93.0	0.2011E+02	0.1753E+00	-0.8670E+00	0.5414E-02
94.0	0.2009E+02	0.1819E+00	-0.8656E+00	0.2725E-01
95.0	0.2006E+02	0.1885E+00	-0.8636E+00	0.4909E-01
96.0	0.2003E+02	0.1951E+00	-0.8611E+00	0.7092E-01
97.0	0.1999E+02	0.2018E+00	-0.8581E+00	0.9273E-01
98.0	0.1994E+02	0.2084E+00	-0.8545E+00	0.1145E+00
99.0	0.1989E+02	0.2150E+00	-0.8503E+00	0.1363E+00
100.0	0.1983E+02	0.2216E+00	-0.8457E+00	0.1580E+00
101.0	0.1977E+02	0.2282E+00	-0.8404E+00	0.1797E+00
102.0	0.1970E+02	0.2348E+00	-0.8346E+00	0.2014E+00
103.0	0.1962E+02	0.2414E+00	-0.8282E+00	0.2230E+00
104.0	0.1954E+02	0.2480E+00	-0.8212E+00	0.2445E+00
105.0	0.1945E+02	0.2545E+00	-0.8137E+00	0.2660E+00
106.0	0.1936E+02	0.2611E+00	-0.8056E+00	0.2874E+00
107.0	0.1926E+02	0.2676E+00	-0.7969E+00	0.3087E+00
108.0	0.1916E+02	0.2741E+00	-0.7875E+00	0.3299E+00
109.0	0.1905E+02	0.2805E+00	-0.7776E+00	0.3510E+00
110.0	0.1893E+02	0.2869E+00	-0.7671E+00	0.3719E+00
111.0	0.1881E+02	0.2933E+00	-0.7559E+00	0.3928E+00
112.0	0.1869E+02	0.2996E+00	-0.7441E+00	0.4135E+00
113.0	0.1856E+02	0.3059E+00	-0.7317E+00	0.4341E+00
114.0	0.1843E+02	0.3122E+00	-0.7186E+00	0.4545E+00
115.0	0.1829E+02	0.3184E+00	-0.7048E+00	0.4747E+00
116.0	0.1815E+02	0.3245E+00	-0.6904E+00	0.4947E+00
117.0	0.1800E+02	0.3305E+00	-0.6753E+00	0.5145E+00
118.0	0.1785E+02	0.3365E+00	-0.6595E+00	0.5341E+00
119.0	0.1770E+02	0.3424E+00	-0.6430E+00	0.5534E+00
120.0	0.1754E+02	0.3482E+00	-0.6258E+00	0.5725E+00
121.0	0.1738E+02	0.3539E+00	-0.6079E+00	0.5913E+00
122.0	0.1722E+02	0.3595E+00	-0.5893E+00	0.6097E+00
123.0	0.1706E+02	0.3650E+00	-0.5699E+00	0.6278E+00
124.0	0.1689E+02	0.3704E+00	-0.5497E+00	0.6456E+00
125.0	0.1672E+02	0.3756E+00	-0.5288E+00	0.6630E+00
126.0	0.1655E+02	0.3807E+00	-0.5072E+00	0.6799E+00
127.0	0.1637E+02	0.3856E+00	-0.4848E+00	0.6964E+00
128.0	0.1620E+02	0.3903E+00	-0.4616E+00	0.7125E+00
129.0	0.1602E+02	0.3948E+00	-0.4376E+00	0.7280E+00
130.0	0.1584E+02	0.3992E+00	-0.4129E+00	0.7429E+00
131.0	0.1566E+02	0.4033E+00	-0.3873E+00	0.7573E+00
132.0	0.1549E+02	0.4072E+00	-0.3610E+00	0.7711E+00
133.0	0.1531E+02	0.4109E+00	-0.3339E+00	0.7841E+00
134.0	0.1513E+02	0.4142E+00	-0.3061E+00	0.7965E+00
135.0	0.1495E+02	0.4173E+00	-0.2775E+00	0.8082E+00
136.0	0.1477E+02	0.4201E+00	-0.2481E+00	0.8190E+00
137.0	0.1459E+02	0.4225E+00	-0.2179E+00	0.8290E+00
138.0	0.1441E+02	0.4246E+00	-0.1871E+00	0.8382E+00
139.0	0.1424E+02	0.4264E+00	-0.1555E+00	0.8464E+00
140.0	0.1406E+02	0.4277E+00	-0.1232E+00	0.8536E+00
141.0	0.1389E+02	0.4287E+00	-0.9025E-01	0.8598E+00
142.0	0.1372E+02	0.4292E+00	-0.5666E-01	0.8649E+00
143.0	0.1355E+02	0.4292E+00	-0.2247E-01	0.8689E+00
144.0	0.1338E+02	0.4288E+00	0.1229E-01	0.8717E+00
145.0	0.1322E+02	0.4278E+00	0.4759E-01	0.8732E+00
146.0	0.1305E+02	0.4264E+00	0.8336E-01	0.8735E+00
147.0	0.1289E+02	0.4243E+00	0.1196E+00	0.8725E+00
148.0	0.1274E+02	0.4218E+00	0.1562E+00	0.8701E+00
149.0	0.1258E+02	0.4186E+00	0.1931E+00	0.8663E+00
150.0	0.1243E+02	0.4148E+00	0.2302E+00	0.8609E+00
151.0	0.1229E+02	0.4104E+00	0.2675E+00	0.8541E+00
152.0	0.1214E+02	0.4053E+00	0.3050E+00	0.8458E+00
153.0	0.1200E+02	0.3995E+00	0.3424E+00	0.8358E+00
154.0	0.1187E+02	0.3931E+00	0.3799E+00	0.8243E+00
155.0	0.1174E+02	0.3860E+00	0.4171E+00	0.8111E+00
156.0	0.1161E+02	0.3782E+00	0.4541E+00	0.7962E+00
157.0	0.1149E+02	0.3696E+00	0.4908E+00	0.7797E+00
158.0	0.1137E+02	0.3603E+00	0.5271E+00	0.7614E+00
159.0	0.1125E+02	0.3503E+00	0.5628E+00	0.7415E+00
160.0	0.1114E+02	0.3396E+00	0.5978E+00	0.7199E+00
161.0	0.1104E+02	0.3281E+00	0.6321E+00	0.6966E+00
162.0	0.1094E+02	0.3160E+00	0.6655E+00	0.6716E+00
163.0	0.1084E+02	0.3031E+00	0.6979E+00	0.6449E+00
164.0	0.1075E+02	0.2895E+00	0.7293E+00	0.6167E+00
165.0	0.1067E+02	0.2752E+00	0.7594E+00	0.5868E+00
166.0	0.1059E+02	0.2602E+00	0.7882E+00	0.5555E+00
167.0	0.1051E+02	0.2446E+00	0.8156E+00	0.5226E+00
168.0	0.1045E+02	0.2284E+00	0.8414E+00	0.4883E+00
169.0	0.1038E+02	0.2116E+00	0.8656E+00	0.4527E+00
170.0	0.1032E+02	0.1942E+00	0.8880E+00	0.4159E+00
171.0	0.1027E+02	0.1764E+00	0.9087E+00	0.3778E+00
172.0	0.1022E+02	0.1580E+00	0.9274E+00	0.3387E+00
173.0	0.1018E+02	0.1393E+00	0.9441E+00	0.2986E+00
174.0	0.1014E+02	0.1201E+00	0.9587E+00	0.2576E+00
175.0	0.1011E+02	0.1006E+00	0.9712E+00	0.2159E+00
176.0	0.1009E+02	0.8083E-01	0.9815E+00	0.1735E+00
177.0	0.1007E+02	0.6083E-01	0.9896E+00	0.1306E+00
178.0	0.1005E+02	0.4065E-01	0.9954E+00	0.8728E-01
179.0	0.1005E+02	0.2037E-01	0.9988E+00	0.4373E-01
180.0	0.1004E+02	0.2431E-04	0.1000E+01	0.3191E-04
