0.000	0.5836E+01	0.0000E+00	0.1000E+01	0.0000E+00
5.000	0.5888E+01	-0.5173E-01	0.9720E+00	-0.2288E+00
10.000	0.6044E+01	-0.1008E+00	0.8918E+00	-0.4395E+00
15.000	0.6299E+01	-0.1449E+00	0.7692E+00	-0.6173E+00
20.000	0.6648E+01	-0.1825E+00	0.6175E+00	-0.7536E+00
25.000	0.7082E+01	-0.2130E+00	0.4509E+00	-0.8457E+00
30.000	0.7590E+01	-0.2363E+00	0.2815E+00	-0.8958E+00
35.000	0.8156E+01	-0.2528E+00	0.1186E+00	-0.9095E+00
40.000	0.8765E+01	-0.2631E+00	-0.3155E-01	-0.8935E+00
45.000	0.9397E+01	-0.2679E+00	-0.1657E+00	-0.8547E+00
50.000	0.1003E+02	-0.2681E+00	-0.2825E+00	-0.7993E+00
55.000	0.1064E+02	-0.2642E+00	-0.3820E+00	-0.7326E+00
60.000	0.1120E+02	-0.2568E+00	-0.4652E+00	-0.6585E+00
65.000	0.1170E+02	-0.2464E+00	-0.5334E+00	-0.5803E+00
70.000	0.1210E+02	-0.2333E+00	-0.5881E+00	-0.5001E+00
75.000	0.1240E+02	-0.2179E+00	-0.6308E+00	-0.4197E+00
80.000	0.1256E+02	-0.2003E+00	-0.6630E+00	-0.3400E+00
85.000	0.1259E+02	-0.1806E+00	-0.6859E+00	-0.2617E+00
90.000	0.1246E+02	-0.1589E+00	-0.7006E+00	-0.1853E+00
95.000	0.1219E+02	-0.1351E+00	-0.7079E+00	-0.1108E+00
100.000	0.1176E+02	-0.1092E+00	-0.7086E+00	-0.3823E-01
105.000	0.1120E+02	-0.8086E-01	-0.7030E+00	0.3258E-01
110.000	0.1052E+02	-0.4999E-01	-0.6915E+00	0.1019E+00
115.000	0.9736E+01	-0.1622E-01	-0.6741E+00	0.1703E+00
120.000	0.8868E+01	0.2081E-01	-0.6503E+00	0.2381E+00
125.000	0.7946E+01	0.6152E-01	-0.6196E+00	0.3059E+00
130.000	0.6995E+01	0.1064E+00	-0.5805E+00	0.3745E+00
135.000	0.6044E+01	0.1557E+00	-0.5310E+00	0.4443E+00
140.000	0.5119E+01	0.2098E+00	-0.4678E+00	0.5158E+00
145.000	0.4245E+01	0.2682E+00	-0.3858E+00	0.5887E+00
150.000	0.3444E+01	0.3293E+00	-0.2775E+00	0.6607E+00
155.000	0.2736E+01	0.3887E+00	-0.1326E+00	0.7259E+00
160.000	0.2137E+01	0.4364E+00	0.6171E-01	0.7697E+00
165.000	0.1658E+01	0.4515E+00	0.3146E+00	0.7625E+00
170.000	0.1311E+01	0.3994E+00	0.6124E+00	0.6542E+00
175.000	0.1099E+01	0.2448E+00	0.8841E+00	0.3937E+00
180.000	0.1029E+01	0.1097E-03	0.1000E+01	0.8888E-04
