0.000	0.1237E+02	0.0000E+00	0.1000E+01	0.0000E+00
5.000	0.1251E+02	-0.4881E-01	0.9665E+00	-0.2516E+00
10.000	0.1295E+02	-0.9305E-01	0.8716E+00	-0.4796E+00
15.000	0.1366E+02	-0.1293E+00	0.7298E+00	-0.6661E+00
20.000	0.1463E+02	-0.1557E+00	0.5592E+00	-0.8027E+00
25.000	0.1581E+02	-0.1723E+00	0.3776E+00	-0.8891E+00
30.000	0.1717E+02	-0.1797E+00	0.1982E+00	-0.9310E+00
35.000	0.1868E+02	-0.1796E+00	0.2990E-01	-0.9364E+00
40.000	0.2026E+02	-0.1732E+00	-0.1225E+00	-0.9136E+00
45.000	0.2189E+02	-0.1620E+00	-0.2573E+00	-0.8700E+00
50.000	0.2349E+02	-0.1469E+00	-0.3744E+00	-0.8116E+00
55.000	0.2503E+02	-0.1289E+00	-0.4748E+00	-0.7428E+00
60.000	0.2644E+02	-0.1084E+00	-0.5598E+00	-0.6669E+00
65.000	0.2769E+02	-0.8598E-01	-0.6310E+00	-0.5862E+00
70.000	0.2873E+02	-0.6183E-01	-0.6897E+00	-0.5022E+00
75.000	0.2952E+02	-0.3610E-01	-0.7370E+00	-0.4160E+00
80.000	0.3004E+02	-0.8890E-02	-0.7738E+00	-0.3280E+00
85.000	0.3028E+02	0.1979E-01	-0.8008E+00	-0.2386E+00
90.000	0.3022E+02	0.4997E-01	-0.8182E+00	-0.1480E+00
95.000	0.2986E+02	0.8168E-01	-0.8262E+00	-0.5628E-01
100.000	0.2921E+02	0.1149E+00	-0.8245E+00	0.3668E-01
105.000	0.2829E+02	0.1497E+00	-0.8126E+00	0.1308E+00
110.000	0.2713E+02	0.1860E+00	-0.7894E+00	0.2259E+00
115.000	0.2576E+02	0.2235E+00	-0.7538E+00	0.3217E+00
120.000	0.2422E+02	0.2618E+00	-0.7041E+00	0.4175E+00
125.000	0.2255E+02	0.3003E+00	-0.6381E+00	0.5120E+00
130.000	0.2081E+02	0.3380E+00	-0.5536E+00	0.6035E+00
135.000	0.1904E+02	0.3732E+00	-0.4478E+00	0.6886E+00
140.000	0.1729E+02	0.4037E+00	-0.3182E+00	0.7631E+00
145.000	0.1561E+02	0.4263E+00	-0.1631E+00	0.8202E+00
150.000	0.1406E+02	0.4365E+00	0.1748E-01	0.8513E+00
155.000	0.1266E+02	0.4290E+00	0.2201E+00	0.8453E+00
160.000	0.1146E+02	0.3979E+00	0.4355E+00	0.7901E+00
165.000	0.1049E+02	0.3383E+00	0.6468E+00	0.6756E+00
170.000	0.9785E+01	0.2484E+00	0.8294E+00	0.4979E+00
175.000	0.9352E+01	0.1320E+00	0.9550E+00	0.2652E+00
180.000	0.9206E+01	0.3876E-04	0.1000E+01	0.4433E-04
