0.000	0.1261E+02	0.0000E+00	0.1000E+01	0.0000E+00
5.000	0.1276E+02	-0.3270E-01	0.9664E+00	-0.2547E+00
10.000	0.1321E+02	-0.6354E-01	0.8712E+00	-0.4851E+00
15.000	0.1394E+02	-0.9094E-01	0.7288E+00	-0.6734E+00
20.000	0.1492E+02	-0.1138E+00	0.5578E+00	-0.8106E+00
25.000	0.1613E+02	-0.1313E+00	0.3754E+00	-0.8969E+00
30.000	0.1752E+02	-0.1433E+00	0.1953E+00	-0.9379E+00
35.000	0.1905E+02	-0.1496E+00	0.2614E-01	-0.9418E+00
40.000	0.2067E+02	-0.1502E+00	-0.1272E+00	-0.9172E+00
45.000	0.2232E+02	-0.1456E+00	-0.2629E+00	-0.8715E+00
50.000	0.2395E+02	-0.1358E+00	-0.3808E+00	-0.8107E+00
55.000	0.2552E+02	-0.1215E+00	-0.4818E+00	-0.7394E+00
60.000	0.2696E+02	-0.1029E+00	-0.5671E+00	-0.6609E+00
65.000	0.2824E+02	-0.8071E-01	-0.6381E+00	-0.5775E+00
70.000	0.2932E+02	-0.5543E-01	-0.6960E+00	-0.4908E+00
75.000	0.3016E+02	-0.2763E-01	-0.7419E+00	-0.4019E+00
80.000	0.3072E+02	0.2201E-02	-0.7767E+00	-0.3115E+00
85.000	0.3101E+02	0.3361E-01	-0.8011E+00	-0.2201E+00
90.000	0.3099E+02	0.6625E-01	-0.8154E+00	-0.1278E+00
95.000	0.3068E+02	0.9988E-01	-0.8199E+00	-0.3475E-01
100.000	0.3007E+02	0.1344E+00	-0.8143E+00	0.5887E-01
105.000	0.2918E+02	0.1696E+00	-0.7983E+00	0.1530E+00
110.000	0.2804E+02	0.2057E+00	-0.7711E+00	0.2473E+00
115.000	0.2668E+02	0.2426E+00	-0.7316E+00	0.3416E+00
120.000	0.2513E+02	0.2801E+00	-0.6782E+00	0.4349E+00
125.000	0.2345E+02	0.3179E+00	-0.6090E+00	0.5262E+00
130.000	0.2168E+02	0.3552E+00	-0.5217E+00	0.6133E+00
135.000	0.1988E+02	0.3906E+00	-0.4139E+00	0.6933E+00
140.000	0.1810E+02	0.4218E+00	-0.2832E+00	0.7617E+00
145.000	0.1640E+02	0.4454E+00	-0.1282E+00	0.8122E+00
150.000	0.1481E+02	0.4566E+00	0.5083E-01	0.8365E+00
155.000	0.1339E+02	0.4494E+00	0.2499E+00	0.8244E+00
160.000	0.1217E+02	0.4174E+00	0.4596E+00	0.7651E+00
165.000	0.1119E+02	0.3552E+00	0.6634E+00	0.6499E+00
170.000	0.1047E+02	0.2609E+00	0.8381E+00	0.4764E+00
175.000	0.1003E+02	0.1387E+00	0.9574E+00	0.2529E+00
180.000	0.9885E+01	0.3943E-04	0.1000E+01	0.4284E-04
