0.000	0.7562E+01	0.0000E+00	0.1000E+01	0.0000E+00
5.000	0.7640E+01	-0.5676E-01	0.9696E+00	-0.2377E+00
10.000	0.7873E+01	-0.1095E+00	0.8830E+00	-0.4547E+00
15.000	0.8254E+01	-0.1551E+00	0.7520E+00	-0.6352E+00
20.000	0.8773E+01	-0.1916E+00	0.5924E+00	-0.7703E+00
25.000	0.9412E+01	-0.2186E+00	0.4197E+00	-0.8586E+00
30.000	0.1015E+02	-0.2366E+00	0.2470E+00	-0.9040E+00
35.000	0.1098E+02	-0.2465E+00	0.8313E-01	-0.9132E+00
40.000	0.1185E+02	-0.2497E+00	-0.6635E-01	-0.8939E+00
45.000	0.1275E+02	-0.2472E+00	-0.1989E+00	-0.8532E+00
50.000	0.1364E+02	-0.2403E+00	-0.3140E+00	-0.7972E+00
55.000	0.1449E+02	-0.2296E+00	-0.4122E+00	-0.7308E+00
60.000	0.1527E+02	-0.2159E+00	-0.4946E+00	-0.6577E+00
65.000	0.1595E+02	-0.1997E+00	-0.5629E+00	-0.5805E+00
70.000	0.1650E+02	-0.1812E+00	-0.6184E+00	-0.5011E+00
75.000	0.1690E+02	-0.1607E+00	-0.6626E+00	-0.4208E+00
80.000	0.1713E+02	-0.1383E+00	-0.6967E+00	-0.3405E+00
85.000	0.1717E+02	-0.1139E+00	-0.7218E+00	-0.2606E+00
90.000	0.1702E+02	-0.8764E-01	-0.7386E+00	-0.1814E+00
95.000	0.1668E+02	-0.5930E-01	-0.7478E+00	-0.1029E+00
100.000	0.1615E+02	-0.2877E-01	-0.7496E+00	-0.2509E-01
105.000	0.1545E+02	0.4153E-02	-0.7443E+00	0.5230E-01
110.000	0.1459E+02	0.3967E-01	-0.7317E+00	0.1295E+00
115.000	0.1360E+02	0.7801E-01	-0.7112E+00	0.2070E+00
120.000	0.1250E+02	0.1194E+00	-0.6820E+00	0.2849E+00
125.000	0.1133E+02	0.1638E+00	-0.6427E+00	0.3636E+00
130.000	0.1012E+02	0.2114E+00	-0.5911E+00	0.4430E+00
135.000	0.8910E+01	0.2617E+00	-0.5243E+00	0.5229E+00
140.000	0.7724E+01	0.3137E+00	-0.4382E+00	0.6018E+00
145.000	0.6598E+01	0.3655E+00	-0.3277E+00	0.6769E+00
150.000	0.5562E+01	0.4131E+00	-0.1862E+00	0.7422E+00
155.000	0.4641E+01	0.4494E+00	-0.7463E-02	0.7873E+00
160.000	0.3858E+01	0.4629E+00	0.2117E+00	0.7942E+00
165.000	0.3231E+01	0.4365E+00	0.4639E+00	0.7368E+00
170.000	0.2773E+01	0.3515E+00	0.7199E+00	0.5865E+00
175.000	0.2495E+01	0.1996E+00	0.9217E+00	0.3308E+00
180.000	0.2401E+01	0.7611E-04	0.1000E+01	0.6588E-04
