0.000	0.3126E+01	0.0000E+00	0.1000E+01	0.0000E+00
5.000	0.3158E+01	-0.7490E-03	0.9693E+00	-0.2459E+00
10.000	0.3251E+01	-0.8351E-03	0.8815E+00	-0.4714E+00
15.000	0.3401E+01	0.3217E-03	0.7483E+00	-0.6606E+00
20.000	0.3602E+01	0.3170E-02	0.5850E+00	-0.8051E+00
25.000	0.3845E+01	0.8026E-02	0.4065E+00	-0.9031E+00
30.000	0.4122E+01	0.1509E-01	0.2249E+00	-0.9581E+00
35.000	0.4421E+01	0.2450E-01	0.4860E-01	-0.9755E+00
40.000	0.4734E+01	0.3632E-01	-0.1169E+00	-0.9617E+00
45.000	0.5050E+01	0.5055E-01	-0.2685E+00	-0.9225E+00
50.000	0.5360E+01	0.6716E-01	-0.4047E+00	-0.8627E+00
55.000	0.5658E+01	0.8604E-01	-0.5249E+00	-0.7864E+00
60.000	0.5937E+01	0.1070E+00	-0.6287E+00	-0.6965E+00
65.000	0.6191E+01	0.1298E+00	-0.7159E+00	-0.5959E+00
70.000	0.6416E+01	0.1541E+00	-0.7865E+00	-0.4866E+00
75.000	0.6608E+01	0.1797E+00	-0.8403E+00	-0.3707E+00
80.000	0.6764E+01	0.2060E+00	-0.8772E+00	-0.2499E+00
85.000	0.6882E+01	0.2327E+00	-0.8972E+00	-0.1260E+00
90.000	0.6960E+01	0.2594E+00	-0.9002E+00	-0.5407E-03
95.000	0.6995E+01	0.2856E+00	-0.8859E+00	0.1248E+00
100.000	0.6990E+01	0.3110E+00	-0.8543E+00	0.2484E+00
105.000	0.6943E+01	0.3350E+00	-0.8052E+00	0.3685E+00
110.000	0.6859E+01	0.3570E+00	-0.7382E+00	0.4832E+00
115.000	0.6740E+01	0.3766E+00	-0.6531E+00	0.5902E+00
120.000	0.6593E+01	0.3927E+00	-0.5500E+00	0.6868E+00
125.000	0.6424E+01	0.4046E+00	-0.4290E+00	0.7700E+00
130.000	0.6240E+01	0.4109E+00	-0.2913E+00	0.8361E+00
135.000	0.6049E+01	0.4106E+00	-0.1386E+00	0.8812E+00
140.000	0.5859E+01	0.4024E+00	0.2593E-01	0.9012E+00
145.000	0.5676E+01	0.3849E+00	0.1976E+00	0.8922E+00
150.000	0.5508E+01	0.3574E+00	0.3704E+00	0.8515E+00
155.000	0.5358E+01	0.3193E+00	0.5370E+00	0.7774E+00
160.000	0.5232E+01	0.2708E+00	0.6891E+00	0.6705E+00
165.000	0.5132E+01	0.2127E+00	0.8183E+00	0.5333E+00
170.000	0.5059E+01	0.1467E+00	0.9170E+00	0.3708E+00
175.000	0.5015E+01	0.7485E-01	0.9789E+00	0.1902E+00
180.000	0.5000E+01	0.1510E-04	0.1000E+01	0.2468E-04
