0.000	0.1178E+02	0.0000E+00	0.1000E+01	0.0000E+00
5.000	0.1191E+02	-0.5214E-01	0.9669E+00	-0.2497E+00
10.000	0.1233E+02	-0.9951E-01	0.8729E+00	-0.4760E+00
15.000	0.1300E+02	-0.1385E+00	0.7322E+00	-0.6614E+00
20.000	0.1391E+02	-0.1674E+00	0.5630E+00	-0.7973E+00
25.000	0.1503E+02	-0.1858E+00	0.3826E+00	-0.8835E+00
30.000	0.1632E+02	-0.1949E+00	0.2044E+00	-0.9254E+00
35.000	0.1773E+02	-0.1960E+00	0.3716E-01	-0.9310E+00
40.000	0.1923E+02	-0.1907E+00	-0.1143E+00	-0.9086E+00
45.000	0.2077E+02	-0.1803E+00	-0.2482E+00	-0.8654E+00
50.000	0.2228E+02	-0.1660E+00	-0.3644E+00	-0.8076E+00
55.000	0.2373E+02	-0.1487E+00	-0.4640E+00	-0.7395E+00
60.000	0.2506E+02	-0.1289E+00	-0.5482E+00	-0.6645E+00
65.000	0.2623E+02	-0.1070E+00	-0.6186E+00	-0.5850E+00
70.000	0.2719E+02	-0.8334E-01	-0.6766E+00	-0.5023E+00
75.000	0.2792E+02	-0.5801E-01	-0.7234E+00	-0.4177E+00
80.000	0.2839E+02	-0.3108E-01	-0.7599E+00	-0.3316E+00
85.000	0.2858E+02	-0.2540E-02	-0.7868E+00	-0.2445E+00
90.000	0.2848E+02	0.2764E-01	-0.8046E+00	-0.1564E+00
95.000	0.2810E+02	0.5952E-01	-0.8133E+00	-0.6729E-01
100.000	0.2743E+02	0.9316E-01	-0.8128E+00	0.2276E-01
105.000	0.2651E+02	0.1286E+00	-0.8026E+00	0.1138E+00
110.000	0.2535E+02	0.1657E+00	-0.7820E+00	0.2059E+00
115.000	0.2399E+02	0.2045E+00	-0.7497E+00	0.2988E+00
120.000	0.2246E+02	0.2445E+00	-0.7041E+00	0.3920E+00
125.000	0.2082E+02	0.2852E+00	-0.6432E+00	0.4847E+00
130.000	0.1910E+02	0.3258E+00	-0.5644E+00	0.5752E+00
135.000	0.1737E+02	0.3647E+00	-0.4650E+00	0.6609E+00
140.000	0.1565E+02	0.3996E+00	-0.3419E+00	0.7376E+00
145.000	0.1401E+02	0.4274E+00	-0.1926E+00	0.7993E+00
150.000	0.1249E+02	0.4435E+00	-0.1593E-01	0.8371E+00
155.000	0.1113E+02	0.4417E+00	0.1858E+00	0.8395E+00
160.000	0.9966E+01	0.4152E+00	0.4046E+00	0.7930E+00
165.000	0.9025E+01	0.3575E+00	0.6236E+00	0.6851E+00
170.000	0.8336E+01	0.2652E+00	0.8166E+00	0.5094E+00
175.000	0.7915E+01	0.1420E+00	0.9513E+00	0.2731E+00
180.000	0.7773E+01	0.4343E-04	0.1000E+01	0.4677E-04
