0.000	0.1326E+00	0.0000E+00	0.1000E+01	0.0000E+00
5.000	0.1330E+00	0.6401E-01	0.9795E+00	-0.1908E+00
10.000	0.1344E+00	0.1265E+00	0.9194E+00	-0.3724E+00
15.000	0.1367E+00	0.1862E+00	0.8231E+00	-0.5363E+00
20.000	0.1398E+00	0.2418E+00	0.6962E+00	-0.6754E+00
25.000	0.1438E+00	0.2924E+00	0.5457E+00	-0.7844E+00
30.000	0.1486E+00	0.3373E+00	0.3793E+00	-0.8599E+00
35.000	0.1541E+00	0.3763E+00	0.2049E+00	-0.9010E+00
40.000	0.1602E+00	0.4095E+00	0.2991E-01	-0.9081E+00
45.000	0.1669E+00	0.4369E+00	-0.1394E+00	-0.8835E+00
50.000	0.1739E+00	0.4592E+00	-0.2976E+00	-0.8300E+00
55.000	0.1813E+00	0.4766E+00	-0.4405E+00	-0.7514E+00
60.000	0.1887E+00	0.4898E+00	-0.5650E+00	-0.6514E+00
65.000	0.1963E+00	0.4991E+00	-0.6687E+00	-0.5340E+00
70.000	0.2038E+00	0.5049E+00	-0.7499E+00	-0.4030E+00
75.000	0.2112E+00	0.5075E+00	-0.8075E+00	-0.2624E+00
80.000	0.2185E+00	0.5071E+00	-0.8408E+00	-0.1158E+00
85.000	0.2256E+00	0.5038E+00	-0.8499E+00	0.3280E-01
90.000	0.2325E+00	0.4978E+00	-0.8349E+00	0.1799E+00
95.000	0.2391E+00	0.4892E+00	-0.7968E+00	0.3218E+00
100.000	0.2453E+00	0.4781E+00	-0.7368E+00	0.4554E+00
105.000	0.2511E+00	0.4647E+00	-0.6565E+00	0.5774E+00
110.000	0.2563E+00	0.4490E+00	-0.5578E+00	0.6852E+00
115.000	0.2610E+00	0.4310E+00	-0.4430E+00	0.7763E+00
120.000	0.2651E+00	0.4107E+00	-0.3145E+00	0.8482E+00
125.000	0.2685E+00	0.3881E+00	-0.1751E+00	0.8991E+00
130.000	0.2715E+00	0.3630E+00	-0.2811E-01	0.9271E+00
135.000	0.2739E+00	0.3355E+00	0.1230E+00	0.9309E+00
140.000	0.2759E+00	0.3055E+00	0.2743E+00	0.9097E+00
145.000	0.2776E+00	0.2731E+00	0.4214E+00	0.8634E+00
150.000	0.2791E+00	0.2385E+00	0.5599E+00	0.7926E+00
155.000	0.2803E+00	0.2019E+00	0.6854E+00	0.6991E+00
160.000	0.2814E+00	0.1635E+00	0.7939E+00	0.5854E+00
165.000	0.2823E+00	0.1238E+00	0.8820E+00	0.4545E+00
170.000	0.2829E+00	0.8307E-01	0.9469E+00	0.3105E+00
175.000	0.2833E+00	0.4170E-01	0.9866E+00	0.1576E+00
180.000	0.2835E+00	0.4370E-05	0.1000E+01	0.1518E-04
