0.000	0.2008E+01	0.0000E+00	0.1000E+01	0.0000E+00
5.000	0.2026E+01	0.1156E-01	0.9709E+00	-0.2392E+00
10.000	0.2080E+01	0.2309E-01	0.8873E+00	-0.4599E+00
15.000	0.2167E+01	0.3463E-01	0.7596E+00	-0.6474E+00
20.000	0.2283E+01	0.4630E-01	0.6013E+00	-0.7932E+00
25.000	0.2425E+01	0.5832E-01	0.4262E+00	-0.8948E+00
30.000	0.2587E+01	0.7094E-01	0.2458E+00	-0.9543E+00
35.000	0.2762E+01	0.8443E-01	0.6886E-01	-0.9764E+00
40.000	0.2946E+01	0.9903E-01	-0.9896E-01	-0.9665E+00
45.000	0.3134E+01	0.1149E+00	-0.2541E+00	-0.9299E+00
50.000	0.3319E+01	0.1322E+00	-0.3944E+00	-0.8714E+00
55.000	0.3499E+01	0.1508E+00	-0.5188E+00	-0.7948E+00
60.000	0.3669E+01	0.1708E+00	-0.6265E+00	-0.7034E+00
65.000	0.3825E+01	0.1919E+00	-0.7172E+00	-0.5999E+00
70.000	0.3967E+01	0.2140E+00	-0.7903E+00	-0.4868E+00
75.000	0.4090E+01	0.2366E+00	-0.8458E+00	-0.3663E+00
80.000	0.4195E+01	0.2596E+00	-0.8832E+00	-0.2403E+00
85.000	0.4278E+01	0.2826E+00	-0.9024E+00	-0.1109E+00
90.000	0.4338E+01	0.3051E+00	-0.9032E+00	0.2003E-01
95.000	0.4376E+01	0.3269E+00	-0.8855E+00	0.1505E+00
100.000	0.4391E+01	0.3473E+00	-0.8492E+00	0.2785E+00
105.000	0.4384E+01	0.3660E+00	-0.7941E+00	0.4020E+00
110.000	0.4356E+01	0.3824E+00	-0.7203E+00	0.5186E+00
115.000	0.4308E+01	0.3958E+00	-0.6280E+00	0.6259E+00
120.000	0.4245E+01	0.4055E+00	-0.5175E+00	0.7208E+00
125.000	0.4168E+01	0.4106E+00	-0.3899E+00	0.8001E+00
130.000	0.4084E+01	0.4103E+00	-0.2468E+00	0.8604E+00
135.000	0.3994E+01	0.4035E+00	-0.9085E-01	0.8980E+00
140.000	0.3904E+01	0.3893E+00	0.7428E-01	0.9096E+00
145.000	0.3817E+01	0.3671E+00	0.2436E+00	0.8921E+00
150.000	0.3736E+01	0.3363E+00	0.4112E+00	0.8438E+00
155.000	0.3665E+01	0.2968E+00	0.5702E+00	0.7640E+00
160.000	0.3604E+01	0.2491E+00	0.7132E+00	0.6542E+00
165.000	0.3556E+01	0.1940E+00	0.8333E+00	0.5172E+00
170.000	0.3521E+01	0.1329E+00	0.9242E+00	0.3580E+00
175.000	0.3500E+01	0.6758E-01	0.9808E+00	0.1831E+00
180.000	0.3493E+01	0.1252E-04	0.1000E+01	0.2263E-04
