0.000	0.1206E+02	0.0000E+00	0.1000E+01	0.0000E+00
5.000	0.1220E+02	-0.4138E-01	0.9662E+00	-0.2543E+00
10.000	0.1263E+02	-0.7852E-01	0.8703E+00	-0.4848E+00
15.000	0.1332E+02	-0.1082E+00	0.7268E+00	-0.6736E+00
20.000	0.1427E+02	-0.1290E+00	0.5542E+00	-0.8119E+00
25.000	0.1543E+02	-0.1407E+00	0.3703E+00	-0.8996E+00
30.000	0.1676E+02	-0.1442E+00	0.1885E+00	-0.9422E+00
35.000	0.1823E+02	-0.1409E+00	0.1774E-01	-0.9478E+00
40.000	0.1980E+02	-0.1322E+00	-0.1371E+00	-0.9247E+00
45.000	0.2139E+02	-0.1193E+00	-0.2742E+00	-0.8803E+00
50.000	0.2298E+02	-0.1032E+00	-0.3936E+00	-0.8206E+00
55.000	0.2450E+02	-0.8453E-01	-0.4961E+00	-0.7500E+00
60.000	0.2590E+02	-0.6379E-01	-0.5830E+00	-0.6719E+00
65.000	0.2716E+02	-0.4128E-01	-0.6559E+00	-0.5884E+00
70.000	0.2821E+02	-0.1720E-01	-0.7159E+00	-0.5012E+00
75.000	0.2904E+02	0.8312E-02	-0.7642E+00	-0.4111E+00
80.000	0.2962E+02	0.3520E-01	-0.8015E+00	-0.3187E+00
85.000	0.2993E+02	0.6342E-01	-0.8282E+00	-0.2245E+00
90.000	0.2996E+02	0.9292E-01	-0.8447E+00	-0.1287E+00
95.000	0.2971E+02	0.1237E+00	-0.8507E+00	-0.3124E-01
100.000	0.2919E+02	0.1555E+00	-0.8460E+00	0.6759E-01
105.000	0.2842E+02	0.1884E+00	-0.8297E+00	0.1676E+00
110.000	0.2741E+02	0.2221E+00	-0.8008E+00	0.2684E+00
115.000	0.2621E+02	0.2562E+00	-0.7580E+00	0.3693E+00
120.000	0.2484E+02	0.2903E+00	-0.6996E+00	0.4691E+00
125.000	0.2334E+02	0.3235E+00	-0.6236E+00	0.5662E+00
130.000	0.2177E+02	0.3547E+00	-0.5279E+00	0.6579E+00
135.000	0.2016E+02	0.3823E+00	-0.4104E+00	0.7404E+00
140.000	0.1856E+02	0.4041E+00	-0.2698E+00	0.8087E+00
145.000	0.1703E+02	0.4170E+00	-0.1056E+00	0.8558E+00
150.000	0.1559E+02	0.4174E+00	0.8024E-01	0.8733E+00
155.000	0.1431E+02	0.4011E+00	0.2821E+00	0.8517E+00
160.000	0.1320E+02	0.3640E+00	0.4894E+00	0.7815E+00
165.000	0.1231E+02	0.3033E+00	0.6859E+00	0.6566E+00
170.000	0.1165E+02	0.2191E+00	0.8504E+00	0.4768E+00
175.000	0.1125E+02	0.1152E+00	0.9609E+00	0.2514E+00
180.000	0.1111E+02	0.3112E-04	0.1000E+01	0.4009E-04
