0.000	0.1095E+02	0.0000E+00	0.1000E+01	0.0000E+00
5.000	0.1108E+02	-0.5467E-01	0.9672E+00	-0.2476E+00
10.000	0.1146E+02	-0.1045E+00	0.8743E+00	-0.4723E+00
15.000	0.1207E+02	-0.1458E+00	0.7350E+00	-0.6566E+00
20.000	0.1291E+02	-0.1767E+00	0.5674E+00	-0.7920E+00
25.000	0.1394E+02	-0.1970E+00	0.3883E+00	-0.8782E+00
30.000	0.1512E+02	-0.2077E+00	0.2112E+00	-0.9203E+00
35.000	0.1643E+02	-0.2103E+00	0.4491E-01	-0.9263E+00
40.000	0.1781E+02	-0.2063E+00	-0.1058E+00	-0.9042E+00
45.000	0.1922E+02	-0.1971E+00	-0.2390E+00	-0.8615E+00
50.000	0.2061E+02	-0.1840E+00	-0.3545E+00	-0.8041E+00
55.000	0.2194E+02	-0.1676E+00	-0.4534E+00	-0.7366E+00
60.000	0.2316E+02	-0.1487E+00	-0.5370E+00	-0.6623E+00
65.000	0.2423E+02	-0.1275E+00	-0.6067E+00	-0.5837E+00
70.000	0.2511E+02	-0.1045E+00	-0.6641E+00	-0.5022E+00
75.000	0.2576E+02	-0.7965E-01	-0.7104E+00	-0.4189E+00
80.000	0.2617E+02	-0.5309E-01	-0.7465E+00	-0.3346E+00
85.000	0.2632E+02	-0.2482E-01	-0.7732E+00	-0.2494E+00
90.000	0.2619E+02	0.5199E-02	-0.7911E+00	-0.1636E+00
95.000	0.2580E+02	0.3701E-01	-0.8002E+00	-0.7707E-01
100.000	0.2514E+02	0.7069E-01	-0.8007E+00	0.1018E-01
105.000	0.2423E+02	0.1063E+00	-0.7920E+00	0.9829E-01
110.000	0.2311E+02	0.1438E+00	-0.7736E+00	0.1873E+00
115.000	0.2179E+02	0.1831E+00	-0.7443E+00	0.2772E+00
120.000	0.2033E+02	0.2242E+00	-0.7026E+00	0.3678E+00
125.000	0.1875E+02	0.2665E+00	-0.6466E+00	0.4583E+00
130.000	0.1711E+02	0.3093E+00	-0.5736E+00	0.5475E+00
135.000	0.1545E+02	0.3514E+00	-0.4807E+00	0.6332E+00
140.000	0.1382E+02	0.3907E+00	-0.3645E+00	0.7117E+00
145.000	0.1227E+02	0.4240E+00	-0.2216E+00	0.7773E+00
150.000	0.1083E+02	0.4464E+00	-0.4984E-01	0.8215E+00
155.000	0.9536E+01	0.4515E+00	0.1501E+00	0.8323E+00
160.000	0.8435E+01	0.4310E+00	0.3716E+00	0.7950E+00
165.000	0.7548E+01	0.3764E+00	0.5983E+00	0.6944E+00
170.000	0.6898E+01	0.2827E+00	0.8023E+00	0.5215E+00
175.000	0.6502E+01	0.1526E+00	0.9472E+00	0.2815E+00
180.000	0.6369E+01	0.4862E-04	0.1000E+01	0.4946E-04
