0.000	0.1253E+02	0.0000E+00	0.1000E+01	0.0000E+00
5.000	0.1268E+02	-0.4569E-01	0.9663E+00	-0.2531E+00
10.000	0.1312E+02	-0.8686E-01	0.8708E+00	-0.4824E+00
15.000	0.1384E+02	-0.1201E+00	0.7279E+00	-0.6701E+00
20.000	0.1482E+02	-0.1438E+00	0.5563E+00	-0.8075E+00
25.000	0.1603E+02	-0.1578E+00	0.3734E+00	-0.8945E+00
30.000	0.1742E+02	-0.1631E+00	0.1928E+00	-0.9366E+00
35.000	0.1895E+02	-0.1611E+00	0.2329E-01	-0.9421E+00
40.000	0.2056E+02	-0.1533E+00	-0.1303E+00	-0.9191E+00
45.000	0.2222E+02	-0.1411E+00	-0.2661E+00	-0.8751E+00
50.000	0.2386E+02	-0.1254E+00	-0.3843E+00	-0.8161E+00
55.000	0.2543E+02	-0.1069E+00	-0.4856E+00	-0.7465E+00
60.000	0.2687E+02	-0.8625E-01	-0.5716E+00	-0.6695E+00
65.000	0.2816E+02	-0.6374E-01	-0.6436E+00	-0.5875E+00
70.000	0.2923E+02	-0.3960E-01	-0.7029E+00	-0.5019E+00
75.000	0.3007E+02	-0.1395E-01	-0.7507E+00	-0.4138E+00
80.000	0.3063E+02	0.1316E-01	-0.7878E+00	-0.3237E+00
85.000	0.3091E+02	0.4168E-01	-0.8147E+00	-0.2319E+00
90.000	0.3089E+02	0.7161E-01	-0.8318E+00	-0.1387E+00
95.000	0.3058E+02	0.1029E+00	-0.8389E+00	-0.4408E-01
100.000	0.2998E+02	0.1356E+00	-0.8357E+00	0.5187E-01
105.000	0.2911E+02	0.1696E+00	-0.8217E+00	0.1490E+00
110.000	0.2800E+02	0.2046E+00	-0.7958E+00	0.2471E+00
115.000	0.2667E+02	0.2405E+00	-0.7566E+00	0.3456E+00
120.000	0.2518E+02	0.2768E+00	-0.7025E+00	0.4437E+00
125.000	0.2355E+02	0.3127E+00	-0.6315E+00	0.5397E+00
130.000	0.2185E+02	0.3472E+00	-0.5413E+00	0.6315E+00
135.000	0.2011E+02	0.3786E+00	-0.4294E+00	0.7156E+00
140.000	0.1840E+02	0.4047E+00	-0.2940E+00	0.7871E+00
145.000	0.1675E+02	0.4223E+00	-0.1340E+00	0.8393E+00
150.000	0.1521E+02	0.4274E+00	0.4967E-01	0.8635E+00
155.000	0.1383E+02	0.4153E+00	0.2523E+00	0.8493E+00
160.000	0.1265E+02	0.3809E+00	0.4638E+00	0.7861E+00
165.000	0.1170E+02	0.3205E+00	0.6675E+00	0.6659E+00
170.000	0.1100E+02	0.2333E+00	0.8406E+00	0.4868E+00
175.000	0.1057E+02	0.1233E+00	0.9582E+00	0.2579E+00
180.000	0.1042E+02	0.3471E-04	0.1000E+01	0.4210E-04
