0.000	0.7275E+00	0.0000E+00	0.1000E+01	0.0000E+00
5.000	0.7322E+00	0.3954E-01	0.9743E+00	-0.2219E+00
10.000	0.7462E+00	0.7793E-01	0.8996E+00	-0.4296E+00
15.000	0.7691E+00	0.1142E+00	0.7832E+00	-0.6111E+00
20.000	0.8003E+00	0.1477E+00	0.6350E+00	-0.7579E+00
25.000	0.8390E+00	0.1782E+00	0.4662E+00	-0.8660E+00
30.000	0.8840E+00	0.2057E+00	0.2872E+00	-0.9346E+00
35.000	0.9344E+00	0.2305E+00	0.1071E+00	-0.9658E+00
40.000	0.9891E+00	0.2529E+00	-0.6733E-01	-0.9633E+00
45.000	0.1047E+01	0.2732E+00	-0.2309E+00	-0.9314E+00
50.000	0.1106E+01	0.2918E+00	-0.3801E+00	-0.8746E+00
55.000	0.1167E+01	0.3091E+00	-0.5126E+00	-0.7972E+00
60.000	0.1226E+01	0.3252E+00	-0.6273E+00	-0.7030E+00
65.000	0.1284E+01	0.3402E+00	-0.7231E+00	-0.5955E+00
70.000	0.1340E+01	0.3543E+00	-0.7999E+00	-0.4775E+00
75.000	0.1392E+01	0.3675E+00	-0.8572E+00	-0.3518E+00
80.000	0.1439E+01	0.3798E+00	-0.8951E+00	-0.2207E+00
85.000	0.1481E+01	0.3910E+00	-0.9134E+00	-0.8621E-01
90.000	0.1516E+01	0.4011E+00	-0.9121E+00	0.4954E-01
95.000	0.1546E+01	0.4098E+00	-0.8910E+00	0.1845E+00
100.000	0.1568E+01	0.4168E+00	-0.8501E+00	0.3164E+00
105.000	0.1585E+01	0.4217E+00	-0.7893E+00	0.4428E+00
110.000	0.1595E+01	0.4242E+00	-0.7090E+00	0.5611E+00
115.000	0.1599E+01	0.4238E+00	-0.6098E+00	0.6683E+00
120.000	0.1597E+01	0.4200E+00	-0.4926E+00	0.7613E+00
125.000	0.1592E+01	0.4122E+00	-0.3592E+00	0.8367E+00
130.000	0.1582E+01	0.4000E+00	-0.2121E+00	0.8912E+00
135.000	0.1570E+01	0.3829E+00	-0.5435E-01	0.9219E+00
140.000	0.1555E+01	0.3606E+00	0.1099E+00	0.9261E+00
145.000	0.1539E+01	0.3327E+00	0.2760E+00	0.9017E+00
150.000	0.1522E+01	0.2991E+00	0.4383E+00	0.8476E+00
155.000	0.1506E+01	0.2600E+00	0.5909E+00	0.7637E+00
160.000	0.1491E+01	0.2155E+00	0.7274E+00	0.6515E+00
165.000	0.1478E+01	0.1663E+00	0.8416E+00	0.5138E+00
170.000	0.1468E+01	0.1132E+00	0.9279E+00	0.3551E+00
175.000	0.1462E+01	0.5734E-01	0.9817E+00	0.1815E+00
180.000	0.1460E+01	0.8468E-05	0.1000E+01	0.2013E-04
