0.000	0.5375E+01	0.0000E+00	0.1000E+01	0.0000E+00
5.000	0.5435E+01	-0.1424E-01	0.9675E+00	-0.2523E+00
10.000	0.5612E+01	-0.2699E-01	0.8752E+00	-0.4819E+00
15.000	0.5899E+01	-0.3708E-01	0.7363E+00	-0.6720E+00
20.000	0.6282E+01	-0.4371E-01	0.5680E+00	-0.8141E+00
25.000	0.6746E+01	-0.4651E-01	0.3863E+00	-0.9074E+00
30.000	0.7273E+01	-0.4540E-01	0.2040E+00	-0.9566E+00
35.000	0.7842E+01	-0.4044E-01	0.2938E-01	-0.9685E+00
40.000	0.8434E+01	-0.3176E-01	-0.1325E+00	-0.9502E+00
45.000	0.9030E+01	-0.1954E-01	-0.2793E+00	-0.9081E+00
50.000	0.9613E+01	-0.3958E-02	-0.4101E+00	-0.8473E+00
55.000	0.1017E+02	0.1474E-01	-0.5245E+00	-0.7718E+00
60.000	0.1068E+02	0.3629E-01	-0.6229E+00	-0.6847E+00
65.000	0.1114E+02	0.6035E-01	-0.7055E+00	-0.5884E+00
70.000	0.1154E+02	0.8655E-01	-0.7725E+00	-0.4849E+00
75.000	0.1188E+02	0.1145E+00	-0.8240E+00	-0.3759E+00
80.000	0.1213E+02	0.1437E+00	-0.8604E+00	-0.2629E+00
85.000	0.1231E+02	0.1737E+00	-0.8815E+00	-0.1473E+00
90.000	0.1240E+02	0.2042E+00	-0.8875E+00	-0.3017E-01
95.000	0.1241E+02	0.2348E+00	-0.8783E+00	0.8723E-01
100.000	0.1233E+02	0.2649E+00	-0.8536E+00	0.2037E+00
105.000	0.1217E+02	0.2944E+00	-0.8132E+00	0.3181E+00
110.000	0.1192E+02	0.3226E+00	-0.7564E+00	0.4290E+00
115.000	0.1162E+02	0.3489E+00	-0.6826E+00	0.5345E+00
120.000	0.1125E+02	0.3727E+00	-0.5911E+00	0.6325E+00
125.000	0.1084E+02	0.3929E+00	-0.4815E+00	0.7201E+00
130.000	0.1040E+02	0.4083E+00	-0.3535E+00	0.7938E+00
135.000	0.9946E+01	0.4172E+00	-0.2081E+00	0.8494E+00
140.000	0.9499E+01	0.4179E+00	-0.4707E-01	0.8821E+00
145.000	0.9071E+01	0.4085E+00	0.1257E+00	0.8868E+00
150.000	0.8676E+01	0.3872E+00	0.3046E+00	0.8592E+00
155.000	0.8325E+01	0.3525E+00	0.4818E+00	0.7957E+00
160.000	0.8028E+01	0.3041E+00	0.6479E+00	0.6950E+00
165.000	0.7791E+01	0.2422E+00	0.7921E+00	0.5588E+00
170.000	0.7619E+01	0.1688E+00	0.9043E+00	0.3917E+00
175.000	0.7515E+01	0.8668E-01	0.9755E+00	0.2019E+00
180.000	0.7480E+01	0.1927E-04	0.1000E+01	0.2799E-04
