0.000	0.7643E+01	0.0000E+00	0.1000E+01	0.0000E+00
5.000	0.7733E+01	-0.2204E-01	0.9666E+00	-0.2552E+00
10.000	0.7999E+01	-0.4215E-01	0.8718E+00	-0.4867E+00
15.000	0.8429E+01	-0.5878E-01	0.7300E+00	-0.6767E+00
20.000	0.9006E+01	-0.7100E-01	0.5591E+00	-0.8169E+00
25.000	0.9704E+01	-0.7840E-01	0.3761E+00	-0.9071E+00
30.000	0.1050E+02	-0.8094E-01	0.1938E+00	-0.9527E+00
35.000	0.1135E+02	-0.7881E-01	0.2071E-01	-0.9613E+00
40.000	0.1225E+02	-0.7225E-01	-0.1386E+00	-0.9404E+00
45.000	0.1315E+02	-0.6152E-01	-0.2819E+00	-0.8966E+00
50.000	0.1403E+02	-0.4689E-01	-0.4088E+00	-0.8354E+00
55.000	0.1486E+02	-0.2867E-01	-0.5192E+00	-0.7608E+00
60.000	0.1563E+02	-0.7184E-02	-0.6138E+00	-0.6758E+00
65.000	0.1632E+02	0.1718E-01	-0.6930E+00	-0.5829E+00
70.000	0.1690E+02	0.4399E-01	-0.7574E+00	-0.4839E+00
75.000	0.1738E+02	0.7281E-01	-0.8073E+00	-0.3802E+00
80.000	0.1774E+02	0.1032E+00	-0.8432E+00	-0.2731E+00
85.000	0.1796E+02	0.1347E+00	-0.8652E+00	-0.1638E+00
90.000	0.1805E+02	0.1669E+00	-0.8734E+00	-0.5309E-01
95.000	0.1801E+02	0.1994E+00	-0.8679E+00	0.5810E-01
100.000	0.1782E+02	0.2319E+00	-0.8483E+00	0.1689E+00
105.000	0.1750E+02	0.2642E+00	-0.8144E+00	0.2785E+00
110.000	0.1707E+02	0.2957E+00	-0.7653E+00	0.3858E+00
115.000	0.1652E+02	0.3260E+00	-0.7003E+00	0.4894E+00
120.000	0.1588E+02	0.3546E+00	-0.6182E+00	0.5874E+00
125.000	0.1517E+02	0.3803E+00	-0.5181E+00	0.6774E+00
130.000	0.1442E+02	0.4020E+00	-0.3990E+00	0.7560E+00
135.000	0.1365E+02	0.4179E+00	-0.2609E+00	0.8191E+00
140.000	0.1289E+02	0.4259E+00	-0.1047E+00	0.8615E+00
145.000	0.1216E+02	0.4235E+00	0.6694E-01	0.8775E+00
150.000	0.1149E+02	0.4083E+00	0.2490E+00	0.8613E+00
155.000	0.1089E+02	0.3778E+00	0.4337E+00	0.8078E+00
160.000	0.1039E+02	0.3307E+00	0.6108E+00	0.7140E+00
165.000	0.9980E+01	0.2668E+00	0.7680E+00	0.5799E+00
170.000	0.9684E+01	0.1876E+00	0.8924E+00	0.4098E+00
175.000	0.9505E+01	0.9697E-01	0.9724E+00	0.2123E+00
180.000	0.9445E+01	0.2297E-04	0.1000E+01	0.3089E-04
