0.000	0.1858E-01	0.0000E+00	0.1000E+01	0.0000E+00
5.000	0.1868E-01	0.1024E+00	0.9734E+00	-0.2050E+00
10.000	0.1901E-01	0.2008E+00	0.8961E+00	-0.3959E+00
15.000	0.1953E-01	0.2914E+00	0.7751E+00	-0.5606E+00
20.000	0.2026E-01	0.3718E+00	0.6206E+00	-0.6903E+00
25.000	0.2117E-01	0.4403E+00	0.4443E+00	-0.7801E+00
30.000	0.2225E-01	0.4967E+00	0.2578E+00	-0.8286E+00
35.000	0.2349E-01	0.5411E+00	0.7145E-01	-0.8376E+00
40.000	0.2485E-01	0.5747E+00	-0.1065E+00	-0.8109E+00
45.000	0.2631E-01	0.5987E+00	-0.2697E+00	-0.7535E+00
50.000	0.2786E-01	0.6145E+00	-0.4138E+00	-0.6707E+00
55.000	0.2947E-01	0.6234E+00	-0.5361E+00	-0.5678E+00
60.000	0.3112E-01	0.6265E+00	-0.6349E+00	-0.4499E+00
65.000	0.3277E-01	0.6250E+00	-0.7098E+00	-0.3214E+00
70.000	0.3441E-01	0.6197E+00	-0.7608E+00	-0.1864E+00
75.000	0.3602E-01	0.6111E+00	-0.7884E+00	-0.4855E-01
80.000	0.3757E-01	0.5999E+00	-0.7934E+00	0.8908E-01
85.000	0.3905E-01	0.5865E+00	-0.7768E+00	0.2235E+00
90.000	0.4044E-01	0.5709E+00	-0.7398E+00	0.3523E+00
95.000	0.4174E-01	0.5535E+00	-0.6837E+00	0.4728E+00
100.000	0.4293E-01	0.5344E+00	-0.6101E+00	0.5829E+00
105.000	0.4401E-01	0.5136E+00	-0.5206E+00	0.6805E+00
110.000	0.4497E-01	0.4910E+00	-0.4170E+00	0.7636E+00
115.000	0.4582E-01	0.4667E+00	-0.3015E+00	0.8304E+00
120.000	0.4656E-01	0.4407E+00	-0.1764E+00	0.8793E+00
125.000	0.4719E-01	0.4129E+00	-0.4424E-01	0.9091E+00
130.000	0.4771E-01	0.3833E+00	0.9216E-01	0.9186E+00
135.000	0.4815E-01	0.3518E+00	0.2297E+00	0.9071E+00
140.000	0.4850E-01	0.3184E+00	0.3653E+00	0.8745E+00
145.000	0.4878E-01	0.2833E+00	0.4955E+00	0.8210E+00
150.000	0.4899E-01	0.2465E+00	0.6169E+00	0.7473E+00
155.000	0.4915E-01	0.2081E+00	0.7264E+00	0.6550E+00
160.000	0.4927E-01	0.1683E+00	0.8208E+00	0.5459E+00
165.000	0.4935E-01	0.1273E+00	0.8973E+00	0.4226E+00
170.000	0.4941E-01	0.8543E-01	0.9538E+00	0.2882E+00
175.000	0.4944E-01	0.4288E-01	0.9883E+00	0.1460E+00
180.000	0.4945E-01	0.4784E-05	0.1000E+01	0.1613E-04
