0.000	0.5604E+01	0.0000E+00	0.1000E+01	0.0000E+00
5.000	0.5653E+01	-0.5067E-01	0.9724E+00	-0.2273E+00
10.000	0.5799E+01	-0.9883E-01	0.8933E+00	-0.4369E+00
15.000	0.6039E+01	-0.1424E+00	0.7721E+00	-0.6143E+00
20.000	0.6366E+01	-0.1799E+00	0.6219E+00	-0.7507E+00
25.000	0.6774E+01	-0.2107E+00	0.4564E+00	-0.8434E+00
30.000	0.7250E+01	-0.2347E+00	0.2878E+00	-0.8945E+00
35.000	0.7783E+01	-0.2521E+00	0.1252E+00	-0.9091E+00
40.000	0.8356E+01	-0.2636E+00	-0.2507E-01	-0.8938E+00
45.000	0.8951E+01	-0.2698E+00	-0.1596E+00	-0.8554E+00
50.000	0.9549E+01	-0.2714E+00	-0.2768E+00	-0.8002E+00
55.000	0.1013E+02	-0.2689E+00	-0.3767E+00	-0.7333E+00
60.000	0.1066E+02	-0.2628E+00	-0.4601E+00	-0.6589E+00
65.000	0.1114E+02	-0.2537E+00	-0.5284E+00	-0.5803E+00
70.000	0.1152E+02	-0.2418E+00	-0.5830E+00	-0.4998E+00
75.000	0.1180E+02	-0.2275E+00	-0.6255E+00	-0.4190E+00
80.000	0.1196E+02	-0.2109E+00	-0.6573E+00	-0.3392E+00
85.000	0.1198E+02	-0.1921E+00	-0.6798E+00	-0.2610E+00
90.000	0.1186E+02	-0.1712E+00	-0.6940E+00	-0.1849E+00
95.000	0.1160E+02	-0.1483E+00	-0.7009E+00	-0.1110E+00
100.000	0.1119E+02	-0.1232E+00	-0.7012E+00	-0.3924E-01
105.000	0.1065E+02	-0.9572E-01	-0.6954E+00	0.3048E-01
110.000	0.9997E+01	-0.6572E-01	-0.6840E+00	0.9849E-01
115.000	0.9239E+01	-0.3286E-01	-0.6668E+00	0.1652E+00
120.000	0.8403E+01	0.3224E-02	-0.6437E+00	0.2311E+00
125.000	0.7515E+01	0.4299E-01	-0.6140E+00	0.2970E+00
130.000	0.6601E+01	0.8692E-01	-0.5766E+00	0.3633E+00
135.000	0.5687E+01	0.1355E+00	-0.5295E+00	0.4310E+00
140.000	0.4799E+01	0.1891E+00	-0.4698E+00	0.5005E+00
145.000	0.3961E+01	0.2476E+00	-0.3924E+00	0.5720E+00
150.000	0.3194E+01	0.3098E+00	-0.2903E+00	0.6439E+00
155.000	0.2516E+01	0.3722E+00	-0.1525E+00	0.7113E+00
160.000	0.1942E+01	0.4254E+00	0.3485E-01	0.7611E+00
165.000	0.1484E+01	0.4490E+00	0.2844E+00	0.7641E+00
170.000	0.1151E+01	0.4059E+00	0.5879E+00	0.6668E+00
175.000	0.9487E+00	0.2536E+00	0.8746E+00	0.4080E+00
180.000	0.8809E+00	0.1173E-03	0.1000E+01	0.9450E-04
