0.000	0.1221E+02	0.0000E+00	0.1000E+01	0.0000E+00
5.000	0.1235E+02	-0.3261E-01	0.9671E+00	-0.2521E+00
10.000	0.1277E+02	-0.6366E-01	0.8736E+00	-0.4808E+00
15.000	0.1345E+02	-0.9175E-01	0.7334E+00	-0.6683E+00
20.000	0.1438E+02	-0.1158E+00	0.5643E+00	-0.8059E+00
25.000	0.1552E+02	-0.1350E+00	0.3834E+00	-0.8930E+00
30.000	0.1684E+02	-0.1488E+00	0.2042E+00	-0.9350E+00
35.000	0.1830E+02	-0.1570E+00	0.3565E-01	-0.9398E+00
40.000	0.1985E+02	-0.1596E+00	-0.1173E+00	-0.9159E+00
45.000	0.2144E+02	-0.1566E+00	-0.2525E+00	-0.8709E+00
50.000	0.2302E+02	-0.1484E+00	-0.3698E+00	-0.8108E+00
55.000	0.2454E+02	-0.1353E+00	-0.4700E+00	-0.7404E+00
60.000	0.2594E+02	-0.1179E+00	-0.5545E+00	-0.6631E+00
65.000	0.2719E+02	-0.9671E-01	-0.6248E+00	-0.5813E+00
70.000	0.2824E+02	-0.7232E-01	-0.6823E+00	-0.4966E+00
75.000	0.2905E+02	-0.4531E-01	-0.7280E+00	-0.4100E+00
80.000	0.2959E+02	-0.1620E-01	-0.7631E+00	-0.3221E+00
85.000	0.2985E+02	0.1455E-01	-0.7882E+00	-0.2334E+00
90.000	0.2981E+02	0.4660E-01	-0.8038E+00	-0.1440E+00
95.000	0.2947E+02	0.7973E-01	-0.8101E+00	-0.5378E-01
100.000	0.2884E+02	0.1138E+00	-0.8070E+00	0.3709E-01
105.000	0.2793E+02	0.1489E+00	-0.7941E+00	0.1286E+00
110.000	0.2677E+02	0.1850E+00	-0.7706E+00	0.2207E+00
115.000	0.2540E+02	0.2222E+00	-0.7354E+00	0.3131E+00
120.000	0.2385E+02	0.2605E+00	-0.6871E+00	0.4052E+00
125.000	0.2216E+02	0.2996E+00	-0.6236E+00	0.4960E+00
130.000	0.2039E+02	0.3390E+00	-0.5425E+00	0.5837E+00
135.000	0.1859E+02	0.3774E+00	-0.4411E+00	0.6658E+00
140.000	0.1681E+02	0.4127E+00	-0.3167E+00	0.7381E+00
145.000	0.1510E+02	0.4415E+00	-0.1668E+00	0.7945E+00
150.000	0.1351E+02	0.4588E+00	0.9169E-02	0.8266E+00
155.000	0.1209E+02	0.4581E+00	0.2087E+00	0.8237E+00
160.000	0.1086E+02	0.4315E+00	0.4235E+00	0.7733E+00
165.000	0.9879E+01	0.3722E+00	0.6370E+00	0.6643E+00
170.000	0.9155E+01	0.2764E+00	0.8237E+00	0.4917E+00
175.000	0.8714E+01	0.1480E+00	0.9533E+00	0.2627E+00
180.000	0.8565E+01	0.4364E-04	0.1000E+01	0.4587E-04
