0.000	0.1060E+01	0.0000E+00	0.1000E+01	0.0000E+00
5.000	0.1068E+01	0.3032E-01	0.9733E+00	-0.2275E+00
10.000	0.1092E+01	0.5971E-01	0.8962E+00	-0.4393E+00
15.000	0.1130E+01	0.8745E-01	0.7769E+00	-0.6223E+00
20.000	0.1182E+01	0.1132E+00	0.6267E+00	-0.7683E+00
25.000	0.1246E+01	0.1368E+00	0.4575E+00	-0.8738E+00
30.000	0.1319E+01	0.1585E+00	0.2802E+00	-0.9391E+00
35.000	0.1399E+01	0.1787E+00	0.1034E+00	-0.9675E+00
40.000	0.1484E+01	0.1979E+00	-0.6676E-01	-0.9631E+00
45.000	0.1571E+01	0.2164E+00	-0.2258E+00	-0.9306E+00
50.000	0.1659E+01	0.2345E+00	-0.3710E+00	-0.8744E+00
55.000	0.1745E+01	0.2524E+00	-0.5004E+00	-0.7983E+00
60.000	0.1828E+01	0.2703E+00	-0.6129E+00	-0.7057E+00
65.000	0.1906E+01	0.2882E+00	-0.7076E+00	-0.5997E+00
70.000	0.1978E+01	0.3060E+00	-0.7840E+00	-0.4829E+00
75.000	0.2043E+01	0.3235E+00	-0.8414E+00	-0.3577E+00
80.000	0.2100E+01	0.3406E+00	-0.8796E+00	-0.2265E+00
85.000	0.2148E+01	0.3570E+00	-0.8981E+00	-0.9169E-01
90.000	0.2186E+01	0.3724E+00	-0.8968E+00	0.4457E-01
95.000	0.2215E+01	0.3866E+00	-0.8756E+00	0.1799E+00
100.000	0.2234E+01	0.3990E+00	-0.8343E+00	0.3120E+00
105.000	0.2244E+01	0.4092E+00	-0.7732E+00	0.4383E+00
110.000	0.2244E+01	0.4169E+00	-0.6926E+00	0.5561E+00
115.000	0.2236E+01	0.4213E+00	-0.5932E+00	0.6626E+00
120.000	0.2222E+01	0.4220E+00	-0.4759E+00	0.7546E+00
125.000	0.2201E+01	0.4182E+00	-0.3426E+00	0.8289E+00
130.000	0.2177E+01	0.4094E+00	-0.1955E+00	0.8823E+00
135.000	0.2149E+01	0.3948E+00	-0.3790E-01	0.9118E+00
140.000	0.2121E+01	0.3741E+00	0.1260E+00	0.9146E+00
145.000	0.2093E+01	0.3469E+00	0.2914E+00	0.8888E+00
150.000	0.2066E+01	0.3130E+00	0.4523E+00	0.8335E+00
155.000	0.2042E+01	0.2727E+00	0.6028E+00	0.7490E+00
160.000	0.2022E+01	0.2263E+00	0.7364E+00	0.6371E+00
165.000	0.2005E+01	0.1747E+00	0.8475E+00	0.5010E+00
170.000	0.1993E+01	0.1189E+00	0.9308E+00	0.3455E+00
175.000	0.1986E+01	0.6022E-01	0.9825E+00	0.1763E+00
180.000	0.1984E+01	0.9751E-05	0.1000E+01	0.2054E-04
