0.000	0.1252E+02	0.0000E+00	0.1000E+01	0.0000E+00
5.000	0.1267E+02	-0.4733E-01	0.9664E+00	-0.2524E+00
10.000	0.1312E+02	-0.9010E-01	0.8711E+00	-0.4811E+00
15.000	0.1384E+02	-0.1249E+00	0.7287E+00	-0.6682E+00
20.000	0.1482E+02	-0.1499E+00	0.5576E+00	-0.8052E+00
25.000	0.1602E+02	-0.1651E+00	0.3752E+00	-0.8919E+00
30.000	0.1741E+02	-0.1715E+00	0.1952E+00	-0.9339E+00
35.000	0.1893E+02	-0.1703E+00	0.2638E-01	-0.9393E+00
40.000	0.2055E+02	-0.1632E+00	-0.1266E+00	-0.9164E+00
45.000	0.2220E+02	-0.1514E+00	-0.2619E+00	-0.8726E+00
50.000	0.2383E+02	-0.1360E+00	-0.3795E+00	-0.8139E+00
55.000	0.2539E+02	-0.1177E+00	-0.4804E+00	-0.7447E+00
60.000	0.2683E+02	-0.9716E-01	-0.5659E+00	-0.6683E+00
65.000	0.2811E+02	-0.7468E-01	-0.6374E+00	-0.5869E+00
70.000	0.2917E+02	-0.5052E-01	-0.6964E+00	-0.5021E+00
75.000	0.2999E+02	-0.2482E-01	-0.7440E+00	-0.4149E+00
80.000	0.3054E+02	0.2350E-02	-0.7810E+00	-0.3259E+00
85.000	0.3080E+02	0.3097E-01	-0.8079E+00	-0.2353E+00
90.000	0.3076E+02	0.6105E-01	-0.8252E+00	-0.1434E+00
95.000	0.3042E+02	0.9258E-01	-0.8327E+00	-0.5016E-01
100.000	0.2979E+02	0.1256E+00	-0.8303E+00	0.4433E-01
105.000	0.2889E+02	0.1600E+00	-0.8173E+00	0.1400E+00
110.000	0.2775E+02	0.1956E+00	-0.7928E+00	0.2367E+00
115.000	0.2639E+02	0.2323E+00	-0.7554E+00	0.3339E+00
120.000	0.2486E+02	0.2696E+00	-0.7035E+00	0.4309E+00
125.000	0.2321E+02	0.3068E+00	-0.6349E+00	0.5263E+00
130.000	0.2147E+02	0.3429E+00	-0.5475E+00	0.6179E+00
135.000	0.1970E+02	0.3762E+00	-0.4385E+00	0.7026E+00
140.000	0.1796E+02	0.4044E+00	-0.3059E+00	0.7756E+00
145.000	0.1629E+02	0.4244E+00	-0.1482E+00	0.8303E+00
150.000	0.1473E+02	0.4320E+00	0.3404E-01	0.8578E+00
155.000	0.1333E+02	0.4221E+00	0.2367E+00	0.8476E+00
160.000	0.1214E+02	0.3892E+00	0.4502E+00	0.7882E+00
165.000	0.1117E+02	0.3292E+00	0.6576E+00	0.6706E+00
170.000	0.1046E+02	0.2406E+00	0.8353E+00	0.4921E+00
175.000	0.1003E+02	0.1275E+00	0.9567E+00	0.2614E+00
180.000	0.9880E+01	0.3664E-04	0.1000E+01	0.4316E-04
