0.000	0.9245E+01	0.0000E+00	0.1000E+01	0.0000E+00
5.000	0.9357E+01	-0.2584E-01	0.9660E+00	-0.2570E+00
10.000	0.9688E+01	-0.4956E-01	0.8698E+00	-0.4895E+00
15.000	0.1022E+02	-0.6948E-01	0.7261E+00	-0.6794E+00
20.000	0.1094E+02	-0.8456E-01	0.5537E+00	-0.8184E+00
25.000	0.1182E+02	-0.9439E-01	0.3698E+00	-0.9067E+00
30.000	0.1281E+02	-0.9894E-01	0.1875E+00	-0.9501E+00
35.000	0.1389E+02	-0.9843E-01	0.1519E-01	-0.9564E+00
40.000	0.1501E+02	-0.9313E-01	-0.1425E+00	-0.9336E+00
45.000	0.1614E+02	-0.8335E-01	-0.2837E+00	-0.8886E+00
50.000	0.1725E+02	-0.6939E-01	-0.4080E+00	-0.8269E+00
55.000	0.1830E+02	-0.5160E-01	-0.5158E+00	-0.7526E+00
60.000	0.1927E+02	-0.3034E-01	-0.6078E+00	-0.6688E+00
65.000	0.2013E+02	-0.6014E-02	-0.6847E+00	-0.5778E+00
70.000	0.2086E+02	0.2092E-01	-0.7471E+00	-0.4815E+00
75.000	0.2145E+02	0.4999E-01	-0.7958E+00	-0.3810E+00
80.000	0.2188E+02	0.8074E-01	-0.8310E+00	-0.2777E+00
85.000	0.2214E+02	0.1127E+00	-0.8532E+00	-0.1724E+00
90.000	0.2223E+02	0.1456E+00	-0.8625E+00	-0.6581E-01
95.000	0.2213E+02	0.1789E+00	-0.8589E+00	0.4132E-01
100.000	0.2186E+02	0.2124E+00	-0.8423E+00	0.1484E+00
105.000	0.2141E+02	0.2459E+00	-0.8121E+00	0.2546E+00
110.000	0.2081E+02	0.2790E+00	-0.7677E+00	0.3592E+00
115.000	0.2007E+02	0.3114E+00	-0.7081E+00	0.4610E+00
120.000	0.1921E+02	0.3424E+00	-0.6319E+00	0.5583E+00
125.000	0.1826E+02	0.3712E+00	-0.5380E+00	0.6491E+00
130.000	0.1725E+02	0.3966E+00	-0.4251E+00	0.7301E+00
135.000	0.1623E+02	0.4168E+00	-0.2924E+00	0.7972E+00
140.000	0.1521E+02	0.4295E+00	-0.1402E+00	0.8453E+00
145.000	0.1424E+02	0.4320E+00	0.2951E-01	0.8684E+00
150.000	0.1334E+02	0.4212E+00	0.2124E+00	0.8598E+00
155.000	0.1254E+02	0.3941E+00	0.4012E+00	0.8135E+00
160.000	0.1186E+02	0.3485E+00	0.5852E+00	0.7251E+00
165.000	0.1131E+02	0.2836E+00	0.7509E+00	0.5932E+00
170.000	0.1092E+02	0.2009E+00	0.8838E+00	0.4216E+00
175.000	0.1067E+02	0.1043E+00	0.9701E+00	0.2192E+00
180.000	0.1059E+02	0.2568E-04	0.1000E+01	0.3292E-04
