0.000	0.5830E+01	0.0000E+00	0.1000E+01	0.0000E+00
5.000	0.5855E+01	-0.6283E-02	0.9789E+00	-0.2043E+00
10.000	0.5930E+01	-0.1544E-01	0.9168E+00	-0.3980E+00
15.000	0.6059E+01	-0.2966E-01	0.8177E+00	-0.5713E+00
20.000	0.6249E+01	-0.4985E-01	0.6882E+00	-0.7156E+00
25.000	0.6504E+01	-0.7547E-01	0.5371E+00	-0.8250E+00
30.000	0.6829E+01	-0.1046E+00	0.3742E+00	-0.8967E+00
35.000	0.7224E+01	-0.1346E+00	0.2097E+00	-0.9314E+00
40.000	0.7683E+01	-0.1625E+00	0.5195E-01	-0.9329E+00
45.000	0.8197E+01	-0.1859E+00	-0.9271E-01	-0.9070E+00
50.000	0.8749E+01	-0.2033E+00	-0.2207E+00	-0.8605E+00
55.000	0.9316E+01	-0.2140E+00	-0.3309E+00	-0.7995E+00
60.000	0.9871E+01	-0.2182E+00	-0.4237E+00	-0.7295E+00
65.000	0.1039E+02	-0.2163E+00	-0.5007E+00	-0.6544E+00
70.000	0.1084E+02	-0.2093E+00	-0.5639E+00	-0.5770E+00
75.000	0.1119E+02	-0.1983E+00	-0.6153E+00	-0.4988E+00
80.000	0.1142E+02	-0.1840E+00	-0.6566E+00	-0.4208E+00
85.000	0.1152E+02	-0.1672E+00	-0.6893E+00	-0.3431E+00
90.000	0.1148E+02	-0.1485E+00	-0.7144E+00	-0.2658E+00
95.000	0.1130E+02	-0.1281E+00	-0.7325E+00	-0.1886E+00
100.000	0.1097E+02	-0.1062E+00	-0.7439E+00	-0.1112E+00
105.000	0.1051E+02	-0.8263E-01	-0.7486E+00	-0.3343E-01
110.000	0.9926E+01	-0.5704E-01	-0.7465E+00	0.4496E-01
115.000	0.9247E+01	-0.2896E-01	-0.7370E+00	0.1241E+00
120.000	0.8488E+01	0.2253E-02	-0.7196E+00	0.2041E+00
125.000	0.7672E+01	0.3732E-01	-0.6932E+00	0.2850E+00
130.000	0.6819E+01	0.7701E-01	-0.6564E+00	0.3671E+00
135.000	0.5954E+01	0.1220E+00	-0.6068E+00	0.4502E+00
140.000	0.5101E+01	0.1726E+00	-0.5411E+00	0.5344E+00
145.000	0.4280E+01	0.2287E+00	-0.4540E+00	0.6186E+00
150.000	0.3517E+01	0.2885E+00	-0.3379E+00	0.7000E+00
155.000	0.2830E+01	0.3475E+00	-0.1823E+00	0.7717E+00
160.000	0.2240E+01	0.3956E+00	0.2546E-01	0.8177E+00
165.000	0.1762E+01	0.4125E+00	0.2930E+00	0.8065E+00
170.000	0.1411E+01	0.3658E+00	0.6035E+00	0.6871E+00
175.000	0.1196E+01	0.2239E+00	0.8823E+00	0.4107E+00
180.000	0.1124E+01	0.1003E-03	0.1000E+01	0.1014E-03
