0.000	0.1254E+02	0.0000E+00	0.1000E+01	0.0000E+00
5.000	0.1269E+02	-0.3204E-01	0.9659E+00	-0.2566E+00
10.000	0.1314E+02	-0.6201E-01	0.8694E+00	-0.4885E+00
15.000	0.1388E+02	-0.8820E-01	0.7255E+00	-0.6773E+00
20.000	0.1488E+02	-0.1095E+00	0.5530E+00	-0.8146E+00
25.000	0.1610E+02	-0.1253E+00	0.3695E+00	-0.9004E+00
30.000	0.1749E+02	-0.1353E+00	0.1885E+00	-0.9410E+00
35.000	0.1902E+02	-0.1397E+00	0.1868E-01	-0.9445E+00
40.000	0.2063E+02	-0.1387E+00	-0.1354E+00	-0.9196E+00
45.000	0.2227E+02	-0.1325E+00	-0.2719E+00	-0.8734E+00
50.000	0.2388E+02	-0.1214E+00	-0.3909E+00	-0.8120E+00
55.000	0.2542E+02	-0.1059E+00	-0.4929E+00	-0.7398E+00
60.000	0.2684E+02	-0.8637E-01	-0.5793E+00	-0.6599E+00
65.000	0.2810E+02	-0.6336E-01	-0.6512E+00	-0.5747E+00
70.000	0.2916E+02	-0.3737E-01	-0.7098E+00	-0.4859E+00
75.000	0.2999E+02	-0.8943E-02	-0.7560E+00	-0.3944E+00
80.000	0.3056E+02	0.2143E-01	-0.7906E+00	-0.3012E+00
85.000	0.3086E+02	0.5332E-01	-0.8142E+00	-0.2066E+00
90.000	0.3088E+02	0.8636E-01	-0.8272E+00	-0.1112E+00
95.000	0.3061E+02	0.1203E+00	-0.8297E+00	-0.1501E-01
100.000	0.3005E+02	0.1549E+00	-0.8215E+00	0.8162E-01
105.000	0.2923E+02	0.1902E+00	-0.8022E+00	0.1785E+00
110.000	0.2816E+02	0.2260E+00	-0.7709E+00	0.2753E+00
115.000	0.2687E+02	0.2622E+00	-0.7267E+00	0.3714E+00
120.000	0.2541E+02	0.2986E+00	-0.6679E+00	0.4659E+00
125.000	0.2381E+02	0.3347E+00	-0.5927E+00	0.5573E+00
130.000	0.2213E+02	0.3695E+00	-0.4990E+00	0.6434E+00
135.000	0.2042E+02	0.4015E+00	-0.3846E+00	0.7208E+00
140.000	0.1873E+02	0.4282E+00	-0.2479E+00	0.7847E+00
145.000	0.1710E+02	0.4464E+00	-0.8820E-01	0.8287E+00
150.000	0.1559E+02	0.4515E+00	0.9300E-01	0.8447E+00
155.000	0.1424E+02	0.4384E+00	0.2906E+00	0.8234E+00
160.000	0.1309E+02	0.4017E+00	0.4944E+00	0.7557E+00
165.000	0.1216E+02	0.3375E+00	0.6883E+00	0.6352E+00
170.000	0.1148E+02	0.2453E+00	0.8514E+00	0.4615E+00
175.000	0.1107E+02	0.1295E+00	0.9612E+00	0.2435E+00
180.000	0.1093E+02	0.3554E-04	0.1000E+01	0.4003E-04
