0.000	0.6556E+01	0.0000E+00	0.1000E+01	0.0000E+00
5.000	0.6592E+01	-0.1301E-01	0.9766E+00	-0.2147E+00
10.000	0.6704E+01	-0.2819E-01	0.9082E+00	-0.4164E+00
15.000	0.6894E+01	-0.4702E-01	0.8005E+00	-0.5937E+00
20.000	0.7164E+01	-0.6986E-01	0.6622E+00	-0.7376E+00
25.000	0.7518E+01	-0.9582E-01	0.5039E+00	-0.8428E+00
30.000	0.7955E+01	-0.1230E+00	0.3367E+00	-0.9079E+00
35.000	0.8472E+01	-0.1491E+00	0.1709E+00	-0.9354E+00
40.000	0.9059E+01	-0.1717E+00	0.1428E-01	-0.9305E+00
45.000	0.9702E+01	-0.1892E+00	-0.1277E+00	-0.8996E+00
50.000	0.1038E+02	-0.2005E+00	-0.2523E+00	-0.8496E+00
55.000	0.1106E+02	-0.2053E+00	-0.3590E+00	-0.7866E+00
60.000	0.1172E+02	-0.2041E+00	-0.4488E+00	-0.7156E+00
65.000	0.1233E+02	-0.1973E+00	-0.5233E+00	-0.6401E+00
70.000	0.1285E+02	-0.1860E+00	-0.5844E+00	-0.5625E+00
75.000	0.1325E+02	-0.1710E+00	-0.6341E+00	-0.4842E+00
80.000	0.1352E+02	-0.1530E+00	-0.6741E+00	-0.4060E+00
85.000	0.1363E+02	-0.1328E+00	-0.7055E+00	-0.3279E+00
90.000	0.1358E+02	-0.1108E+00	-0.7294E+00	-0.2499E+00
95.000	0.1336E+02	-0.8720E-01	-0.7461E+00	-0.1718E+00
100.000	0.1298E+02	-0.6213E-01	-0.7560E+00	-0.9335E-01
105.000	0.1245E+02	-0.3542E-01	-0.7590E+00	-0.1417E-01
110.000	0.1178E+02	-0.6739E-02	-0.7546E+00	0.6586E-01
115.000	0.1100E+02	0.2441E-01	-0.7424E+00	0.1469E+00
120.000	0.1013E+02	0.5861E-01	-0.7215E+00	0.2290E+00
125.000	0.9189E+01	0.9652E-01	-0.6905E+00	0.3122E+00
130.000	0.8210E+01	0.1387E+00	-0.6477E+00	0.3964E+00
135.000	0.7216E+01	0.1857E+00	-0.5903E+00	0.4813E+00
140.000	0.6234E+01	0.2374E+00	-0.5147E+00	0.5661E+00
145.000	0.5291E+01	0.2927E+00	-0.4154E+00	0.6488E+00
150.000	0.4412E+01	0.3491E+00	-0.2852E+00	0.7250E+00
155.000	0.3621E+01	0.4004E+00	-0.1151E+00	0.7858E+00
160.000	0.2940E+01	0.4349E+00	0.1031E+00	0.8138E+00
165.000	0.2390E+01	0.4326E+00	0.3695E+00	0.7791E+00
170.000	0.1985E+01	0.3662E+00	0.6588E+00	0.6413E+00
175.000	0.1737E+01	0.2160E+00	0.9019E+00	0.3719E+00
180.000	0.1653E+01	0.8796E-04	0.1000E+01	0.8502E-04
