0.000	0.1149E+02	0.0000E+00	0.1000E+01	0.0000E+00
5.000	0.1161E+02	-0.3181E-01	0.9679E+00	-0.2489E+00
10.000	0.1199E+02	-0.6244E-01	0.8767E+00	-0.4754E+00
15.000	0.1261E+02	-0.9074E-01	0.7393E+00	-0.6621E+00
20.000	0.1345E+02	-0.1157E+00	0.5727E+00	-0.8003E+00
25.000	0.1449E+02	-0.1364E+00	0.3936E+00	-0.8887E+00
30.000	0.1569E+02	-0.1521E+00	0.2153E+00	-0.9323E+00
35.000	0.1703E+02	-0.1623E+00	0.4722E-01	-0.9385E+00
40.000	0.1847E+02	-0.1669E+00	-0.1055E+00	-0.9157E+00
45.000	0.1995E+02	-0.1659E+00	-0.2406E+00	-0.8716E+00
50.000	0.2142E+02	-0.1594E+00	-0.3576E+00	-0.8123E+00
55.000	0.2285E+02	-0.1478E+00	-0.4575E+00	-0.7428E+00
60.000	0.2417E+02	-0.1318E+00	-0.5417E+00	-0.6666E+00
65.000	0.2535E+02	-0.1117E+00	-0.6116E+00	-0.5862E+00
70.000	0.2633E+02	-0.8841E-01	-0.6687E+00	-0.5032E+00
75.000	0.2709E+02	-0.6237E-01	-0.7145E+00	-0.4186E+00
80.000	0.2760E+02	-0.3416E-01	-0.7499E+00	-0.3330E+00
85.000	0.2783E+02	-0.4241E-02	-0.7758E+00	-0.2467E+00
90.000	0.2777E+02	0.2704E-01	-0.7927E+00	-0.1597E+00
95.000	0.2743E+02	0.5948E-01	-0.8007E+00	-0.7209E-01
100.000	0.2680E+02	0.9298E-01	-0.7998E+00	0.1630E-01
105.000	0.2591E+02	0.1276E+00	-0.7897E+00	0.1055E+00
110.000	0.2479E+02	0.1635E+00	-0.7696E+00	0.1955E+00
115.000	0.2345E+02	0.2007E+00	-0.7385E+00	0.2861E+00
120.000	0.2195E+02	0.2394E+00	-0.6948E+00	0.3768E+00
125.000	0.2032E+02	0.2795E+00	-0.6366E+00	0.4669E+00
130.000	0.1861E+02	0.3206E+00	-0.5615E+00	0.5550E+00
135.000	0.1688E+02	0.3617E+00	-0.4665E+00	0.6386E+00
140.000	0.1516E+02	0.4007E+00	-0.3484E+00	0.7142E+00
145.000	0.1351E+02	0.4345E+00	-0.2042E+00	0.7759E+00
150.000	0.1197E+02	0.4579E+00	-0.3204E-01	0.8155E+00
155.000	0.1060E+02	0.4639E+00	0.1671E+00	0.8217E+00
160.000	0.9414E+01	0.4436E+00	0.3861E+00	0.7806E+00
165.000	0.8459E+01	0.3881E+00	0.6088E+00	0.6785E+00
170.000	0.7758E+01	0.2918E+00	0.8080E+00	0.5075E+00
175.000	0.7330E+01	0.1576E+00	0.9488E+00	0.2732E+00
180.000	0.7186E+01	0.4818E-04	0.1000E+01	0.4917E-04
