0.000	0.8928E+00	0.0000E+00	0.1000E+01	0.0000E+00
5.000	0.8992E+00	0.3526E-01	0.9739E+00	-0.2241E+00
10.000	0.9182E+00	0.6939E-01	0.8985E+00	-0.4331E+00
15.000	0.9491E+00	0.1015E+00	0.7815E+00	-0.6146E+00
20.000	0.9907E+00	0.1310E+00	0.6335E+00	-0.7602E+00
25.000	0.1042E+01	0.1579E+00	0.4662E+00	-0.8664E+00
30.000	0.1101E+01	0.1822E+00	0.2899E+00	-0.9330E+00
35.000	0.1165E+01	0.2043E+00	0.1133E+00	-0.9629E+00
40.000	0.1234E+01	0.2248E+00	-0.5713E-01	-0.9599E+00
45.000	0.1305E+01	0.2440E+00	-0.2170E+00	-0.9285E+00
50.000	0.1377E+01	0.2624E+00	-0.3632E+00	-0.8730E+00
55.000	0.1447E+01	0.2801E+00	-0.4938E+00	-0.7972E+00
60.000	0.1516E+01	0.2974E+00	-0.6074E+00	-0.7046E+00
65.000	0.1580E+01	0.3144E+00	-0.7030E+00	-0.5982E+00
70.000	0.1640E+01	0.3309E+00	-0.7801E+00	-0.4808E+00
75.000	0.1694E+01	0.3470E+00	-0.8380E+00	-0.3548E+00
80.000	0.1742E+01	0.3624E+00	-0.8764E+00	-0.2228E+00
85.000	0.1783E+01	0.3769E+00	-0.8949E+00	-0.8698E-01
90.000	0.1816E+01	0.3903E+00	-0.8932E+00	0.5019E-01
95.000	0.1842E+01	0.4023E+00	-0.8713E+00	0.1864E+00
100.000	0.1860E+01	0.4126E+00	-0.8292E+00	0.3191E+00
105.000	0.1870E+01	0.4206E+00	-0.7670E+00	0.4457E+00
110.000	0.1873E+01	0.4259E+00	-0.6852E+00	0.5636E+00
115.000	0.1869E+01	0.4281E+00	-0.5845E+00	0.6696E+00
120.000	0.1860E+01	0.4265E+00	-0.4662E+00	0.7609E+00
125.000	0.1846E+01	0.4206E+00	-0.3320E+00	0.8341E+00
130.000	0.1829E+01	0.4097E+00	-0.1845E+00	0.8860E+00
135.000	0.1809E+01	0.3935E+00	-0.2692E-01	0.9139E+00
140.000	0.1789E+01	0.3713E+00	0.1365E+00	0.9150E+00
145.000	0.1768E+01	0.3430E+00	0.3007E+00	0.8877E+00
150.000	0.1748E+01	0.3085E+00	0.4602E+00	0.8311E+00
155.000	0.1730E+01	0.2680E+00	0.6089E+00	0.7459E+00
160.000	0.1715E+01	0.2219E+00	0.7407E+00	0.6337E+00
165.000	0.1703E+01	0.1710E+00	0.8501E+00	0.4979E+00
170.000	0.1694E+01	0.1162E+00	0.9320E+00	0.3432E+00
175.000	0.1688E+01	0.5882E-01	0.9828E+00	0.1750E+00
180.000	0.1686E+01	0.9173E-05	0.1000E+01	0.2014E-04
