0.000	0.6845E+01	0.0000E+00	0.1000E+01	0.0000E+00
5.000	0.6924E+01	-0.1967E-01	0.9669E+00	-0.2544E+00
10.000	0.7159E+01	-0.3754E-01	0.8728E+00	-0.4854E+00
15.000	0.7538E+01	-0.5217E-01	0.7318E+00	-0.6754E+00
20.000	0.8046E+01	-0.6266E-01	0.5617E+00	-0.8162E+00
25.000	0.8660E+01	-0.6863E-01	0.3791E+00	-0.9074E+00
30.000	0.9358E+01	-0.7002E-01	0.1968E+00	-0.9542E+00
35.000	0.1011E+02	-0.6699E-01	0.2317E-01	-0.9638E+00
40.000	0.1090E+02	-0.5973E-01	-0.1370E+00	-0.9437E+00
45.000	0.1169E+02	-0.4850E-01	-0.2814E+00	-0.9005E+00
50.000	0.1246E+02	-0.3354E-01	-0.4095E+00	-0.8394E+00
55.000	0.1319E+02	-0.1512E-01	-0.5213E+00	-0.7644E+00
60.000	0.1387E+02	0.6423E-02	-0.6171E+00	-0.6788E+00
65.000	0.1448E+02	0.3074E-01	-0.6974E+00	-0.5847E+00
70.000	0.1500E+02	0.5741E-01	-0.7627E+00	-0.4842E+00
75.000	0.1542E+02	0.8601E-01	-0.8132E+00	-0.3788E+00
80.000	0.1574E+02	0.1161E+00	-0.8492E+00	-0.2698E+00
85.000	0.1595E+02	0.1472E+00	-0.8709E+00	-0.1584E+00
90.000	0.1605E+02	0.1789E+00	-0.8784E+00	-0.4555E-01
95.000	0.1602E+02	0.2109E+00	-0.8717E+00	0.6771E-01
100.000	0.1587E+02	0.2428E+00	-0.8505E+00	0.1805E+00
105.000	0.1562E+02	0.2742E+00	-0.8144E+00	0.2917E+00
110.000	0.1525E+02	0.3047E+00	-0.7629E+00	0.4002E+00
115.000	0.1479E+02	0.3338E+00	-0.6949E+00	0.5045E+00
120.000	0.1425E+02	0.3609E+00	-0.6097E+00	0.6026E+00
125.000	0.1366E+02	0.3849E+00	-0.5063E+00	0.6919E+00
130.000	0.1302E+02	0.4045E+00	-0.3842E+00	0.7691E+00
135.000	0.1237E+02	0.4181E+00	-0.2435E+00	0.8297E+00
140.000	0.1172E+02	0.4237E+00	-0.8551E-01	0.8689E+00
145.000	0.1111E+02	0.4189E+00	0.8672E-01	0.8811E+00
150.000	0.1054E+02	0.4015E+00	0.2679E+00	0.8610E+00
155.000	0.1003E+02	0.3695E+00	0.4502E+00	0.8040E+00
160.000	0.9602E+01	0.3218E+00	0.6236E+00	0.7077E+00
165.000	0.9259E+01	0.2584E+00	0.7764E+00	0.5728E+00
170.000	0.9010E+01	0.1812E+00	0.8965E+00	0.4036E+00
175.000	0.8858E+01	0.9342E-01	0.9735E+00	0.2087E+00
180.000	0.8807E+01	0.2168E-04	0.1000E+01	0.2989E-04
