0.000	0.1471E+01	0.0000E+00	0.1000E+01	0.0000E+00
5.000	0.1483E+01	0.2067E-01	0.9721E+00	-0.2338E+00
10.000	0.1519E+01	0.4086E-01	0.8916E+00	-0.4504E+00
15.000	0.1578E+01	0.6021E-01	0.7680E+00	-0.6360E+00
20.000	0.1657E+01	0.7859E-01	0.6135E+00	-0.7822E+00
25.000	0.1753E+01	0.9612E-01	0.4412E+00	-0.8859E+00
30.000	0.1863E+01	0.1130E+00	0.2621E+00	-0.9484E+00
35.000	0.1983E+01	0.1297E+00	0.8504E-01	-0.9737E+00
40.000	0.2109E+01	0.1465E+00	-0.8409E-01	-0.9665E+00
45.000	0.2239E+01	0.1636E+00	-0.2413E+00	-0.9319E+00
50.000	0.2368E+01	0.1812E+00	-0.3842E+00	-0.8744E+00
55.000	0.2494E+01	0.1996E+00	-0.5112E+00	-0.7979E+00
60.000	0.2613E+01	0.2186E+00	-0.6214E+00	-0.7058E+00
65.000	0.2725E+01	0.2382E+00	-0.7141E+00	-0.6008E+00
70.000	0.2827E+01	0.2583E+00	-0.7889E+00	-0.4856E+00
75.000	0.2918E+01	0.2786E+00	-0.8454E+00	-0.3625E+00
80.000	0.2995E+01	0.2988E+00	-0.8832E+00	-0.2336E+00
85.000	0.3059E+01	0.3187E+00	-0.9020E+00	-0.1012E+00
90.000	0.3109E+01	0.3379E+00	-0.9016E+00	0.3274E-01
95.000	0.3143E+01	0.3560E+00	-0.8819E+00	0.1660E+00
100.000	0.3163E+01	0.3726E+00	-0.8429E+00	0.2963E+00
105.000	0.3167E+01	0.3873E+00	-0.7845E+00	0.4215E+00
110.000	0.3158E+01	0.3994E+00	-0.7069E+00	0.5389E+00
115.000	0.3136E+01	0.4084E+00	-0.6106E+00	0.6459E+00
120.000	0.3103E+01	0.4136E+00	-0.4962E+00	0.7394E+00
125.000	0.3062E+01	0.4142E+00	-0.3653E+00	0.8162E+00
130.000	0.3015E+01	0.4095E+00	-0.2198E+00	0.8728E+00
135.000	0.2964E+01	0.3987E+00	-0.6261E-01	0.9061E+00
140.000	0.2912E+01	0.3811E+00	0.1022E+00	0.9128E+00
145.000	0.2862E+01	0.3562E+00	0.2696E+00	0.8907E+00
150.000	0.2815E+01	0.3237E+00	0.4337E+00	0.8385E+00
155.000	0.2772E+01	0.2837E+00	0.5881E+00	0.7560E+00
160.000	0.2737E+01	0.2367E+00	0.7261E+00	0.6449E+00
165.000	0.2708E+01	0.1835E+00	0.8412E+00	0.5083E+00
170.000	0.2688E+01	0.1253E+00	0.9279E+00	0.3511E+00
175.000	0.2675E+01	0.6355E-01	0.9817E+00	0.1793E+00
180.000	0.2671E+01	0.1104E-04	0.1000E+01	0.2149E-04
