0.000	0.5387E+01	0.0000E+00	0.1000E+01	0.0000E+00
5.000	0.5433E+01	-0.4933E-01	0.9729E+00	-0.2257E+00
10.000	0.5569E+01	-0.9640E-01	0.8949E+00	-0.4341E+00
15.000	0.5793E+01	-0.1393E+00	0.7753E+00	-0.6110E+00
20.000	0.6100E+01	-0.1767E+00	0.6266E+00	-0.7477E+00
25.000	0.6481E+01	-0.2079E+00	0.4623E+00	-0.8412E+00
30.000	0.6929E+01	-0.2327E+00	0.2944E+00	-0.8932E+00
35.000	0.7430E+01	-0.2512E+00	0.1320E+00	-0.9086E+00
40.000	0.7970E+01	-0.2641E+00	-0.1853E-01	-0.8940E+00
45.000	0.8532E+01	-0.2717E+00	-0.1534E+00	-0.8561E+00
50.000	0.9098E+01	-0.2747E+00	-0.2711E+00	-0.8009E+00
55.000	0.9648E+01	-0.2736E+00	-0.3714E+00	-0.7339E+00
60.000	0.1016E+02	-0.2690E+00	-0.4551E+00	-0.6593E+00
65.000	0.1061E+02	-0.2611E+00	-0.5234E+00	-0.5803E+00
70.000	0.1098E+02	-0.2504E+00	-0.5780E+00	-0.4994E+00
75.000	0.1125E+02	-0.2371E+00	-0.6202E+00	-0.4184E+00
80.000	0.1140E+02	-0.2215E+00	-0.6516E+00	-0.3384E+00
85.000	0.1142E+02	-0.2037E+00	-0.6736E+00	-0.2603E+00
90.000	0.1131E+02	-0.1837E+00	-0.6873E+00	-0.1844E+00
95.000	0.1106E+02	-0.1617E+00	-0.6937E+00	-0.1110E+00
100.000	0.1066E+02	-0.1375E+00	-0.6936E+00	-0.4006E-01
105.000	0.1015E+02	-0.1110E+00	-0.6876E+00	0.2862E-01
110.000	0.9511E+01	-0.8198E-01	-0.6760E+00	0.9531E-01
115.000	0.8781E+01	-0.5014E-01	-0.6589E+00	0.1604E+00
120.000	0.7976E+01	-0.1511E-01	-0.6363E+00	0.2245E+00
125.000	0.7121E+01	0.2357E-01	-0.6076E+00	0.2882E+00
130.000	0.6241E+01	0.6644E-01	-0.5718E+00	0.3523E+00
135.000	0.5361E+01	0.1141E+00	-0.5271E+00	0.4176E+00
140.000	0.4508E+01	0.1669E+00	-0.4708E+00	0.4849E+00
145.000	0.3703E+01	0.2252E+00	-0.3983E+00	0.5547E+00
150.000	0.2966E+01	0.2882E+00	-0.3024E+00	0.6261E+00
155.000	0.2316E+01	0.3531E+00	-0.1724E+00	0.6954E+00
160.000	0.1765E+01	0.4116E+00	0.6969E-02	0.7510E+00
165.000	0.1327E+01	0.4441E+00	0.2519E+00	0.7648E+00
170.000	0.1007E+01	0.4113E+00	0.5603E+00	0.6802E+00
175.000	0.8137E+00	0.2628E+00	0.8636E+00	0.4242E+00
180.000	0.7488E+00	0.1258E-03	0.1000E+01	0.1011E-03
