0.000	0.4806E+01	0.0000E+00	0.1000E+01	0.0000E+00
5.000	0.4843E+01	-0.4414E-01	0.9743E+00	-0.2206E+00
10.000	0.4953E+01	-0.8698E-01	0.9002E+00	-0.4252E+00
15.000	0.5134E+01	-0.1273E+00	0.7856E+00	-0.6007E+00
20.000	0.5383E+01	-0.1641E+00	0.6417E+00	-0.7382E+00
25.000	0.5696E+01	-0.1965E+00	0.4810E+00	-0.8341E+00
30.000	0.6065E+01	-0.2241E+00	0.3149E+00	-0.8891E+00
35.000	0.6483E+01	-0.2466E+00	0.1528E+00	-0.9074E+00
40.000	0.6938E+01	-0.2639E+00	0.1540E-02	-0.8949E+00
45.000	0.7416E+01	-0.2763E+00	-0.1347E+00	-0.8580E+00
50.000	0.7902E+01	-0.2840E+00	-0.2539E+00	-0.8030E+00
55.000	0.8376E+01	-0.2873E+00	-0.3554E+00	-0.7355E+00
60.000	0.8821E+01	-0.2868E+00	-0.4398E+00	-0.6599E+00
65.000	0.9217E+01	-0.2827E+00	-0.5084E+00	-0.5798E+00
70.000	0.9543E+01	-0.2756E+00	-0.5626E+00	-0.4979E+00
75.000	0.9783E+01	-0.2657E+00	-0.6040E+00	-0.4161E+00
80.000	0.9921E+01	-0.2532E+00	-0.6342E+00	-0.3358E+00
85.000	0.9945E+01	-0.2385E+00	-0.6547E+00	-0.2577E+00
90.000	0.9846E+01	-0.2216E+00	-0.6667E+00	-0.1825E+00
95.000	0.9623E+01	-0.2026E+00	-0.6713E+00	-0.1104E+00
100.000	0.9277E+01	-0.1815E+00	-0.6695E+00	-0.4154E-01
105.000	0.8815E+01	-0.1582E+00	-0.6621E+00	0.2426E-01
110.000	0.8250E+01	-0.1326E+00	-0.6495E+00	0.8720E-01
115.000	0.7597E+01	-0.1042E+00	-0.6322E+00	0.1477E+00
120.000	0.6876E+01	-0.7289E-01	-0.6104E+00	0.2061E+00
125.000	0.6110E+01	-0.3805E-01	-0.5837E+00	0.2633E+00
130.000	0.5321E+01	0.8912E-03	-0.5519E+00	0.3200E+00
135.000	0.4534E+01	0.4464E-01	-0.5137E+00	0.3774E+00
140.000	0.3771E+01	0.9402E-01	-0.4672E+00	0.4367E+00
145.000	0.3053E+01	0.1499E+00	-0.4089E+00	0.4993E+00
150.000	0.2397E+01	0.2128E+00	-0.3328E+00	0.5666E+00
155.000	0.1820E+01	0.2824E+00	-0.2287E+00	0.6380E+00
160.000	0.1333E+01	0.3543E+00	-0.7914E-01	0.7079E+00
165.000	0.9459E+00	0.4139E+00	0.1416E+00	0.7553E+00
170.000	0.6649E+00	0.4200E+00	0.4562E+00	0.7197E+00
175.000	0.4947E+00	0.2936E+00	0.8171E+00	0.4848E+00
180.000	0.4376E+00	0.1586E-03	0.1000E+01	0.1279E-03
