0.000	0.7228E+01	0.0000E+00	0.1000E+01	0.0000E+00
5.000	0.7301E+01	-0.5624E-01	0.9700E+00	-0.2363E+00
10.000	0.7520E+01	-0.1087E+00	0.8844E+00	-0.4523E+00
15.000	0.7877E+01	-0.1542E+00	0.7547E+00	-0.6323E+00
20.000	0.8363E+01	-0.1911E+00	0.5963E+00	-0.7675E+00
25.000	0.8963E+01	-0.2188E+00	0.4245E+00	-0.8564E+00
30.000	0.9661E+01	-0.2376E+00	0.2523E+00	-0.9025E+00
35.000	0.1043E+02	-0.2486E+00	0.8866E-01	-0.9123E+00
40.000	0.1126E+02	-0.2528E+00	-0.6089E-01	-0.8935E+00
45.000	0.1210E+02	-0.2515E+00	-0.1936E+00	-0.8531E+00
50.000	0.1294E+02	-0.2456E+00	-0.3089E+00	-0.7973E+00
55.000	0.1375E+02	-0.2360E+00	-0.4072E+00	-0.7308E+00
60.000	0.1449E+02	-0.2232E+00	-0.4897E+00	-0.6576E+00
65.000	0.1513E+02	-0.2078E+00	-0.5578E+00	-0.5803E+00
70.000	0.1565E+02	-0.1902E+00	-0.6132E+00	-0.5009E+00
75.000	0.1603E+02	-0.1704E+00	-0.6572E+00	-0.4207E+00
80.000	0.1624E+02	-0.1487E+00	-0.6910E+00	-0.3405E+00
85.000	0.1628E+02	-0.1250E+00	-0.7157E+00	-0.2610E+00
90.000	0.1614E+02	-0.9942E-01	-0.7323E+00	-0.1824E+00
95.000	0.1581E+02	-0.7174E-01	-0.7412E+00	-0.1046E+00
100.000	0.1530E+02	-0.4185E-01	-0.7430E+00	-0.2777E-01
105.000	0.1462E+02	-0.9555E-02	-0.7378E+00	0.4846E-01
110.000	0.1379E+02	0.2536E-01	-0.7256E+00	0.1243E+00
115.000	0.1284E+02	0.6313E-01	-0.7058E+00	0.2002E+00
120.000	0.1178E+02	0.1040E+00	-0.6778E+00	0.2764E+00
125.000	0.1066E+02	0.1481E+00	-0.6401E+00	0.3534E+00
130.000	0.9498E+01	0.1955E+00	-0.5909E+00	0.4312E+00
135.000	0.8332E+01	0.2460E+00	-0.5272E+00	0.5097E+00
140.000	0.7194E+01	0.2988E+00	-0.4450E+00	0.5879E+00
145.000	0.6115E+01	0.3522E+00	-0.3390E+00	0.6632E+00
150.000	0.5122E+01	0.4025E+00	-0.2025E+00	0.7305E+00
155.000	0.4241E+01	0.4428E+00	-0.2817E-01	0.7795E+00
160.000	0.3493E+01	0.4616E+00	0.1886E+00	0.7925E+00
165.000	0.2894E+01	0.4408E+00	0.4426E+00	0.7423E+00
170.000	0.2456E+01	0.3593E+00	0.7058E+00	0.5969E+00
175.000	0.2191E+01	0.2060E+00	0.9171E+00	0.3394E+00
180.000	0.2101E+01	0.8056E-04	0.1000E+01	0.6888E-04
