0.000	0.1251E+01	0.0000E+00	0.1000E+01	0.0000E+00
5.000	0.1261E+01	0.2545E-01	0.9727E+00	-0.2308E+00
10.000	0.1291E+01	0.5018E-01	0.8939E+00	-0.4451E+00
15.000	0.1338E+01	0.7366E-01	0.7724E+00	-0.6295E+00
20.000	0.1403E+01	0.9563E-01	0.6200E+00	-0.7756E+00
25.000	0.1481E+01	0.1161E+00	0.4492E+00	-0.8803E+00
30.000	0.1571E+01	0.1354E+00	0.2710E+00	-0.9442E+00
35.000	0.1670E+01	0.1538E+00	0.9393E-01	-0.9710E+00
40.000	0.1774E+01	0.1717E+00	-0.7574E-01	-0.9653E+00
45.000	0.1880E+01	0.1895E+00	-0.2339E+00	-0.9317E+00
50.000	0.1987E+01	0.2074E+00	-0.3779E+00	-0.8748E+00
55.000	0.2092E+01	0.2255E+00	-0.5062E+00	-0.7985E+00
60.000	0.2192E+01	0.2440E+00	-0.6176E+00	-0.7061E+00
65.000	0.2285E+01	0.2628E+00	-0.7113E+00	-0.6005E+00
70.000	0.2371E+01	0.2818E+00	-0.7869E+00	-0.4845E+00
75.000	0.2448E+01	0.3007E+00	-0.8439E+00	-0.3602E+00
80.000	0.2515E+01	0.3194E+00	-0.8818E+00	-0.2301E+00
85.000	0.2570E+01	0.3376E+00	-0.9005E+00	-0.9641E-01
90.000	0.2614E+01	0.3550E+00	-0.8996E+00	0.3877E-01
95.000	0.2646E+01	0.3711E+00	-0.8791E+00	0.1732E+00
100.000	0.2666E+01	0.3857E+00	-0.8389E+00	0.3045E+00
105.000	0.2673E+01	0.3981E+00	-0.7790E+00	0.4303E+00
110.000	0.2670E+01	0.4080E+00	-0.6998E+00	0.5479E+00
115.000	0.2656E+01	0.4148E+00	-0.6018E+00	0.6547E+00
120.000	0.2634E+01	0.4177E+00	-0.4859E+00	0.7474E+00
125.000	0.2604E+01	0.4161E+00	-0.3537E+00	0.8229E+00
130.000	0.2570E+01	0.4093E+00	-0.2072E+00	0.8779E+00
135.000	0.2532E+01	0.3966E+00	-0.4980E-01	0.9092E+00
140.000	0.2494E+01	0.3774E+00	0.1146E+00	0.9139E+00
145.000	0.2456E+01	0.3513E+00	0.2810E+00	0.8898E+00
150.000	0.2420E+01	0.3181E+00	0.4435E+00	0.8359E+00
155.000	0.2389E+01	0.2779E+00	0.5959E+00	0.7523E+00
160.000	0.2362E+01	0.2312E+00	0.7316E+00	0.6408E+00
165.000	0.2340E+01	0.1789E+00	0.8446E+00	0.5045E+00
170.000	0.2324E+01	0.1219E+00	0.9295E+00	0.3481E+00
175.000	0.2315E+01	0.6180E-01	0.9821E+00	0.1777E+00
180.000	0.2311E+01	0.1037E-04	0.1000E+01	0.2099E-04
