0.000	0.1390E-01	0.0000E+00	0.1000E+01	0.0000E+00
5.000	0.1395E-01	0.1825E-01	0.9758E+00	-0.2178E+00
10.000	0.1408E-01	0.3605E-01	0.9048E+00	-0.4241E+00
15.000	0.1430E-01	0.5297E-01	0.7913E+00	-0.6084E+00
20.000	0.1461E-01	0.6864E-01	0.6424E+00	-0.7616E+00
25.000	0.1502E-01	0.8274E-01	0.4666E+00	-0.8773E+00
30.000	0.1550E-01	0.9507E-01	0.2738E+00	-0.9514E+00
35.000	0.1608E-01	0.1055E+00	0.7401E-01	-0.9827E+00
40.000	0.1674E-01	0.1140E+00	-0.1235E+00	-0.9724E+00
45.000	0.1747E-01	0.1206E+00	-0.3105E+00	-0.9237E+00
50.000	0.1828E-01	0.1255E+00	-0.4801E+00	-0.8414E+00
55.000	0.1914E-01	0.1288E+00	-0.6274E+00	-0.7310E+00
60.000	0.2006E-01	0.1306E+00	-0.7489E+00	-0.5985E+00
65.000	0.2101E-01	0.1311E+00	-0.8424E+00	-0.4498E+00
70.000	0.2199E-01	0.1305E+00	-0.9072E+00	-0.2905E+00
75.000	0.2300E-01	0.1291E+00	-0.9431E+00	-0.1259E+00
80.000	0.2401E-01	0.1267E+00	-0.9509E+00	0.3928E-01
85.000	0.2502E-01	0.1237E+00	-0.9318E+00	0.2008E+00
90.000	0.2602E-01	0.1201E+00	-0.8875E+00	0.3547E+00
95.000	0.2700E-01	0.1159E+00	-0.8200E+00	0.4976E+00
100.000	0.2797E-01	0.1113E+00	-0.7317E+00	0.6265E+00
105.000	0.2891E-01	0.1062E+00	-0.6253E+00	0.7386E+00
110.000	0.2982E-01	0.1007E+00	-0.5036E+00	0.8318E+00
115.000	0.3070E-01	0.9486E-01	-0.3699E+00	0.9042E+00
120.000	0.3153E-01	0.8871E-01	-0.2275E+00	0.9546E+00
125.000	0.3232E-01	0.8228E-01	-0.7971E-01	0.9820E+00
130.000	0.3306E-01	0.7560E-01	0.6990E-01	0.9863E+00
135.000	0.3374E-01	0.6870E-01	0.2179E+00	0.9675E+00
140.000	0.3435E-01	0.6159E-01	0.3611E+00	0.9263E+00
145.000	0.3490E-01	0.5431E-01	0.4962E+00	0.8637E+00
150.000	0.3537E-01	0.4687E-01	0.6202E+00	0.7812E+00
155.000	0.3577E-01	0.3929E-01	0.7304E+00	0.6808E+00
160.000	0.3610E-01	0.3159E-01	0.8243E+00	0.5647E+00
165.000	0.3635E-01	0.2379E-01	0.8998E+00	0.4354E+00
170.000	0.3653E-01	0.1591E-01	0.9550E+00	0.2961E+00
175.000	0.3664E-01	0.7968E-02	0.9887E+00	0.1498E+00
180.000	0.3667E-01	0.7371E-06	0.1000E+01	0.1405E-04
