0.000	0.8120E+01	0.0000E+00	0.1000E+01	0.0000E+00
5.000	0.8185E+01	-0.2257E-01	0.9728E+00	-0.2303E+00
10.000	0.8379E+01	-0.4598E-01	0.8944E+00	-0.4436E+00
15.000	0.8702E+01	-0.7058E-01	0.7734E+00	-0.6258E+00
20.000	0.9151E+01	-0.9596E-01	0.6219E+00	-0.7676E+00
25.000	0.9722E+01	-0.1210E+00	0.4536E+00	-0.8654E+00
30.000	0.1041E+02	-0.1441E+00	0.2809E+00	-0.9203E+00
35.000	0.1119E+02	-0.1637E+00	0.1139E+00	-0.9373E+00
40.000	0.1205E+02	-0.1784E+00	-0.4054E-01	-0.9234E+00
45.000	0.1297E+02	-0.1874E+00	-0.1785E+00	-0.8858E+00
50.000	0.1392E+02	-0.1904E+00	-0.2985E+00	-0.8313E+00
55.000	0.1485E+02	-0.1874E+00	-0.4009E+00	-0.7655E+00
60.000	0.1573E+02	-0.1790E+00	-0.4869E+00	-0.6927E+00
65.000	0.1653E+02	-0.1658E+00	-0.5582E+00	-0.6161E+00
70.000	0.1721E+02	-0.1487E+00	-0.6167E+00	-0.5374E+00
75.000	0.1773E+02	-0.1283E+00	-0.6642E+00	-0.4580E+00
80.000	0.1807E+02	-0.1054E+00	-0.7020E+00	-0.3783E+00
85.000	0.1821E+02	-0.8053E-01	-0.7312E+00	-0.2985E+00
90.000	0.1814E+02	-0.5403E-01	-0.7525E+00	-0.2184E+00
95.000	0.1786E+02	-0.2614E-01	-0.7664E+00	-0.1380E+00
100.000	0.1738E+02	0.3133E-02	-0.7729E+00	-0.5684E-01
105.000	0.1671E+02	0.3392E-01	-0.7719E+00	0.2520E-01
110.000	0.1586E+02	0.6651E-01	-0.7627E+00	0.1083E+00
115.000	0.1488E+02	0.1013E+00	-0.7446E+00	0.1926E+00
120.000	0.1378E+02	0.1388E+00	-0.7163E+00	0.2780E+00
125.000	0.1259E+02	0.1794E+00	-0.6763E+00	0.3643E+00
130.000	0.1135E+02	0.2233E+00	-0.6223E+00	0.4510E+00
135.000	0.1009E+02	0.2705E+00	-0.5513E+00	0.5370E+00
140.000	0.8841E+01	0.3201E+00	-0.4593E+00	0.6205E+00
145.000	0.7643E+01	0.3700E+00	-0.3413E+00	0.6978E+00
150.000	0.6526E+01	0.4161E+00	-0.1914E+00	0.7625E+00
155.000	0.5521E+01	0.4508E+00	-0.4388E-02	0.8035E+00
160.000	0.4657E+01	0.4621E+00	0.2212E+00	0.8032E+00
165.000	0.3958E+01	0.4332E+00	0.4757E+00	0.7373E+00
170.000	0.3443E+01	0.3466E+00	0.7289E+00	0.5806E+00
175.000	0.3129E+01	0.1957E+00	0.9249E+00	0.3247E+00
180.000	0.3023E+01	0.7026E-04	0.1000E+01	0.6684E-04
