0.000	0.6878E+01	0.0000E+00	0.1000E+01	0.0000E+00
5.000	0.6955E+01	-0.2277E-01	0.9668E+00	-0.2545E+00
10.000	0.7183E+01	-0.4275E-01	0.8722E+00	-0.4863E+00
15.000	0.7556E+01	-0.5782E-01	0.7298E+00	-0.6778E+00
20.000	0.8062E+01	-0.6686E-01	0.5572E+00	-0.8203E+00
25.000	0.8685E+01	-0.6973E-01	0.3715E+00	-0.9126E+00
30.000	0.9408E+01	-0.6695E-01	0.1862E+00	-0.9594E+00
35.000	0.1021E+02	-0.5939E-01	0.1063E-01	-0.9682E+00
40.000	0.1106E+02	-0.4796E-01	-0.1500E+00	-0.9468E+00
45.000	0.1193E+02	-0.3346E-01	-0.2932E+00	-0.9026E+00
50.000	0.1281E+02	-0.1653E-01	-0.4186E+00	-0.8415E+00
55.000	0.1366E+02	0.2351E-02	-0.5268E+00	-0.7680E+00
60.000	0.1445E+02	0.2286E-01	-0.6190E+00	-0.6855E+00
65.000	0.1518E+02	0.4477E-01	-0.6962E+00	-0.5963E+00
70.000	0.1580E+02	0.6794E-01	-0.7595E+00	-0.5021E+00
75.000	0.1632E+02	0.9226E-01	-0.8099E+00	-0.4039E+00
80.000	0.1671E+02	0.1177E+00	-0.8479E+00	-0.3026E+00
85.000	0.1697E+02	0.1440E+00	-0.8737E+00	-0.1986E+00
90.000	0.1708E+02	0.1712E+00	-0.8873E+00	-0.9229E-01
95.000	0.1706E+02	0.1992E+00	-0.8884E+00	0.1579E-01
100.000	0.1690E+02	0.2276E+00	-0.8764E+00	0.1252E+00
105.000	0.1661E+02	0.2561E+00	-0.8504E+00	0.2351E+00
110.000	0.1620E+02	0.2845E+00	-0.8093E+00	0.3446E+00
115.000	0.1569E+02	0.3120E+00	-0.7518E+00	0.4523E+00
120.000	0.1509E+02	0.3381E+00	-0.6765E+00	0.5561E+00
125.000	0.1442E+02	0.3616E+00	-0.5821E+00	0.6536E+00
130.000	0.1370E+02	0.3815E+00	-0.4674E+00	0.7411E+00
135.000	0.1295E+02	0.3960E+00	-0.3319E+00	0.8143E+00
140.000	0.1221E+02	0.4033E+00	-0.1760E+00	0.8677E+00
145.000	0.1148E+02	0.4012E+00	-0.1831E-02	0.8950E+00
150.000	0.1080E+02	0.3873E+00	0.1861E+00	0.8892E+00
155.000	0.1019E+02	0.3592E+00	0.3803E+00	0.8439E+00
160.000	0.9655E+01	0.3154E+00	0.5699E+00	0.7543E+00
165.000	0.9224E+01	0.2553E+00	0.7414E+00	0.6187E+00
170.000	0.8906E+01	0.1801E+00	0.8791E+00	0.4406E+00
175.000	0.8712E+01	0.9330E-01	0.9688E+00	0.2295E+00
180.000	0.8647E+01	0.2170E-04	0.1000E+01	0.3335E-04
