0.000	0.8455E+01	0.0000E+00	0.1000E+01	0.0000E+00
5.000	0.8556E+01	-0.2413E-01	0.9663E+00	-0.2561E+00
10.000	0.8855E+01	-0.4622E-01	0.8708E+00	-0.4880E+00
15.000	0.9338E+01	-0.6465E-01	0.7282E+00	-0.6779E+00
20.000	0.9985E+01	-0.7842E-01	0.5566E+00	-0.8175E+00
25.000	0.1077E+02	-0.8712E-01	0.3732E+00	-0.9068E+00
30.000	0.1166E+02	-0.9074E-01	0.1909E+00	-0.9513E+00
35.000	0.1263E+02	-0.8946E-01	0.1826E-01	-0.9588E+00
40.000	0.1363E+02	-0.8356E-01	-0.1402E+00	-0.9370E+00
45.000	0.1465E+02	-0.7331E-01	-0.2825E+00	-0.8927E+00
50.000	0.1564E+02	-0.5903E-01	-0.4081E+00	-0.8314E+00
55.000	0.1658E+02	-0.4102E-01	-0.5172E+00	-0.7570E+00
60.000	0.1745E+02	-0.1963E-01	-0.6105E+00	-0.6726E+00
65.000	0.1822E+02	0.4724E-02	-0.6886E+00	-0.5808E+00
70.000	0.1888E+02	0.3162E-01	-0.7521E+00	-0.4831E+00
75.000	0.1941E+02	0.6060E-01	-0.8014E+00	-0.3811E+00
80.000	0.1980E+02	0.9119E-01	-0.8371E+00	-0.2760E+00
85.000	0.2005E+02	0.1230E+00	-0.8592E+00	-0.1687E+00
90.000	0.2013E+02	0.1555E+00	-0.8681E+00	-0.6006E-01
95.000	0.2006E+02	0.1885E+00	-0.8636E+00	0.4909E-01
100.000	0.1983E+02	0.2216E+00	-0.8457E+00	0.1580E+00
105.000	0.1945E+02	0.2545E+00	-0.8137E+00	0.2660E+00
110.000	0.1893E+02	0.2869E+00	-0.7671E+00	0.3719E+00
115.000	0.1829E+02	0.3184E+00	-0.7048E+00	0.4747E+00
120.000	0.1754E+02	0.3482E+00	-0.6258E+00	0.5725E+00
125.000	0.1672E+02	0.3756E+00	-0.5288E+00	0.6630E+00
130.000	0.1584E+02	0.3992E+00	-0.4129E+00	0.7429E+00
135.000	0.1495E+02	0.4173E+00	-0.2775E+00	0.8082E+00
140.000	0.1406E+02	0.4277E+00	-0.1232E+00	0.8536E+00
145.000	0.1322E+02	0.4278E+00	0.4759E-01	0.8732E+00
150.000	0.1243E+02	0.4148E+00	0.2302E+00	0.8609E+00
155.000	0.1174E+02	0.3860E+00	0.4171E+00	0.8111E+00
160.000	0.1114E+02	0.3396E+00	0.5978E+00	0.7199E+00
165.000	0.1067E+02	0.2752E+00	0.7594E+00	0.5868E+00
170.000	0.1032E+02	0.1942E+00	0.8880E+00	0.4159E+00
175.000	0.1011E+02	0.1006E+00	0.9712E+00	0.2159E+00
180.000	0.1004E+02	0.2431E-04	0.1000E+01	0.3191E-04
