0.000	0.6080E+01	0.0000E+00	0.1000E+01	0.0000E+00
5.000	0.6136E+01	-0.5275E-01	0.9716E+00	-0.2303E+00
10.000	0.6302E+01	-0.1026E+00	0.8903E+00	-0.4420E+00
15.000	0.6575E+01	-0.1472E+00	0.7662E+00	-0.6203E+00
20.000	0.6948E+01	-0.1848E+00	0.6131E+00	-0.7564E+00
25.000	0.7411E+01	-0.2149E+00	0.4454E+00	-0.8478E+00
30.000	0.7951E+01	-0.2374E+00	0.2754E+00	-0.8971E+00
35.000	0.8554E+01	-0.2528E+00	0.1124E+00	-0.9099E+00
40.000	0.9200E+01	-0.2619E+00	-0.3770E-01	-0.8933E+00
45.000	0.9870E+01	-0.2654E+00	-0.1715E+00	-0.8542E+00
50.000	0.1054E+02	-0.2642E+00	-0.2879E+00	-0.7987E+00
55.000	0.1118E+02	-0.2590E+00	-0.3871E+00	-0.7321E+00
60.000	0.1178E+02	-0.2504E+00	-0.4701E+00	-0.6583E+00
65.000	0.1230E+02	-0.2388E+00	-0.5382E+00	-0.5803E+00
70.000	0.1272E+02	-0.2247E+00	-0.5931E+00	-0.5005E+00
75.000	0.1303E+02	-0.2083E+00	-0.6361E+00	-0.4202E+00
80.000	0.1320E+02	-0.1898E+00	-0.6686E+00	-0.3405E+00
85.000	0.1323E+02	-0.1692E+00	-0.6920E+00	-0.2621E+00
90.000	0.1310E+02	-0.1466E+00	-0.7071E+00	-0.1853E+00
95.000	0.1281E+02	-0.1220E+00	-0.7148E+00	-0.1103E+00
100.000	0.1237E+02	-0.9522E-01	-0.7158E+00	-0.3688E-01
105.000	0.1179E+02	-0.6607E-01	-0.7104E+00	0.3500E-01
110.000	0.1108E+02	-0.3431E-01	-0.6989E+00	0.1057E+00
115.000	0.1027E+02	0.3616E-03	-0.6811E+00	0.1755E+00
120.000	0.9366E+01	0.3830E-01	-0.6567E+00	0.2451E+00
125.000	0.8407E+01	0.7990E-01	-0.6248E+00	0.3149E+00
130.000	0.7418E+01	0.1255E+00	-0.5839E+00	0.3855E+00
135.000	0.6428E+01	0.1755E+00	-0.5318E+00	0.4574E+00
140.000	0.5465E+01	0.2298E+00	-0.4649E+00	0.5307E+00
145.000	0.4553E+01	0.2877E+00	-0.3780E+00	0.6047E+00
150.000	0.3718E+01	0.3472E+00	-0.2638E+00	0.6764E+00
155.000	0.2979E+01	0.4033E+00	-0.1120E+00	0.7389E+00
160.000	0.2353E+01	0.4452E+00	0.8849E-01	0.7766E+00
165.000	0.1854E+01	0.4520E+00	0.3435E+00	0.7597E+00
170.000	0.1490E+01	0.3921E+00	0.6349E+00	0.6417E+00
175.000	0.1270E+01	0.2363E+00	0.8925E+00	0.3807E+00
180.000	0.1196E+01	0.1028E-03	0.1000E+01	0.8386E-04
