0.000	0.6338E+01	0.0000E+00	0.1000E+01	0.0000E+00
5.000	0.6398E+01	-0.5385E-01	0.9712E+00	-0.2318E+00
10.000	0.6577E+01	-0.1045E+00	0.8888E+00	-0.4446E+00
15.000	0.6869E+01	-0.1495E+00	0.7633E+00	-0.6233E+00
20.000	0.7268E+01	-0.1870E+00	0.6088E+00	-0.7592E+00
25.000	0.7763E+01	-0.2165E+00	0.4401E+00	-0.8499E+00
30.000	0.8340E+01	-0.2380E+00	0.2695E+00	-0.8984E+00
35.000	0.8982E+01	-0.2523E+00	0.1063E+00	-0.9105E+00
40.000	0.9669E+01	-0.2600E+00	-0.4355E-01	-0.8933E+00
45.000	0.1038E+02	-0.2623E+00	-0.1771E+00	-0.8538E+00
50.000	0.1109E+02	-0.2599E+00	-0.2932E+00	-0.7983E+00
55.000	0.1177E+02	-0.2535E+00	-0.3921E+00	-0.7317E+00
60.000	0.1239E+02	-0.2438E+00	-0.4749E+00	-0.6581E+00
65.000	0.1294E+02	-0.2313E+00	-0.5430E+00	-0.5804E+00
70.000	0.1339E+02	-0.2162E+00	-0.5980E+00	-0.5006E+00
75.000	0.1371E+02	-0.1989E+00	-0.6412E+00	-0.4204E+00
80.000	0.1389E+02	-0.1796E+00	-0.6741E+00	-0.3406E+00
85.000	0.1392E+02	-0.1582E+00	-0.6978E+00	-0.2619E+00
90.000	0.1378E+02	-0.1347E+00	-0.7133E+00	-0.1847E+00
95.000	0.1349E+02	-0.1093E+00	-0.7214E+00	-0.1090E+00
100.000	0.1303E+02	-0.8159E-01	-0.7227E+00	-0.3482E-01
105.000	0.1243E+02	-0.5155E-01	-0.7175E+00	0.3808E-01
110.000	0.1169E+02	-0.1888E-01	-0.7059E+00	0.1100E+00
115.000	0.1084E+02	0.1669E-01	-0.6878E+00	0.1813E+00
120.000	0.9905E+01	0.5548E-01	-0.6627E+00	0.2525E+00
125.000	0.8907E+01	0.9785E-01	-0.6295E+00	0.3241E+00
130.000	0.7878E+01	0.1441E+00	-0.5867E+00	0.3966E+00
135.000	0.6846E+01	0.1943E+00	-0.5318E+00	0.4704E+00
140.000	0.5841E+01	0.2485E+00	-0.4611E+00	0.5453E+00
145.000	0.4891E+01	0.3055E+00	-0.3693E+00	0.6200E+00
150.000	0.4019E+01	0.3629E+00	-0.2490E+00	0.6912E+00
155.000	0.3248E+01	0.4151E+00	-0.9082E-01	0.7508E+00
160.000	0.2594E+01	0.4509E+00	0.1149E+00	0.7824E+00
165.000	0.2072E+01	0.4499E+00	0.3709E+00	0.7565E+00
170.000	0.1692E+01	0.3833E+00	0.6554E+00	0.6301E+00
175.000	0.1461E+01	0.2276E+00	0.8998E+00	0.3691E+00
180.000	0.1383E+01	0.9639E-04	0.1000E+01	0.7957E-04
