0.000	0.4053E+01	0.0000E+00	0.1000E+01	0.0000E+00
5.000	0.4094E+01	-0.9077E-02	0.9680E+00	-0.2508E+00
10.000	0.4218E+01	-0.1643E-01	0.8765E+00	-0.4804E+00
15.000	0.4420E+01	-0.2071E-01	0.7378E+00	-0.6723E+00
20.000	0.4695E+01	-0.2118E-01	0.5681E+00	-0.8175E+00
25.000	0.5034E+01	-0.1766E-01	0.3835E+00	-0.9140E+00
30.000	0.5428E+01	-0.1043E-01	0.1973E+00	-0.9655E+00
35.000	0.5864E+01	0.5308E-04	0.1897E-01	-0.9784E+00
40.000	0.6332E+01	0.1324E-01	-0.1457E+00	-0.9602E+00
45.000	0.6815E+01	0.2864E-01	-0.2939E+00	-0.9176E+00
50.000	0.7302E+01	0.4585E-01	-0.4245E+00	-0.8566E+00
55.000	0.7778E+01	0.6459E-01	-0.5378E+00	-0.7816E+00
60.000	0.8229E+01	0.8464E-01	-0.6345E+00	-0.6963E+00
65.000	0.8643E+01	0.1058E+00	-0.7155E+00	-0.6030E+00
70.000	0.9011E+01	0.1281E+00	-0.7818E+00	-0.5036E+00
75.000	0.9322E+01	0.1512E+00	-0.8338E+00	-0.3995E+00
80.000	0.9569E+01	0.1752E+00	-0.8722E+00	-0.2914E+00
85.000	0.9747E+01	0.1998E+00	-0.8970E+00	-0.1803E+00
90.000	0.9854E+01	0.2249E+00	-0.9080E+00	-0.6671E-01
95.000	0.9888E+01	0.2503E+00	-0.9049E+00	0.4849E-01
100.000	0.9851E+01	0.2756E+00	-0.8871E+00	0.1644E+00
105.000	0.9746E+01	0.3005E+00	-0.8537E+00	0.2801E+00
110.000	0.9577E+01	0.3244E+00	-0.8037E+00	0.3939E+00
115.000	0.9351E+01	0.3468E+00	-0.7360E+00	0.5041E+00
120.000	0.9077E+01	0.3669E+00	-0.6498E+00	0.6083E+00
125.000	0.8765E+01	0.3837E+00	-0.5441E+00	0.7034E+00
130.000	0.8425E+01	0.3960E+00	-0.4186E+00	0.7857E+00
135.000	0.8069E+01	0.4024E+00	-0.2738E+00	0.8505E+00
140.000	0.7710E+01	0.4013E+00	-0.1114E+00	0.8928E+00
145.000	0.7359E+01	0.3911E+00	0.6527E-01	0.9069E+00
150.000	0.7028E+01	0.3700E+00	0.2508E+00	0.8873E+00
155.000	0.6727E+01	0.3368E+00	0.4373E+00	0.8296E+00
160.000	0.6468E+01	0.2907E+00	0.6146E+00	0.7311E+00
165.000	0.6257E+01	0.2318E+00	0.7709E+00	0.5923E+00
170.000	0.6102E+01	0.1617E+00	0.8939E+00	0.4178E+00
175.000	0.6006E+01	0.8315E-01	0.9728E+00	0.2162E+00
180.000	0.5974E+01	0.1754E-04	0.1000E+01	0.2944E-04
