0.000	0.6830E+01	0.0000E+00	0.1000E+01	0.0000E+00
5.000	0.6871E+01	-0.1511E-01	0.9758E+00	-0.2180E+00
10.000	0.6997E+01	-0.3212E-01	0.9054E+00	-0.4222E+00
15.000	0.7210E+01	-0.5230E-01	0.7949E+00	-0.6007E+00
20.000	0.7511E+01	-0.7583E-01	0.6538E+00	-0.7443E+00
25.000	0.7903E+01	-0.1018E+00	0.4933E+00	-0.8480E+00
30.000	0.8383E+01	-0.1282E+00	0.3248E+00	-0.9109E+00
35.000	0.8947E+01	-0.1529E+00	0.1586E+00	-0.9362E+00
40.000	0.9583E+01	-0.1739E+00	0.2490E-02	-0.9292E+00
45.000	0.1027E+02	-0.1895E+00	-0.1386E+00	-0.8968E+00
50.000	0.1100E+02	-0.1990E+00	-0.2621E+00	-0.8458E+00
55.000	0.1173E+02	-0.2021E+00	-0.3679E+00	-0.7823E+00
60.000	0.1243E+02	-0.1992E+00	-0.4567E+00	-0.7109E+00
65.000	0.1307E+02	-0.1911E+00	-0.5305E+00	-0.6352E+00
70.000	0.1361E+02	-0.1784E+00	-0.5910E+00	-0.5575E+00
75.000	0.1404E+02	-0.1622E+00	-0.6402E+00	-0.4791E+00
80.000	0.1432E+02	-0.1431E+00	-0.6797E+00	-0.4006E+00
85.000	0.1443E+02	-0.1219E+00	-0.7107E+00	-0.3223E+00
90.000	0.1438E+02	-0.9887E-01	-0.7341E+00	-0.2441E+00
95.000	0.1415E+02	-0.7433E-01	-0.7503E+00	-0.1656E+00
100.000	0.1375E+02	-0.4832E-01	-0.7596E+00	-0.8669E-01
105.000	0.1319E+02	-0.2069E-01	-0.7619E+00	-0.7012E-02
110.000	0.1249E+02	0.8901E-02	-0.7567E+00	0.7360E-01
115.000	0.1167E+02	0.4092E-01	-0.7434E+00	0.1553E+00
120.000	0.1076E+02	0.7594E-01	-0.7212E+00	0.2380E+00
125.000	0.9775E+01	0.1146E+00	-0.6885E+00	0.3219E+00
130.000	0.8748E+01	0.1574E+00	-0.6435E+00	0.4067E+00
135.000	0.7706E+01	0.2047E+00	-0.5835E+00	0.4920E+00
140.000	0.6677E+01	0.2563E+00	-0.5046E+00	0.5767E+00
145.000	0.5688E+01	0.3109E+00	-0.4015E+00	0.6586E+00
150.000	0.4765E+01	0.3656E+00	-0.2670E+00	0.7328E+00
155.000	0.3936E+01	0.4139E+00	-0.9280E-01	0.7898E+00
160.000	0.3222E+01	0.4437E+00	0.1278E+00	0.8119E+00
165.000	0.2644E+01	0.4355E+00	0.3926E+00	0.7703E+00
170.000	0.2219E+01	0.3639E+00	0.6747E+00	0.6278E+00
175.000	0.1959E+01	0.2124E+00	0.9072E+00	0.3610E+00
180.000	0.1872E+01	0.8414E-04	0.1000E+01	0.8065E-04
