0.000	0.1187E+02	0.0000E+00	0.1000E+01	0.0000E+00
5.000	0.1201E+02	-0.3229E-01	0.9675E+00	-0.2506E+00
10.000	0.1241E+02	-0.6321E-01	0.8751E+00	-0.4782E+00
15.000	0.1306E+02	-0.9147E-01	0.7362E+00	-0.6654E+00
20.000	0.1395E+02	-0.1160E+00	0.5683E+00	-0.8032E+00
25.000	0.1504E+02	-0.1359E+00	0.3882E+00	-0.8909E+00
30.000	0.1631E+02	-0.1507E+00	0.2095E+00	-0.9336E+00
35.000	0.1771E+02	-0.1599E+00	0.4118E-01	-0.9391E+00
40.000	0.1921E+02	-0.1635E+00	-0.1116E+00	-0.9157E+00
45.000	0.2075E+02	-0.1615E+00	-0.2467E+00	-0.8711E+00
50.000	0.2228E+02	-0.1541E+00	-0.3638E+00	-0.8114E+00
55.000	0.2375E+02	-0.1417E+00	-0.4639E+00	-0.7414E+00
60.000	0.2512E+02	-0.1250E+00	-0.5481E+00	-0.6647E+00
65.000	0.2634E+02	-0.1043E+00	-0.6182E+00	-0.5836E+00
70.000	0.2736E+02	-0.8045E-01	-0.6755E+00	-0.4997E+00
75.000	0.2815E+02	-0.5390E-01	-0.7212E+00	-0.4142E+00
80.000	0.2867E+02	-0.2522E-01	-0.7565E+00	-0.3275E+00
85.000	0.2892E+02	0.5133E-02	-0.7820E+00	-0.2401E+00
90.000	0.2887E+02	0.3682E-01	-0.7982E+00	-0.1519E+00
95.000	0.2852E+02	0.6963E-01	-0.8054E+00	-0.6303E-01
100.000	0.2789E+02	0.1035E+00	-0.8034E+00	0.2657E-01
105.000	0.2699E+02	0.1383E+00	-0.7919E+00	0.1169E+00
110.000	0.2584E+02	0.1743E+00	-0.7702E+00	0.2079E+00
115.000	0.2448E+02	0.2116E+00	-0.7370E+00	0.2994E+00
120.000	0.2295E+02	0.2501E+00	-0.6911E+00	0.3908E+00
125.000	0.2129E+02	0.2898E+00	-0.6303E+00	0.4813E+00
130.000	0.1954E+02	0.3301E+00	-0.5522E+00	0.5693E+00
135.000	0.1777E+02	0.3699E+00	-0.4540E+00	0.6522E+00
140.000	0.1601E+02	0.4071E+00	-0.3328E+00	0.7261E+00
145.000	0.1433E+02	0.4384E+00	-0.1857E+00	0.7853E+00
150.000	0.1276E+02	0.4588E+00	-0.1150E-01	0.8212E+00
155.000	0.1135E+02	0.4614E+00	0.1880E+00	0.8228E+00
160.000	0.1014E+02	0.4379E+00	0.4050E+00	0.7771E+00
165.000	0.9170E+01	0.3803E+00	0.6231E+00	0.6714E+00
170.000	0.8455E+01	0.2841E+00	0.8160E+00	0.4995E+00
175.000	0.8019E+01	0.1528E+00	0.9511E+00	0.2679E+00
180.000	0.7872E+01	0.4587E-04	0.1000E+01	0.4749E-04
