0.000	0.1004E+02	0.0000E+00	0.1000E+01	0.0000E+00
5.000	0.1015E+02	-0.5627E-01	0.9677E+00	-0.2453E+00
10.000	0.1049E+02	-0.1078E+00	0.8761E+00	-0.4682E+00
15.000	0.1105E+02	-0.1509E+00	0.7386E+00	-0.6514E+00
20.000	0.1180E+02	-0.1837E+00	0.5727E+00	-0.7865E+00
25.000	0.1272E+02	-0.2059E+00	0.3951E+00	-0.8729E+00
30.000	0.1379E+02	-0.2185E+00	0.2191E+00	-0.9155E+00
35.000	0.1497E+02	-0.2228E+00	0.5352E-01	-0.9220E+00
40.000	0.1621E+02	-0.2203E+00	-0.9665E-01	-0.9005E+00
45.000	0.1748E+02	-0.2126E+00	-0.2294E+00	-0.8583E+00
50.000	0.1874E+02	-0.2006E+00	-0.3445E+00	-0.8013E+00
55.000	0.1994E+02	-0.1854E+00	-0.4430E+00	-0.7343E+00
60.000	0.2104E+02	-0.1674E+00	-0.5260E+00	-0.6605E+00
65.000	0.2200E+02	-0.1471E+00	-0.5952E+00	-0.5825E+00
70.000	0.2279E+02	-0.1248E+00	-0.6521E+00	-0.5019E+00
75.000	0.2337E+02	-0.1007E+00	-0.6978E+00	-0.4198E+00
80.000	0.2372E+02	-0.7481E-01	-0.7334E+00	-0.3369E+00
85.000	0.2383E+02	-0.4716E-01	-0.7599E+00	-0.2535E+00
90.000	0.2369E+02	-0.1770E-01	-0.7776E+00	-0.1697E+00
95.000	0.2330E+02	0.1362E-01	-0.7871E+00	-0.8552E-01
100.000	0.2266E+02	0.4691E-01	-0.7882E+00	-0.9103E-03
105.000	0.2180E+02	0.8227E-01	-0.7808E+00	0.8432E-01
110.000	0.2073E+02	0.1198E+00	-0.7643E+00	0.1703E+00
115.000	0.1948E+02	0.1594E+00	-0.7377E+00	0.2572E+00
120.000	0.1810E+02	0.2011E+00	-0.6997E+00	0.3448E+00
125.000	0.1662E+02	0.2447E+00	-0.6483E+00	0.4327E+00
130.000	0.1509E+02	0.2895E+00	-0.5810E+00	0.5201E+00
135.000	0.1354E+02	0.3345E+00	-0.4947E+00	0.6053E+00
140.000	0.1201E+02	0.3778E+00	-0.3857E+00	0.6849E+00
145.000	0.1056E+02	0.4164E+00	-0.2499E+00	0.7540E+00
150.000	0.9221E+01	0.4453E+00	-0.8404E-01	0.8042E+00
155.000	0.8024E+01	0.4577E+00	0.1129E+00	0.8237E+00
160.000	0.7002E+01	0.4441E+00	0.3360E+00	0.7963E+00
165.000	0.6181E+01	0.3941E+00	0.5702E+00	0.7044E+00
170.000	0.5580E+01	0.3001E+00	0.7860E+00	0.5351E+00
175.000	0.5214E+01	0.1636E+00	0.9424E+00	0.2912E+00
180.000	0.5091E+01	0.5436E-04	0.1000E+01	0.5261E-04
