0.000	0.4132E+01	0.0000E+00	0.1000E+01	0.0000E+00
5.000	0.4176E+01	-0.7925E-02	0.9683E+00	-0.2495E+00
10.000	0.4306E+01	-0.1476E-01	0.8781E+00	-0.4773E+00
15.000	0.4516E+01	-0.1959E-01	0.7418E+00	-0.6671E+00
20.000	0.4797E+01	-0.2179E-01	0.5758E+00	-0.8104E+00
25.000	0.5137E+01	-0.2101E-01	0.3955E+00	-0.9061E+00
30.000	0.5523E+01	-0.1710E-01	0.2133E+00	-0.9580E+00
35.000	0.5941E+01	-0.1003E-01	0.3785E-01	-0.9726E+00
40.000	0.6375E+01	0.1524E-03	-0.1259E+00	-0.9564E+00
45.000	0.6814E+01	0.1337E-01	-0.2751E+00	-0.9157E+00
50.000	0.7243E+01	0.2949E-01	-0.4085E+00	-0.8553E+00
55.000	0.7653E+01	0.4835E-01	-0.5259E+00	-0.7793E+00
60.000	0.8035E+01	0.6970E-01	-0.6269E+00	-0.6908E+00
65.000	0.8380E+01	0.9327E-01	-0.7118E+00	-0.5922E+00
70.000	0.8682E+01	0.1187E+00	-0.7806E+00	-0.4858E+00
75.000	0.8937E+01	0.1456E+00	-0.8333E+00	-0.3733E+00
80.000	0.9138E+01	0.1736E+00	-0.8699E+00	-0.2563E+00
85.000	0.9284E+01	0.2022E+00	-0.8904E+00	-0.1365E+00
90.000	0.9370E+01	0.2310E+00	-0.8949E+00	-0.1509E-01
95.000	0.9396E+01	0.2596E+00	-0.8831E+00	0.1064E+00
100.000	0.9362E+01	0.2877E+00	-0.8550E+00	0.2265E+00
105.000	0.9268E+01	0.3146E+00	-0.8101E+00	0.3439E+00
110.000	0.9120E+01	0.3400E+00	-0.7481E+00	0.4568E+00
115.000	0.8923E+01	0.3631E+00	-0.6686E+00	0.5633E+00
120.000	0.8684E+01	0.3833E+00	-0.5711E+00	0.6608E+00
125.000	0.8414E+01	0.3994E+00	-0.4555E+00	0.7463E+00
130.000	0.8124E+01	0.4103E+00	-0.3223E+00	0.8163E+00
135.000	0.7824E+01	0.4146E+00	-0.1728E+00	0.8666E+00
140.000	0.7526E+01	0.4106E+00	-0.9656E-02	0.8928E+00
145.000	0.7241E+01	0.3970E+00	0.1629E+00	0.8905E+00
150.000	0.6979E+01	0.3723E+00	0.3390E+00	0.8559E+00
155.000	0.6745E+01	0.3357E+00	0.5109E+00	0.7867E+00
160.000	0.6548E+01	0.2870E+00	0.6697E+00	0.6825E+00
165.000	0.6391E+01	0.2269E+00	0.8061E+00	0.5455E+00
170.000	0.6277E+01	0.1572E+00	0.9111E+00	0.3808E+00
175.000	0.6208E+01	0.8047E-01	0.9773E+00	0.1957E+00
180.000	0.6185E+01	0.1708E-04	0.1000E+01	0.2625E-04
