0.000	0.6193E+00	0.0000E+00	0.1000E+01	0.0000E+00
5.000	0.6232E+00	0.4514E-01	0.9752E+00	-0.2166E+00
10.000	0.6349E+00	0.8880E-01	0.9033E+00	-0.4195E+00
15.000	0.6540E+00	0.1297E+00	0.7910E+00	-0.5972E+00
20.000	0.6799E+00	0.1672E+00	0.6478E+00	-0.7417E+00
25.000	0.7118E+00	0.2007E+00	0.4844E+00	-0.8487E+00
30.000	0.7486E+00	0.2305E+00	0.3106E+00	-0.9177E+00
35.000	0.7894E+00	0.2569E+00	0.1349E+00	-0.9504E+00
40.000	0.8331E+00	0.2802E+00	-0.3592E-01	-0.9503E+00
45.000	0.8786E+00	0.3011E+00	-0.1971E+00	-0.9213E+00
50.000	0.9247E+00	0.3201E+00	-0.3453E+00	-0.8674E+00
55.000	0.9706E+00	0.3375E+00	-0.4780E+00	-0.7925E+00
60.000	0.1015E+01	0.3535E+00	-0.5936E+00	-0.7000E+00
65.000	0.1058E+01	0.3685E+00	-0.6911E+00	-0.5932E+00
70.000	0.1098E+01	0.3825E+00	-0.7695E+00	-0.4750E+00
75.000	0.1134E+01	0.3955E+00	-0.8284E+00	-0.3478E+00
80.000	0.1167E+01	0.4074E+00	-0.8673E+00	-0.2145E+00
85.000	0.1196E+01	0.4180E+00	-0.8857E+00	-0.7732E-01
90.000	0.1219E+01	0.4273E+00	-0.8836E+00	0.6116E-01
95.000	0.1238E+01	0.4350E+00	-0.8607E+00	0.1984E+00
100.000	0.1253E+01	0.4407E+00	-0.8172E+00	0.3319E+00
105.000	0.1262E+01	0.4441E+00	-0.7534E+00	0.4589E+00
110.000	0.1267E+01	0.4449E+00	-0.6698E+00	0.5764E+00
115.000	0.1268E+01	0.4425E+00	-0.5673E+00	0.6816E+00
120.000	0.1266E+01	0.4365E+00	-0.4475E+00	0.7712E+00
125.000	0.1260E+01	0.4264E+00	-0.3123E+00	0.8423E+00
130.000	0.1252E+01	0.4117E+00	-0.1644E+00	0.8916E+00
135.000	0.1242E+01	0.3921E+00	-0.7273E-02	0.9166E+00
140.000	0.1232E+01	0.3673E+00	0.1548E+00	0.9149E+00
145.000	0.1221E+01	0.3370E+00	0.3169E+00	0.8851E+00
150.000	0.1210E+01	0.3013E+00	0.4736E+00	0.8267E+00
155.000	0.1200E+01	0.2604E+00	0.6192E+00	0.7403E+00
160.000	0.1192E+01	0.2147E+00	0.7479E+00	0.6279E+00
165.000	0.1185E+01	0.1649E+00	0.8544E+00	0.4927E+00
170.000	0.1180E+01	0.1119E+00	0.9340E+00	0.3392E+00
175.000	0.1177E+01	0.5653E-01	0.9833E+00	0.1729E+00
180.000	0.1176E+01	0.8153E-05	0.1000E+01	0.1946E-04
