0.000	0.1026E+02	0.0000E+00	0.1000E+01	0.0000E+00
5.000	0.1038E+02	-0.3405E-01	0.9662E+00	-0.2554E+00
10.000	0.1074E+02	-0.6441E-01	0.8702E+00	-0.4871E+00
15.000	0.1132E+02	-0.8832E-01	0.7264E+00	-0.6773E+00
20.000	0.1211E+02	-0.1044E+00	0.5532E+00	-0.8172E+00
25.000	0.1309E+02	-0.1125E+00	0.3680E+00	-0.9064E+00
30.000	0.1421E+02	-0.1134E+00	0.1845E+00	-0.9501E+00
35.000	0.1545E+02	-0.1084E+00	0.1180E-01	-0.9565E+00
40.000	0.1677E+02	-0.9850E-01	-0.1452E+00	-0.9336E+00
45.000	0.1812E+02	-0.8489E-01	-0.2845E+00	-0.8890E+00
50.000	0.1946E+02	-0.6838E-01	-0.4061E+00	-0.8285E+00
55.000	0.2075E+02	-0.4957E-01	-0.5106E+00	-0.7566E+00
60.000	0.2196E+02	-0.2888E-01	-0.5994E+00	-0.6767E+00
65.000	0.2304E+02	-0.6584E-02	-0.6738E+00	-0.5910E+00
70.000	0.2396E+02	0.1715E-01	-0.7351E+00	-0.5010E+00
75.000	0.2470E+02	0.4220E-01	-0.7842E+00	-0.4077E+00
80.000	0.2523E+02	0.6850E-01	-0.8217E+00	-0.3118E+00
85.000	0.2554E+02	0.9598E-01	-0.8482E+00	-0.2136E+00
90.000	0.2563E+02	0.1246E+00	-0.8636E+00	-0.1136E+00
95.000	0.2549E+02	0.1542E+00	-0.8678E+00	-0.1174E-01
100.000	0.2513E+02	0.1847E+00	-0.8602E+00	0.9151E-01
105.000	0.2456E+02	0.2159E+00	-0.8402E+00	0.1958E+00
110.000	0.2380E+02	0.2475E+00	-0.8065E+00	0.3004E+00
115.000	0.2287E+02	0.2790E+00	-0.7578E+00	0.4045E+00
120.000	0.2180E+02	0.3098E+00	-0.6924E+00	0.5065E+00
125.000	0.2063E+02	0.3391E+00	-0.6087E+00	0.6043E+00
130.000	0.1939E+02	0.3656E+00	-0.5049E+00	0.6950E+00
135.000	0.1811E+02	0.3877E+00	-0.3794E+00	0.7743E+00
140.000	0.1684E+02	0.4032E+00	-0.2317E+00	0.8368E+00
145.000	0.1562E+02	0.4094E+00	-0.6247E-01	0.8759E+00
150.000	0.1447E+02	0.4033E+00	0.1252E+00	0.8836E+00
155.000	0.1344E+02	0.3814E+00	0.3246E+00	0.8514E+00
160.000	0.1255E+02	0.3411E+00	0.5249E+00	0.7722E+00
165.000	0.1183E+02	0.2805E+00	0.7107E+00	0.6418E+00
170.000	0.1131E+02	0.2004E+00	0.8634E+00	0.4619E+00
175.000	0.1098E+02	0.1046E+00	0.9645E+00	0.2422E+00
180.000	0.1087E+02	0.2658E-04	0.1000E+01	0.3724E-04
