0.000	0.4067E+00	0.0000E+00	0.1000E+01	0.0000E+00
5.000	0.4087E+00	0.5106E-01	0.9770E+00	-0.2070E+00
10.000	0.4147E+00	0.1008E+00	0.9098E+00	-0.4027E+00
15.000	0.4246E+00	0.1480E+00	0.8034E+00	-0.5768E+00
20.000	0.4382E+00	0.1918E+00	0.6653E+00	-0.7215E+00
25.000	0.4553E+00	0.2315E+00	0.5045E+00	-0.8318E+00
30.000	0.4756E+00	0.2668E+00	0.3303E+00	-0.9054E+00
35.000	0.4987E+00	0.2979E+00	0.1512E+00	-0.9425E+00
40.000	0.5241E+00	0.3248E+00	-0.2515E-01	-0.9454E+00
45.000	0.5514E+00	0.3480E+00	-0.1929E+00	-0.9175E+00
50.000	0.5799E+00	0.3678E+00	-0.3474E+00	-0.8626E+00
55.000	0.6091E+00	0.3848E+00	-0.4856E+00	-0.7849E+00
60.000	0.6383E+00	0.3993E+00	-0.6053E+00	-0.6885E+00
65.000	0.6672E+00	0.4117E+00	-0.7052E+00	-0.5771E+00
70.000	0.6950E+00	0.4221E+00	-0.7845E+00	-0.4541E+00
75.000	0.7215E+00	0.4309E+00	-0.8427E+00	-0.3224E+00
80.000	0.7462E+00	0.4380E+00	-0.8796E+00	-0.1850E+00
85.000	0.7688E+00	0.4434E+00	-0.8950E+00	-0.4437E-01
90.000	0.7893E+00	0.4471E+00	-0.8889E+00	0.9672E-01
95.000	0.8073E+00	0.4489E+00	-0.8616E+00	0.2357E+00
100.000	0.8229E+00	0.4486E+00	-0.8132E+00	0.3697E+00
105.000	0.8360E+00	0.4460E+00	-0.7444E+00	0.4961E+00
110.000	0.8467E+00	0.4407E+00	-0.6560E+00	0.6120E+00
115.000	0.8549E+00	0.4326E+00	-0.5494E+00	0.7142E+00
120.000	0.8609E+00	0.4214E+00	-0.4262E+00	0.8000E+00
125.000	0.8647E+00	0.4067E+00	-0.2888E+00	0.8663E+00
130.000	0.8667E+00	0.3883E+00	-0.1401E+00	0.9105E+00
135.000	0.8669E+00	0.3660E+00	0.1648E-01	0.9303E+00
140.000	0.8659E+00	0.3396E+00	0.1767E+00	0.9237E+00
145.000	0.8639E+00	0.3090E+00	0.3360E+00	0.8896E+00
150.000	0.8612E+00	0.2743E+00	0.4892E+00	0.8278E+00
155.000	0.8582E+00	0.2357E+00	0.6310E+00	0.7391E+00
160.000	0.8553E+00	0.1934E+00	0.7559E+00	0.6254E+00
165.000	0.8527E+00	0.1480E+00	0.8591E+00	0.4900E+00
170.000	0.8507E+00	0.1002E+00	0.9362E+00	0.3369E+00
175.000	0.8494E+00	0.5053E-01	0.9839E+00	0.1716E+00
180.000	0.8490E+00	0.6529E-05	0.1000E+01	0.1792E-04
