0.000	0.4661E+01	0.0000E+00	0.1000E+01	0.0000E+00
5.000	0.4710E+01	-0.1272E-01	0.9675E+00	-0.2523E+00
10.000	0.4857E+01	-0.2345E-01	0.8750E+00	-0.4828E+00
15.000	0.5097E+01	-0.3066E-01	0.7350E+00	-0.6748E+00
20.000	0.5422E+01	-0.3350E-01	0.5642E+00	-0.8192E+00
25.000	0.5823E+01	-0.3179E-01	0.3791E+00	-0.9144E+00
30.000	0.6288E+01	-0.2586E-01	0.1931E+00	-0.9645E+00
35.000	0.6803E+01	-0.1625E-01	0.1557E-01	-0.9761E+00
40.000	0.7353E+01	-0.3591E-02	-0.1480E+00	-0.9569E+00
45.000	0.7922E+01	0.1156E-01	-0.2947E+00	-0.9138E+00
50.000	0.8492E+01	0.2872E-01	-0.4239E+00	-0.8527E+00
55.000	0.9048E+01	0.4757E-01	-0.5358E+00	-0.7781E+00
60.000	0.9574E+01	0.6782E-01	-0.6313E+00	-0.6934E+00
65.000	0.1006E+02	0.8931E-01	-0.7113E+00	-0.6012E+00
70.000	0.1048E+02	0.1119E+00	-0.7767E+00	-0.5032E+00
75.000	0.1084E+02	0.1354E+00	-0.8283E+00	-0.4006E+00
80.000	0.1112E+02	0.1599E+00	-0.8665E+00	-0.2944E+00
85.000	0.1132E+02	0.1850E+00	-0.8916E+00	-0.1851E+00
90.000	0.1143E+02	0.2107E+00	-0.9033E+00	-0.7355E-01
95.000	0.1145E+02	0.2368E+00	-0.9014E+00	0.3975E-01
100.000	0.1139E+02	0.2630E+00	-0.8851E+00	0.1540E+00
105.000	0.1125E+02	0.2889E+00	-0.8537E+00	0.2682E+00
110.000	0.1103E+02	0.3141E+00	-0.8060E+00	0.3810E+00
115.000	0.1075E+02	0.3379E+00	-0.7411E+00	0.4907E+00
120.000	0.1041E+02	0.3596E+00	-0.6576E+00	0.5950E+00
125.000	0.1002E+02	0.3782E+00	-0.5548E+00	0.6909E+00
130.000	0.9607E+01	0.3925E+00	-0.4319E+00	0.7748E+00
135.000	0.9172E+01	0.4010E+00	-0.2893E+00	0.8419E+00
140.000	0.8733E+01	0.4020E+00	-0.1284E+00	0.8872E+00
145.000	0.8305E+01	0.3937E+00	0.4793E-01	0.9047E+00
150.000	0.7902E+01	0.3744E+00	0.2343E+00	0.8886E+00
155.000	0.7537E+01	0.3423E+00	0.4229E+00	0.8339E+00
160.000	0.7221E+01	0.2966E+00	0.6034E+00	0.7375E+00
165.000	0.6964E+01	0.2374E+00	0.7636E+00	0.5993E+00
170.000	0.6775E+01	0.1661E+00	0.8903E+00	0.4237E+00
175.000	0.6659E+01	0.8555E-01	0.9718E+00	0.2196E+00
180.000	0.6620E+01	0.1851E-04	0.1000E+01	0.3044E-04
