0.000	0.1206E+01	0.0000E+00	0.1000E+01	0.0000E+00
5.000	0.1215E+01	0.2576E-01	0.9722E+00	-0.2326E+00
10.000	0.1243E+01	0.5098E-01	0.8920E+00	-0.4489E+00
15.000	0.1288E+01	0.7524E-01	0.7680E+00	-0.6354E+00
20.000	0.1349E+01	0.9829E-01	0.6121E+00	-0.7834E+00
25.000	0.1426E+01	0.1201E+00	0.4369E+00	-0.8892E+00
30.000	0.1514E+01	0.1407E+00	0.2540E+00	-0.9533E+00
35.000	0.1613E+01	0.1603E+00	0.7281E-01	-0.9792E+00
40.000	0.1719E+01	0.1791E+00	-0.9998E-01	-0.9717E+00
45.000	0.1831E+01	0.1974E+00	-0.2599E+00	-0.9361E+00
50.000	0.1945E+01	0.2153E+00	-0.4041E+00	-0.8774E+00
55.000	0.2059E+01	0.2330E+00	-0.5312E+00	-0.8002E+00
60.000	0.2170E+01	0.2505E+00	-0.6406E+00	-0.7082E+00
65.000	0.2276E+01	0.2679E+00	-0.7321E+00	-0.6045E+00
70.000	0.2375E+01	0.2851E+00	-0.8058E+00	-0.4918E+00
75.000	0.2465E+01	0.3022E+00	-0.8617E+00	-0.3723E+00
80.000	0.2544E+01	0.3189E+00	-0.8999E+00	-0.2477E+00
85.000	0.2611E+01	0.3352E+00	-0.9205E+00	-0.1197E+00
90.000	0.2665E+01	0.3508E+00	-0.9232E+00	0.1006E-01
95.000	0.2705E+01	0.3656E+00	-0.9079E+00	0.1400E+00
100.000	0.2731E+01	0.3791E+00	-0.8741E+00	0.2683E+00
105.000	0.2743E+01	0.3909E+00	-0.8215E+00	0.3929E+00
110.000	0.2742E+01	0.4006E+00	-0.7499E+00	0.5116E+00
115.000	0.2729E+01	0.4076E+00	-0.6592E+00	0.6216E+00
120.000	0.2706E+01	0.4113E+00	-0.5497E+00	0.7198E+00
125.000	0.2673E+01	0.4109E+00	-0.4224E+00	0.8027E+00
130.000	0.2633E+01	0.4056E+00	-0.2789E+00	0.8668E+00
135.000	0.2588E+01	0.3947E+00	-0.1218E+00	0.9081E+00
140.000	0.2540E+01	0.3775E+00	0.4517E-01	0.9232E+00
145.000	0.2491E+01	0.3534E+00	0.2173E+00	0.9088E+00
150.000	0.2444E+01	0.3219E+00	0.3884E+00	0.8627E+00
155.000	0.2400E+01	0.2829E+00	0.5518E+00	0.7841E+00
160.000	0.2361E+01	0.2368E+00	0.6998E+00	0.6737E+00
165.000	0.2329E+01	0.1841E+00	0.8249E+00	0.5343E+00
170.000	0.2306E+01	0.1260E+00	0.9201E+00	0.3708E+00
175.000	0.2291E+01	0.6401E-01	0.9797E+00	0.1900E+00
180.000	0.2286E+01	0.1060E-04	0.1000E+01	0.2229E-04
