0.000	0.1188E+02	0.0000E+00	0.1000E+01	0.0000E+00
5.000	0.1202E+02	-0.3056E-01	0.9656E+00	-0.2579E+00
10.000	0.1246E+02	-0.5893E-01	0.8684E+00	-0.4908E+00
15.000	0.1317E+02	-0.8338E-01	0.7235E+00	-0.6802E+00
20.000	0.1412E+02	-0.1028E+00	0.5500E+00	-0.8177E+00
25.000	0.1528E+02	-0.1166E+00	0.3657E+00	-0.9036E+00
30.000	0.1660E+02	-0.1248E+00	0.1840E+00	-0.9443E+00
35.000	0.1804E+02	-0.1274E+00	0.1335E-01	-0.9479E+00
40.000	0.1956E+02	-0.1248E+00	-0.1417E+00	-0.9229E+00
45.000	0.2110E+02	-0.1172E+00	-0.2794E+00	-0.8766E+00
50.000	0.2261E+02	-0.1049E+00	-0.3997E+00	-0.8147E+00
55.000	0.2404E+02	-0.8845E-01	-0.5031E+00	-0.7415E+00
60.000	0.2537E+02	-0.6815E-01	-0.5909E+00	-0.6602E+00
65.000	0.2654E+02	-0.4450E-01	-0.6640E+00	-0.5731E+00
70.000	0.2753E+02	-0.1799E-01	-0.7234E+00	-0.4818E+00
75.000	0.2832E+02	0.1087E-01	-0.7701E+00	-0.3875E+00
80.000	0.2887E+02	0.4160E-01	-0.8046E+00	-0.2910E+00
85.000	0.2917E+02	0.7375E-01	-0.8275E+00	-0.1931E+00
90.000	0.2922E+02	0.1070E+00	-0.8391E+00	-0.9421E-01
95.000	0.2900E+02	0.1410E+00	-0.8394E+00	0.5354E-02
100.000	0.2853E+02	0.1755E+00	-0.8283E+00	0.1052E+00
105.000	0.2782E+02	0.2105E+00	-0.8054E+00	0.2050E+00
110.000	0.2687E+02	0.2457E+00	-0.7698E+00	0.3043E+00
115.000	0.2573E+02	0.2809E+00	-0.7204E+00	0.4022E+00
120.000	0.2443E+02	0.3158E+00	-0.6559E+00	0.4977E+00
125.000	0.2300E+02	0.3498E+00	-0.5744E+00	0.5891E+00
130.000	0.2150E+02	0.3817E+00	-0.4741E+00	0.6737E+00
135.000	0.1996E+02	0.4099E+00	-0.3533E+00	0.7479E+00
140.000	0.1844E+02	0.4319E+00	-0.2109E+00	0.8067E+00
145.000	0.1699E+02	0.4446E+00	-0.4712E-01	0.8437E+00
150.000	0.1564E+02	0.4439E+00	0.1354E+00	0.8512E+00
155.000	0.1443E+02	0.4253E+00	0.3305E+00	0.8209E+00
160.000	0.1340E+02	0.3847E+00	0.5278E+00	0.7453E+00
165.000	0.1257E+02	0.3195E+00	0.7118E+00	0.6202E+00
170.000	0.1197E+02	0.2300E+00	0.8637E+00	0.4469E+00
175.000	0.1160E+02	0.1206E+00	0.9646E+00	0.2345E+00
180.000	0.1148E+02	0.3194E-04	0.1000E+01	0.3741E-04
