0.000	0.3217E+00	0.0000E+00	0.1000E+01	0.0000E+00
5.000	0.3233E+00	0.5922E-01	0.9771E+00	-0.2042E+00
10.000	0.3283E+00	0.1166E+00	0.9105E+00	-0.3968E+00
15.000	0.3364E+00	0.1705E+00	0.8054E+00	-0.5674E+00
20.000	0.3474E+00	0.2198E+00	0.6699E+00	-0.7086E+00
25.000	0.3611E+00	0.2638E+00	0.5129E+00	-0.8158E+00
30.000	0.3770E+00	0.3023E+00	0.3437E+00	-0.8872E+00
35.000	0.3948E+00	0.3355E+00	0.1703E+00	-0.9238E+00
40.000	0.4140E+00	0.3639E+00	-0.4066E-03	-0.9276E+00
45.000	0.4342E+00	0.3880E+00	-0.1630E+00	-0.9021E+00
50.000	0.4550E+00	0.4085E+00	-0.3136E+00	-0.8508E+00
55.000	0.4759E+00	0.4257E+00	-0.4491E+00	-0.7774E+00
60.000	0.4964E+00	0.4403E+00	-0.5675E+00	-0.6856E+00
65.000	0.5163E+00	0.4526E+00	-0.6674E+00	-0.5786E+00
70.000	0.5351E+00	0.4628E+00	-0.7477E+00	-0.4596E+00
75.000	0.5526E+00	0.4711E+00	-0.8078E+00	-0.3314E+00
80.000	0.5685E+00	0.4777E+00	-0.8472E+00	-0.1969E+00
85.000	0.5826E+00	0.4826E+00	-0.8655E+00	-0.5858E-01
90.000	0.5947E+00	0.4856E+00	-0.8625E+00	0.8079E-01
95.000	0.6048E+00	0.4866E+00	-0.8384E+00	0.2185E+00
100.000	0.6128E+00	0.4855E+00	-0.7932E+00	0.3519E+00
105.000	0.6188E+00	0.4820E+00	-0.7275E+00	0.4781E+00
110.000	0.6228E+00	0.4759E+00	-0.6420E+00	0.5941E+00
115.000	0.6251E+00	0.4668E+00	-0.5379E+00	0.6970E+00
120.000	0.6256E+00	0.4543E+00	-0.4170E+00	0.7836E+00
125.000	0.6248E+00	0.4383E+00	-0.2815E+00	0.8511E+00
130.000	0.6228E+00	0.4182E+00	-0.1343E+00	0.8966E+00
135.000	0.6200E+00	0.3940E+00	0.2109E-01	0.9177E+00
140.000	0.6165E+00	0.3654E+00	0.1804E+00	0.9124E+00
145.000	0.6128E+00	0.3323E+00	0.3390E+00	0.8796E+00
150.000	0.6090E+00	0.2948E+00	0.4916E+00	0.8191E+00
155.000	0.6053E+00	0.2531E+00	0.6327E+00	0.7317E+00
160.000	0.6020E+00	0.2076E+00	0.7571E+00	0.6193E+00
165.000	0.5993E+00	0.1588E+00	0.8598E+00	0.4852E+00
170.000	0.5973E+00	0.1074E+00	0.9365E+00	0.3337E+00
175.000	0.5960E+00	0.5417E-01	0.9840E+00	0.1700E+00
180.000	0.5956E+00	0.6940E-05	0.1000E+01	0.1872E-04
