0.000	0.1888E+00	0.0000E+00	0.1000E+01	0.0000E+00
5.000	0.1895E+00	0.6305E-01	0.9789E+00	-0.1943E+00
10.000	0.1917E+00	0.1245E+00	0.9170E+00	-0.3789E+00
15.000	0.1953E+00	0.1829E+00	0.8184E+00	-0.5446E+00
20.000	0.2003E+00	0.2371E+00	0.6892E+00	-0.6844E+00
25.000	0.2065E+00	0.2862E+00	0.5370E+00	-0.7930E+00
30.000	0.2140E+00	0.3296E+00	0.3698E+00	-0.8677E+00
35.000	0.2225E+00	0.3673E+00	0.1956E+00	-0.9078E+00
40.000	0.2319E+00	0.3994E+00	0.2166E-01	-0.9144E+00
45.000	0.2420E+00	0.4263E+00	-0.1460E+00	-0.8898E+00
50.000	0.2527E+00	0.4483E+00	-0.3025E+00	-0.8372E+00
55.000	0.2637E+00	0.4660E+00	-0.4439E+00	-0.7602E+00
60.000	0.2748E+00	0.4798E+00	-0.5673E+00	-0.6623E+00
65.000	0.2860E+00	0.4901E+00	-0.6705E+00	-0.5474E+00
70.000	0.2972E+00	0.4973E+00	-0.7519E+00	-0.4191E+00
75.000	0.3081E+00	0.5015E+00	-0.8105E+00	-0.2811E+00
80.000	0.3188E+00	0.5029E+00	-0.8456E+00	-0.1369E+00
85.000	0.3291E+00	0.5016E+00	-0.8570E+00	0.9770E-02
90.000	0.3389E+00	0.4978E+00	-0.8450E+00	0.1555E+00
95.000	0.3482E+00	0.4915E+00	-0.8102E+00	0.2969E+00
100.000	0.3567E+00	0.4828E+00	-0.7537E+00	0.4308E+00
105.000	0.3645E+00	0.4717E+00	-0.6768E+00	0.5540E+00
110.000	0.3714E+00	0.4581E+00	-0.5812E+00	0.6640E+00
115.000	0.3773E+00	0.4421E+00	-0.4689E+00	0.7580E+00
120.000	0.3823E+00	0.4236E+00	-0.3421E+00	0.8336E+00
125.000	0.3863E+00	0.4023E+00	-0.2036E+00	0.8886E+00
130.000	0.3896E+00	0.3783E+00	-0.5620E-01	0.9210E+00
135.000	0.3921E+00	0.3513E+00	0.9636E-01	0.9291E+00
140.000	0.3942E+00	0.3213E+00	0.2501E+00	0.9118E+00
145.000	0.3958E+00	0.2884E+00	0.4005E+00	0.8687E+00
150.000	0.3972E+00	0.2528E+00	0.5428E+00	0.8003E+00
155.000	0.3984E+00	0.2146E+00	0.6725E+00	0.7080E+00
160.000	0.3995E+00	0.1743E+00	0.7851E+00	0.5942E+00
165.000	0.4004E+00	0.1322E+00	0.8768E+00	0.4623E+00
170.000	0.4011E+00	0.8888E-01	0.9445E+00	0.3163E+00
175.000	0.4015E+00	0.4466E-01	0.9860E+00	0.1606E+00
180.000	0.4017E+00	0.4930E-05	0.1000E+01	0.1576E-04
