0.000	1.9260	0.0000	0.0000	0.0000	0.0000	0.0000	1.0000	0.0000
5.000	1.9433	0.0047	0.0123	0.0016	-0.0002	-0.0015	0.9701	-0.2423
10.000	1.9948	0.0182	0.0247	0.0033	-0.0009	-0.0027	0.8843	-0.4658
15.000	2.0789	0.0388	0.0375	0.0053	-0.0019	-0.0035	0.7530	-0.6558
20.000	2.1929	0.0639	0.0507	0.0078	-0.0029	-0.0038	0.5902	-0.8031
25.000	2.3333	0.0913	0.0645	0.0107	-0.0037	-0.0035	0.4102	-0.9052
30.000	2.4961	0.1189	0.0790	0.0141	-0.0042	-0.0028	0.2254	-0.9638
35.000	2.6766	0.1450	0.0942	0.0178	-0.0041	-0.0018	0.0451	-0.9840
40.000	2.8698	0.1688	0.1102	0.0219	-0.0035	-0.0007	-0.1245	-0.9718
45.000	3.0708	0.1896	0.1270	0.0262	-0.0022	0.0005	-0.2795	-0.9330
50.000	3.2743	0.2072	0.1445	0.0307	-0.0002	0.0015	-0.4181	-0.8731
55.000	3.4755	0.2215	0.1626	0.0354	0.0023	0.0022	-0.5396	-0.7966
60.000	3.6695	0.2327	0.1814	0.0400	0.0054	0.0025	-0.6438	-0.7071
65.000	3.8519	0.2409	0.2008	0.0446	0.0090	0.0024	-0.7311	-0.6075
70.000	4.0186	0.2461	0.2205	0.0492	0.0129	0.0017	-0.8018	-0.5001
75.000	4.1660	0.2487	0.2406	0.0536	0.0171	0.0004	-0.8563	-0.3866
80.000	4.2911	0.2488	0.2609	0.0578	0.0215	-0.0015	-0.8949	-0.2686
85.000	4.3915	0.2465	0.2812	0.0617	0.0258	-0.0041	-0.9174	-0.1471
90.000	4.4655	0.2421	0.3014	0.0655	0.0301	-0.0073	-0.9238	-0.0236
95.000	4.5125	0.2356	0.3211	0.0689	0.0340	-0.0112	-0.9136	0.1009
100.000	4.5323	0.2271	0.3400	0.0719	0.0375	-0.0155	-0.8864	0.2249
105.000	4.5258	0.2169	0.3578	0.0745	0.0405	-0.0204	-0.8415	0.3469
110.000	4.4946	0.2050	0.3738	0.0766	0.0426	-0.0255	-0.7783	0.4647
115.000	4.4410	0.1915	0.3875	0.0780	0.0439	-0.0309	-0.6962	0.5759
120.000	4.3679	0.1766	0.3980	0.0787	0.0443	-0.0362	-0.5951	0.6777
125.000	4.2787	0.1603	0.4046	0.0786	0.0435	-0.0412	-0.4751	0.7665
130.000	4.1774	0.1430	0.4062	0.0776	0.0416	-0.0456	-0.3372	0.8385
135.000	4.0678	0.1246	0.4018	0.0754	0.0386	-0.0491	-0.1834	0.8895
140.000	3.9542	0.1057	0.3904	0.0720	0.0345	-0.0513	-0.0166	0.9152
145.000	3.8410	0.0865	0.3709	0.0673	0.0296	-0.0519	0.1587	0.9115
150.000	3.7324	0.0676	0.3426	0.0612	0.0240	-0.0506	0.3364	0.8749
155.000	3.6323	0.0496	0.3050	0.0538	0.0182	-0.0471	0.5092	0.8035
160.000	3.5446	0.0333	0.2581	0.0449	0.0126	-0.0413	0.6685	0.6968
165.000	3.4727	0.0195	0.2025	0.0349	0.0075	-0.0333	0.8053	0.5569
170.000	3.4191	0.0089	0.1395	0.0239	0.0035	-0.0234	0.9107	0.3888
175.000	3.3861	0.0023	0.0712	0.0121	0.0009	-0.0121	0.9772	0.1999
180.000	3.3750	0.0000	0.0000	0.0000	0.0000	0.0000	1.0000	0.0000
