0.000	7.1701	0.0000	0.0000	0.0000	0.0000	0.0000	1.0000	0.0000
5.000	7.2230	0.0075	-0.0182	0.0193	-0.0009	-0.0198	0.9732	-0.2289
10.000	7.3819	0.0293	-0.0377	0.0345	-0.0036	-0.0380	0.8958	-0.4415
15.000	7.6463	0.0637	-0.0594	0.0425	-0.0076	-0.0535	0.7759	-0.6239
20.000	8.0152	0.1080	-0.0833	0.0416	-0.0127	-0.0653	0.6250	-0.7669
25.000	8.4854	0.1590	-0.1084	0.0321	-0.0183	-0.0734	0.4563	-0.8661
30.000	9.0509	0.2137	-0.1332	0.0157	-0.0240	-0.0780	0.2822	-0.9223
35.000	9.7014	0.2691	-0.1560	-0.0052	-0.0296	-0.0795	0.1128	-0.9399
40.000	10.4221	0.3229	-0.1753	-0.0280	-0.0347	-0.0789	-0.0443	-0.9254
45.000	11.1929	0.3733	-0.1897	-0.0501	-0.0394	-0.0768	-0.1850	-0.8863
50.000	11.9887	0.4192	-0.1986	-0.0698	-0.0436	-0.0739	-0.3074	-0.8294
55.000	12.7807	0.4602	-0.2018	-0.0860	-0.0474	-0.0708	-0.4113	-0.7606
60.000	13.5370	0.4960	-0.1995	-0.0980	-0.0508	-0.0679	-0.4981	-0.6845
65.000	14.2249	0.5268	-0.1922	-0.1059	-0.0538	-0.0654	-0.5694	-0.6045
70.000	14.8123	0.5528	-0.1803	-0.1099	-0.0565	-0.0634	-0.6272	-0.5229
75.000	15.2703	0.5746	-0.1647	-0.1103	-0.0590	-0.0620	-0.6732	-0.4410
80.000	15.5744	0.5924	-0.1458	-0.1078	-0.0611	-0.0612	-0.7090	-0.3596
85.000	15.7064	0.6066	-0.1242	-0.1028	-0.0628	-0.0610	-0.7360	-0.2788
90.000	15.6551	0.6177	-0.1003	-0.0956	-0.0640	-0.0615	-0.7551	-0.1988
95.000	15.4170	0.6258	-0.0743	-0.0868	-0.0647	-0.0626	-0.7668	-0.1192
100.000	14.9961	0.6312	-0.0465	-0.0765	-0.0646	-0.0644	-0.7716	-0.0398
105.000	14.4033	0.6340	-0.0168	-0.0648	-0.0639	-0.0671	-0.7693	0.0399
110.000	13.6557	0.6341	0.0150	-0.0517	-0.0622	-0.0707	-0.7597	0.1202
115.000	12.7756	0.6313	0.0490	-0.0371	-0.0597	-0.0755	-0.7420	0.2014
120.000	11.7891	0.6253	0.0855	-0.0209	-0.0563	-0.0817	-0.7154	0.2838
125.000	10.7253	0.6154	0.1248	-0.0029	-0.0519	-0.0894	-0.6783	0.3674
130.000	9.6150	0.6009	0.1670	0.0171	-0.0468	-0.0988	-0.6284	0.4522
135.000	8.4896	0.5804	0.2122	0.0392	-0.0409	-0.1101	-0.5629	0.5375
140.000	7.3807	0.5523	0.2598	0.0631	-0.0347	-0.1230	-0.4777	0.6221
145.000	6.3189	0.5142	0.3081	0.0883	-0.0282	-0.1370	-0.3674	0.7028
150.000	5.3331	0.4636	0.3539	0.1132	-0.0217	-0.1509	-0.2254	0.7737
155.000	4.4500	0.3974	0.3910	0.1352	-0.0156	-0.1621	-0.0449	0.8240
160.000	3.6933	0.3140	0.4085	0.1494	-0.0103	-0.1663	0.1784	0.8350
165.000	3.0829	0.2156	0.3904	0.1485	-0.0058	-0.1572	0.4380	0.7788
170.000	2.6352	0.1136	0.3181	0.1242	-0.0026	-0.1273	0.7046	0.6234
175.000	2.3618	0.0320	0.1822	0.0722	-0.0006	-0.0726	0.9171	0.3532
180.000	2.2698	0.0000	0.0001	0.0001	0.0000	-0.0001	1.0000	0.0001
