0.000	12.0212	0.0000	0.0000	0.0000	0.0000	0.0000	1.0000	0.0000
5.000	12.1683	0.0103	-0.0344	-0.0029	-0.0009	0.0029	0.9658	-0.2566
10.000	12.6046	0.0393	-0.0658	-0.0058	-0.0036	0.0058	0.8691	-0.4886
15.000	13.3150	0.0825	-0.0918	-0.0087	-0.0074	0.0085	0.7248	-0.6777
20.000	14.2752	0.1341	-0.1114	-0.0115	-0.0118	0.0111	0.5519	-0.8154
25.000	15.4525	0.1889	-0.1241	-0.0138	-0.0162	0.0135	0.3681	-0.9018
30.000	16.8072	0.2425	-0.1305	-0.0156	-0.0201	0.0157	0.1869	-0.9428
35.000	18.2941	0.2925	-0.1312	-0.0166	-0.0233	0.0177	0.0172	-0.9467
40.000	19.8641	0.3375	-0.1271	-0.0166	-0.0256	0.0194	-0.1365	-0.9222
45.000	21.4659	0.3770	-0.1187	-0.0155	-0.0270	0.0208	-0.2725	-0.8767
50.000	23.0482	0.4111	-0.1067	-0.0131	-0.0273	0.0217	-0.3909	-0.8160
55.000	24.5607	0.4401	-0.0916	-0.0096	-0.0266	0.0222	-0.4925	-0.7445
60.000	25.9563	0.4644	-0.0736	-0.0048	-0.0250	0.0221	-0.5787	-0.6656
65.000	27.1920	0.4844	-0.0531	0.0012	-0.0224	0.0213	-0.6508	-0.5814
70.000	28.2300	0.5007	-0.0302	0.0083	-0.0190	0.0198	-0.7101	-0.4935
75.000	29.0394	0.5135	-0.0052	0.0164	-0.0148	0.0173	-0.7575	-0.4028
80.000	29.5961	0.5231	0.0219	0.0255	-0.0098	0.0139	-0.7938	-0.3100
85.000	29.8838	0.5296	0.0507	0.0354	-0.0041	0.0093	-0.8196	-0.2155
90.000	29.8941	0.5331	0.0812	0.0460	0.0022	0.0035	-0.8349	-0.1196
95.000	29.6271	0.5336	0.1133	0.0572	0.0089	-0.0036	-0.8397	-0.0224
100.000	29.0908	0.5311	0.1467	0.0689	0.0160	-0.0122	-0.8337	0.0759
105.000	28.3014	0.5252	0.1812	0.0811	0.0232	-0.0223	-0.8162	0.1751
110.000	27.2821	0.5159	0.2166	0.0935	0.0303	-0.0338	-0.7863	0.2747
115.000	26.0631	0.5026	0.2525	0.1060	0.0371	-0.0468	-0.7426	0.3740
120.000	24.6803	0.4849	0.2883	0.1184	0.0433	-0.0611	-0.6836	0.4721
125.000	23.1743	0.4624	0.3231	0.1304	0.0484	-0.0764	-0.6074	0.5671
130.000	21.5893	0.4345	0.3559	0.1416	0.0522	-0.0923	-0.5121	0.6566
135.000	19.9715	0.4005	0.3849	0.1514	0.0541	-0.1078	-0.3956	0.7371
140.000	18.3679	0.3602	0.4079	0.1588	0.0538	-0.1221	-0.2565	0.8035
145.000	16.8248	0.3134	0.4218	0.1629	0.0510	-0.1336	-0.0943	0.8491
150.000	15.3864	0.2606	0.4230	0.1623	0.0457	-0.1405	0.0891	0.8658
155.000	14.0935	0.2034	0.4072	0.1554	0.0379	-0.1407	0.2884	0.8441
160.000	12.9828	0.1447	0.3701	0.1407	0.0283	-0.1321	0.4934	0.7747
165.000	12.0852	0.0891	0.3089	0.1170	0.0181	-0.1130	0.6880	0.6511
170.000	11.4257	0.0424	0.2233	0.0844	0.0089	-0.0831	0.8513	0.4730
175.000	11.0226	0.0111	0.1175	0.0444	0.0023	-0.0442	0.9611	0.2495
180.000	10.8870	0.0000	0.0000	0.0000	0.0000	-0.0000	1.0000	0.0000
