0.000	11.3872	0.0000	0.0000	0.0000	0.0000	0.0000	1.0000	0.0000
5.000	11.5208	0.0103	-0.0536	-0.0035	-0.0021	0.0036	0.9670	-0.2487
10.000	11.9170	0.0397	-0.1023	-0.0068	-0.0079	0.0074	0.8735	-0.4742
15.000	12.5632	0.0836	-0.1426	-0.0097	-0.0163	0.0117	0.7335	-0.6590
20.000	13.4382	0.1366	-0.1725	-0.0122	-0.0260	0.0166	0.5651	-0.7947
25.000	14.5135	0.1932	-0.1919	-0.0141	-0.0357	0.0219	0.3853	-0.8808
30.000	15.7539	0.2493	-0.2017	-0.0153	-0.0442	0.0275	0.2077	-0.9228
35.000	17.1187	0.3022	-0.2034	-0.0156	-0.0509	0.0332	0.0409	-0.9285
40.000	18.5629	0.3503	-0.1987	-0.0150	-0.0555	0.0388	-0.1101	-0.9063
45.000	20.0386	0.3930	-0.1889	-0.0135	-0.0579	0.0440	-0.2436	-0.8633
50.000	21.4966	0.4304	-0.1751	-0.0111	-0.0581	0.0486	-0.3595	-0.8057
55.000	22.8879	0.4627	-0.1583	-0.0076	-0.0562	0.0526	-0.4587	-0.7380
60.000	24.1654	0.4904	-0.1389	-0.0032	-0.0524	0.0557	-0.5425	-0.6634
65.000	25.2853	0.5139	-0.1174	0.0023	-0.0467	0.0578	-0.6126	-0.5843
70.000	26.2088	0.5336	-0.0940	0.0089	-0.0393	0.0586	-0.6703	-0.5022
75.000	26.9032	0.5499	-0.0689	0.0165	-0.0304	0.0581	-0.7168	-0.4183
80.000	27.3429	0.5631	-0.0422	0.0252	-0.0201	0.0561	-0.7531	-0.3331
85.000	27.5106	0.5735	-0.0138	0.0350	-0.0086	0.0523	-0.7800	-0.2470
90.000	27.3975	0.5810	0.0163	0.0460	0.0039	0.0466	-0.7978	-0.1600
95.000	27.0040	0.5858	0.0482	0.0582	0.0173	0.0387	-0.8068	-0.0723
100.000	26.3391	0.5878	0.0819	0.0717	0.0312	0.0285	-0.8068	0.0164
105.000	25.4205	0.5868	0.1175	0.0863	0.0455	0.0157	-0.7974	0.1059
110.000	24.2737	0.5824	0.1549	0.1022	0.0596	0.0003	-0.7779	0.1965
115.000	22.9312	0.5743	0.1940	0.1191	0.0732	-0.0179	-0.7471	0.2879
120.000	21.4315	0.5619	0.2347	0.1370	0.0858	-0.0389	-0.7035	0.3797
125.000	19.8174	0.5444	0.2763	0.1556	0.0966	-0.0625	-0.6451	0.4713
130.000	18.1348	0.5210	0.3180	0.1744	0.1051	-0.0883	-0.5692	0.5612
135.000	16.4315	0.4905	0.3586	0.1927	0.1104	-0.1155	-0.4731	0.6470
140.000	14.7550	0.4519	0.3958	0.2093	0.1117	-0.1428	-0.3534	0.7247
145.000	13.1516	0.4042	0.4263	0.2227	0.1082	-0.1682	-0.2073	0.7884
150.000	11.6650	0.3466	0.4455	0.2304	0.0992	-0.1887	-0.0330	0.8294
155.000	10.3350	0.2797	0.4470	0.2294	0.0846	-0.2004	0.1680	0.8361
160.000	9.1969	0.2060	0.4233	0.2160	0.0651	-0.1984	0.3882	0.7942
165.000	8.2800	0.1311	0.3670	0.1864	0.0429	-0.1778	0.6111	0.6899
170.000	7.6081	0.0643	0.2739	0.1386	0.0215	-0.1358	0.8096	0.5155
175.000	7.1980	0.0171	0.1472	0.0744	0.0058	-0.0740	0.9493	0.2773
180.000	7.0601	0.0000	0.0000	0.0001	0.0000	-0.0001	1.0000	0.0000
