0.000	12.5360	0.0000	0.0000	0.0000	0.0000	0.0000	1.0000	0.0000
5.000	12.6893	0.0107	-0.0320	-0.0049	0.0004	0.0046	0.9659	-0.2566
10.000	13.1436	0.0408	-0.0620	-0.0108	0.0015	0.0087	0.8694	-0.4885
15.000	13.8822	0.0855	-0.0882	-0.0184	0.0033	0.0118	0.7255	-0.6773
20.000	14.8783	0.1389	-0.1095	-0.0275	0.0058	0.0137	0.5530	-0.8146
25.000	16.0963	0.1953	-0.1253	-0.0376	0.0088	0.0143	0.3695	-0.9004
30.000	17.4935	0.2504	-0.1353	-0.0479	0.0122	0.0135	0.1885	-0.9410
35.000	19.0219	0.3015	-0.1397	-0.0572	0.0157	0.0114	0.0187	-0.9445
40.000	20.6307	0.3473	-0.1387	-0.0649	0.0194	0.0081	-0.1354	-0.9196
45.000	22.2676	0.3873	-0.1325	-0.0703	0.0229	0.0036	-0.2719	-0.8734
50.000	23.8809	0.4216	-0.1214	-0.0730	0.0260	-0.0018	-0.3909	-0.8120
55.000	25.4211	0.4505	-0.1059	-0.0730	0.0287	-0.0082	-0.4929	-0.7398
60.000	26.8416	0.4746	-0.0864	-0.0702	0.0308	-0.0154	-0.5793	-0.6599
65.000	28.1004	0.4942	-0.0634	-0.0650	0.0321	-0.0234	-0.6512	-0.5747
70.000	29.1603	0.5099	-0.0374	-0.0576	0.0328	-0.0319	-0.7098	-0.4859
75.000	29.9898	0.5220	-0.0089	-0.0485	0.0327	-0.0409	-0.7560	-0.3944
80.000	30.5637	0.5308	0.0214	-0.0380	0.0320	-0.0502	-0.7906	-0.3012
85.000	30.8637	0.5363	0.0533	-0.0265	0.0308	-0.0598	-0.8142	-0.2066
90.000	30.8787	0.5389	0.0864	-0.0143	0.0291	-0.0696	-0.8272	-0.1112
95.000	30.6058	0.5384	0.1203	-0.0016	0.0271	-0.0795	-0.8297	-0.0150
100.000	30.0503	0.5348	0.1549	0.0113	0.0250	-0.0896	-0.8215	0.0816
105.000	29.2263	0.5279	0.1902	0.0245	0.0230	-0.0997	-0.8022	0.1785
110.000	28.1562	0.5175	0.2260	0.0381	0.0211	-0.1098	-0.7709	0.2753
115.000	26.8708	0.5032	0.2622	0.0520	0.0194	-0.1199	-0.7267	0.3714
120.000	25.4082	0.4847	0.2986	0.0663	0.0180	-0.1300	-0.6679	0.4659
125.000	23.8127	0.4614	0.3347	0.0810	0.0169	-0.1397	-0.5927	0.5573
130.000	22.1330	0.4328	0.3695	0.0959	0.0160	-0.1489	-0.4990	0.6434
135.000	20.4203	0.3984	0.4015	0.1106	0.0152	-0.1570	-0.3846	0.7208
140.000	18.7265	0.3577	0.4282	0.1240	0.0144	-0.1631	-0.2479	0.7847
145.000	17.1020	0.3108	0.4464	0.1351	0.0133	-0.1664	-0.0882	0.8287
150.000	15.5939	0.2581	0.4515	0.1418	0.0118	-0.1652	0.0930	0.8447
155.000	14.2447	0.2012	0.4384	0.1421	0.0098	-0.1579	0.2906	0.8234
160.000	13.0909	0.1430	0.4017	0.1337	0.0074	-0.1430	0.4944	0.7557
165.000	12.1626	0.0879	0.3375	0.1146	0.0047	-0.1190	0.6883	0.6352
170.000	11.4830	0.0418	0.2453	0.0845	0.0023	-0.0859	0.8514	0.4615
175.000	11.0687	0.0109	0.1295	0.0450	0.0006	-0.0452	0.9612	0.2435
180.000	10.9295	0.0000	0.0000	0.0000	0.0000	0.0000	1.0000	0.0000
