0.000	7.2279	0.0000	0.0000	0.0000	0.0000	0.0000	1.0000	0.0000
5.000	7.3013	0.0097	-0.0562	0.0058	-0.0030	-0.0058	0.9700	-0.2363
10.000	7.5197	0.0374	-0.1087	0.0103	-0.0117	-0.0103	0.8844	-0.4523
15.000	7.8768	0.0796	-0.1542	0.0128	-0.0245	-0.0127	0.7547	-0.6323
20.000	8.3627	0.1315	-0.1911	0.0128	-0.0397	-0.0124	0.5963	-0.7675
25.000	8.9633	0.1883	-0.2188	0.0104	-0.0555	-0.0095	0.4245	-0.8564
30.000	9.6608	0.2460	-0.2376	0.0062	-0.0704	-0.0043	0.2523	-0.9025
35.000	10.4336	0.3017	-0.2486	0.0008	-0.0834	0.0026	0.0887	-0.9123
40.000	11.2570	0.3537	-0.2528	-0.0050	-0.0938	0.0107	-0.0609	-0.8935
45.000	12.1037	0.4012	-0.2515	-0.0107	-0.1013	0.0195	-0.1936	-0.8531
50.000	12.9445	0.4437	-0.2456	-0.0158	-0.1059	0.0284	-0.3089	-0.7973
55.000	13.7492	0.4815	-0.2360	-0.0198	-0.1077	0.0372	-0.4072	-0.7308
60.000	14.4877	0.5148	-0.2232	-0.0225	-0.1068	0.0454	-0.4897	-0.6576
65.000	15.1311	0.5440	-0.2078	-0.0237	-0.1033	0.0528	-0.5578	-0.5803
70.000	15.6529	0.5696	-0.1902	-0.0232	-0.0976	0.0591	-0.6132	-0.5009
75.000	16.0302	0.5920	-0.1704	-0.0210	-0.0896	0.0642	-0.6572	-0.4207
80.000	16.2445	0.6114	-0.1487	-0.0170	-0.0797	0.0677	-0.6910	-0.3405
85.000	16.2824	0.6282	-0.1250	-0.0111	-0.0679	0.0694	-0.7157	-0.2610
90.000	16.1368	0.6426	-0.0994	-0.0034	-0.0543	0.0691	-0.7323	-0.1824
95.000	15.8064	0.6547	-0.0717	0.0064	-0.0392	0.0665	-0.7412	-0.1046
100.000	15.2968	0.6644	-0.0418	0.0182	-0.0228	0.0611	-0.7430	-0.0278
105.000	14.6196	0.6719	-0.0096	0.0322	-0.0052	0.0527	-0.7378	0.0485
110.000	13.7924	0.6767	0.0254	0.0484	0.0132	0.0408	-0.7256	0.1243
115.000	12.8381	0.6787	0.0631	0.0671	0.0321	0.0252	-0.7058	0.2002
120.000	11.7836	0.6771	0.1040	0.0881	0.0510	0.0054	-0.6778	0.2764
125.000	10.6595	0.6714	0.1481	0.1118	0.0694	-0.0190	-0.6401	0.3534
130.000	9.4980	0.6603	0.1955	0.1380	0.0866	-0.0481	-0.5909	0.4312
135.000	8.3320	0.6423	0.2460	0.1666	0.1015	-0.0819	-0.5272	0.5097
140.000	7.1941	0.6154	0.2988	0.1970	0.1132	-0.1200	-0.4450	0.5879
145.000	6.1148	0.5769	0.3522	0.2282	0.1201	-0.1612	-0.3390	0.6632
150.000	5.1224	0.5236	0.4025	0.2577	0.1206	-0.2030	-0.2025	0.7305
155.000	4.2414	0.4519	0.4428	0.2814	0.1130	-0.2403	-0.0282	0.7795
160.000	3.4929	0.3594	0.4616	0.2918	0.0959	-0.2647	0.1886	0.7925
165.000	2.8936	0.2484	0.4408	0.2778	0.0697	-0.2633	0.4426	0.7423
170.000	2.4565	0.1317	0.3593	0.2260	0.0382	-0.2208	0.7058	0.5969
175.000	2.1906	0.0372	0.2060	0.1294	0.0110	-0.1287	0.9171	0.3394
180.000	2.1014	0.0000	0.0001	0.0001	0.0000	-0.0001	1.0000	0.0001
