0.000	0.1109	0.0000	0.0000	0.0000	0.0000	0.0000	1.0000	0.0000
5.000	0.1114	0.0006	0.0608	0.0034	-0.0002	-0.0034	0.9776	-0.2014
10.000	0.1127	0.0024	0.1198	0.0067	-0.0008	-0.0066	0.9121	-0.3921
15.000	0.1150	0.0052	0.1754	0.0096	-0.0017	-0.0096	0.8081	-0.5623
20.000	0.1180	0.0087	0.2263	0.0122	-0.0030	-0.0120	0.6727	-0.7044
25.000	0.1218	0.0127	0.2718	0.0142	-0.0044	-0.0140	0.5141	-0.8134
30.000	0.1263	0.0168	0.3114	0.0157	-0.0059	-0.0154	0.3411	-0.8868
35.000	0.1314	0.0208	0.3450	0.0168	-0.0075	-0.0163	0.1621	-0.9242
40.000	0.1370	0.0245	0.3729	0.0173	-0.0090	-0.0166	-0.0155	-0.9274
45.000	0.1429	0.0276	0.3955	0.0173	-0.0105	-0.0165	-0.1856	-0.8990
50.000	0.1491	0.0301	0.4133	0.0169	-0.0118	-0.0159	-0.3434	-0.8428
55.000	0.1554	0.0319	0.4270	0.0162	-0.0130	-0.0150	-0.4851	-0.7624
60.000	0.1617	0.0329	0.4369	0.0152	-0.0140	-0.0139	-0.6080	-0.6620
65.000	0.1680	0.0333	0.4436	0.0140	-0.0148	-0.0125	-0.7102	-0.5454
70.000	0.1741	0.0329	0.4476	0.0125	-0.0154	-0.0109	-0.7906	-0.4163
75.000	0.1798	0.0320	0.4490	0.0110	-0.0158	-0.0092	-0.8483	-0.2783
80.000	0.1853	0.0306	0.4482	0.0093	-0.0160	-0.0075	-0.8831	-0.1347
85.000	0.1903	0.0288	0.4454	0.0075	-0.0159	-0.0057	-0.8947	0.0114
90.000	0.1948	0.0266	0.4406	0.0058	-0.0157	-0.0040	-0.8834	0.1568
95.000	0.1988	0.0242	0.4339	0.0040	-0.0153	-0.0022	-0.8496	0.2984
100.000	0.2023	0.0217	0.4253	0.0023	-0.0147	-0.0006	-0.7941	0.4333
105.000	0.2052	0.0191	0.4148	0.0007	-0.0140	0.0009	-0.7180	0.5585
110.000	0.2076	0.0165	0.4023	-0.0008	-0.0131	0.0023	-0.6225	0.6710
115.000	0.2095	0.0140	0.3877	-0.0021	-0.0121	0.0035	-0.5095	0.7679
120.000	0.2109	0.0116	0.3709	-0.0033	-0.0110	0.0045	-0.3813	0.8466
125.000	0.2119	0.0094	0.3519	-0.0043	-0.0098	0.0053	-0.2405	0.9045
130.000	0.2125	0.0074	0.3304	-0.0051	-0.0086	0.0059	-0.0904	0.9394
135.000	0.2128	0.0057	0.3066	-0.0056	-0.0073	0.0062	0.0652	0.9495
140.000	0.2128	0.0043	0.2804	-0.0059	-0.0061	0.0063	0.2224	0.9337
145.000	0.2127	0.0031	0.2518	-0.0059	-0.0048	0.0062	0.3765	0.8915
150.000	0.2124	0.0021	0.2208	-0.0056	-0.0037	0.0058	0.5230	0.8232
155.000	0.2120	0.0014	0.1878	-0.0051	-0.0026	0.0052	0.6570	0.7301
160.000	0.2117	0.0008	0.1527	-0.0044	-0.0017	0.0045	0.7741	0.6143
165.000	0.2113	0.0004	0.1161	-0.0035	-0.0010	0.0035	0.8700	0.4791
170.000	0.2111	0.0002	0.0781	-0.0024	-0.0004	0.0024	0.9413	0.3284
175.000	0.2109	0.0000	0.0393	-0.0012	-0.0001	0.0012	0.9852	0.1670
180.000	0.2108	0.0000	0.0000	0.0000	0.0000	0.0000	1.0000	0.0000
