0.000	2.0723	0.0000	0.0000	0.0000	0.0000	0.0000	1.0000	0.0000
5.000	2.0898	0.0054	0.0128	0.0047	-0.0005	-0.0047	0.9730	-0.2302
10.000	2.1418	0.0209	0.0254	0.0094	-0.0019	-0.0089	0.8955	-0.4439
15.000	2.2264	0.0446	0.0378	0.0138	-0.0041	-0.0123	0.7761	-0.6280
20.000	2.3407	0.0738	0.0500	0.0180	-0.0066	-0.0147	0.6268	-0.7741
25.000	2.4810	0.1058	0.0622	0.0219	-0.0091	-0.0159	0.4602	-0.8794
30.000	2.6426	0.1382	0.0744	0.0257	-0.0114	-0.0162	0.2870	-0.9451
35.000	2.8204	0.1692	0.0869	0.0294	-0.0132	-0.0157	0.1156	-0.9751
40.000	3.0089	0.1977	0.0998	0.0330	-0.0143	-0.0146	-0.0483	-0.9743
45.000	3.2025	0.2229	0.1133	0.0367	-0.0148	-0.0131	-0.2010	-0.9476
50.000	3.3960	0.2447	0.1275	0.0404	-0.0146	-0.0114	-0.3407	-0.8995
55.000	3.5840	0.2629	0.1426	0.0443	-0.0136	-0.0097	-0.4661	-0.8336
60.000	3.7620	0.2776	0.1585	0.0482	-0.0119	-0.0081	-0.5769	-0.7531
65.000	3.9259	0.2890	0.1752	0.0523	-0.0095	-0.0069	-0.6728	-0.6601
70.000	4.0723	0.2972	0.1927	0.0563	-0.0066	-0.0061	-0.7534	-0.5568
75.000	4.1984	0.3023	0.2109	0.0603	-0.0032	-0.0059	-0.8185	-0.4447
80.000	4.3023	0.3046	0.2295	0.0642	0.0006	-0.0063	-0.8677	-0.3253
85.000	4.3826	0.3041	0.2484	0.0680	0.0047	-0.0074	-0.9002	-0.2001
90.000	4.4386	0.3009	0.2673	0.0714	0.0089	-0.0092	-0.9154	-0.0706
95.000	4.4703	0.2951	0.2858	0.0745	0.0131	-0.0117	-0.9125	0.0614
100.000	4.4782	0.2866	0.3035	0.0771	0.0172	-0.0149	-0.8908	0.1940
105.000	4.4635	0.2757	0.3200	0.0791	0.0208	-0.0187	-0.8495	0.3249
110.000	4.4276	0.2622	0.3346	0.0804	0.0240	-0.0230	-0.7879	0.4515
115.000	4.3728	0.2463	0.3468	0.0810	0.0265	-0.0277	-0.7059	0.5708
120.000	4.3014	0.2281	0.3560	0.0808	0.0282	-0.0324	-0.6034	0.6796
125.000	4.2165	0.2078	0.3612	0.0796	0.0289	-0.0370	-0.4812	0.7739
130.000	4.1213	0.1857	0.3618	0.0775	0.0286	-0.0412	-0.3405	0.8498
135.000	4.0194	0.1620	0.3569	0.0743	0.0273	-0.0445	-0.1838	0.9030
140.000	3.9144	0.1373	0.3456	0.0700	0.0250	-0.0467	-0.0145	0.9293
145.000	3.8102	0.1122	0.3272	0.0646	0.0219	-0.0474	0.1626	0.9248
150.000	3.7105	0.0875	0.3012	0.0581	0.0180	-0.0462	0.3413	0.8866
155.000	3.6191	0.0640	0.2673	0.0505	0.0138	-0.0431	0.5142	0.8128
160.000	3.5391	0.0429	0.2255	0.0419	0.0096	-0.0378	0.6727	0.7035
165.000	3.4736	0.0250	0.1765	0.0323	0.0058	-0.0305	0.8082	0.5614
170.000	3.4250	0.0114	0.1214	0.0220	0.0027	-0.0214	0.9121	0.3914
175.000	3.3951	0.0029	0.0619	0.0111	0.0007	-0.0111	0.9776	0.2011
180.000	3.3850	-0.0000	0.0000	-0.0000	0.0000	0.0000	1.0000	0.0000
