0.000	0.6193	0.0000	0.0000	0.0000	0.0000	0.0000	1.0000	0.0000
5.000	0.6232	0.0035	0.0451	0.0076	-0.0002	-0.0076	0.9752	-0.2166
10.000	0.6349	0.0136	0.0888	0.0149	-0.0007	-0.0148	0.9033	-0.4195
15.000	0.6540	0.0291	0.1297	0.0215	-0.0015	-0.0212	0.7910	-0.5972
20.000	0.6799	0.0484	0.1672	0.0273	-0.0026	-0.0267	0.6478	-0.7417
25.000	0.7118	0.0697	0.2007	0.0321	-0.0037	-0.0311	0.4844	-0.8487
30.000	0.7486	0.0915	0.2305	0.0361	-0.0047	-0.0343	0.3106	-0.9177
35.000	0.7894	0.1125	0.2569	0.0393	-0.0057	-0.0366	0.1349	-0.9504
40.000	0.8331	0.1316	0.2802	0.0418	-0.0066	-0.0381	-0.0359	-0.9503
45.000	0.8786	0.1484	0.3011	0.0437	-0.0073	-0.0388	-0.1971	-0.9213
50.000	0.9247	0.1625	0.3201	0.0453	-0.0078	-0.0391	-0.3453	-0.8674
55.000	0.9706	0.1738	0.3375	0.0464	-0.0080	-0.0389	-0.4780	-0.7925
60.000	1.0153	0.1824	0.3535	0.0474	-0.0081	-0.0384	-0.5936	-0.7000
65.000	1.0580	0.1884	0.3685	0.0481	-0.0079	-0.0377	-0.6911	-0.5932
70.000	1.0979	0.1920	0.3825	0.0486	-0.0076	-0.0370	-0.7695	-0.4750
75.000	1.1344	0.1932	0.3955	0.0489	-0.0071	-0.0362	-0.8284	-0.3478
80.000	1.1671	0.1923	0.4074	0.0490	-0.0064	-0.0354	-0.8673	-0.2145
85.000	1.1955	0.1894	0.4180	0.0489	-0.0056	-0.0346	-0.8857	-0.0773
90.000	1.2193	0.1847	0.4273	0.0486	-0.0048	-0.0339	-0.8836	0.0612
95.000	1.2384	0.1782	0.4350	0.0481	-0.0038	-0.0333	-0.8607	0.1984
100.000	1.2526	0.1700	0.4407	0.0472	-0.0028	-0.0327	-0.8172	0.3319
105.000	1.2621	0.1602	0.4441	0.0461	-0.0019	-0.0321	-0.7534	0.4589
110.000	1.2672	0.1491	0.4449	0.0447	-0.0009	-0.0315	-0.6698	0.5764
115.000	1.2682	0.1368	0.4425	0.0429	-0.0001	-0.0309	-0.5673	0.6816
120.000	1.2655	0.1234	0.4365	0.0409	0.0007	-0.0301	-0.4475	0.7712
125.000	1.2599	0.1093	0.4264	0.0386	0.0013	-0.0292	-0.3123	0.8423
130.000	1.2519	0.0948	0.4117	0.0359	0.0017	-0.0281	-0.1644	0.8916
135.000	1.2422	0.0801	0.3921	0.0330	0.0019	-0.0268	-0.0073	0.9166
140.000	1.2316	0.0658	0.3673	0.0299	0.0020	-0.0251	0.1548	0.9149
145.000	1.2207	0.0520	0.3370	0.0265	0.0019	-0.0230	0.3169	0.8851
150.000	1.2102	0.0393	0.3013	0.0230	0.0017	-0.0207	0.4736	0.8267
155.000	1.2004	0.0279	0.2604	0.0193	0.0013	-0.0179	0.6192	0.7403
160.000	1.1919	0.0182	0.2147	0.0156	0.0010	-0.0148	0.7479	0.6279
165.000	1.1850	0.0104	0.1649	0.0117	0.0006	-0.0114	0.8544	0.4927
170.000	1.1798	0.0047	0.1119	0.0078	0.0003	-0.0077	0.9340	0.3392
175.000	1.1767	0.0012	0.0565	0.0039	0.0001	-0.0039	0.9833	0.1729
180.000	1.1757	0.0000	0.0000	0.0000	0.0000	0.0000	1.0000	0.0000
