0.000	9.1388	0.0000	0.0000	0.0000	0.0000	0.0000	1.0000	0.0000
5.000	9.2403	0.0102	-0.0572	-0.0002	-0.0026	0.0003	0.9683	-0.2429
10.000	9.5415	0.0393	-0.1098	-0.0008	-0.0098	0.0012	0.8782	-0.4638
15.000	10.0333	0.0830	-0.1543	-0.0020	-0.0205	0.0032	0.7427	-0.6460
20.000	10.7003	0.1362	-0.1888	-0.0038	-0.0330	0.0066	0.5786	-0.7809
25.000	11.5217	0.1936	-0.2128	-0.0061	-0.0457	0.0113	0.4026	-0.8677
30.000	12.4715	0.2511	-0.2272	-0.0087	-0.0574	0.0170	0.2277	-0.9110
35.000	13.5188	0.3057	-0.2333	-0.0112	-0.0671	0.0235	0.0628	-0.9183
40.000	14.6295	0.3561	-0.2325	-0.0133	-0.0745	0.0303	-0.0870	-0.8974
45.000	15.7662	0.4013	-0.2262	-0.0148	-0.0793	0.0371	-0.2194	-0.8557
50.000	16.8903	0.4413	-0.2155	-0.0154	-0.0815	0.0437	-0.3344	-0.7992
55.000	17.9625	0.4764	-0.2015	-0.0150	-0.0811	0.0498	-0.4325	-0.7325
60.000	18.9447	0.5069	-0.1846	-0.0135	-0.0784	0.0551	-0.5152	-0.6592
65.000	19.8008	0.5333	-0.1654	-0.0107	-0.0735	0.0595	-0.5840	-0.5817
70.000	20.4987	0.5561	-0.1442	-0.0067	-0.0665	0.0627	-0.6403	-0.5017
75.000	21.0107	0.5755	-0.1211	-0.0012	-0.0576	0.0645	-0.6855	-0.4205
80.000	21.3150	0.5919	-0.0962	0.0057	-0.0471	0.0648	-0.7206	-0.3386
85.000	21.3966	0.6056	-0.0696	0.0140	-0.0350	0.0633	-0.7467	-0.2566
90.000	21.2474	0.6167	-0.0411	0.0240	-0.0215	0.0597	-0.7643	-0.1745
95.000	20.8673	0.6252	-0.0106	0.0356	-0.0069	0.0538	-0.7738	-0.0924
100.000	20.2637	0.6312	0.0219	0.0488	0.0087	0.0453	-0.7754	-0.0103
105.000	19.4512	0.6344	0.0568	0.0639	0.0249	0.0339	-0.7690	0.0722
110.000	18.4516	0.6346	0.0940	0.0807	0.0415	0.0194	-0.7542	0.1551
115.000	17.2928	0.6314	0.1338	0.0993	0.0580	0.0014	-0.7300	0.2388
120.000	16.0076	0.6241	0.1760	0.1198	0.0739	-0.0201	-0.6954	0.3232
125.000	14.6327	0.6120	0.2206	0.1418	0.0887	-0.0453	-0.6484	0.4082
130.000	13.2074	0.5940	0.2670	0.1653	0.1016	-0.0740	-0.5866	0.4933
135.000	11.7718	0.5686	0.3145	0.1896	0.1116	-0.1058	-0.5069	0.5772
140.000	10.3658	0.5342	0.3614	0.2138	0.1178	-0.1397	-0.4053	0.6573
145.000	9.0274	0.4889	0.4047	0.2363	0.1188	-0.1738	-0.2774	0.7292
150.000	7.7921	0.4308	0.4399	0.2544	0.1136	-0.2050	-0.1185	0.7853
155.000	6.6916	0.3586	0.4596	0.2639	0.1011	-0.2284	0.0739	0.8136
160.000	5.7533	0.2733	0.4537	0.2592	0.0813	-0.2368	0.2974	0.7972
165.000	4.9998	0.1801	0.4095	0.2332	0.0558	-0.2218	0.5385	0.7154
170.000	4.4490	0.0912	0.3167	0.1799	0.0291	-0.1760	0.7671	0.5509
175.000	4.1134	0.0248	0.1745	0.0990	0.0081	-0.0985	0.9366	0.3028
180.000	4.0007	0.0000	0.0001	0.0001	0.0000	-0.0001	1.0000	0.0001
