0.000	12.1358	0.0000	0.0000	0.0000	0.0000	0.0000	1.0000	0.0000
5.000	12.2873	0.0104	-0.0445	0.0041	-0.0025	-0.0041	0.9654	-0.2567
10.000	12.7368	0.0398	-0.0850	0.0076	-0.0097	-0.0072	0.8675	-0.4884
15.000	13.4695	0.0835	-0.1185	0.0100	-0.0201	-0.0088	0.7217	-0.6766
20.000	14.4615	0.1358	-0.1435	0.0112	-0.0320	-0.0085	0.5474	-0.8127
25.000	15.6800	0.1911	-0.1600	0.0113	-0.0441	-0.0063	0.3627	-0.8969
30.000	17.0853	0.2453	-0.1687	0.0105	-0.0549	-0.0027	0.1815	-0.9357
35.000	18.6314	0.2958	-0.1710	0.0094	-0.0640	0.0019	0.0124	-0.9376
40.000	20.2678	0.3412	-0.1681	0.0081	-0.0707	0.0073	-0.1399	-0.9115
45.000	21.9410	0.3811	-0.1611	0.0071	-0.0751	0.0129	-0.2739	-0.8649
50.000	23.5964	0.4156	-0.1508	0.0066	-0.0771	0.0185	-0.3899	-0.8039
55.000	25.1800	0.4450	-0.1378	0.0067	-0.0769	0.0238	-0.4891	-0.7330
60.000	26.6398	0.4699	-0.1227	0.0076	-0.0747	0.0285	-0.5728	-0.6555
65.000	27.9280	0.4906	-0.1056	0.0095	-0.0705	0.0325	-0.6428	-0.5737
70.000	29.0019	0.5076	-0.0868	0.0124	-0.0646	0.0355	-0.7004	-0.4889
75.000	29.8255	0.5213	-0.0663	0.0163	-0.0571	0.0374	-0.7468	-0.4021
80.000	30.3709	0.5320	-0.0442	0.0214	-0.0483	0.0380	-0.7830	-0.3139
85.000	30.6187	0.5399	-0.0205	0.0275	-0.0382	0.0370	-0.8097	-0.2245
90.000	30.5587	0.5451	0.0048	0.0347	-0.0272	0.0344	-0.8271	-0.1341
95.000	30.1905	0.5476	0.0319	0.0431	-0.0153	0.0299	-0.8355	-0.0426
100.000	29.5232	0.5474	0.0606	0.0525	-0.0028	0.0233	-0.8345	0.0500
105.000	28.5753	0.5442	0.0911	0.0630	0.0099	0.0146	-0.8237	0.1438
110.000	27.3736	0.5378	0.1232	0.0745	0.0226	0.0036	-0.8022	0.2388
115.000	25.9528	0.5279	0.1568	0.0869	0.0349	-0.0098	-0.7688	0.3346
120.000	24.3541	0.5140	0.1917	0.1001	0.0463	-0.0254	-0.7217	0.4307
125.000	22.6238	0.4953	0.2273	0.1138	0.0564	-0.0432	-0.6588	0.5262
130.000	20.8118	0.4711	0.2628	0.1276	0.0645	-0.0626	-0.5778	0.6192
135.000	18.9700	0.4406	0.2970	0.1410	0.0702	-0.0831	-0.4756	0.7068
140.000	17.1508	0.4030	0.3279	0.1530	0.0726	-0.1035	-0.3494	0.7845
145.000	15.4054	0.3574	0.3526	0.1624	0.0714	-0.1222	-0.1968	0.8459
150.000	13.7827	0.3038	0.3673	0.1674	0.0660	-0.1371	-0.0170	0.8817
155.000	12.3273	0.2427	0.3667	0.1659	0.0565	-0.1450	0.1873	0.8803
160.000	11.0790	0.1770	0.3451	0.1553	0.0435	-0.1428	0.4075	0.8279
165.000	10.0717	0.1115	0.2971	0.1332	0.0286	-0.1271	0.6266	0.7123
170.000	9.3324	0.0542	0.2203	0.0985	0.0143	-0.0965	0.8186	0.5279
175.000	8.8808	0.0144	0.1179	0.0526	0.0039	-0.0523	0.9519	0.2823
180.000	8.7289	0.0000	0.0000	0.0001	0.0000	-0.0001	1.0000	0.0000
