0.000	8.3320	0.0000	0.0000	0.0000	0.0000	0.0000	1.0000	0.0000
5.000	8.4332	0.0094	-0.0240	-0.0019	-0.0008	0.0019	0.9660	-0.2574
10.000	8.7333	0.0359	-0.0455	-0.0036	-0.0029	0.0038	0.8695	-0.4904
15.000	9.2214	0.0754	-0.0627	-0.0049	-0.0059	0.0059	0.7255	-0.6812
20.000	9.8802	0.1226	-0.0747	-0.0059	-0.0094	0.0079	0.5525	-0.8210
25.000	10.6865	0.1725	-0.0811	-0.0062	-0.0126	0.0100	0.3680	-0.9099
30.000	11.6126	0.2214	-0.0824	-0.0058	-0.0154	0.0121	0.1856	-0.9536
35.000	12.6270	0.2667	-0.0791	-0.0046	-0.0174	0.0140	0.0137	-0.9602
40.000	13.6961	0.3074	-0.0719	-0.0025	-0.0185	0.0157	-0.1429	-0.9377
45.000	14.7857	0.3430	-0.0612	0.0004	-0.0186	0.0171	-0.2824	-0.8934
50.000	15.8616	0.3734	-0.0475	0.0043	-0.0177	0.0181	-0.4047	-0.8330
55.000	16.8914	0.3991	-0.0312	0.0092	-0.0159	0.0186	-0.5106	-0.7606
60.000	17.8452	0.4203	-0.0124	0.0149	-0.0132	0.0185	-0.6010	-0.6794
65.000	18.6963	0.4376	0.0085	0.0215	-0.0097	0.0177	-0.6772	-0.5916
70.000	19.4218	0.4511	0.0314	0.0288	-0.0055	0.0161	-0.7399	-0.4986
75.000	20.0034	0.4613	0.0562	0.0369	-0.0007	0.0135	-0.7899	-0.4015
80.000	20.4270	0.4682	0.0826	0.0455	0.0048	0.0100	-0.8278	-0.3012
85.000	20.6835	0.4721	0.1104	0.0546	0.0106	0.0054	-0.8535	-0.1980
90.000	20.7684	0.4730	0.1395	0.0641	0.0168	-0.0004	-0.8672	-0.0926
95.000	20.6821	0.4708	0.1695	0.0738	0.0232	-0.0073	-0.8685	0.0145
100.000	20.4296	0.4654	0.2003	0.0836	0.0295	-0.0155	-0.8568	0.1228
105.000	20.0204	0.4567	0.2314	0.0933	0.0357	-0.0249	-0.8313	0.2315
110.000	19.4681	0.4445	0.2625	0.1028	0.0414	-0.0354	-0.7910	0.3397
115.000	18.7903	0.4285	0.2928	0.1118	0.0464	-0.0468	-0.7348	0.4460
120.000	18.0081	0.4085	0.3217	0.1201	0.0504	-0.0589	-0.6612	0.5486
125.000	17.1454	0.3841	0.3482	0.1275	0.0532	-0.0713	-0.5689	0.6449
130.000	16.2284	0.3551	0.3710	0.1334	0.0545	-0.0835	-0.4569	0.7317
135.000	15.2848	0.3215	0.3885	0.1375	0.0539	-0.0947	-0.3244	0.8047
140.000	14.3431	0.2834	0.3988	0.1392	0.0513	-0.1041	-0.1716	0.8586
145.000	13.4316	0.2411	0.3995	0.1377	0.0467	-0.1105	-0.0005	0.8870
150.000	12.5777	0.1958	0.3881	0.1323	0.0402	-0.1127	0.1849	0.8832
155.000	11.8070	0.1491	0.3621	0.1223	0.0321	-0.1095	0.3775	0.8403
160.000	11.1425	0.1035	0.3196	0.1071	0.0232	-0.0999	0.5667	0.7530
165.000	10.6039	0.0623	0.2598	0.0866	0.0144	-0.0832	0.7387	0.6191
170.000	10.2075	0.0292	0.1840	0.0610	0.0069	-0.0600	0.8776	0.4419
175.000	9.9647	0.0075	0.0955	0.0316	0.0018	-0.0315	0.9684	0.2304
180.000	9.8830	-0.0000	0.0000	0.0000	0.0000	-0.0000	1.0000	0.0000
