0.000	11.8762	0.0000	0.0000	0.0000	0.0000	0.0000	1.0000	0.0000
5.000	12.0232	0.0106	-0.0306	-0.0053	0.0004	0.0051	0.9656	-0.2579
10.000	12.4585	0.0404	-0.0589	-0.0114	0.0015	0.0095	0.8684	-0.4908
15.000	13.1651	0.0847	-0.0834	-0.0187	0.0034	0.0129	0.7235	-0.6802
20.000	14.1159	0.1373	-0.1028	-0.0272	0.0060	0.0149	0.5500	-0.8177
25.000	15.2751	0.1925	-0.1166	-0.0363	0.0090	0.0155	0.3657	-0.9036
30.000	16.6003	0.2463	-0.1248	-0.0452	0.0125	0.0147	0.1840	-0.9443
35.000	18.0449	0.2958	-0.1274	-0.0532	0.0162	0.0125	0.0134	-0.9479
40.000	19.5599	0.3400	-0.1248	-0.0595	0.0199	0.0092	-0.1417	-0.9229
45.000	21.0959	0.3784	-0.1172	-0.0637	0.0236	0.0047	-0.2794	-0.8766
50.000	22.6052	0.4111	-0.1049	-0.0654	0.0269	-0.0008	-0.3997	-0.8147
55.000	24.0428	0.4386	-0.0885	-0.0645	0.0299	-0.0071	-0.5031	-0.7415
60.000	25.3675	0.4613	-0.0682	-0.0612	0.0323	-0.0142	-0.5909	-0.6602
65.000	26.5421	0.4797	-0.0445	-0.0555	0.0341	-0.0220	-0.6640	-0.5731
70.000	27.5346	0.4943	-0.0180	-0.0478	0.0352	-0.0304	-0.7234	-0.4818
75.000	28.3176	0.5054	0.0109	-0.0385	0.0356	-0.0392	-0.7701	-0.3875
80.000	28.8693	0.5132	0.0416	-0.0279	0.0354	-0.0484	-0.8046	-0.2910
85.000	29.1732	0.5179	0.0738	-0.0164	0.0347	-0.0579	-0.8275	-0.1931
90.000	29.2194	0.5196	0.1070	-0.0043	0.0335	-0.0676	-0.8391	-0.0942
95.000	29.0046	0.5182	0.1410	0.0082	0.0320	-0.0774	-0.8394	0.0054
100.000	28.5327	0.5137	0.1755	0.0210	0.0304	-0.0873	-0.8283	0.1052
105.000	27.8157	0.5058	0.2105	0.0340	0.0288	-0.0973	-0.8054	0.2050
110.000	26.8732	0.4944	0.2457	0.0471	0.0272	-0.1073	-0.7698	0.3043
115.000	25.7327	0.4791	0.2809	0.0605	0.0258	-0.1172	-0.7204	0.4022
120.000	24.4288	0.4595	0.3158	0.0741	0.0245	-0.1269	-0.6559	0.4977
125.000	23.0020	0.4351	0.3498	0.0877	0.0233	-0.1362	-0.5744	0.5891
130.000	21.4970	0.4056	0.3817	0.1012	0.0222	-0.1447	-0.4741	0.6737
135.000	19.9612	0.3706	0.4099	0.1140	0.0211	-0.1519	-0.3533	0.7479
140.000	18.4423	0.3300	0.4319	0.1252	0.0196	-0.1570	-0.2109	0.8067
145.000	16.9864	0.2839	0.4446	0.1337	0.0178	-0.1590	-0.0471	0.8437
150.000	15.6363	0.2332	0.4439	0.1378	0.0154	-0.1565	0.1354	0.8512
155.000	14.4300	0.1798	0.4253	0.1357	0.0125	-0.1482	0.3305	0.8209
160.000	13.3999	0.1263	0.3847	0.1255	0.0092	-0.1329	0.5278	0.7453
165.000	12.5724	0.0768	0.3195	0.1061	0.0058	-0.1095	0.7118	0.6202
170.000	11.9673	0.0362	0.2300	0.0774	0.0028	-0.0785	0.8637	0.4469
175.000	11.5988	0.0094	0.1206	0.0409	0.0007	-0.0410	0.9646	0.2345
180.000	11.4750	0.0000	0.0000	0.0000	0.0000	0.0000	1.0000	0.0000
