0.000	2.3345	0.0000	0.0000	0.0000	0.0000	0.0000	1.0000	0.0000
5.000	2.3564	0.0067	0.0073	0.0022	0.0001	-0.0022	0.9703	-0.2416
10.000	2.4212	0.0258	0.0147	0.0041	0.0004	-0.0044	0.8853	-0.4641
15.000	2.5261	0.0544	0.0226	0.0055	0.0009	-0.0064	0.7557	-0.6523
20.000	2.6666	0.0889	0.0312	0.0065	0.0016	-0.0083	0.5956	-0.7977
25.000	2.8373	0.1257	0.0407	0.0071	0.0026	-0.0102	0.4193	-0.8982
30.000	3.0315	0.1618	0.0513	0.0075	0.0039	-0.0120	0.2384	-0.9562
35.000	3.2424	0.1953	0.0634	0.0080	0.0054	-0.0138	0.0616	-0.9767
40.000	3.4630	0.2250	0.0770	0.0088	0.0071	-0.0157	-0.1055	-0.9654
45.000	3.6869	0.2505	0.0923	0.0102	0.0090	-0.0177	-0.2595	-0.9280
50.000	3.9081	0.2716	0.1093	0.0122	0.0110	-0.0199	-0.3985	-0.8690
55.000	4.1214	0.2886	0.1281	0.0150	0.0131	-0.0223	-0.5215	-0.7924
60.000	4.3222	0.3018	0.1485	0.0185	0.0152	-0.0249	-0.6279	-0.7015
65.000	4.5070	0.3115	0.1702	0.0227	0.0172	-0.0279	-0.7175	-0.5989
70.000	4.6725	0.3181	0.1931	0.0276	0.0192	-0.0311	-0.7898	-0.4870
75.000	4.8162	0.3219	0.2168	0.0329	0.0210	-0.0345	-0.8447	-0.3679
80.000	4.9358	0.3229	0.2411	0.0386	0.0226	-0.0382	-0.8820	-0.2435
85.000	5.0296	0.3213	0.2654	0.0445	0.0241	-0.0422	-0.9014	-0.1158
90.000	5.0961	0.3171	0.2894	0.0503	0.0255	-0.0463	-0.9029	0.0134
95.000	5.1346	0.3102	0.3128	0.0560	0.0266	-0.0505	-0.8863	0.1422
100.000	5.1450	0.3008	0.3350	0.0614	0.0275	-0.0549	-0.8515	0.2689
105.000	5.1280	0.2886	0.3556	0.0664	0.0281	-0.0591	-0.7983	0.3913
110.000	5.0851	0.2736	0.3739	0.0708	0.0285	-0.0633	-0.7266	0.5074
115.000	5.0192	0.2560	0.3895	0.0745	0.0285	-0.0671	-0.6366	0.6147
120.000	4.9336	0.2357	0.4014	0.0774	0.0281	-0.0704	-0.5284	0.7102
125.000	4.8328	0.2132	0.4087	0.0793	0.0272	-0.0729	-0.4028	0.7909
130.000	4.7215	0.1886	0.4106	0.0800	0.0258	-0.0745	-0.2612	0.8531
135.000	4.6050	0.1627	0.4059	0.0793	0.0238	-0.0749	-0.1061	0.8931
140.000	4.4882	0.1360	0.3936	0.0771	0.0212	-0.0737	0.0590	0.9073
145.000	4.3757	0.1095	0.3729	0.0732	0.0181	-0.0707	0.2292	0.8925
150.000	4.2717	0.0840	0.3431	0.0675	0.0147	-0.0658	0.3985	0.8464
155.000	4.1794	0.0605	0.3040	0.0599	0.0112	-0.0589	0.5599	0.7684
160.000	4.1013	0.0399	0.2560	0.0506	0.0077	-0.0500	0.7058	0.6593
165.000	4.0392	0.0229	0.1999	0.0395	0.0046	-0.0393	0.8287	0.5222
170.000	3.9942	0.0104	0.1372	0.0272	0.0021	-0.0271	0.9220	0.3620
175.000	3.9670	0.0026	0.0698	0.0138	0.0005	-0.0138	0.9802	0.1853
180.000	3.9579	0.0000	0.0000	0.0000	0.0000	0.0000	1.0000	0.0000
