0.000	10.4341	0.0000	0.0000	0.0000	0.0000	0.0000	1.0000	0.0000
5.000	10.5461	0.0098	-0.0296	0.0059	-0.0006	-0.0062	0.9682	-0.2483
10.000	10.8793	0.0380	-0.0585	0.0091	-0.0022	-0.0118	0.8774	-0.4745
15.000	11.4255	0.0806	-0.0857	0.0081	-0.0045	-0.0163	0.7405	-0.6615
20.000	12.1707	0.1328	-0.1105	0.0022	-0.0071	-0.0195	0.5741	-0.8001
25.000	13.0954	0.1896	-0.1319	-0.0080	-0.0096	-0.0216	0.3948	-0.8890
30.000	14.1741	0.2468	-0.1494	-0.0210	-0.0117	-0.0227	0.2160	-0.9327
35.000	15.3758	0.3015	-0.1622	-0.0352	-0.0134	-0.0233	0.0473	-0.9386
40.000	16.6643	0.3520	-0.1701	-0.0491	-0.0145	-0.0235	-0.1060	-0.9152
45.000	17.9993	0.3972	-0.1729	-0.0612	-0.0152	-0.0239	-0.2413	-0.8701
50.000	19.3368	0.4370	-0.1707	-0.0708	-0.0155	-0.0245	-0.3584	-0.8097
55.000	20.6315	0.4714	-0.1637	-0.0774	-0.0155	-0.0255	-0.4579	-0.7392
60.000	21.8376	0.5007	-0.1521	-0.0807	-0.0153	-0.0271	-0.5415	-0.6622
65.000	22.9114	0.5254	-0.1366	-0.0809	-0.0150	-0.0292	-0.6107	-0.5812
70.000	23.8125	0.5458	-0.1175	-0.0781	-0.0147	-0.0319	-0.6671	-0.4981
75.000	24.5061	0.5623	-0.0953	-0.0728	-0.0142	-0.0353	-0.7122	-0.4138
80.000	24.9641	0.5753	-0.0705	-0.0653	-0.0138	-0.0392	-0.7472	-0.3290
85.000	25.1664	0.5851	-0.0434	-0.0559	-0.0131	-0.0437	-0.7728	-0.2439
90.000	25.1017	0.5919	-0.0143	-0.0451	-0.0124	-0.0489	-0.7898	-0.1585
95.000	24.7680	0.5958	0.0164	-0.0330	-0.0113	-0.0547	-0.7984	-0.0727
100.000	24.1722	0.5968	0.0488	-0.0199	-0.0100	-0.0612	-0.7986	0.0137
105.000	23.3300	0.5949	0.0826	-0.0058	-0.0082	-0.0685	-0.7902	0.1008
110.000	22.2647	0.5899	0.1180	0.0092	-0.0061	-0.0768	-0.7724	0.1888
115.000	21.0069	0.5814	0.1550	0.0251	-0.0035	-0.0860	-0.7444	0.2776
120.000	19.5926	0.5691	0.1935	0.0420	-0.0006	-0.0963	-0.7046	0.3670
125.000	18.0625	0.5522	0.2334	0.0599	0.0026	-0.1077	-0.6512	0.4566
130.000	16.4601	0.5300	0.2743	0.0787	0.0058	-0.1201	-0.5817	0.5452
135.000	14.8312	0.5012	0.3154	0.0981	0.0089	-0.1332	-0.4930	0.6309
140.000	13.2216	0.4648	0.3550	0.1174	0.0116	-0.1463	-0.3816	0.7103
145.000	11.6765	0.4192	0.3903	0.1355	0.0135	-0.1583	-0.2437	0.7782
150.000	10.2391	0.3635	0.4169	0.1505	0.0142	-0.1675	-0.0763	0.8263
155.000	8.9491	0.2972	0.4280	0.1594	0.0136	-0.1710	0.1213	0.8424
160.000	7.8421	0.2223	0.4149	0.1584	0.0115	-0.1654	0.3440	0.8110
165.000	6.9483	0.1437	0.3680	0.1431	0.0081	-0.1465	0.5763	0.7147
170.000	6.2920	0.0715	0.2800	0.1103	0.0043	-0.1115	0.7895	0.5412
175.000	5.8910	0.0192	0.1526	0.0606	0.0012	-0.0607	0.9434	0.2939
180.000	5.7561	0.0000	0.0001	0.0001	0.0000	-0.0001	1.0000	0.0001
