0.000	12.4599	0.0000	0.0000	0.0000	0.0000	0.0000	1.0000	0.0000
5.000	12.6065	0.0105	-0.0327	-0.0035	0.0003	0.0032	0.9667	-0.2535
10.000	13.0417	0.0405	-0.0638	-0.0085	0.0014	0.0060	0.8723	-0.4831
15.000	13.7512	0.0853	-0.0916	-0.0159	0.0030	0.0082	0.7310	-0.6710
20.000	14.7120	0.1391	-0.1150	-0.0256	0.0053	0.0095	0.5608	-0.8083
25.000	15.8931	0.1966	-0.1334	-0.0372	0.0081	0.0098	0.3792	-0.8950
30.000	17.2561	0.2533	-0.1463	-0.0493	0.0112	0.0090	0.1995	-0.9364
35.000	18.7571	0.3065	-0.1536	-0.0609	0.0145	0.0070	0.0306	-0.9407
40.000	20.3475	0.3546	-0.1552	-0.0708	0.0177	0.0038	-0.1225	-0.9164
45.000	21.9763	0.3970	-0.1513	-0.0783	0.0208	-0.0004	-0.2579	-0.8710
50.000	23.5909	0.4336	-0.1423	-0.0829	0.0235	-0.0057	-0.3754	-0.8106
55.000	25.1394	0.4648	-0.1286	-0.0844	0.0256	-0.0120	-0.4760	-0.7397
60.000	26.5718	0.4909	-0.1106	-0.0828	0.0270	-0.0191	-0.5609	-0.6618
65.000	27.8417	0.5124	-0.0888	-0.0785	0.0277	-0.0269	-0.6315	-0.5792
70.000	28.9076	0.5297	-0.0640	-0.0719	0.0275	-0.0354	-0.6891	-0.4936
75.000	29.7340	0.5433	-0.0366	-0.0632	0.0267	-0.0443	-0.7349	-0.4059
80.000	30.2929	0.5534	-0.0071	-0.0531	0.0251	-0.0536	-0.7699	-0.3168
85.000	30.5640	0.5602	0.0240	-0.0419	0.0230	-0.0631	-0.7946	-0.2268
90.000	30.5360	0.5640	0.0564	-0.0299	0.0205	-0.0728	-0.8096	-0.1359
95.000	30.2065	0.5647	0.0898	-0.0174	0.0177	-0.0827	-0.8150	-0.0444
100.000	29.5826	0.5624	0.1241	-0.0045	0.0149	-0.0926	-0.8107	0.0478
105.000	28.6804	0.5570	0.1593	0.0088	0.0122	-0.1025	-0.7963	0.1406
110.000	27.5248	0.5482	0.1954	0.0226	0.0098	-0.1126	-0.7709	0.2339
115.000	26.1486	0.5356	0.2325	0.0370	0.0077	-0.1227	-0.7336	0.3272
120.000	24.5917	0.5190	0.2704	0.0522	0.0062	-0.1329	-0.6828	0.4199
125.000	22.8999	0.4976	0.3090	0.0682	0.0051	-0.1430	-0.6165	0.5109
130.000	21.1228	0.4708	0.3474	0.0849	0.0046	-0.1529	-0.5323	0.5984
135.000	19.3128	0.4378	0.3843	0.1019	0.0044	-0.1620	-0.4278	0.6795
140.000	17.5228	0.3979	0.4176	0.1186	0.0044	-0.1696	-0.3002	0.7499
145.000	15.8047	0.3506	0.4438	0.1334	0.0045	-0.1747	-0.1477	0.8035
150.000	14.2076	0.2958	0.4581	0.1445	0.0045	-0.1757	0.0299	0.8317
155.000	12.7761	0.2346	0.4541	0.1490	0.0041	-0.1704	0.2294	0.8242
160.000	11.5496	0.1697	0.4247	0.1439	0.0034	-0.1567	0.4417	0.7693
165.000	10.5609	0.1062	0.3638	0.1263	0.0023	-0.1325	0.6504	0.6571
170.000	9.8360	0.0513	0.2686	0.0949	0.0012	-0.0970	0.8310	0.4840
175.000	9.3936	0.0135	0.1433	0.0512	0.0003	-0.0514	0.9554	0.2577
180.000	9.2448	0.0000	0.0000	0.0001	0.0000	-0.0001	1.0000	0.0000
