0.000	0.0795	0.0000	0.0000	0.0000	0.0000	0.0000	1.0000	0.0000
5.000	0.0796	0.0000	0.0479	0.0004	-0.0001	-0.0004	0.9853	-0.1643
10.000	0.0798	-0.0001	0.0953	0.0006	-0.0005	-0.0005	0.9416	-0.3231
15.000	0.0801	-0.0005	0.1418	0.0007	-0.0010	-0.0003	0.8706	-0.4711
20.000	0.0806	-0.0013	0.1870	0.0004	-0.0016	0.0004	0.7750	-0.6037
25.000	0.0812	-0.0027	0.2304	-0.0002	-0.0022	0.0018	0.6582	-0.7167
30.000	0.0819	-0.0051	0.2718	-0.0012	-0.0027	0.0037	0.5243	-0.8070
35.000	0.0827	-0.0084	0.3108	-0.0025	-0.0029	0.0062	0.3779	-0.8721
40.000	0.0836	-0.0128	0.3473	-0.0040	-0.0028	0.0091	0.2235	-0.9106
45.000	0.0845	-0.0183	0.3812	-0.0056	-0.0023	0.0124	0.0660	-0.9219
50.000	0.0854	-0.0246	0.4123	-0.0074	-0.0015	0.0157	-0.0901	-0.9062
55.000	0.0864	-0.0316	0.4405	-0.0090	-0.0004	0.0190	-0.2405	-0.8642
60.000	0.0873	-0.0388	0.4659	-0.0105	0.0011	0.0221	-0.3812	-0.7974
65.000	0.0882	-0.0460	0.4882	-0.0118	0.0028	0.0248	-0.5082	-0.7076
70.000	0.0891	-0.0528	0.5074	-0.0128	0.0046	0.0271	-0.6182	-0.5975
75.000	0.0899	-0.0587	0.5233	-0.0135	0.0066	0.0287	-0.7080	-0.4700
80.000	0.0908	-0.0637	0.5356	-0.0139	0.0085	0.0297	-0.7748	-0.3287
85.000	0.0916	-0.0673	0.5441	-0.0139	0.0104	0.0301	-0.8167	-0.1777
90.000	0.0925	-0.0695	0.5488	-0.0137	0.0121	0.0297	-0.8323	-0.0216
95.000	0.0933	-0.0703	0.5495	-0.0132	0.0136	0.0288	-0.8210	0.1350
100.000	0.0941	-0.0695	0.5461	-0.0124	0.0149	0.0272	-0.7833	0.2873
105.000	0.0949	-0.0675	0.5387	-0.0114	0.0157	0.0252	-0.7203	0.4309
110.000	0.0956	-0.0642	0.5272	-0.0103	0.0162	0.0227	-0.6339	0.5616
115.000	0.0962	-0.0599	0.5119	-0.0091	0.0163	0.0200	-0.5266	0.6757
120.000	0.0967	-0.0547	0.4926	-0.0078	0.0160	0.0171	-0.4014	0.7699
125.000	0.0971	-0.0489	0.4696	-0.0064	0.0152	0.0142	-0.2616	0.8416
130.000	0.0974	-0.0427	0.4427	-0.0051	0.0141	0.0113	-0.1110	0.8886
135.000	0.0976	-0.0363	0.4122	-0.0038	0.0127	0.0086	0.0463	0.9091
140.000	0.0977	-0.0299	0.3779	-0.0026	0.0110	0.0061	0.2058	0.9021
145.000	0.0977	-0.0237	0.3400	-0.0016	0.0092	0.0040	0.3627	0.8673
150.000	0.0977	-0.0180	0.2987	-0.0008	0.0072	0.0023	0.5122	0.8050
155.000	0.0977	-0.0128	0.2542	-0.0001	0.0053	0.0011	0.6492	0.7168
160.000	0.0977	-0.0083	0.2069	0.0003	0.0036	0.0002	0.7689	0.6049
165.000	0.0976	-0.0048	0.1574	0.0004	0.0021	-0.0002	0.8671	0.4727
170.000	0.0976	-0.0021	0.1059	0.0004	0.0010	-0.0003	0.9400	0.3244
175.000	0.0976	-0.0005	0.0533	0.0002	0.0002	-0.0002	0.9848	0.1651
180.000	0.0976	0.0000	0.0000	-0.0001	0.0000	0.0001	1.0000	0.0000
