0.000	0.0186	0.0000	0.0000	0.0000	0.0000	0.0000	1.0000	0.0000
5.000	0.0187	-0.0006	0.1024	-0.0005	-0.0002	0.0005	0.9734	-0.2050
10.000	0.0190	-0.0023	0.2008	-0.0011	-0.0009	0.0011	0.8961	-0.3959
15.000	0.0195	-0.0050	0.2914	-0.0018	-0.0019	0.0018	0.7751	-0.5606
20.000	0.0203	-0.0085	0.3718	-0.0025	-0.0032	0.0026	0.6206	-0.6903
25.000	0.0212	-0.0126	0.4403	-0.0034	-0.0047	0.0035	0.4443	-0.7801
30.000	0.0223	-0.0171	0.4967	-0.0044	-0.0063	0.0045	0.2578	-0.8286
35.000	0.0235	-0.0216	0.5411	-0.0055	-0.0079	0.0056	0.0714	-0.8376
40.000	0.0248	-0.0262	0.5747	-0.0067	-0.0094	0.0069	-0.1065	-0.8109
45.000	0.0263	-0.0305	0.5987	-0.0080	-0.0107	0.0082	-0.2697	-0.7535
50.000	0.0279	-0.0345	0.6145	-0.0093	-0.0119	0.0096	-0.4138	-0.6707
55.000	0.0295	-0.0382	0.6234	-0.0106	-0.0129	0.0109	-0.5361	-0.5678
60.000	0.0311	-0.0414	0.6265	-0.0119	-0.0137	0.0123	-0.6349	-0.4499
65.000	0.0328	-0.0440	0.6250	-0.0132	-0.0143	0.0137	-0.7098	-0.3214
70.000	0.0344	-0.0462	0.6197	-0.0145	-0.0147	0.0150	-0.7608	-0.1864
75.000	0.0360	-0.0478	0.6111	-0.0157	-0.0148	0.0162	-0.7884	-0.0485
80.000	0.0376	-0.0488	0.5999	-0.0169	-0.0148	0.0173	-0.7934	0.0891
85.000	0.0390	-0.0493	0.5865	-0.0179	-0.0146	0.0184	-0.7768	0.2235
90.000	0.0404	-0.0491	0.5709	-0.0188	-0.0143	0.0193	-0.7398	0.3523
95.000	0.0417	-0.0483	0.5535	-0.0196	-0.0137	0.0200	-0.6837	0.4728
100.000	0.0429	-0.0470	0.5344	-0.0202	-0.0131	0.0206	-0.6101	0.5829
105.000	0.0440	-0.0451	0.5136	-0.0206	-0.0123	0.0210	-0.5206	0.6805
110.000	0.0450	-0.0426	0.4910	-0.0208	-0.0114	0.0212	-0.4170	0.7636
115.000	0.0458	-0.0397	0.4667	-0.0209	-0.0105	0.0212	-0.3015	0.8304
120.000	0.0466	-0.0364	0.4407	-0.0206	-0.0094	0.0209	-0.1764	0.8793
125.000	0.0472	-0.0327	0.4129	-0.0202	-0.0083	0.0204	-0.0442	0.9091
130.000	0.0477	-0.0287	0.3833	-0.0195	-0.0072	0.0196	0.0922	0.9186
135.000	0.0481	-0.0246	0.3518	-0.0185	-0.0061	0.0186	0.2297	0.9071
140.000	0.0485	-0.0205	0.3184	-0.0173	-0.0050	0.0174	0.3653	0.8745
145.000	0.0488	-0.0164	0.2833	-0.0158	-0.0040	0.0158	0.4955	0.8210
150.000	0.0490	-0.0126	0.2465	-0.0140	-0.0030	0.0141	0.6169	0.7473
155.000	0.0492	-0.0090	0.2081	-0.0121	-0.0022	0.0121	0.7264	0.6550
160.000	0.0493	-0.0059	0.1683	-0.0099	-0.0014	0.0100	0.8208	0.5459
165.000	0.0494	-0.0034	0.1273	-0.0076	-0.0008	0.0076	0.8973	0.4226
170.000	0.0494	-0.0015	0.0854	-0.0051	-0.0004	0.0052	0.9538	0.2882
175.000	0.0494	-0.0004	0.0429	-0.0026	-0.0001	0.0026	0.9883	0.1460
180.000	0.0494	0.0000	0.0000	-0.0001	0.0000	0.0001	1.0000	0.0000
