0.000	3.9677	0.0000	0.0000	0.0000	0.0000	0.0000	1.0000	0.0000
5.000	4.0089	0.0080	-0.0047	0.0006	0.0000	-0.0006	0.9692	-0.2462
10.000	4.1308	0.0308	-0.0086	0.0009	-0.0001	-0.0013	0.8812	-0.4716
15.000	4.3286	0.0649	-0.0108	0.0009	-0.0001	-0.0021	0.7481	-0.6604
20.000	4.5943	0.1059	-0.0110	0.0005	0.0001	-0.0029	0.5851	-0.8039
25.000	4.9176	0.1494	-0.0089	-0.0001	0.0005	-0.0040	0.4076	-0.9008
30.000	5.2866	0.1921	-0.0042	-0.0007	0.0011	-0.0051	0.2275	-0.9546
35.000	5.6881	0.2318	0.0029	-0.0010	0.0020	-0.0065	0.0535	-0.9713
40.000	6.1087	0.2671	0.0125	-0.0007	0.0033	-0.0080	-0.1093	-0.9573
45.000	6.5352	0.2975	0.0246	0.0004	0.0048	-0.0097	-0.2580	-0.9188
50.000	6.9554	0.3230	0.0390	0.0023	0.0067	-0.0116	-0.3914	-0.8607
55.000	7.3579	0.3438	0.0556	0.0053	0.0087	-0.0138	-0.5091	-0.7870
60.000	7.7330	0.3603	0.0743	0.0092	0.0109	-0.0162	-0.6111	-0.7007
65.000	8.0723	0.3729	0.0949	0.0141	0.0133	-0.0190	-0.6975	-0.6043
70.000	8.3687	0.3818	0.1171	0.0199	0.0157	-0.0221	-0.7684	-0.4997
75.000	8.6165	0.3875	0.1407	0.0264	0.0183	-0.0255	-0.8239	-0.3886
80.000	8.8114	0.3901	0.1654	0.0335	0.0208	-0.0293	-0.8638	-0.2725
85.000	8.9502	0.3897	0.1909	0.0410	0.0234	-0.0335	-0.8879	-0.1526
90.000	9.0309	0.3863	0.2167	0.0488	0.0259	-0.0381	-0.8962	-0.0305
95.000	9.0529	0.3801	0.2425	0.0565	0.0283	-0.0431	-0.8881	0.0926
100.000	9.0170	0.3709	0.2679	0.0641	0.0305	-0.0485	-0.8632	0.2151
105.000	8.9257	0.3587	0.2924	0.0713	0.0325	-0.0541	-0.8212	0.3355
110.000	8.7830	0.3434	0.3154	0.0780	0.0341	-0.0600	-0.7614	0.4519
115.000	8.5945	0.3248	0.3364	0.0841	0.0352	-0.0658	-0.6834	0.5620
120.000	8.3676	0.3031	0.3544	0.0892	0.0358	-0.0715	-0.5868	0.6631
125.000	8.1108	0.2782	0.3687	0.0932	0.0356	-0.0767	-0.4716	0.7522
130.000	7.8338	0.2505	0.3780	0.0958	0.0346	-0.0810	-0.3383	0.8254
135.000	7.5465	0.2202	0.3812	0.0968	0.0327	-0.0841	-0.1885	0.8786
140.000	7.2591	0.1879	0.3770	0.0957	0.0298	-0.0855	-0.0246	0.9072
145.000	6.9816	0.1545	0.3639	0.0924	0.0260	-0.0846	0.1491	0.9068
150.000	6.7228	0.1211	0.3409	0.0866	0.0215	-0.0810	0.3267	0.8734
155.000	6.4908	0.0891	0.3071	0.0780	0.0166	-0.0744	0.5006	0.8046
160.000	6.2923	0.0598	0.2625	0.0666	0.0116	-0.0647	0.6620	0.6996
165.000	6.1325	0.0350	0.2076	0.0527	0.0070	-0.0518	0.8011	0.5603
170.000	6.0157	0.0160	0.1438	0.0365	0.0033	-0.0362	0.9086	0.3917
175.000	5.9445	0.0041	0.0736	0.0187	0.0008	-0.0186	0.9767	0.2016
180.000	5.9206	0.0000	0.0000	0.0000	0.0000	0.0000	1.0000	0.0000
