0.000	0.7275	0.0000	0.0000	0.0000	0.0000	0.0000	1.0000	0.0000
5.000	0.7322	0.0016	0.0395	0.0025	-0.0002	-0.0024	0.9743	-0.2219
10.000	0.7462	0.0061	0.0779	0.0050	-0.0008	-0.0046	0.8996	-0.4296
15.000	0.7691	0.0132	0.1142	0.0075	-0.0017	-0.0064	0.7832	-0.6111
20.000	0.8003	0.0221	0.1477	0.0101	-0.0027	-0.0076	0.6350	-0.7579
25.000	0.8390	0.0323	0.1782	0.0127	-0.0036	-0.0082	0.4662	-0.8660
30.000	0.8840	0.0429	0.2057	0.0152	-0.0043	-0.0082	0.2872	-0.9346
35.000	0.9344	0.0533	0.2305	0.0176	-0.0047	-0.0077	0.1071	-0.9658
40.000	0.9891	0.0628	0.2529	0.0199	-0.0047	-0.0069	-0.0673	-0.9633
45.000	1.0467	0.0710	0.2732	0.0220	-0.0042	-0.0057	-0.2309	-0.9314
50.000	1.1063	0.0776	0.2918	0.0240	-0.0034	-0.0044	-0.3801	-0.8746
55.000	1.1665	0.0825	0.3091	0.0257	-0.0022	-0.0031	-0.5126	-0.7972
60.000	1.2263	0.0855	0.3252	0.0273	-0.0008	-0.0017	-0.6273	-0.7030
65.000	1.2845	0.0869	0.3402	0.0286	0.0010	-0.0005	-0.7231	-0.5955
70.000	1.3400	0.0868	0.3543	0.0298	0.0028	0.0005	-0.7999	-0.4775
75.000	1.3918	0.0853	0.3675	0.0308	0.0047	0.0013	-0.8572	-0.3518
80.000	1.4390	0.0829	0.3798	0.0316	0.0067	0.0018	-0.8951	-0.2207
85.000	1.4807	0.0797	0.3910	0.0322	0.0086	0.0019	-0.9134	-0.0862
90.000	1.5165	0.0759	0.4011	0.0325	0.0103	0.0017	-0.9121	0.0495
95.000	1.5458	0.0716	0.4098	0.0326	0.0120	0.0012	-0.8910	0.1845
100.000	1.5685	0.0669	0.4168	0.0323	0.0134	0.0003	-0.8501	0.3164
105.000	1.5846	0.0618	0.4217	0.0318	0.0145	-0.0009	-0.7893	0.4428
110.000	1.5945	0.0564	0.4242	0.0309	0.0154	-0.0023	-0.7090	0.5611
115.000	1.5986	0.0506	0.4238	0.0297	0.0159	-0.0038	-0.6098	0.6683
120.000	1.5974	0.0445	0.4200	0.0282	0.0160	-0.0054	-0.4926	0.7613
125.000	1.5917	0.0381	0.4122	0.0264	0.0157	-0.0070	-0.3592	0.8367
130.000	1.5821	0.0317	0.4000	0.0243	0.0151	-0.0083	-0.2121	0.8912
135.000	1.5696	0.0254	0.3829	0.0221	0.0140	-0.0094	-0.0544	0.9219
140.000	1.5547	0.0196	0.3606	0.0197	0.0125	-0.0101	0.1099	0.9261
145.000	1.5385	0.0143	0.3327	0.0172	0.0107	-0.0104	0.2760	0.9017
150.000	1.5218	0.0099	0.2991	0.0147	0.0087	-0.0102	0.4383	0.8476
155.000	1.5055	0.0063	0.2600	0.0122	0.0065	-0.0094	0.5909	0.7637
160.000	1.4906	0.0037	0.2155	0.0097	0.0045	-0.0082	0.7274	0.6515
165.000	1.4778	0.0019	0.1663	0.0073	0.0027	-0.0066	0.8416	0.5138
170.000	1.4681	0.0008	0.1132	0.0048	0.0012	-0.0046	0.9279	0.3551
175.000	1.4620	0.0002	0.0573	0.0024	0.0003	-0.0024	0.9817	0.1815
180.000	1.4599	0.0000	0.0000	0.0000	0.0000	0.0000	1.0000	0.0000
