0.000	5.9907	0.0000	0.0000	0.0000	0.0000	0.0000	1.0000	0.0000
5.000	6.0272	0.0074	-0.0260	0.0103	-0.0005	-0.0106	0.9771	-0.2110
10.000	6.1369	0.0291	-0.0524	0.0184	-0.0021	-0.0209	0.9104	-0.4091
15.000	6.3198	0.0633	-0.0794	0.0225	-0.0049	-0.0306	0.8058	-0.5830
20.000	6.5755	0.1075	-0.1068	0.0218	-0.0095	-0.0394	0.6719	-0.7242
25.000	6.9025	0.1588	-0.1338	0.0162	-0.0159	-0.0468	0.5187	-0.8280
30.000	7.2976	0.2138	-0.1593	0.0064	-0.0242	-0.0527	0.3566	-0.8936
35.000	7.7547	0.2697	-0.1821	-0.0063	-0.0344	-0.0568	0.1945	-0.9230
40.000	8.2645	0.3240	-0.2013	-0.0205	-0.0460	-0.0589	0.0398	-0.9208
45.000	8.8140	0.3748	-0.2160	-0.0348	-0.0585	-0.0591	-0.1027	-0.8925
50.000	9.3866	0.4212	-0.2258	-0.0481	-0.0713	-0.0575	-0.2300	-0.8442
55.000	9.9619	0.4623	-0.2306	-0.0596	-0.0839	-0.0542	-0.3410	-0.7813
60.000	10.5171	0.4982	-0.2306	-0.0688	-0.0956	-0.0496	-0.4357	-0.7085
65.000	11.0272	0.5289	-0.2263	-0.0755	-0.1061	-0.0439	-0.5150	-0.6295
70.000	11.4672	0.5550	-0.2179	-0.0798	-0.1150	-0.0375	-0.5803	-0.5472
75.000	11.8128	0.5769	-0.2061	-0.0818	-0.1219	-0.0307	-0.6330	-0.4635
80.000	12.0426	0.5952	-0.1912	-0.0817	-0.1267	-0.0238	-0.6745	-0.3798
85.000	12.1393	0.6103	-0.1736	-0.0796	-0.1293	-0.0171	-0.7062	-0.2967
90.000	12.0909	0.6228	-0.1534	-0.0757	-0.1295	-0.0110	-0.7289	-0.2148
95.000	11.8915	0.6329	-0.1309	-0.0701	-0.1274	-0.0058	-0.7437	-0.1341
100.000	11.5422	0.6409	-0.1058	-0.0626	-0.1229	-0.0021	-0.7509	-0.0546
105.000	11.0505	0.6469	-0.0782	-0.0534	-0.1161	-0.0000	-0.7511	0.0239
110.000	10.4301	0.6510	-0.0477	-0.0421	-0.1071	-0.0002	-0.7442	0.1018
115.000	9.7001	0.6529	-0.0140	-0.0287	-0.0962	-0.0031	-0.7300	0.1794
120.000	8.8836	0.6522	0.0233	-0.0128	-0.0834	-0.0092	-0.7078	0.2572
125.000	8.0068	0.6484	0.0645	0.0057	-0.0693	-0.0190	-0.6766	0.3355
130.000	7.0974	0.6403	0.1102	0.0272	-0.0541	-0.0329	-0.6345	0.4147
135.000	6.1831	0.6266	0.1604	0.0517	-0.0386	-0.0513	-0.5788	0.4951
140.000	5.2909	0.6054	0.2149	0.0791	-0.0233	-0.0743	-0.5057	0.5760
145.000	4.4459	0.5737	0.2728	0.1090	-0.0092	-0.1014	-0.4094	0.6559
150.000	3.6705	0.5282	0.3313	0.1399	0.0027	-0.1314	-0.2824	0.7307
155.000	2.9838	0.4642	0.3845	0.1689	0.0114	-0.1610	-0.1153	0.7911
160.000	2.4017	0.3777	0.4209	0.1904	0.0156	-0.1842	0.1008	0.8198
165.000	1.9368	0.2682	0.4210	0.1943	0.0148	-0.1906	0.3661	0.7861
170.000	1.5984	0.1463	0.3577	0.1674	0.0096	-0.1660	0.6561	0.6485
175.000	1.3929	0.0423	0.2115	0.0998	0.0030	-0.0996	0.9009	0.3767
180.000	1.3239	0.0000	0.0001	0.0001	0.0000	-0.0001	1.0000	0.0001
