0.000	9.8223	0.0000	0.0000	0.0000	0.0000	0.0000	1.0000	0.0000
5.000	9.9433	0.0098	-0.0282	-0.0024	-0.0008	0.0024	0.9657	-0.2580
10.000	10.3019	0.0374	-0.0536	-0.0047	-0.0031	0.0049	0.8685	-0.4913
15.000	10.8854	0.0785	-0.0743	-0.0067	-0.0065	0.0073	0.7235	-0.6817
20.000	11.6733	0.1276	-0.0891	-0.0083	-0.0103	0.0097	0.5498	-0.8206
25.000	12.6378	0.1794	-0.0978	-0.0093	-0.0139	0.0120	0.3651	-0.9081
30.000	13.7460	0.2301	-0.1008	-0.0095	-0.0171	0.0142	0.1828	-0.9503
35.000	14.9602	0.2772	-0.0988	-0.0090	-0.0194	0.0162	0.0117	-0.9554
40.000	16.2402	0.3194	-0.0924	-0.0075	-0.0209	0.0179	-0.1437	-0.9317
45.000	17.5446	0.3563	-0.0824	-0.0050	-0.0213	0.0193	-0.2817	-0.8866
50.000	18.8321	0.3880	-0.0691	-0.0015	-0.0207	0.0203	-0.4023	-0.8258
55.000	20.0633	0.4147	-0.0529	0.0030	-0.0192	0.0208	-0.5064	-0.7536
60.000	21.2015	0.4370	-0.0342	0.0086	-0.0167	0.0206	-0.5950	-0.6732
65.000	22.2138	0.4552	-0.0132	0.0151	-0.0134	0.0198	-0.6694	-0.5867
70.000	23.0719	0.4696	0.0099	0.0225	-0.0093	0.0181	-0.7307	-0.4955
75.000	23.7528	0.4806	0.0349	0.0307	-0.0045	0.0155	-0.7796	-0.4008
80.000	24.2390	0.4885	0.0618	0.0396	0.0009	0.0119	-0.8168	-0.3032
85.000	24.5188	0.4932	0.0902	0.0491	0.0068	0.0072	-0.8424	-0.2032
90.000	24.5867	0.4949	0.1200	0.0591	0.0131	0.0012	-0.8566	-0.1012
95.000	24.4429	0.4936	0.1510	0.0695	0.0197	-0.0060	-0.8591	0.0024
100.000	24.0938	0.4891	0.1829	0.0800	0.0264	-0.0144	-0.8493	0.1071
105.000	23.5511	0.4812	0.2155	0.0907	0.0329	-0.0242	-0.8267	0.2126
110.000	22.8323	0.4698	0.2482	0.1012	0.0391	-0.0352	-0.7900	0.3178
115.000	21.9594	0.4546	0.2807	0.1115	0.0447	-0.0474	-0.7381	0.4219
120.000	20.9589	0.4351	0.3122	0.1213	0.0495	-0.0604	-0.6695	0.5231
125.000	19.8610	0.4111	0.3416	0.1302	0.0530	-0.0739	-0.5827	0.6192
130.000	18.6985	0.3822	0.3679	0.1379	0.0550	-0.0874	-0.4761	0.7073
135.000	17.5060	0.3481	0.3893	0.1438	0.0551	-0.1001	-0.3487	0.7831
140.000	16.3190	0.3088	0.4038	0.1472	0.0531	-0.1111	-0.2001	0.8414
145.000	15.1725	0.2647	0.4087	0.1473	0.0489	-0.1191	-0.0315	0.8758
150.000	14.1004	0.2166	0.4010	0.1431	0.0426	-0.1226	0.1539	0.8788
155.000	13.1342	0.1662	0.3779	0.1338	0.0344	-0.1203	0.3492	0.8426
160.000	12.3022	0.1163	0.3366	0.1184	0.0251	-0.1106	0.5438	0.7607
165.000	11.6287	0.0705	0.2759	0.0965	0.0157	-0.0929	0.7231	0.6297
170.000	11.1332	0.0332	0.1966	0.0685	0.0076	-0.0674	0.8696	0.4518
175.000	10.8300	0.0086	0.1025	0.0356	0.0020	-0.0355	0.9662	0.2364
180.000	10.7279	-0.0000	0.0000	0.0000	0.0000	-0.0000	1.0000	0.0000
