0.000	2.6845	0.0000	0.0000	0.0000	0.0000	0.0000	1.0000	0.0000
5.000	2.7161	0.0076	0.0070	0.0062	-0.0009	-0.0061	0.9659	-0.2589
10.000	2.8098	0.0292	0.0143	0.0121	-0.0034	-0.0115	0.8689	-0.4939
15.000	2.9627	0.0613	0.0221	0.0175	-0.0070	-0.0157	0.7236	-0.6872
20.000	3.1698	0.0997	0.0306	0.0223	-0.0111	-0.0184	0.5483	-0.8298
25.000	3.4246	0.1402	0.0398	0.0266	-0.0151	-0.0197	0.3605	-0.9213
30.000	3.7191	0.1797	0.0499	0.0304	-0.0186	-0.0197	0.1741	-0.9670
35.000	4.0440	0.2162	0.0607	0.0338	-0.0213	-0.0189	-0.0020	-0.9746
40.000	4.3895	0.2484	0.0722	0.0370	-0.0230	-0.0174	-0.1629	-0.9524
45.000	4.7452	0.2759	0.0845	0.0400	-0.0237	-0.0156	-0.3063	-0.9076
50.000	5.1004	0.2988	0.0976	0.0429	-0.0233	-0.0138	-0.4320	-0.8460
55.000	5.4449	0.3171	0.1114	0.0459	-0.0221	-0.0121	-0.5408	-0.7720
60.000	5.7690	0.3314	0.1260	0.0488	-0.0200	-0.0106	-0.6336	-0.6889
65.000	6.0638	0.3420	0.1415	0.0518	-0.0171	-0.0095	-0.7118	-0.5989
70.000	6.3215	0.3491	0.1577	0.0549	-0.0136	-0.0089	-0.7762	-0.5035
75.000	6.5356	0.3531	0.1747	0.0581	-0.0095	-0.0090	-0.8277	-0.4038
80.000	6.7009	0.3542	0.1925	0.0614	-0.0050	-0.0096	-0.8666	-0.3003
85.000	6.8141	0.3526	0.2110	0.0646	-0.0002	-0.0110	-0.8931	-0.1938
90.000	6.8731	0.3485	0.2302	0.0679	0.0048	-0.0131	-0.9071	-0.0845
95.000	6.8776	0.3420	0.2499	0.0712	0.0098	-0.0160	-0.9080	0.0271
100.000	6.8288	0.3332	0.2699	0.0744	0.0148	-0.0196	-0.8952	0.1402
105.000	6.7296	0.3219	0.2900	0.0775	0.0195	-0.0240	-0.8676	0.2540
110.000	6.5841	0.3084	0.3096	0.0803	0.0237	-0.0290	-0.8241	0.3674
115.000	6.3977	0.2924	0.3284	0.0828	0.0273	-0.0345	-0.7632	0.4786
120.000	6.1770	0.2740	0.3456	0.0848	0.0302	-0.0404	-0.6837	0.5854
125.000	5.9293	0.2532	0.3604	0.0861	0.0321	-0.0464	-0.5842	0.6847
130.000	5.6629	0.2300	0.3716	0.0867	0.0328	-0.0521	-0.4641	0.7729
135.000	5.3864	0.2045	0.3779	0.0862	0.0324	-0.0571	-0.3232	0.8450
140.000	5.1086	0.1770	0.3778	0.0844	0.0306	-0.0610	-0.1625	0.8956
145.000	4.8382	0.1479	0.3694	0.0809	0.0276	-0.0632	0.0152	0.9183
150.000	4.5839	0.1180	0.3510	0.0756	0.0234	-0.0631	0.2046	0.9068
155.000	4.3536	0.0884	0.3210	0.0681	0.0185	-0.0601	0.3981	0.8552
160.000	4.1545	0.0604	0.2784	0.0583	0.0132	-0.0538	0.5848	0.7597
165.000	3.9928	0.0359	0.2230	0.0463	0.0081	-0.0442	0.7516	0.6198
170.000	3.8736	0.0166	0.1562	0.0322	0.0038	-0.0315	0.8844	0.4395
175.000	3.8005	0.0043	0.0805	0.0165	0.0010	-0.0164	0.9703	0.2282
180.000	3.7759	0.0000	0.0000	0.0000	0.0000	0.0000	1.0000	0.0000
