0.000	0.1326	0.0000	0.0000	0.0000	0.0000	0.0000	1.0000	0.0000
5.000	0.1330	-0.0017	0.0640	-0.0031	-0.0003	0.0031	0.9795	-0.1908
10.000	0.1344	-0.0069	0.1265	-0.0062	-0.0011	0.0062	0.9194	-0.3724
15.000	0.1367	-0.0150	0.1862	-0.0092	-0.0024	0.0094	0.8231	-0.5363
20.000	0.1398	-0.0258	0.2418	-0.0122	-0.0042	0.0126	0.6962	-0.6754
25.000	0.1438	-0.0384	0.2924	-0.0150	-0.0061	0.0158	0.5457	-0.7844
30.000	0.1486	-0.0522	0.3373	-0.0177	-0.0082	0.0189	0.3793	-0.8599
35.000	0.1541	-0.0665	0.3763	-0.0203	-0.0103	0.0220	0.2049	-0.9010
40.000	0.1602	-0.0806	0.4095	-0.0226	-0.0122	0.0249	0.0299	-0.9081
45.000	0.1669	-0.0940	0.4369	-0.0248	-0.0140	0.0277	-0.1394	-0.8835
50.000	0.1739	-0.1062	0.4592	-0.0268	-0.0156	0.0303	-0.2976	-0.8300
55.000	0.1813	-0.1170	0.4766	-0.0286	-0.0169	0.0328	-0.4405	-0.7514
60.000	0.1887	-0.1262	0.4898	-0.0304	-0.0179	0.0350	-0.5650	-0.6514
65.000	0.1963	-0.1338	0.4991	-0.0320	-0.0186	0.0372	-0.6687	-0.5340
70.000	0.2038	-0.1398	0.5049	-0.0336	-0.0190	0.0391	-0.7499	-0.4030
75.000	0.2112	-0.1442	0.5075	-0.0351	-0.0191	0.0409	-0.8075	-0.2624
80.000	0.2185	-0.1471	0.5071	-0.0366	-0.0190	0.0426	-0.8408	-0.1158
85.000	0.2256	-0.1484	0.5038	-0.0380	-0.0186	0.0440	-0.8499	0.0328
90.000	0.2325	-0.1482	0.4978	-0.0392	-0.0179	0.0452	-0.8349	0.1799
95.000	0.2391	-0.1463	0.4892	-0.0403	-0.0171	0.0461	-0.7968	0.3218
100.000	0.2453	-0.1428	0.4781	-0.0412	-0.0161	0.0467	-0.7368	0.4554
105.000	0.2511	-0.1376	0.4647	-0.0418	-0.0149	0.0469	-0.6565	0.5774
110.000	0.2563	-0.1307	0.4490	-0.0420	-0.0137	0.0466	-0.5578	0.6852
115.000	0.2610	-0.1220	0.4310	-0.0418	-0.0124	0.0459	-0.4430	0.7763
120.000	0.2651	-0.1117	0.4107	-0.0412	-0.0110	0.0447	-0.3145	0.8482
125.000	0.2685	-0.1001	0.3881	-0.0400	-0.0096	0.0429	-0.1751	0.8991
130.000	0.2715	-0.0875	0.3630	-0.0383	-0.0083	0.0407	-0.0281	0.9271
135.000	0.2739	-0.0742	0.3355	-0.0360	-0.0069	0.0379	0.1230	0.9309
140.000	0.2759	-0.0609	0.3055	-0.0333	-0.0057	0.0347	0.2743	0.9097
145.000	0.2776	-0.0480	0.2731	-0.0300	-0.0045	0.0310	0.4214	0.8634
150.000	0.2791	-0.0360	0.2385	-0.0264	-0.0034	0.0271	0.5599	0.7926
155.000	0.2803	-0.0254	0.2019	-0.0225	-0.0024	0.0229	0.6854	0.6991
160.000	0.2814	-0.0164	0.1635	-0.0182	-0.0016	0.0184	0.7939	0.5854
165.000	0.2823	-0.0093	0.1238	-0.0138	-0.0009	0.0139	0.8820	0.4545
170.000	0.2829	-0.0041	0.0831	-0.0093	-0.0004	0.0093	0.9469	0.3105
175.000	0.2833	-0.0010	0.0417	-0.0047	-0.0001	0.0047	0.9866	0.1576
180.000	0.2835	0.0000	0.0000	0.0000	0.0000	0.0000	1.0000	0.0000
