0.000	10.6932	0.0000	0.0000	0.0000	0.0000	0.0000	1.0000	0.0000
5.000	10.8256	0.0104	-0.0283	-0.0053	0.0004	0.0051	0.9656	-0.2584
10.000	11.2174	0.0397	-0.0545	-0.0113	0.0015	0.0096	0.8682	-0.4917
15.000	11.8525	0.0830	-0.0767	-0.0181	0.0034	0.0130	0.7230	-0.6816
20.000	12.7054	0.1344	-0.0939	-0.0257	0.0059	0.0150	0.5493	-0.8196
25.000	13.7429	0.1881	-0.1057	-0.0337	0.0090	0.0155	0.3646	-0.9063
30.000	14.9257	0.2402	-0.1119	-0.0413	0.0124	0.0146	0.1823	-0.9476
35.000	16.2111	0.2881	-0.1128	-0.0480	0.0161	0.0125	0.0107	-0.9519
40.000	17.5551	0.3306	-0.1087	-0.0531	0.0199	0.0092	-0.1456	-0.9274
45.000	18.9139	0.3674	-0.0999	-0.0562	0.0237	0.0048	-0.2848	-0.8812
50.000	20.2460	0.3985	-0.0867	-0.0570	0.0272	-0.0005	-0.4068	-0.8190
55.000	21.5129	0.4245	-0.0694	-0.0555	0.0304	-0.0067	-0.5120	-0.7449
60.000	22.6799	0.4459	-0.0485	-0.0517	0.0330	-0.0136	-0.6015	-0.6621
65.000	23.7165	0.4631	-0.0244	-0.0457	0.0351	-0.0211	-0.6761	-0.5729
70.000	24.5962	0.4766	0.0025	-0.0379	0.0366	-0.0292	-0.7367	-0.4790
75.000	25.2968	0.4867	0.0316	-0.0286	0.0374	-0.0378	-0.7839	-0.3816
80.000	25.8001	0.4935	0.0624	-0.0180	0.0377	-0.0467	-0.8185	-0.2817
85.000	26.0926	0.4973	0.0946	-0.0067	0.0374	-0.0559	-0.8407	-0.1802
90.000	26.1655	0.4981	0.1278	0.0052	0.0368	-0.0653	-0.8508	-0.0775
95.000	26.0154	0.4959	0.1615	0.0175	0.0358	-0.0749	-0.8490	0.0257
100.000	25.6450	0.4905	0.1957	0.0299	0.0346	-0.0845	-0.8349	0.1291
105.000	25.0638	0.4817	0.2300	0.0424	0.0334	-0.0942	-0.8081	0.2320
110.000	24.2878	0.4693	0.2643	0.0550	0.0321	-0.1039	-0.7679	0.3337
115.000	23.3404	0.4530	0.2982	0.0676	0.0309	-0.1134	-0.7132	0.4335
120.000	22.2509	0.4325	0.3313	0.0802	0.0297	-0.1226	-0.6427	0.5298
125.000	21.0544	0.4073	0.3627	0.0926	0.0285	-0.1313	-0.5547	0.6208
130.000	19.7896	0.3772	0.3914	0.1045	0.0272	-0.1391	-0.4478	0.7035
135.000	18.4976	0.3420	0.4155	0.1153	0.0256	-0.1453	-0.3208	0.7740
140.000	17.2197	0.3019	0.4327	0.1244	0.0237	-0.1493	-0.1731	0.8272
145.000	15.9955	0.2572	0.4400	0.1304	0.0212	-0.1501	-0.0061	0.8569
150.000	14.8615	0.2091	0.4337	0.1321	0.0181	-0.1465	0.1768	0.8559
155.000	13.8498	0.1594	0.4104	0.1279	0.0144	-0.1375	0.3688	0.8170
160.000	12.9872	0.1107	0.3667	0.1165	0.0105	-0.1221	0.5590	0.7344
165.000	12.2953	0.0667	0.3012	0.0972	0.0065	-0.0998	0.7332	0.6055
170.000	11.7902	0.0312	0.2150	0.0701	0.0031	-0.0710	0.8748	0.4330
175.000	11.4828	0.0081	0.1121	0.0368	0.0008	-0.0369	0.9676	0.2261
180.000	11.3796	0.0000	0.0000	0.0000	0.0000	0.0000	1.0000	0.0000
