0.000	12.6300	0.0000	0.0000	0.0000	0.0000	0.0000	1.0000	0.0000
5.000	12.7876	0.0108	-0.0311	-0.0014	-0.0002	0.0011	0.9656	-0.2580
10.000	13.2547	0.0411	-0.0602	-0.0039	-0.0009	0.0022	0.8682	-0.4908
15.000	14.0146	0.0863	-0.0856	-0.0083	-0.0017	0.0029	0.7232	-0.6799
20.000	15.0404	0.1400	-0.1061	-0.0147	-0.0025	0.0034	0.5498	-0.8167
25.000	16.2960	0.1967	-0.1214	-0.0225	-0.0029	0.0034	0.3658	-0.9018
30.000	17.7380	0.2520	-0.1314	-0.0309	-0.0029	0.0030	0.1849	-0.9413
35.000	19.3171	0.3032	-0.1362	-0.0391	-0.0024	0.0021	0.0155	-0.9438
40.000	20.9807	0.3490	-0.1360	-0.0461	-0.0014	0.0008	-0.1378	-0.9180
45.000	22.6743	0.3890	-0.1313	-0.0514	0.0000	-0.0012	-0.2734	-0.8714
50.000	24.3435	0.4233	-0.1222	-0.0545	0.0017	-0.0036	-0.3914	-0.8097
55.000	25.9361	0.4522	-0.1091	-0.0553	0.0036	-0.0066	-0.4926	-0.7375
60.000	27.4031	0.4762	-0.0924	-0.0536	0.0056	-0.0102	-0.5784	-0.6579
65.000	28.7002	0.4959	-0.0723	-0.0496	0.0077	-0.0143	-0.6501	-0.5731
70.000	29.7885	0.5116	-0.0492	-0.0434	0.0098	-0.0190	-0.7087	-0.4848
75.000	30.6357	0.5238	-0.0236	-0.0353	0.0119	-0.0242	-0.7553	-0.3938
80.000	31.2164	0.5327	0.0043	-0.0257	0.0139	-0.0300	-0.7907	-0.3009
85.000	31.5129	0.5386	0.0340	-0.0147	0.0160	-0.0364	-0.8153	-0.2066
90.000	31.5154	0.5414	0.0653	-0.0026	0.0181	-0.0433	-0.8295	-0.1112
95.000	31.2223	0.5413	0.0978	0.0102	0.0202	-0.0509	-0.8333	-0.0149
100.000	30.6406	0.5381	0.1315	0.0237	0.0224	-0.0592	-0.8264	0.0822
105.000	29.7858	0.5318	0.1660	0.0376	0.0246	-0.0682	-0.8084	0.1798
110.000	28.6817	0.5220	0.2011	0.0519	0.0269	-0.0778	-0.7784	0.2776
115.000	27.3597	0.5084	0.2367	0.0664	0.0291	-0.0882	-0.7353	0.3750
120.000	25.8583	0.4906	0.2722	0.0811	0.0312	-0.0991	-0.6776	0.4710
125.000	24.2215	0.4680	0.3072	0.0957	0.0330	-0.1104	-0.6035	0.5642
130.000	22.4980	0.4401	0.3407	0.1100	0.0342	-0.1218	-0.5108	0.6523
135.000	20.7388	0.4062	0.3711	0.1234	0.0347	-0.1327	-0.3974	0.7320
140.000	18.9959	0.3660	0.3963	0.1351	0.0340	-0.1422	-0.2615	0.7984
145.000	17.3203	0.3192	0.4133	0.1438	0.0321	-0.1491	-0.1023	0.8451
150.000	15.7604	0.2662	0.4181	0.1481	0.0287	-0.1518	0.0790	0.8638
155.000	14.3607	0.2085	0.4060	0.1460	0.0239	-0.1484	0.2775	0.8446
160.000	13.1600	0.1488	0.3722	0.1355	0.0180	-0.1368	0.4834	0.7778
165.000	12.1914	0.0919	0.3130	0.1151	0.0115	-0.1157	0.6806	0.6558
170.000	11.4807	0.0439	0.2277	0.0843	0.0057	-0.0845	0.8473	0.4778
175.000	11.0467	0.0115	0.1203	0.0447	0.0015	-0.0447	0.9600	0.2526
180.000	10.9007	0.0000	0.0000	0.0000	0.0000	0.0000	1.0000	0.0000
