0.000	8.0841	0.0000	0.0000	0.0000	0.0000	0.0000	1.0000	0.0000
5.000	8.1905	0.0100	-0.0254	0.0030	-0.0017	-0.0029	0.9639	-0.2648
10.000	8.5060	0.0380	-0.0480	0.0058	-0.0063	-0.0051	0.8621	-0.5030
15.000	9.0200	0.0796	-0.0654	0.0083	-0.0130	-0.0063	0.7110	-0.6955
20.000	9.7151	0.1287	-0.0769	0.0106	-0.0206	-0.0062	0.5315	-0.8335
25.000	10.5681	0.1800	-0.0823	0.0126	-0.0280	-0.0049	0.3423	-0.9181
30.000	11.5506	0.2297	-0.0824	0.0145	-0.0345	-0.0028	0.1576	-0.9564
35.000	12.6304	0.2753	-0.0781	0.0165	-0.0397	0.0000	-0.0141	-0.9574
40.000	13.7721	0.3156	-0.0702	0.0185	-0.0431	0.0032	-0.1685	-0.9303
45.000	14.9392	0.3503	-0.0595	0.0208	-0.0449	0.0064	-0.3044	-0.8829
50.000	16.0945	0.3795	-0.0466	0.0234	-0.0451	0.0095	-0.4223	-0.8209
55.000	17.2020	0.4037	-0.0319	0.0263	-0.0437	0.0123	-0.5234	-0.7488
60.000	18.2277	0.4233	-0.0157	0.0296	-0.0409	0.0145	-0.6092	-0.6697
65.000	19.1406	0.4388	0.0020	0.0335	-0.0369	0.0161	-0.6813	-0.5855
70.000	19.9138	0.4507	0.0211	0.0378	-0.0316	0.0169	-0.7410	-0.4976
75.000	20.5251	0.4592	0.0414	0.0426	-0.0254	0.0168	-0.7892	-0.4067
80.000	20.9575	0.4647	0.0630	0.0480	-0.0183	0.0157	-0.8268	-0.3134
85.000	21.1999	0.4673	0.0858	0.0538	-0.0106	0.0134	-0.8541	-0.2178
90.000	21.2468	0.4672	0.1100	0.0602	-0.0022	0.0098	-0.8711	-0.1201
95.000	21.0987	0.4644	0.1353	0.0671	0.0064	0.0050	-0.8775	-0.0204
100.000	20.7617	0.4588	0.1618	0.0743	0.0152	-0.0013	-0.8729	0.0813
105.000	20.2476	0.4505	0.1894	0.0819	0.0238	-0.0091	-0.8563	0.1846
110.000	19.5730	0.4391	0.2177	0.0898	0.0321	-0.0183	-0.8265	0.2889
115.000	18.7589	0.4244	0.2464	0.0977	0.0397	-0.0288	-0.7819	0.3936
120.000	17.8302	0.4062	0.2749	0.1055	0.0463	-0.0405	-0.7209	0.4971
125.000	16.8148	0.3841	0.3025	0.1129	0.0514	-0.0530	-0.6414	0.5974
130.000	15.7430	0.3577	0.3280	0.1196	0.0549	-0.0659	-0.5414	0.6916
135.000	14.6461	0.3268	0.3499	0.1250	0.0563	-0.0786	-0.4190	0.7756
140.000	13.5563	0.2911	0.3662	0.1286	0.0553	-0.0901	-0.2732	0.8437
145.000	12.5051	0.2508	0.3743	0.1295	0.0517	-0.0993	-0.1041	0.8890
150.000	11.5232	0.2065	0.3712	0.1268	0.0456	-0.1047	0.0856	0.9029
155.000	10.6389	0.1596	0.3535	0.1195	0.0373	-0.1048	0.2897	0.8761
160.000	9.8776	0.1124	0.3182	0.1066	0.0275	-0.0982	0.4974	0.7998
165.000	9.2614	0.0686	0.2632	0.0876	0.0174	-0.0837	0.6922	0.6687
170.000	8.8081	0.0325	0.1890	0.0626	0.0084	-0.0613	0.8540	0.4837
175.000	8.5308	0.0084	0.0990	0.0327	0.0022	-0.0325	0.9620	0.2544
180.000	8.4374	0.0000	0.0000	0.0000	0.0000	0.0000	1.0000	0.0000
