0.000	5.7394	0.0000	0.0000	0.0000	0.0000	0.0000	1.0000	0.0000
5.000	5.7721	0.0071	-0.0243	0.0117	-0.0004	-0.0120	0.9778	-0.2078
10.000	5.8705	0.0280	-0.0492	0.0210	-0.0018	-0.0237	0.9132	-0.4034
15.000	6.0351	0.0611	-0.0753	0.0262	-0.0045	-0.0348	0.8113	-0.5760
20.000	6.2661	0.1042	-0.1023	0.0262	-0.0089	-0.0448	0.6803	-0.7173
25.000	6.5632	0.1545	-0.1296	0.0208	-0.0153	-0.0534	0.5295	-0.8224
30.000	6.9242	0.2089	-0.1560	0.0108	-0.0238	-0.0602	0.3689	-0.8899
35.000	7.3443	0.2645	-0.1803	-0.0026	-0.0343	-0.0650	0.2075	-0.9214
40.000	7.8156	0.3189	-0.2012	-0.0177	-0.0466	-0.0676	0.0526	-0.9212
45.000	8.3267	0.3702	-0.2177	-0.0332	-0.0599	-0.0679	-0.0906	-0.8946
50.000	8.8621	0.4171	-0.2293	-0.0477	-0.0737	-0.0662	-0.2190	-0.8473
55.000	9.4029	0.4588	-0.2359	-0.0604	-0.0873	-0.0627	-0.3312	-0.7850
60.000	9.9273	0.4953	-0.2376	-0.0709	-0.1002	-0.0575	-0.4270	-0.7124
65.000	10.4114	0.5267	-0.2347	-0.0788	-0.1118	-0.0512	-0.5074	-0.6334
70.000	10.8308	0.5533	-0.2277	-0.0842	-0.1216	-0.0439	-0.5735	-0.5508
75.000	11.1619	0.5757	-0.2170	-0.0872	-0.1294	-0.0361	-0.6269	-0.4669
80.000	11.3836	0.5944	-0.2033	-0.0880	-0.1351	-0.0282	-0.6689	-0.3829
85.000	11.4787	0.6100	-0.1867	-0.0867	-0.1383	-0.0204	-0.7009	-0.2997
90.000	11.4352	0.6228	-0.1676	-0.0836	-0.1391	-0.0132	-0.7239	-0.2177
95.000	11.2470	0.6334	-0.1460	-0.0787	-0.1374	-0.0069	-0.7389	-0.1371
100.000	10.9147	0.6419	-0.1219	-0.0720	-0.1332	-0.0019	-0.7464	-0.0579
105.000	10.4455	0.6485	-0.0953	-0.0633	-0.1266	0.0014	-0.7469	0.0202
110.000	9.8524	0.6533	-0.0659	-0.0527	-0.1177	0.0024	-0.7405	0.0974
115.000	9.1539	0.6560	-0.0332	-0.0398	-0.1067	0.0008	-0.7269	0.1741
120.000	8.3723	0.6563	0.0031	-0.0244	-0.0938	-0.0041	-0.7058	0.2508
125.000	7.5329	0.6536	0.0434	-0.0063	-0.0794	-0.0128	-0.6760	0.3280
130.000	6.6624	0.6469	0.0883	0.0149	-0.0638	-0.0257	-0.6359	0.4060
135.000	5.7878	0.6349	0.1380	0.0393	-0.0476	-0.0432	-0.5830	0.4852
140.000	4.9349	0.6155	0.1926	0.0670	-0.0316	-0.0656	-0.5134	0.5654
145.000	4.1277	0.5861	0.2511	0.0975	-0.0165	-0.0926	-0.4216	0.6453
150.000	3.3875	0.5427	0.3114	0.1296	-0.0034	-0.1230	-0.2998	0.7214
155.000	2.7327	0.4806	0.3679	0.1607	0.0066	-0.1540	-0.1380	0.7853
160.000	2.1782	0.3948	0.4097	0.1852	0.0123	-0.1797	0.0742	0.8201
165.000	1.7356	0.2837	0.4168	0.1929	0.0128	-0.1895	0.3400	0.7945
170.000	1.4137	0.1568	0.3601	0.1693	0.0087	-0.1679	0.6374	0.6632
175.000	1.2182	0.0458	0.2157	0.1023	0.0029	-0.1021	0.8944	0.3892
180.000	1.1527	0.0000	0.0001	0.0001	0.0000	-0.0001	1.0000	0.0001
