0.000	2.6829	0.0000	0.0000	0.0000	0.0000	0.0000	1.0000	0.0000
5.000	2.7078	0.0062	0.0058	0.0034	-0.0005	-0.0034	0.9714	-0.2375
10.000	2.7818	0.0239	0.0119	0.0068	-0.0020	-0.0064	0.8892	-0.4568
15.000	2.9023	0.0506	0.0185	0.0102	-0.0041	-0.0086	0.7636	-0.6434
20.000	3.0650	0.0834	0.0258	0.0134	-0.0066	-0.0100	0.6081	-0.7890
25.000	3.2644	0.1190	0.0341	0.0167	-0.0090	-0.0105	0.4364	-0.8912
30.000	3.4939	0.1547	0.0434	0.0199	-0.0111	-0.0102	0.2600	-0.9522
35.000	3.7460	0.1887	0.0538	0.0233	-0.0126	-0.0093	0.0874	-0.9768
40.000	4.0128	0.2197	0.0654	0.0269	-0.0135	-0.0080	-0.0757	-0.9707
45.000	4.2863	0.2471	0.0782	0.0307	-0.0137	-0.0065	-0.2262	-0.9394
50.000	4.5586	0.2706	0.0923	0.0348	-0.0130	-0.0049	-0.3625	-0.8876
55.000	4.8223	0.2903	0.1077	0.0391	-0.0116	-0.0034	-0.4838	-0.8194
60.000	5.0706	0.3063	0.1243	0.0437	-0.0094	-0.0023	-0.5902	-0.7377
65.000	5.2978	0.3187	0.1420	0.0485	-0.0066	-0.0016	-0.6816	-0.6449
70.000	5.4987	0.3279	0.1609	0.0534	-0.0032	-0.0014	-0.7581	-0.5429
75.000	5.6695	0.3339	0.1807	0.0585	0.0007	-0.0019	-0.8196	-0.4331
80.000	5.8072	0.3370	0.2012	0.0636	0.0050	-0.0031	-0.8658	-0.3169
85.000	5.9100	0.3372	0.2222	0.0685	0.0096	-0.0050	-0.8963	-0.1955
90.000	5.9768	0.3345	0.2435	0.0733	0.0142	-0.0078	-0.9105	-0.0703
95.000	6.0076	0.3290	0.2647	0.0778	0.0189	-0.0114	-0.9077	0.0573
100.000	6.0033	0.3208	0.2853	0.0818	0.0234	-0.0158	-0.8872	0.1856
105.000	5.9657	0.3098	0.3049	0.0853	0.0274	-0.0209	-0.8482	0.3126
110.000	5.8971	0.2961	0.3230	0.0881	0.0309	-0.0265	-0.7899	0.4361
115.000	5.8008	0.2796	0.3388	0.0902	0.0337	-0.0326	-0.7119	0.5533
120.000	5.6806	0.2604	0.3517	0.0912	0.0355	-0.0387	-0.6139	0.6612
125.000	5.5412	0.2386	0.3608	0.0913	0.0362	-0.0447	-0.4962	0.7561
130.000	5.3874	0.2145	0.3651	0.0901	0.0358	-0.0502	-0.3596	0.8341
135.000	5.2246	0.1884	0.3638	0.0877	0.0341	-0.0546	-0.2061	0.8906
140.000	5.0585	0.1607	0.3556	0.0838	0.0313	-0.0577	-0.0386	0.9214
145.000	4.8947	0.1322	0.3398	0.0783	0.0274	-0.0589	0.1384	0.9219
150.000	4.7390	0.1038	0.3154	0.0713	0.0227	-0.0579	0.3188	0.8884
155.000	4.5968	0.0764	0.2820	0.0627	0.0174	-0.0542	0.4951	0.8186
160.000	4.4729	0.0514	0.2396	0.0525	0.0122	-0.0478	0.6584	0.7119
165.000	4.3717	0.0301	0.1885	0.0408	0.0073	-0.0387	0.7990	0.5703
170.000	4.2967	0.0138	0.1302	0.0279	0.0034	-0.0273	0.9077	0.3988
175.000	4.2507	0.0035	0.0665	0.0142	0.0009	-0.0141	0.9764	0.2053
180.000	4.2351	-0.0000	0.0000	0.0000	0.0000	-0.0000	1.0000	0.0000
