0.000	11.9500	0.0000	0.0000	0.0000	0.0000	0.0000	1.0000	0.0000
5.000	12.0875	0.0103	-0.0383	-0.0023	-0.0010	0.0023	0.9672	-0.2509
10.000	12.4958	0.0397	-0.0738	-0.0050	-0.0038	0.0045	0.8741	-0.4785
15.000	13.1620	0.0837	-0.1041	-0.0083	-0.0080	0.0066	0.7343	-0.6655
20.000	14.0652	0.1368	-0.1281	-0.0120	-0.0130	0.0086	0.5658	-0.8029
25.000	15.1766	0.1937	-0.1453	-0.0160	-0.0182	0.0105	0.3855	-0.8903
30.000	16.4609	0.2500	-0.1559	-0.0198	-0.0233	0.0122	0.2068	-0.9328
35.000	17.8772	0.3030	-0.1605	-0.0231	-0.0278	0.0138	0.0387	-0.9383
40.000	19.3800	0.3511	-0.1599	-0.0255	-0.0316	0.0153	-0.1139	-0.9152
45.000	20.9208	0.3937	-0.1546	-0.0267	-0.0345	0.0165	-0.2490	-0.8708
50.000	22.4493	0.4308	-0.1453	-0.0266	-0.0365	0.0175	-0.3664	-0.8113
55.000	23.9155	0.4625	-0.1324	-0.0250	-0.0376	0.0181	-0.4669	-0.7412
60.000	25.2708	0.4894	-0.1164	-0.0219	-0.0376	0.0183	-0.5519	-0.6642
65.000	26.4699	0.5118	-0.0975	-0.0173	-0.0367	0.0180	-0.6229	-0.5824
70.000	27.4719	0.5303	-0.0760	-0.0113	-0.0348	0.0171	-0.6812	-0.4977
75.000	28.2422	0.5452	-0.0521	-0.0041	-0.0319	0.0154	-0.7280	-0.4109
80.000	28.7531	0.5569	-0.0260	0.0044	-0.0281	0.0128	-0.7642	-0.3229
85.000	28.9853	0.5655	0.0022	0.0140	-0.0234	0.0092	-0.7906	-0.2339
90.000	28.9283	0.5711	0.0323	0.0245	-0.0177	0.0043	-0.8076	-0.1442
95.000	28.5805	0.5740	0.0643	0.0360	-0.0113	-0.0018	-0.8153	-0.0536
100.000	27.9501	0.5738	0.0981	0.0484	-0.0042	-0.0096	-0.8136	0.0378
105.000	27.0538	0.5706	0.1336	0.0615	0.0035	-0.0189	-0.8019	0.1301
110.000	25.9172	0.5641	0.1706	0.0754	0.0115	-0.0300	-0.7795	0.2231
115.000	24.5729	0.5538	0.2091	0.0899	0.0196	-0.0430	-0.7451	0.3167
120.000	23.0603	0.5391	0.2485	0.1050	0.0274	-0.0578	-0.6972	0.4103
125.000	21.4235	0.5196	0.2885	0.1203	0.0347	-0.0743	-0.6338	0.5028
130.000	19.7101	0.4942	0.3280	0.1355	0.0410	-0.0920	-0.5524	0.5927
135.000	17.9696	0.4622	0.3655	0.1501	0.0456	-0.1105	-0.4503	0.6769
140.000	16.2518	0.4226	0.3989	0.1631	0.0482	-0.1286	-0.3246	0.7514
145.000	14.6053	0.3747	0.4249	0.1732	0.0483	-0.1448	-0.1732	0.8098
150.000	13.0758	0.3183	0.4390	0.1786	0.0453	-0.1568	0.0045	0.8433
155.000	11.7054	0.2541	0.4354	0.1769	0.0392	-0.1618	0.2057	0.8409
160.000	10.5312	0.1851	0.4074	0.1654	0.0305	-0.1563	0.4219	0.7898
165.000	9.5844	0.1165	0.3492	0.1418	0.0202	-0.1373	0.6363	0.6786
170.000	8.8899	0.0566	0.2581	0.1048	0.0101	-0.1033	0.8235	0.5022
175.000	8.4660	0.0150	0.1378	0.0559	0.0027	-0.0557	0.9533	0.2684
180.000	8.3234	0.0000	0.0000	0.0001	0.0000	-0.0001	1.0000	0.0000
