0.000	4.9187	0.0000	0.0000	0.0000	0.0000	0.0000	1.0000	0.0000
5.000	4.9733	0.0080	-0.0106	0.0004	-0.0006	-0.0003	0.9679	-0.2511
10.000	5.1352	0.0307	-0.0198	0.0008	-0.0023	-0.0004	0.8764	-0.4802
15.000	5.3987	0.0647	-0.0264	0.0015	-0.0047	-0.0001	0.7386	-0.6705
20.000	5.7542	0.1056	-0.0298	0.0025	-0.0074	0.0006	0.5713	-0.8134
25.000	6.1895	0.1492	-0.0298	0.0040	-0.0100	0.0017	0.3905	-0.9079
30.000	6.6895	0.1923	-0.0265	0.0059	-0.0121	0.0031	0.2092	-0.9583
35.000	7.2376	0.2327	-0.0200	0.0083	-0.0135	0.0046	0.0360	-0.9716
40.000	7.8159	0.2690	-0.0107	0.0114	-0.0142	0.0062	-0.1241	-0.9550
45.000	8.4063	0.3008	0.0010	0.0151	-0.0139	0.0077	-0.2687	-0.9150
50.000	8.9911	0.3281	0.0151	0.0194	-0.0128	0.0089	-0.3970	-0.8571
55.000	9.5533	0.3509	0.0313	0.0244	-0.0108	0.0097	-0.5094	-0.7854
60.000	10.0777	0.3696	0.0494	0.0300	-0.0081	0.0100	-0.6063	-0.7029
65.000	10.5506	0.3846	0.0693	0.0361	-0.0046	0.0096	-0.6886	-0.6119
70.000	10.9606	0.3959	0.0908	0.0427	-0.0005	0.0086	-0.7567	-0.5140
75.000	11.2985	0.4040	0.1137	0.0497	0.0042	0.0067	-0.8110	-0.4105
80.000	11.5575	0.4090	0.1380	0.0570	0.0093	0.0040	-0.8517	-0.3024
85.000	11.7331	0.4109	0.1632	0.0645	0.0147	0.0003	-0.8788	-0.1905
90.000	11.8230	0.4098	0.1893	0.0720	0.0203	-0.0045	-0.8918	-0.0756
95.000	11.8276	0.4057	0.2158	0.0795	0.0259	-0.0102	-0.8903	0.0413
100.000	11.7490	0.3986	0.2424	0.0868	0.0313	-0.0170	-0.8737	0.1591
105.000	11.5918	0.3883	0.2687	0.0937	0.0364	-0.0246	-0.8411	0.2767
110.000	11.3622	0.3747	0.2941	0.1000	0.0409	-0.0331	-0.7915	0.3923
115.000	11.0688	0.3577	0.3179	0.1056	0.0445	-0.0421	-0.7241	0.5041
120.000	10.7213	0.3373	0.3394	0.1103	0.0471	-0.0515	-0.6379	0.6095
125.000	10.3312	0.3132	0.3576	0.1138	0.0485	-0.0608	-0.5324	0.7054
130.000	9.9111	0.2857	0.3713	0.1159	0.0484	-0.0696	-0.4073	0.7880
135.000	9.4743	0.2548	0.3791	0.1161	0.0468	-0.0773	-0.2632	0.8529
140.000	9.0347	0.2209	0.3797	0.1143	0.0435	-0.0831	-0.1019	0.8950
145.000	8.6062	0.1848	0.3712	0.1100	0.0386	-0.0863	0.0733	0.9088
150.000	8.2025	0.1474	0.3522	0.1029	0.0324	-0.0862	0.2571	0.8890
155.000	7.8364	0.1103	0.3213	0.0927	0.0253	-0.0820	0.4418	0.8311
160.000	7.5195	0.0753	0.2778	0.0794	0.0179	-0.0734	0.6174	0.7325
165.000	7.2619	0.0447	0.2219	0.0629	0.0109	-0.0602	0.7724	0.5936
170.000	7.0718	0.0207	0.1550	0.0437	0.0051	-0.0428	0.8946	0.4188
175.000	6.9553	0.0053	0.0798	0.0224	0.0013	-0.0223	0.9729	0.2168
180.000	6.9160	-0.0000	0.0000	0.0000	0.0000	-0.0000	1.0000	0.0000
