0.000	5.5287	0.0000	0.0000	0.0000	0.0000	0.0000	1.0000	0.0000
5.000	5.5694	0.0071	-0.0413	0.0280	-0.0041	-0.0281	0.9740	-0.2225
10.000	5.6914	0.0279	-0.0817	0.0525	-0.0157	-0.0534	0.8988	-0.4294
15.000	5.8931	0.0604	-0.1201	0.0708	-0.0335	-0.0737	0.7820	-0.6073
20.000	6.1722	0.1021	-0.1558	0.0812	-0.0556	-0.0876	0.6346	-0.7473
25.000	6.5249	0.1498	-0.1880	0.0834	-0.0797	-0.0944	0.4688	-0.8451
30.000	6.9456	0.2007	-0.2159	0.0780	-0.1037	-0.0943	0.2961	-0.9010
35.000	7.4265	0.2524	-0.2392	0.0664	-0.1259	-0.0884	0.1263	-0.9186
40.000	7.9574	0.3029	-0.2574	0.0506	-0.1451	-0.0777	-0.0334	-0.9035
45.000	8.5255	0.3509	-0.2706	0.0322	-0.1606	-0.0636	-0.1780	-0.8621
50.000	9.1148	0.3954	-0.2789	0.0130	-0.1721	-0.0474	-0.3051	-0.8007
55.000	9.7069	0.4361	-0.2825	-0.0056	-0.1794	-0.0301	-0.4137	-0.7251
60.000	10.2810	0.4729	-0.2817	-0.0226	-0.1828	-0.0127	-0.5041	-0.6402
65.000	10.8148	0.5058	-0.2769	-0.0374	-0.1825	0.0040	-0.5773	-0.5498
70.000	11.2851	0.5350	-0.2686	-0.0494	-0.1790	0.0196	-0.6348	-0.4569
75.000	11.6695	0.5607	-0.2571	-0.0586	-0.1726	0.0337	-0.6781	-0.3635
80.000	11.9472	0.5832	-0.2427	-0.0647	-0.1636	0.0459	-0.7090	-0.2711
85.000	12.1005	0.6028	-0.2259	-0.0678	-0.1523	0.0560	-0.7289	-0.1807
90.000	12.1161	0.6195	-0.2067	-0.0680	-0.1391	0.0638	-0.7390	-0.0927
95.000	11.9859	0.6337	-0.1853	-0.0653	-0.1241	0.0691	-0.7404	-0.0073
100.000	11.7076	0.6453	-0.1618	-0.0599	-0.1076	0.0717	-0.7339	0.0756
105.000	11.2852	0.6543	-0.1362	-0.0517	-0.0898	0.0714	-0.7201	0.1562
110.000	10.7290	0.6606	-0.1085	-0.0409	-0.0709	0.0679	-0.6992	0.2347
115.000	10.0547	0.6639	-0.0785	-0.0273	-0.0513	0.0608	-0.6711	0.3118
120.000	9.2827	0.6637	-0.0463	-0.0110	-0.0312	0.0500	-0.6353	0.3877
125.000	8.4376	0.6595	-0.0115	0.0080	-0.0111	0.0350	-0.5910	0.4630
130.000	7.5461	0.6501	0.0258	0.0297	0.0084	0.0157	-0.5366	0.5379
135.000	6.6364	0.6342	0.0655	0.0540	0.0266	-0.0082	-0.4697	0.6125
140.000	5.7367	0.6097	0.1073	0.0805	0.0425	-0.0364	-0.3869	0.6859
145.000	4.8741	0.5741	0.1503	0.1086	0.0551	-0.0684	-0.2833	0.7561
150.000	4.0739	0.5240	0.1923	0.1366	0.0630	-0.1023	-0.1529	0.8181
155.000	3.3584	0.4555	0.2292	0.1617	0.0646	-0.1350	0.0118	0.8623
160.000	2.7468	0.3657	0.2536	0.1783	0.0586	-0.1602	0.2161	0.8706
165.000	2.2550	0.2555	0.2535	0.1781	0.0447	-0.1681	0.4574	0.8140
170.000	1.8950	0.1371	0.2138	0.1502	0.0255	-0.1466	0.7110	0.6560
175.000	1.6756	0.0391	0.1253	0.0881	0.0075	-0.0876	0.9180	0.3744
180.000	1.6019	0.0000	0.0001	0.0001	0.0000	-0.0001	1.0000	0.0001
