0.000	0.2298	0.0000	0.0000	0.0000	0.0000	0.0000	1.0000	0.0000
5.000	0.2307	0.0010	0.0570	0.0053	-0.0003	-0.0053	0.9797	-0.1922
10.000	0.2334	0.0040	0.1126	0.0105	-0.0012	-0.0104	0.9202	-0.3749
15.000	0.2379	0.0086	0.1652	0.0151	-0.0027	-0.0149	0.8256	-0.5394
20.000	0.2439	0.0144	0.2139	0.0192	-0.0046	-0.0186	0.7020	-0.6791
25.000	0.2514	0.0208	0.2579	0.0226	-0.0067	-0.0214	0.5567	-0.7894
30.000	0.2602	0.0275	0.2969	0.0252	-0.0089	-0.0234	0.3973	-0.8679
35.000	0.2700	0.0339	0.3310	0.0271	-0.0112	-0.0244	0.2310	-0.9143
40.000	0.2806	0.0396	0.3603	0.0282	-0.0133	-0.0246	0.0642	-0.9298
45.000	0.2918	0.0445	0.3852	0.0287	-0.0152	-0.0241	-0.0977	-0.9166
50.000	0.3033	0.0483	0.4062	0.0287	-0.0169	-0.0229	-0.2505	-0.8775
55.000	0.3148	0.0509	0.4237	0.0281	-0.0182	-0.0213	-0.3908	-0.8156
60.000	0.3261	0.0525	0.4383	0.0271	-0.0192	-0.0193	-0.5162	-0.7340
65.000	0.3369	0.0529	0.4502	0.0258	-0.0199	-0.0171	-0.6247	-0.6358
70.000	0.3470	0.0523	0.4598	0.0241	-0.0202	-0.0147	-0.7151	-0.5238
75.000	0.3563	0.0509	0.4674	0.0223	-0.0203	-0.0122	-0.7862	-0.4009
80.000	0.3646	0.0486	0.4730	0.0202	-0.0200	-0.0098	-0.8373	-0.2697
85.000	0.3718	0.0457	0.4769	0.0180	-0.0195	-0.0074	-0.8676	-0.1329
90.000	0.3777	0.0423	0.4788	0.0157	-0.0187	-0.0050	-0.8768	0.0071
95.000	0.3823	0.0385	0.4789	0.0133	-0.0178	-0.0029	-0.8644	0.1474
100.000	0.3856	0.0345	0.4770	0.0110	-0.0166	-0.0009	-0.8305	0.2853
105.000	0.3876	0.0303	0.4729	0.0086	-0.0154	0.0009	-0.7750	0.4179
110.000	0.3884	0.0262	0.4663	0.0063	-0.0140	0.0024	-0.6985	0.5420
115.000	0.3880	0.0222	0.4570	0.0042	-0.0126	0.0037	-0.6018	0.6545
120.000	0.3866	0.0184	0.4448	0.0022	-0.0111	0.0048	-0.4861	0.7519
125.000	0.3842	0.0149	0.4291	0.0004	-0.0096	0.0056	-0.3535	0.8310
130.000	0.3812	0.0118	0.4098	-0.0012	-0.0082	0.0061	-0.2066	0.8883
135.000	0.3776	0.0091	0.3865	-0.0024	-0.0068	0.0063	-0.0488	0.9209
140.000	0.3737	0.0068	0.3591	-0.0034	-0.0055	0.0064	0.1157	0.9261
145.000	0.3696	0.0049	0.3272	-0.0040	-0.0043	0.0061	0.2819	0.9019
150.000	0.3656	0.0034	0.2909	-0.0042	-0.0032	0.0057	0.4440	0.8475
155.000	0.3618	0.0022	0.2504	-0.0042	-0.0022	0.0050	0.5959	0.7630
160.000	0.3585	0.0013	0.2058	-0.0038	-0.0014	0.0042	0.7314	0.6502
165.000	0.3557	0.0007	0.1577	-0.0031	-0.0008	0.0033	0.8443	0.5121
170.000	0.3537	0.0003	0.1068	-0.0022	-0.0004	0.0023	0.9293	0.3536
175.000	0.3524	0.0001	0.0539	-0.0011	-0.0001	0.0011	0.9821	0.1806
180.000	0.3520	0.0000	0.0000	0.0000	0.0000	0.0000	1.0000	0.0000
