0.000	12.2723	0.0000	0.0000	0.0000	0.0000	0.0000	1.0000	0.0000
5.000	12.4213	0.0103	-0.0355	-0.0029	-0.0009	0.0029	0.9660	-0.2558
10.000	12.8632	0.0395	-0.0680	-0.0059	-0.0036	0.0057	0.8698	-0.4871
15.000	13.5829	0.0830	-0.0952	-0.0090	-0.0075	0.0085	0.7261	-0.6758
20.000	14.5563	0.1351	-0.1157	-0.0119	-0.0120	0.0110	0.5538	-0.8134
25.000	15.7503	0.1904	-0.1294	-0.0146	-0.0166	0.0134	0.3704	-0.8997
30.000	17.1251	0.2447	-0.1366	-0.0168	-0.0208	0.0155	0.1897	-0.9408
35.000	18.6351	0.2953	-0.1381	-0.0182	-0.0242	0.0175	0.0203	-0.9449
40.000	20.2306	0.3410	-0.1345	-0.0187	-0.0268	0.0191	-0.1331	-0.9204
45.000	21.8595	0.3811	-0.1267	-0.0180	-0.0284	0.0205	-0.2688	-0.8750
50.000	23.4694	0.4158	-0.1152	-0.0160	-0.0290	0.0214	-0.3868	-0.8144
55.000	25.0088	0.4453	-0.1004	-0.0128	-0.0286	0.0219	-0.4881	-0.7432
60.000	26.4291	0.4701	-0.0827	-0.0082	-0.0273	0.0218	-0.5739	-0.6646
65.000	27.6859	0.4906	-0.0624	-0.0025	-0.0250	0.0211	-0.6456	-0.5809
70.000	28.7400	0.5073	-0.0397	0.0045	-0.0218	0.0196	-0.7046	-0.4937
75.000	29.5590	0.5206	-0.0148	0.0125	-0.0178	0.0173	-0.7518	-0.4039
80.000	30.1175	0.5306	0.0122	0.0215	-0.0130	0.0140	-0.7880	-0.3122
85.000	30.3984	0.5375	0.0410	0.0314	-0.0074	0.0095	-0.8138	-0.2189
90.000	30.3928	0.5415	0.0715	0.0421	-0.0012	0.0038	-0.8294	-0.1243
95.000	30.1004	0.5425	0.1037	0.0534	0.0055	-0.0032	-0.8348	-0.0285
100.000	29.5296	0.5404	0.1373	0.0654	0.0126	-0.0117	-0.8297	0.0683
105.000	28.6969	0.5351	0.1722	0.0778	0.0200	-0.0217	-0.8134	0.1660
110.000	27.6267	0.5263	0.2080	0.0906	0.0273	-0.0333	-0.7850	0.2642
115.000	26.3504	0.5136	0.2446	0.1036	0.0344	-0.0464	-0.7433	0.3624
120.000	24.9054	0.4965	0.2812	0.1166	0.0409	-0.0609	-0.6866	0.4595
125.000	23.3341	0.4745	0.3172	0.1293	0.0464	-0.0765	-0.6130	0.5541
130.000	21.6823	0.4470	0.3515	0.1414	0.0506	-0.0928	-0.5205	0.6438
135.000	19.9981	0.4133	0.3823	0.1521	0.0531	-0.1091	-0.4068	0.7252
140.000	18.3301	0.3730	0.4074	0.1607	0.0533	-0.1242	-0.2703	0.7934
145.000	16.7263	0.3257	0.4237	0.1659	0.0510	-0.1366	-0.1101	0.8417
150.000	15.2324	0.2720	0.4274	0.1664	0.0460	-0.1445	0.0725	0.8619
155.000	13.8905	0.2133	0.4137	0.1603	0.0385	-0.1455	0.2724	0.8439
160.000	12.7381	0.1524	0.3781	0.1460	0.0289	-0.1373	0.4798	0.7780
165.000	11.8073	0.0942	0.3171	0.1221	0.0186	-0.1180	0.6783	0.6565
170.000	11.1237	0.0450	0.2302	0.0885	0.0092	-0.0872	0.8462	0.4786
175.000	10.7059	0.0118	0.1215	0.0466	0.0024	-0.0465	0.9597	0.2531
180.000	10.5653	0.0000	0.0000	0.0000	0.0000	-0.0000	1.0000	0.0000
