0.000	4.5531	0.0000	0.0000	0.0000	0.0000	0.0000	1.0000	0.0000
5.000	4.5802	0.0060	-0.0342	0.0377	-0.0042	-0.0379	0.9765	-0.2127
10.000	4.6615	0.0235	-0.0686	0.0712	-0.0165	-0.0727	0.9080	-0.4121
15.000	4.7972	0.0514	-0.1034	0.0970	-0.0356	-0.1017	0.8001	-0.5867
20.000	4.9874	0.0881	-0.1383	0.1126	-0.0598	-0.1229	0.6614	-0.7277
25.000	5.2317	0.1314	-0.1725	0.1174	-0.0869	-0.1354	0.5021	-0.8299
30.000	5.5287	0.1792	-0.2050	0.1117	-0.1146	-0.1390	0.3327	-0.8917
35.000	5.8753	0.2293	-0.2347	0.0973	-0.1412	-0.1345	0.1627	-0.9150
40.000	6.2666	0.2797	-0.2605	0.0763	-0.1650	-0.1232	0.0003	-0.9041
45.000	6.6949	0.3290	-0.2815	0.0513	-0.1848	-0.1066	-0.1488	-0.8646
50.000	7.1498	0.3758	-0.2973	0.0247	-0.2001	-0.0865	-0.2807	-0.8029
55.000	7.6179	0.4195	-0.3077	-0.0016	-0.2107	-0.0645	-0.3936	-0.7252
60.000	8.0828	0.4596	-0.3128	-0.0261	-0.2167	-0.0418	-0.4872	-0.6368
65.000	8.5262	0.4960	-0.3131	-0.0478	-0.2184	-0.0195	-0.5622	-0.5423
70.000	8.9280	0.5286	-0.3089	-0.0660	-0.2162	0.0016	-0.6201	-0.4453
75.000	9.2678	0.5575	-0.3009	-0.0805	-0.2106	0.0210	-0.6626	-0.3482
80.000	9.5262	0.5831	-0.2895	-0.0912	-0.2021	0.0382	-0.6916	-0.2530
85.000	9.6857	0.6054	-0.2751	-0.0983	-0.1910	0.0530	-0.7088	-0.1606
90.000	9.7324	0.6248	-0.2583	-0.1019	-0.1777	0.0653	-0.7157	-0.0718
95.000	9.6570	0.6415	-0.2392	-0.1022	-0.1626	0.0749	-0.7138	0.0133
100.000	9.4553	0.6555	-0.2181	-0.0993	-0.1458	0.0816	-0.7041	0.0947
105.000	9.1288	0.6670	-0.1950	-0.0934	-0.1276	0.0854	-0.6874	0.1727
110.000	8.6849	0.6758	-0.1700	-0.0847	-0.1082	0.0859	-0.6641	0.2477
115.000	8.1362	0.6819	-0.1430	-0.0730	-0.0878	0.0829	-0.6347	0.3201
120.000	7.4998	0.6849	-0.1139	-0.0585	-0.0667	0.0761	-0.5988	0.3906
125.000	6.7967	0.6842	-0.0825	-0.0411	-0.0453	0.0651	-0.5559	0.4598
130.000	6.0503	0.6789	-0.0487	-0.0207	-0.0241	0.0496	-0.5050	0.5282
135.000	5.2852	0.6678	-0.0122	0.0027	-0.0036	0.0293	-0.4442	0.5965
140.000	4.5262	0.6488	0.0269	0.0290	0.0152	0.0041	-0.3705	0.6646
145.000	3.7972	0.6192	0.0682	0.0580	0.0315	-0.0260	-0.2795	0.7318
150.000	3.1201	0.5752	0.1106	0.0886	0.0437	-0.0598	-0.1648	0.7950
155.000	2.5145	0.5117	0.1515	0.1186	0.0505	-0.0951	-0.0177	0.8470
160.000	1.9969	0.4232	0.1850	0.1435	0.0499	-0.1268	0.1713	0.8714
165.000	1.5808	0.3067	0.2003	0.1548	0.0410	-0.1452	0.4067	0.8376
170.000	1.2763	0.1712	0.1806	0.1395	0.0249	-0.1357	0.6718	0.6980
175.000	1.0909	0.0505	0.1112	0.0858	0.0077	-0.0852	0.9037	0.4104
180.000	1.0286	0.0000	0.0001	0.0001	0.0000	-0.0001	1.0000	0.0001
