0.000	11.1225	0.0000	0.0000	0.0000	0.0000	0.0000	1.0000	0.0000
5.000	11.2598	0.0101	-0.0316	-0.0028	-0.0009	0.0028	0.9656	-0.2577
10.000	11.6668	0.0385	-0.0604	-0.0055	-0.0034	0.0055	0.8684	-0.4907
15.000	12.3294	0.0809	-0.0840	-0.0080	-0.0069	0.0082	0.7234	-0.6805
20.000	13.2242	0.1314	-0.1013	-0.0102	-0.0110	0.0108	0.5497	-0.8187
25.000	14.3205	0.1849	-0.1120	-0.0119	-0.0151	0.0132	0.3651	-0.9054
30.000	15.5808	0.2372	-0.1167	-0.0129	-0.0186	0.0154	0.1833	-0.9466
35.000	16.9625	0.2858	-0.1160	-0.0131	-0.0214	0.0174	0.0129	-0.9508
40.000	18.4200	0.3294	-0.1107	-0.0123	-0.0232	0.0191	-0.1416	-0.9265
45.000	19.9058	0.3677	-0.1014	-0.0104	-0.0240	0.0205	-0.2784	-0.8810
50.000	21.3726	0.4005	-0.0887	-0.0075	-0.0238	0.0215	-0.3977	-0.8201
55.000	22.7745	0.4284	-0.0730	-0.0033	-0.0227	0.0219	-0.5003	-0.7483
60.000	24.0689	0.4517	-0.0545	0.0019	-0.0206	0.0217	-0.5875	-0.6686
65.000	25.2170	0.4708	-0.0337	0.0082	-0.0176	0.0209	-0.6606	-0.5832
70.000	26.1856	0.4861	-0.0105	0.0155	-0.0138	0.0192	-0.7207	-0.4938
75.000	26.9471	0.4980	0.0146	0.0238	-0.0092	0.0167	-0.7688	-0.4012
80.000	27.4804	0.5067	0.0416	0.0328	-0.0040	0.0131	-0.8054	-0.3061
85.000	27.7715	0.5123	0.0704	0.0426	0.0019	0.0084	-0.8310	-0.2090
90.000	27.8135	0.5149	0.1007	0.0530	0.0082	0.0024	-0.8458	-0.1102
95.000	27.6065	0.5145	0.1323	0.0638	0.0149	-0.0048	-0.8494	-0.0100
100.000	27.1579	0.5109	0.1651	0.0751	0.0218	-0.0134	-0.8416	0.0915
105.000	26.4819	0.5041	0.1988	0.0865	0.0287	-0.0234	-0.8216	0.1937
110.000	25.5991	0.4936	0.2330	0.0981	0.0354	-0.0348	-0.7884	0.2961
115.000	24.5363	0.4793	0.2674	0.1096	0.0416	-0.0475	-0.7407	0.3978
120.000	23.3250	0.4606	0.3011	0.1207	0.0471	-0.0612	-0.6769	0.4975
125.000	22.0011	0.4372	0.3334	0.1312	0.0514	-0.0757	-0.5955	0.5932
130.000	20.6040	0.4086	0.3630	0.1406	0.0542	-0.0904	-0.4945	0.6822
135.000	19.1746	0.3745	0.3882	0.1484	0.0552	-0.1045	-0.3725	0.7605
140.000	17.7549	0.3345	0.4069	0.1538	0.0540	-0.1171	-0.2284	0.8230
145.000	16.3863	0.2888	0.4162	0.1557	0.0504	-0.1268	-0.0628	0.8632
150.000	15.1086	0.2382	0.4128	0.1532	0.0444	-0.1320	0.1219	0.8730
155.000	13.9588	0.1843	0.3930	0.1449	0.0363	-0.1307	0.3194	0.8439
160.000	12.9699	0.1300	0.3535	0.1296	0.0268	-0.1214	0.5193	0.7679
165.000	12.1700	0.0794	0.2923	0.1067	0.0169	-0.1029	0.7062	0.6404
170.000	11.5819	0.0376	0.2097	0.0763	0.0082	-0.0751	0.8609	0.4622
175.000	11.2223	0.0098	0.1098	0.0399	0.0022	-0.0397	0.9638	0.2428
180.000	11.1013	0.0000	0.0000	0.0000	0.0000	-0.0000	1.0000	0.0000
