0.000	7.9142	0.0000	0.0000	0.0000	0.0000	0.0000	1.0000	0.0000
5.000	7.9915	0.0089	-0.0490	0.0149	-0.0036	-0.0150	0.9700	-0.2380
10.000	8.2218	0.0344	-0.0951	0.0277	-0.0137	-0.0280	0.8841	-0.4559
15.000	8.5991	0.0734	-0.1361	0.0367	-0.0289	-0.0375	0.7536	-0.6382
20.000	9.1140	0.1216	-0.1705	0.0410	-0.0470	-0.0427	0.5932	-0.7758
25.000	9.7532	0.1746	-0.1977	0.0408	-0.0659	-0.0434	0.4184	-0.8665
30.000	10.4996	0.2289	-0.2179	0.0366	-0.0840	-0.0403	0.2419	-0.9134
35.000	11.3328	0.2816	-0.2315	0.0295	-0.1000	-0.0339	0.0731	-0.9228
40.000	12.2289	0.3310	-0.2393	0.0207	-0.1130	-0.0252	-0.0819	-0.9019
45.000	13.1612	0.3762	-0.2421	0.0111	-0.1229	-0.0150	-0.2201	-0.8580
50.000	14.1006	0.4168	-0.2405	0.0016	-0.1294	-0.0041	-0.3404	-0.7974
55.000	15.0161	0.4529	-0.2351	-0.0072	-0.1327	0.0070	-0.4431	-0.7250
60.000	15.8762	0.4846	-0.2266	-0.0146	-0.1331	0.0177	-0.5292	-0.6449
65.000	16.6495	0.5124	-0.2151	-0.0204	-0.1306	0.0277	-0.6001	-0.5601
70.000	17.3059	0.5364	-0.2011	-0.0244	-0.1256	0.0367	-0.6571	-0.4727
75.000	17.8181	0.5572	-0.1848	-0.0263	-0.1183	0.0444	-0.7018	-0.3842
80.000	18.1625	0.5749	-0.1663	-0.0262	-0.1089	0.0505	-0.7354	-0.2956
85.000	18.3208	0.5898	-0.1457	-0.0241	-0.0977	0.0548	-0.7589	-0.2075
90.000	18.2807	0.6021	-0.1230	-0.0198	-0.0848	0.0571	-0.7732	-0.1202
95.000	18.0367	0.6118	-0.0984	-0.0134	-0.0704	0.0570	-0.7790	-0.0337
100.000	17.5906	0.6189	-0.0716	-0.0049	-0.0548	0.0545	-0.7766	0.0519
105.000	16.9515	0.6234	-0.0427	0.0057	-0.0383	0.0491	-0.7662	0.1368
110.000	16.1357	0.6249	-0.0117	0.0184	-0.0211	0.0406	-0.7475	0.2213
115.000	15.1656	0.6231	0.0217	0.0332	-0.0037	0.0289	-0.7199	0.3055
120.000	14.0696	0.6174	0.0574	0.0500	0.0136	0.0136	-0.6825	0.3897
125.000	12.8799	0.6071	0.0953	0.0688	0.0301	-0.0052	-0.6337	0.4739
130.000	11.6320	0.5910	0.1353	0.0894	0.0453	-0.0277	-0.5715	0.5576
135.000	10.3628	0.5680	0.1767	0.1113	0.0583	-0.0534	-0.4929	0.6398
140.000	9.1097	0.5362	0.2185	0.1340	0.0683	-0.0818	-0.3941	0.7184
145.000	7.9087	0.4935	0.2588	0.1562	0.0743	-0.1114	-0.2705	0.7892
150.000	6.7938	0.4379	0.2940	0.1758	0.0751	-0.1398	-0.1172	0.8448
155.000	5.7956	0.3677	0.3186	0.1895	0.0698	-0.1631	0.0693	0.8734
160.000	4.9412	0.2830	0.3244	0.1922	0.0582	-0.1754	0.2883	0.8570
165.000	4.2529	0.1886	0.3005	0.1778	0.0411	-0.1691	0.5282	0.7723
170.000	3.7485	0.0964	0.2373	0.1403	0.0219	-0.1372	0.7597	0.5980
175.000	3.4407	0.0265	0.1326	0.0783	0.0062	-0.0779	0.9341	0.3303
180.000	3.3373	0.0000	0.0001	0.0001	0.0000	-0.0001	1.0000	0.0001
