0.000	11.0660	0.0000	0.0000	0.0000	0.0000	0.0000	1.0000	0.0000
5.000	11.1847	0.0100	-0.0312	-0.0002	0.0003	-0.0002	0.9684	-0.2471
10.000	11.5380	0.0387	-0.0614	-0.0026	0.0011	-0.0003	0.8785	-0.4723
15.000	12.1169	0.0820	-0.0896	-0.0085	0.0024	-0.0005	0.7427	-0.6586
20.000	12.9066	0.1351	-0.1149	-0.0184	0.0042	-0.0008	0.5775	-0.7971
25.000	13.8862	0.1928	-0.1362	-0.0314	0.0064	-0.0014	0.3994	-0.8864
30.000	15.0284	0.2508	-0.1529	-0.0461	0.0089	-0.0026	0.2217	-0.9309
35.000	16.3004	0.3062	-0.1642	-0.0608	0.0115	-0.0045	0.0538	-0.9381
40.000	17.6636	0.3571	-0.1699	-0.0742	0.0140	-0.0072	-0.0990	-0.9160
45.000	19.0750	0.4026	-0.1699	-0.0850	0.0161	-0.0109	-0.2341	-0.8724
50.000	20.4884	0.4424	-0.1643	-0.0927	0.0178	-0.0155	-0.3512	-0.8136
55.000	21.8556	0.4766	-0.1536	-0.0968	0.0188	-0.0212	-0.4511	-0.7446
60.000	23.1284	0.5055	-0.1383	-0.0975	0.0191	-0.0276	-0.5351	-0.6689
65.000	24.2608	0.5295	-0.1190	-0.0950	0.0186	-0.0349	-0.6049	-0.5891
70.000	25.2108	0.5491	-0.0962	-0.0899	0.0172	-0.0427	-0.6621	-0.5068
75.000	25.9421	0.5646	-0.0707	-0.0825	0.0151	-0.0511	-0.7079	-0.4231
80.000	26.4259	0.5765	-0.0430	-0.0734	0.0123	-0.0598	-0.7435	-0.3385
85.000	26.6421	0.5850	-0.0136	-0.0631	0.0089	-0.0687	-0.7698	-0.2533
90.000	26.5795	0.5904	0.0172	-0.0519	0.0052	-0.0778	-0.7872	-0.1675
95.000	26.2369	0.5927	0.0493	-0.0401	0.0013	-0.0869	-0.7961	-0.0810
100.000	25.6221	0.5921	0.0824	-0.0277	-0.0025	-0.0961	-0.7963	0.0063
105.000	24.7517	0.5886	0.1167	-0.0148	-0.0061	-0.1053	-0.7875	0.0944
110.000	23.6503	0.5819	0.1524	-0.0012	-0.0093	-0.1147	-0.7690	0.1833
115.000	22.3493	0.5718	0.1895	0.0132	-0.0118	-0.1242	-0.7397	0.2731
120.000	20.8859	0.5578	0.2283	0.0289	-0.0137	-0.1339	-0.6983	0.3631
125.000	19.3018	0.5393	0.2688	0.0459	-0.0147	-0.1438	-0.6426	0.4529
130.000	17.6419	0.5156	0.3106	0.0643	-0.0149	-0.1539	-0.5704	0.5409
135.000	15.9531	0.4855	0.3528	0.0840	-0.0143	-0.1637	-0.4785	0.6252
140.000	14.2832	0.4479	0.3936	0.1043	-0.0130	-0.1728	-0.3637	0.7022
145.000	12.6790	0.4017	0.4297	0.1240	-0.0112	-0.1801	-0.2225	0.7663
150.000	11.1855	0.3460	0.4562	0.1409	-0.0090	-0.1840	-0.0525	0.8095
155.000	9.8444	0.2809	0.4657	0.1519	-0.0068	-0.1820	0.1460	0.8202
160.000	8.6930	0.2084	0.4488	0.1527	-0.0046	-0.1712	0.3668	0.7840
165.000	7.7630	0.1337	0.3956	0.1390	-0.0027	-0.1481	0.5941	0.6857
170.000	7.0800	0.0660	0.2994	0.1076	-0.0012	-0.1106	0.7997	0.5157
175.000	6.6626	0.0177	0.1624	0.0592	-0.0003	-0.0596	0.9464	0.2787
180.000	6.5222	0.0000	0.0001	0.0001	0.0000	-0.0001	1.0000	0.0001
