0.000	10.3154	0.0000	0.0000	0.0000	0.0000	0.0000	1.0000	0.0000
5.000	10.4505	0.0103	-0.0334	0.0026	-0.0019	-0.0025	0.9641	-0.2631
10.000	10.8511	0.0392	-0.0633	0.0049	-0.0074	-0.0043	0.8629	-0.4998
15.000	11.5038	0.0821	-0.0872	0.0070	-0.0152	-0.0050	0.7127	-0.6910
20.000	12.3866	0.1329	-0.1038	0.0086	-0.0242	-0.0044	0.5341	-0.8281
25.000	13.4697	0.1861	-0.1132	0.0099	-0.0330	-0.0026	0.3460	-0.9120
30.000	14.7170	0.2378	-0.1161	0.0111	-0.0408	0.0002	0.1624	-0.9498
35.000	16.0872	0.2853	-0.1138	0.0123	-0.0470	0.0037	-0.0082	-0.9505
40.000	17.5353	0.3275	-0.1073	0.0135	-0.0514	0.0075	-0.1616	-0.9234
45.000	19.0142	0.3640	-0.0975	0.0151	-0.0538	0.0115	-0.2964	-0.8760
50.000	20.4761	0.3951	-0.0851	0.0170	-0.0544	0.0152	-0.4131	-0.8143
55.000	21.8746	0.4210	-0.0706	0.0194	-0.0532	0.0186	-0.5130	-0.7428
60.000	23.1657	0.4424	-0.0543	0.0223	-0.0504	0.0215	-0.5977	-0.6645
65.000	24.3094	0.4596	-0.0364	0.0258	-0.0460	0.0236	-0.6688	-0.5815
70.000	25.2705	0.4731	-0.0171	0.0300	-0.0404	0.0249	-0.7276	-0.4951
75.000	26.0203	0.4833	0.0036	0.0348	-0.0335	0.0251	-0.7752	-0.4061
80.000	26.5367	0.4905	0.0257	0.0403	-0.0257	0.0242	-0.8124	-0.3150
85.000	26.8050	0.4948	0.0492	0.0466	-0.0169	0.0220	-0.8396	-0.2220
90.000	26.8180	0.4964	0.0741	0.0535	-0.0076	0.0183	-0.8570	-0.1271
95.000	26.5766	0.4952	0.1005	0.0611	0.0023	0.0132	-0.8645	-0.0305
100.000	26.0891	0.4913	0.1282	0.0693	0.0124	0.0063	-0.8615	0.0679
105.000	25.3708	0.4845	0.1573	0.0781	0.0224	-0.0022	-0.8473	0.1680
110.000	24.4440	0.4745	0.1874	0.0874	0.0321	-0.0124	-0.8208	0.2692
115.000	23.3365	0.4611	0.2183	0.0970	0.0412	-0.0243	-0.7804	0.3711
120.000	22.0815	0.4440	0.2495	0.1068	0.0492	-0.0376	-0.7245	0.4726
125.000	20.7158	0.4225	0.2804	0.1164	0.0557	-0.0522	-0.6508	0.5719
130.000	19.2796	0.3964	0.3098	0.1254	0.0604	-0.0675	-0.5571	0.6664
135.000	17.8142	0.3650	0.3362	0.1334	0.0628	-0.0829	-0.4412	0.7524
140.000	16.3620	0.3279	0.3577	0.1396	0.0626	-0.0973	-0.3013	0.8245
145.000	14.9646	0.2852	0.3713	0.1429	0.0593	-0.1094	-0.1368	0.8758
150.000	13.6616	0.2372	0.3738	0.1422	0.0530	-0.1174	0.0508	0.8972
155.000	12.4900	0.1852	0.3611	0.1361	0.0439	-0.1195	0.2562	0.8786
160.000	11.4830	0.1319	0.3294	0.1232	0.0328	-0.1135	0.4689	0.8096
165.000	10.6688	0.0813	0.2757	0.1025	0.0209	-0.0980	0.6720	0.6828
170.000	10.0704	0.0387	0.1998	0.0740	0.0102	-0.0725	0.8433	0.4974
175.000	9.7045	0.0101	0.1053	0.0389	0.0027	-0.0387	0.9590	0.2629
180.000	9.5813	0.0000	0.0000	0.0000	0.0000	0.0000	1.0000	0.0000
