0.000	10.8965	0.0000	0.0000	0.0000	0.0000	0.0000	1.0000	0.0000
5.000	11.0170	0.0101	-0.0304	0.0046	-0.0005	-0.0049	0.9677	-0.2501
10.000	11.3753	0.0387	-0.0599	0.0068	-0.0020	-0.0093	0.8757	-0.4775
15.000	11.9618	0.0820	-0.0873	0.0050	-0.0041	-0.0129	0.7372	-0.6648
20.000	12.7606	0.1348	-0.1118	-0.0011	-0.0064	-0.0154	0.5695	-0.8030
25.000	13.7496	0.1918	-0.1326	-0.0111	-0.0086	-0.0170	0.3893	-0.8910
30.000	14.9003	0.2490	-0.1491	-0.0236	-0.0104	-0.0180	0.2102	-0.9337
35.000	16.1787	0.3035	-0.1608	-0.0370	-0.0117	-0.0185	0.0414	-0.9387
40.000	17.5456	0.3534	-0.1675	-0.0499	-0.0125	-0.0190	-0.1116	-0.9146
45.000	18.9576	0.3980	-0.1692	-0.0610	-0.0128	-0.0196	-0.2466	-0.8691
50.000	20.3686	0.4371	-0.1659	-0.0696	-0.0127	-0.0205	-0.3634	-0.8085
55.000	21.7309	0.4707	-0.1579	-0.0753	-0.0124	-0.0219	-0.4629	-0.7378
60.000	22.9975	0.4993	-0.1455	-0.0778	-0.0119	-0.0238	-0.5464	-0.6605
65.000	24.1231	0.5233	-0.1292	-0.0773	-0.0113	-0.0263	-0.6157	-0.5793
70.000	25.0669	0.5431	-0.1095	-0.0739	-0.0107	-0.0295	-0.6722	-0.4957
75.000	25.7933	0.5590	-0.0867	-0.0681	-0.0100	-0.0332	-0.7173	-0.4109
80.000	26.2741	0.5715	-0.0613	-0.0602	-0.0093	-0.0374	-0.7523	-0.3253
85.000	26.4890	0.5808	-0.0337	-0.0505	-0.0085	-0.0423	-0.7778	-0.2393
90.000	26.4267	0.5871	-0.0042	-0.0394	-0.0075	-0.0479	-0.7944	-0.1529
95.000	26.0854	0.5904	0.0269	-0.0271	-0.0063	-0.0540	-0.8025	-0.0660
100.000	25.4723	0.5909	0.0596	-0.0137	-0.0048	-0.0609	-0.8020	0.0215
105.000	24.6034	0.5884	0.0937	0.0004	-0.0030	-0.0686	-0.7926	0.1097
110.000	23.5029	0.5828	0.1293	0.0155	-0.0008	-0.0772	-0.7735	0.1988
115.000	22.2020	0.5737	0.1663	0.0314	0.0018	-0.0868	-0.7439	0.2886
120.000	20.7382	0.5606	0.2047	0.0482	0.0046	-0.0973	-0.7021	0.3789
125.000	19.1533	0.5430	0.2443	0.0658	0.0076	-0.1089	-0.6464	0.4691
130.000	17.4927	0.5199	0.2846	0.0842	0.0106	-0.1214	-0.5742	0.5580
135.000	15.8038	0.4903	0.3247	0.1030	0.0134	-0.1344	-0.4825	0.6433
140.000	14.1345	0.4531	0.3628	0.1215	0.0156	-0.1472	-0.3679	0.7216
145.000	12.5317	0.4070	0.3960	0.1385	0.0169	-0.1587	-0.2269	0.7872
150.000	11.0404	0.3512	0.4198	0.1521	0.0171	-0.1670	-0.0571	0.8319
155.000	9.7019	0.2856	0.4278	0.1594	0.0157	-0.1696	0.1414	0.8437
160.000	8.5532	0.2122	0.4115	0.1569	0.0129	-0.1629	0.3626	0.8075
165.000	7.6258	0.1364	0.3622	0.1404	0.0090	-0.1434	0.5909	0.7072
170.000	6.9448	0.0674	0.2738	0.1075	0.0047	-0.1084	0.7979	0.5326
175.000	6.5288	0.0181	0.1485	0.0587	0.0013	-0.0588	0.9458	0.2881
180.000	6.3888	0.0000	0.0000	0.0001	0.0000	-0.0001	1.0000	0.0001
