0.000	6.7790	0.0000	0.0000	0.0000	0.0000	0.0000	1.0000	0.0000
5.000	6.8385	0.0082	-0.0466	0.0195	-0.0037	-0.0196	0.9716	-0.2317
10.000	7.0160	0.0319	-0.0912	0.0364	-0.0144	-0.0370	0.8901	-0.4452
15.000	7.3079	0.0685	-0.1318	0.0486	-0.0306	-0.0503	0.7650	-0.6257
20.000	7.7078	0.1142	-0.1673	0.0550	-0.0502	-0.0586	0.6098	-0.7643
25.000	8.2072	0.1654	-0.1968	0.0554	-0.0711	-0.0615	0.4385	-0.8578
30.000	8.7945	0.2186	-0.2203	0.0506	-0.0915	-0.0595	0.2635	-0.9082
35.000	9.4553	0.2711	-0.2378	0.0418	-0.1100	-0.0533	0.0944	-0.9208
40.000	10.1723	0.3211	-0.2497	0.0304	-0.1256	-0.0438	-0.0624	-0.9022
45.000	10.9255	0.3674	-0.2565	0.0176	-0.1377	-0.0322	-0.2030	-0.8592
50.000	11.6921	0.4097	-0.2587	0.0045	-0.1463	-0.0193	-0.3258	-0.7983
55.000	12.4476	0.4476	-0.2567	-0.0078	-0.1514	-0.0059	-0.4307	-0.7248
60.000	13.1656	0.4814	-0.2511	-0.0187	-0.1530	0.0074	-0.5184	-0.6429
65.000	13.8192	0.5112	-0.2422	-0.0278	-0.1515	0.0200	-0.5901	-0.5561
70.000	14.3820	0.5373	-0.2303	-0.0347	-0.1471	0.0315	-0.6474	-0.4666
75.000	14.8291	0.5601	-0.2158	-0.0393	-0.1401	0.0416	-0.6916	-0.3764
80.000	15.1385	0.5798	-0.1989	-0.0416	-0.1308	0.0501	-0.7241	-0.2864
85.000	15.2921	0.5967	-0.1797	-0.0414	-0.1195	0.0566	-0.7463	-0.1975
90.000	15.2771	0.6109	-0.1583	-0.0387	-0.1063	0.0609	-0.7590	-0.1101
95.000	15.0867	0.6225	-0.1349	-0.0337	-0.0915	0.0629	-0.7632	-0.0242
100.000	14.7204	0.6316	-0.1093	-0.0263	-0.0754	0.0622	-0.7594	0.0601
105.000	14.1848	0.6381	-0.0816	-0.0166	-0.0582	0.0587	-0.7478	0.1431
110.000	13.4928	0.6417	-0.0517	-0.0044	-0.0402	0.0519	-0.7284	0.2251
115.000	12.6638	0.6421	-0.0196	0.0101	-0.0217	0.0418	-0.7010	0.3062
120.000	11.7220	0.6389	0.0150	0.0270	-0.0032	0.0280	-0.6647	0.3870
125.000	10.6962	0.6311	0.0520	0.0462	0.0150	0.0103	-0.6182	0.4675
130.000	9.6176	0.6179	0.0913	0.0676	0.0320	-0.0114	-0.5597	0.5477
135.000	8.5191	0.5977	0.1325	0.0909	0.0473	-0.0369	-0.4864	0.6271
140.000	7.4339	0.5688	0.1751	0.1157	0.0598	-0.0658	-0.3946	0.7040
145.000	6.3939	0.5287	0.2173	0.1409	0.0685	-0.0971	-0.2795	0.7752
150.000	5.4289	0.4747	0.2562	0.1644	0.0722	-0.1284	-0.1355	0.8342
155.000	4.5656	0.4044	0.2868	0.1831	0.0695	-0.1561	0.0427	0.8699
160.000	3.8273	0.3166	0.3008	0.1915	0.0597	-0.1738	0.2571	0.8638
165.000	3.2332	0.2150	0.2865	0.1822	0.0435	-0.1729	0.4991	0.7900
170.000	2.7981	0.1120	0.2317	0.1474	0.0238	-0.1440	0.7405	0.6212
175.000	2.5328	0.0312	0.1317	0.0838	0.0068	-0.0833	0.9279	0.3473
180.000	2.4436	0.0000	0.0001	0.0001	0.0000	-0.0001	1.0000	0.0001
