0.000	1.0251	0.0000	0.0000	0.0000	0.0000	0.0000	1.0000	0.0000
5.000	1.0324	0.0027	0.0300	0.0026	-0.0002	-0.0026	0.9731	-0.2283
10.000	1.0543	0.0106	0.0593	0.0053	-0.0006	-0.0049	0.8953	-0.4414
15.000	1.0902	0.0227	0.0874	0.0080	-0.0013	-0.0068	0.7743	-0.6264
20.000	1.1392	0.0377	0.1139	0.0108	-0.0020	-0.0080	0.6212	-0.7745
25.000	1.2000	0.0543	0.1386	0.0138	-0.0027	-0.0086	0.4479	-0.8817
30.000	1.2712	0.0711	0.1615	0.0167	-0.0031	-0.0086	0.2658	-0.9478
35.000	1.3510	0.0871	0.1829	0.0198	-0.0032	-0.0081	0.0842	-0.9758
40.000	1.4374	0.1017	0.2030	0.0228	-0.0029	-0.0072	-0.0899	-0.9700
45.000	1.5283	0.1143	0.2220	0.0259	-0.0022	-0.0061	-0.2516	-0.9354
50.000	1.6215	0.1247	0.2402	0.0289	-0.0010	-0.0049	-0.3978	-0.8771
55.000	1.7149	0.1329	0.2577	0.0319	0.0005	-0.0037	-0.5268	-0.7996
60.000	1.8064	0.1388	0.2747	0.0346	0.0025	-0.0027	-0.6378	-0.7068
65.000	1.8940	0.1427	0.2914	0.0373	0.0048	-0.0019	-0.7306	-0.6019
70.000	1.9760	0.1445	0.3076	0.0397	0.0073	-0.0015	-0.8051	-0.4876
75.000	2.0509	0.1445	0.3235	0.0419	0.0100	-0.0014	-0.8614	-0.3662
80.000	2.1175	0.1428	0.3388	0.0438	0.0128	-0.0017	-0.8995	-0.2396
85.000	2.1746	0.1396	0.3536	0.0454	0.0156	-0.0025	-0.9194	-0.1096
90.000	2.2217	0.1350	0.3675	0.0466	0.0182	-0.0037	-0.9209	0.0221
95.000	2.2582	0.1293	0.3804	0.0476	0.0206	-0.0053	-0.9038	0.1538
100.000	2.2840	0.1225	0.3918	0.0482	0.0227	-0.0072	-0.8677	0.2834
105.000	2.2992	0.1148	0.4014	0.0484	0.0243	-0.0095	-0.8125	0.4089
110.000	2.3041	0.1065	0.4088	0.0482	0.0255	-0.0119	-0.7380	0.5277
115.000	2.2994	0.0975	0.4134	0.0475	0.0260	-0.0145	-0.6443	0.6370
120.000	2.2859	0.0881	0.4146	0.0465	0.0259	-0.0171	-0.5321	0.7337
125.000	2.2649	0.0785	0.4118	0.0450	0.0252	-0.0195	-0.4026	0.8144
130.000	2.2378	0.0686	0.4042	0.0430	0.0237	-0.0215	-0.2575	0.8755
135.000	2.2061	0.0587	0.3912	0.0405	0.0217	-0.0231	-0.0997	0.9134
140.000	2.1715	0.0489	0.3722	0.0375	0.0192	-0.0241	0.0670	0.9247
145.000	2.1359	0.0393	0.3467	0.0341	0.0162	-0.0242	0.2375	0.9067
150.000	2.1008	0.0302	0.3144	0.0301	0.0130	-0.0234	0.4061	0.8576
155.000	2.0681	0.0219	0.2753	0.0258	0.0097	-0.0217	0.5661	0.7768
160.000	2.0391	0.0145	0.2296	0.0211	0.0066	-0.0189	0.7102	0.6654
165.000	2.0151	0.0084	0.1780	0.0161	0.0039	-0.0151	0.8313	0.5265
170.000	1.9972	0.0038	0.1216	0.0109	0.0018	-0.0106	0.9232	0.3647
175.000	1.9862	0.0010	0.0617	0.0055	0.0005	-0.0054	0.9805	0.1866
180.000	1.9825	0.0000	0.0000	0.0000	0.0000	0.0000	1.0000	0.0000
