0.000	2.0079	0.0000	0.0000	0.0000	0.0000	0.0000	1.0000	0.0000
5.000	2.0261	0.0063	0.0116	0.0030	0.0001	-0.0031	0.9709	-0.2392
10.000	2.0797	0.0244	0.0231	0.0058	0.0002	-0.0060	0.8873	-0.4599
15.000	2.1666	0.0515	0.0346	0.0081	0.0005	-0.0087	0.7596	-0.6474
20.000	2.2833	0.0843	0.0463	0.0098	0.0010	-0.0112	0.6013	-0.7932
25.000	2.4250	0.1194	0.0583	0.0111	0.0018	-0.0133	0.4262	-0.8948
30.000	2.5865	0.1540	0.0709	0.0121	0.0027	-0.0153	0.2458	-0.9543
35.000	2.7622	0.1861	0.0844	0.0130	0.0040	-0.0171	0.0689	-0.9764
40.000	2.9464	0.2147	0.0990	0.0142	0.0054	-0.0189	-0.0990	-0.9665
45.000	3.1338	0.2392	0.1149	0.0157	0.0070	-0.0207	-0.2541	-0.9299
50.000	3.3193	0.2596	0.1322	0.0178	0.0087	-0.0226	-0.3944	-0.8714
55.000	3.4989	0.2759	0.1508	0.0205	0.0105	-0.0246	-0.5188	-0.7948
60.000	3.6686	0.2885	0.1708	0.0238	0.0124	-0.0268	-0.6265	-0.7034
65.000	3.8254	0.2977	0.1919	0.0276	0.0142	-0.0292	-0.7172	-0.5999
70.000	3.9668	0.3039	0.2140	0.0320	0.0160	-0.0319	-0.7903	-0.4868
75.000	4.0904	0.3072	0.2366	0.0367	0.0178	-0.0348	-0.8458	-0.3663
80.000	4.1945	0.3078	0.2596	0.0418	0.0194	-0.0379	-0.8832	-0.2403
85.000	4.2775	0.3059	0.2826	0.0469	0.0209	-0.0413	-0.9024	-0.1109
90.000	4.3384	0.3014	0.3051	0.0520	0.0222	-0.0448	-0.9032	0.0200
95.000	4.3764	0.2944	0.3269	0.0569	0.0234	-0.0484	-0.8855	0.1505
100.000	4.3914	0.2848	0.3473	0.0614	0.0243	-0.0521	-0.8492	0.2785
105.000	4.3840	0.2727	0.3660	0.0656	0.0251	-0.0558	-0.7941	0.4020
110.000	4.3556	0.2579	0.3824	0.0691	0.0255	-0.0593	-0.7203	0.5186
115.000	4.3082	0.2406	0.3958	0.0720	0.0256	-0.0625	-0.6280	0.6259
120.000	4.2446	0.2210	0.4055	0.0741	0.0253	-0.0652	-0.5175	0.7208
125.000	4.1685	0.1992	0.4106	0.0752	0.0246	-0.0673	-0.3899	0.8001
130.000	4.0836	0.1757	0.4103	0.0752	0.0233	-0.0685	-0.2468	0.8604
135.000	3.9941	0.1510	0.4035	0.0740	0.0215	-0.0685	-0.0908	0.8980
140.000	3.9040	0.1259	0.3893	0.0714	0.0191	-0.0671	0.0743	0.9096
145.000	3.8171	0.1010	0.3671	0.0673	0.0164	-0.0642	0.2436	0.8921
150.000	3.7364	0.0772	0.3363	0.0616	0.0133	-0.0595	0.4112	0.8438
155.000	3.6648	0.0555	0.2968	0.0544	0.0100	-0.0531	0.5702	0.7640
160.000	3.6042	0.0365	0.2491	0.0457	0.0069	-0.0450	0.7132	0.6542
165.000	3.5559	0.0209	0.1940	0.0356	0.0041	-0.0353	0.8333	0.5172
170.000	3.5210	0.0094	0.1329	0.0244	0.0019	-0.0243	0.9242	0.3580
175.000	3.4999	0.0024	0.0676	0.0124	0.0005	-0.0124	0.9808	0.1831
180.000	3.4928	0.0000	0.0000	0.0000	0.0000	0.0000	1.0000	0.0000
