0.000	1.2821	0.0000	0.0000	0.0000	0.0000	0.0000	1.0000	0.0000
5.000	1.2919	0.0051	0.0262	0.0060	-0.0001	-0.0060	0.9734	-0.2274
10.000	1.3210	0.0198	0.0515	0.0117	-0.0005	-0.0117	0.8968	-0.4391
15.000	1.3684	0.0422	0.0755	0.0169	-0.0011	-0.0167	0.7781	-0.6222
20.000	1.4324	0.0698	0.0977	0.0213	-0.0017	-0.0210	0.6286	-0.7684
25.000	1.5109	0.1002	0.1182	0.0252	-0.0024	-0.0245	0.4603	-0.8742
30.000	1.6015	0.1308	0.1370	0.0284	-0.0029	-0.0272	0.2838	-0.9400
35.000	1.7013	0.1601	0.1546	0.0311	-0.0033	-0.0291	0.1078	-0.9690
40.000	1.8074	0.1867	0.1712	0.0335	-0.0036	-0.0305	-0.0615	-0.9655
45.000	1.9170	0.2101	0.1872	0.0357	-0.0036	-0.0315	-0.2198	-0.9342
50.000	2.0272	0.2298	0.2030	0.0379	-0.0034	-0.0321	-0.3644	-0.8795
55.000	2.1353	0.2459	0.2186	0.0400	-0.0029	-0.0326	-0.4937	-0.8053
60.000	2.2391	0.2584	0.2343	0.0422	-0.0023	-0.0329	-0.6064	-0.7150
65.000	2.3362	0.2675	0.2501	0.0445	-0.0014	-0.0332	-0.7021	-0.6115
70.000	2.4250	0.2734	0.2659	0.0468	-0.0004	-0.0335	-0.7800	-0.4971
75.000	2.5039	0.2764	0.2816	0.0491	0.0008	-0.0339	-0.8399	-0.3743
80.000	2.5716	0.2765	0.2972	0.0513	0.0021	-0.0344	-0.8812	-0.2452
85.000	2.6273	0.2740	0.3123	0.0535	0.0034	-0.0351	-0.9036	-0.1118
90.000	2.6702	0.2690	0.3268	0.0554	0.0049	-0.0359	-0.9067	0.0238
95.000	2.7003	0.2615	0.3403	0.0571	0.0063	-0.0369	-0.8901	0.1594
100.000	2.7174	0.2517	0.3524	0.0585	0.0077	-0.0380	-0.8537	0.2927
105.000	2.7222	0.2396	0.3628	0.0595	0.0089	-0.0392	-0.7972	0.4211
110.000	2.7153	0.2254	0.3710	0.0599	0.0100	-0.0404	-0.7209	0.5419
115.000	2.6979	0.2092	0.3764	0.0599	0.0108	-0.0415	-0.6252	0.6523
120.000	2.6716	0.1912	0.3785	0.0592	0.0114	-0.0424	-0.5109	0.7488
125.000	2.6379	0.1717	0.3767	0.0579	0.0116	-0.0430	-0.3794	0.8283
130.000	2.5989	0.1510	0.3702	0.0559	0.0114	-0.0432	-0.2331	0.8871
135.000	2.5564	0.1295	0.3586	0.0532	0.0108	-0.0428	-0.0749	0.9219
140.000	2.5125	0.1079	0.3412	0.0497	0.0098	-0.0416	0.0910	0.9297
145.000	2.4690	0.0866	0.3177	0.0455	0.0085	-0.0395	0.2598	0.9080
150.000	2.4279	0.0663	0.2879	0.0406	0.0070	-0.0365	0.4255	0.8556
155.000	2.3905	0.0477	0.2517	0.0350	0.0053	-0.0324	0.5816	0.7722
160.000	2.3582	0.0315	0.2097	0.0288	0.0037	-0.0274	0.7214	0.6593
165.000	2.3320	0.0181	0.1624	0.0221	0.0022	-0.0215	0.8383	0.5202
170.000	2.3128	0.0082	0.1108	0.0150	0.0010	-0.0148	0.9265	0.3596
175.000	2.3011	0.0021	0.0562	0.0076	0.0003	-0.0075	0.9814	0.1838
180.000	2.2971	0.0000	0.0000	0.0000	0.0000	0.0000	1.0000	0.0000
