0.000	4.5097	0.0000	0.0000	0.0000	0.0000	0.0000	1.0000	0.0000
5.000	4.5579	0.0084	-0.0079	-0.0001	0.0000	0.0000	0.9687	-0.2480
10.000	4.7005	0.0320	-0.0148	-0.0004	0.0000	-0.0001	0.8795	-0.4746
15.000	4.9317	0.0674	-0.0197	-0.0010	0.0000	-0.0004	0.7447	-0.6637
20.000	5.2423	0.1098	-0.0221	-0.0021	0.0002	-0.0009	0.5804	-0.8066
25.000	5.6200	0.1547	-0.0218	-0.0033	0.0006	-0.0017	0.4019	-0.9023
30.000	6.0508	0.1987	-0.0185	-0.0044	0.0014	-0.0027	0.2215	-0.9545
35.000	6.5193	0.2394	-0.0124	-0.0051	0.0024	-0.0040	0.0479	-0.9697
40.000	7.0097	0.2756	-0.0035	-0.0052	0.0038	-0.0056	-0.1140	-0.9545
45.000	7.5064	0.3068	0.0081	-0.0044	0.0055	-0.0074	-0.2614	-0.9151
50.000	7.9949	0.3329	0.0223	-0.0026	0.0074	-0.0095	-0.3934	-0.8566
55.000	8.4620	0.3543	0.0389	0.0003	0.0095	-0.0118	-0.5096	-0.7829
60.000	8.8962	0.3714	0.0578	0.0043	0.0119	-0.0145	-0.6102	-0.6972
65.000	9.2875	0.3844	0.0786	0.0094	0.0143	-0.0175	-0.6953	-0.6018
70.000	9.6276	0.3938	0.1013	0.0155	0.0169	-0.0209	-0.7652	-0.4986
75.000	9.9100	0.3999	0.1256	0.0224	0.0195	-0.0246	-0.8200	-0.3891
80.000	10.1294	0.4029	0.1510	0.0300	0.0222	-0.0288	-0.8596	-0.2748
85.000	10.2820	0.4029	0.1772	0.0380	0.0248	-0.0334	-0.8839	-0.1570
90.000	10.3657	0.3999	0.2040	0.0463	0.0274	-0.0384	-0.8927	-0.0369
95.000	10.3797	0.3941	0.2309	0.0547	0.0299	-0.0438	-0.8857	0.0842
100.000	10.3251	0.3852	0.2575	0.0630	0.0321	-0.0496	-0.8624	0.2050
105.000	10.2048	0.3732	0.2833	0.0710	0.0342	-0.0557	-0.8224	0.3239
110.000	10.0237	0.3580	0.3079	0.0785	0.0359	-0.0621	-0.7650	0.4392
115.000	9.7885	0.3395	0.3305	0.0853	0.0371	-0.0685	-0.6896	0.5488
120.000	9.5079	0.3177	0.3503	0.0913	0.0377	-0.0747	-0.5958	0.6502
125.000	9.1922	0.2925	0.3665	0.0961	0.0376	-0.0805	-0.4833	0.7402
130.000	8.8528	0.2642	0.3779	0.0996	0.0366	-0.0854	-0.3525	0.8151
135.000	8.5017	0.2330	0.3832	0.1013	0.0347	-0.0891	-0.2044	0.8707
140.000	8.1512	0.1996	0.3809	0.1009	0.0317	-0.0909	-0.0416	0.9024
145.000	7.8128	0.1648	0.3695	0.0980	0.0278	-0.0904	0.1322	0.9052
150.000	7.4976	0.1297	0.3478	0.0923	0.0231	-0.0869	0.3111	0.8751
155.000	7.2151	0.0957	0.3148	0.0836	0.0178	-0.0802	0.4874	0.8089
160.000	6.9733	0.0645	0.2702	0.0718	0.0125	-0.0699	0.6520	0.7055
165.000	6.7788	0.0378	0.2143	0.0570	0.0076	-0.0561	0.7947	0.5666
170.000	6.6365	0.0173	0.1489	0.0396	0.0035	-0.0393	0.9055	0.3969
175.000	6.5498	0.0044	0.0764	0.0203	0.0009	-0.0203	0.9759	0.2045
180.000	6.5207	0.0000	0.0000	0.0000	0.0000	0.0000	1.0000	0.0000
