0.000	0.4067	0.0000	0.0000	0.0000	0.0000	0.0000	1.0000	0.0000
5.000	0.4087	0.0003	0.0511	0.0014	-0.0002	-0.0013	0.9770	-0.2070
10.000	0.4147	0.0012	0.1008	0.0027	-0.0007	-0.0025	0.9098	-0.4027
15.000	0.4246	0.0025	0.1480	0.0039	-0.0015	-0.0034	0.8034	-0.5768
20.000	0.4382	0.0038	0.1918	0.0050	-0.0025	-0.0038	0.6653	-0.7215
25.000	0.4553	0.0050	0.2315	0.0060	-0.0036	-0.0037	0.5045	-0.8318
30.000	0.4756	0.0057	0.2668	0.0069	-0.0048	-0.0032	0.3303	-0.9054
35.000	0.4987	0.0059	0.2979	0.0076	-0.0059	-0.0022	0.1512	-0.9425
40.000	0.5241	0.0054	0.3248	0.0083	-0.0069	-0.0008	-0.0252	-0.9454
45.000	0.5514	0.0044	0.3480	0.0088	-0.0077	0.0009	-0.1929	-0.9175
50.000	0.5799	0.0029	0.3678	0.0091	-0.0082	0.0027	-0.3474	-0.8626
55.000	0.6091	0.0010	0.3848	0.0093	-0.0085	0.0047	-0.4856	-0.7849
60.000	0.6383	-0.0012	0.3993	0.0094	-0.0085	0.0066	-0.6053	-0.6885
65.000	0.6672	-0.0037	0.4117	0.0092	-0.0081	0.0086	-0.7052	-0.5771
70.000	0.6950	-0.0063	0.4221	0.0089	-0.0075	0.0103	-0.7845	-0.4541
75.000	0.7215	-0.0091	0.4309	0.0083	-0.0067	0.0120	-0.8427	-0.3224
80.000	0.7462	-0.0119	0.4380	0.0076	-0.0056	0.0134	-0.8796	-0.1850
85.000	0.7688	-0.0148	0.4434	0.0067	-0.0044	0.0146	-0.8950	-0.0444
90.000	0.7893	-0.0176	0.4471	0.0056	-0.0032	0.0155	-0.8889	0.0967
95.000	0.8073	-0.0202	0.4489	0.0044	-0.0019	0.0161	-0.8616	0.2357
100.000	0.8229	-0.0224	0.4486	0.0031	-0.0007	0.0165	-0.8132	0.3697
105.000	0.8360	-0.0240	0.4460	0.0018	0.0003	0.0166	-0.7444	0.4961
110.000	0.8467	-0.0249	0.4407	0.0005	0.0012	0.0164	-0.6560	0.6120
115.000	0.8549	-0.0250	0.4326	-0.0007	0.0019	0.0159	-0.5494	0.7142
120.000	0.8609	-0.0241	0.4214	-0.0018	0.0024	0.0151	-0.4262	0.8000
125.000	0.8647	-0.0224	0.4067	-0.0028	0.0026	0.0141	-0.2888	0.8663
130.000	0.8667	-0.0200	0.3883	-0.0036	0.0026	0.0130	-0.1401	0.9105
135.000	0.8669	-0.0171	0.3660	-0.0041	0.0025	0.0117	0.0165	0.9303
140.000	0.8659	-0.0139	0.3396	-0.0045	0.0022	0.0102	0.1767	0.9237
145.000	0.8639	-0.0108	0.3090	-0.0046	0.0019	0.0088	0.3360	0.8896
150.000	0.8612	-0.0078	0.2743	-0.0045	0.0015	0.0073	0.4892	0.8278
155.000	0.8582	-0.0053	0.2357	-0.0041	0.0011	0.0059	0.6310	0.7391
160.000	0.8553	-0.0033	0.1934	-0.0036	0.0007	0.0045	0.7559	0.6254
165.000	0.8527	-0.0018	0.1480	-0.0029	0.0004	0.0033	0.8591	0.4900
170.000	0.8507	-0.0008	0.1002	-0.0020	0.0002	0.0021	0.9362	0.3369
175.000	0.8494	-0.0002	0.0505	-0.0010	0.0000	0.0010	0.9839	0.1716
180.000	0.8490	0.0000	0.0000	0.0000	0.0000	0.0000	1.0000	0.0000
