0.000	0.1888	0.0000	0.0000	0.0000	0.0000	0.0000	1.0000	0.0000
5.000	0.1895	-0.0014	0.0631	-0.0018	-0.0003	0.0018	0.9789	-0.1943
10.000	0.1917	-0.0055	0.1245	-0.0036	-0.0012	0.0037	0.9170	-0.3789
15.000	0.1953	-0.0120	0.1829	-0.0054	-0.0026	0.0056	0.8184	-0.5446
20.000	0.2003	-0.0203	0.2371	-0.0071	-0.0044	0.0077	0.6892	-0.6844
25.000	0.2065	-0.0298	0.2862	-0.0088	-0.0064	0.0099	0.5370	-0.7930
30.000	0.2140	-0.0400	0.3296	-0.0104	-0.0084	0.0122	0.3698	-0.8677
35.000	0.2225	-0.0504	0.3673	-0.0119	-0.0104	0.0145	0.1956	-0.9078
40.000	0.2319	-0.0605	0.3994	-0.0134	-0.0121	0.0168	0.0217	-0.9144
45.000	0.2420	-0.0700	0.4263	-0.0149	-0.0136	0.0192	-0.1460	-0.8898
50.000	0.2527	-0.0787	0.4483	-0.0163	-0.0149	0.0215	-0.3025	-0.8372
55.000	0.2637	-0.0866	0.4660	-0.0177	-0.0158	0.0238	-0.4439	-0.7602
60.000	0.2748	-0.0935	0.4798	-0.0192	-0.0165	0.0260	-0.5673	-0.6623
65.000	0.2860	-0.0995	0.4901	-0.0206	-0.0169	0.0282	-0.6705	-0.5474
70.000	0.2972	-0.1046	0.4973	-0.0221	-0.0171	0.0302	-0.7519	-0.4191
75.000	0.3081	-0.1087	0.5015	-0.0236	-0.0171	0.0322	-0.8105	-0.2811
80.000	0.3188	-0.1118	0.5029	-0.0252	-0.0169	0.0340	-0.8456	-0.1369
85.000	0.3291	-0.1137	0.5016	-0.0267	-0.0164	0.0356	-0.8570	0.0098
90.000	0.3389	-0.1145	0.4978	-0.0282	-0.0158	0.0370	-0.8450	0.1555
95.000	0.3482	-0.1139	0.4915	-0.0296	-0.0150	0.0381	-0.8102	0.2969
100.000	0.3567	-0.1120	0.4828	-0.0308	-0.0141	0.0389	-0.7537	0.4308
105.000	0.3645	-0.1087	0.4717	-0.0318	-0.0130	0.0394	-0.6768	0.5540
110.000	0.3714	-0.1039	0.4581	-0.0325	-0.0118	0.0394	-0.5812	0.6640
115.000	0.3773	-0.0977	0.4421	-0.0329	-0.0105	0.0390	-0.4689	0.7580
120.000	0.3823	-0.0901	0.4236	-0.0328	-0.0092	0.0381	-0.3421	0.8336
125.000	0.3863	-0.0814	0.4023	-0.0323	-0.0079	0.0368	-0.2036	0.8886
130.000	0.3896	-0.0718	0.3783	-0.0313	-0.0067	0.0349	-0.0562	0.9210
135.000	0.3921	-0.0616	0.3513	-0.0298	-0.0054	0.0327	0.0964	0.9291
140.000	0.3942	-0.0511	0.3213	-0.0279	-0.0043	0.0300	0.2501	0.9118
145.000	0.3958	-0.0408	0.2884	-0.0254	-0.0033	0.0269	0.4005	0.8687
150.000	0.3972	-0.0310	0.2528	-0.0225	-0.0024	0.0235	0.5428	0.8003
155.000	0.3984	-0.0221	0.2146	-0.0193	-0.0017	0.0199	0.6725	0.7080
160.000	0.3995	-0.0145	0.1743	-0.0158	-0.0011	0.0161	0.7851	0.5942
165.000	0.4004	-0.0083	0.1322	-0.0120	-0.0006	0.0121	0.8768	0.4623
170.000	0.4011	-0.0037	0.0889	-0.0081	-0.0003	0.0081	0.9445	0.3163
175.000	0.4015	-0.0009	0.0447	-0.0041	-0.0001	0.0041	0.9860	0.1606
180.000	0.4017	0.0000	0.0000	0.0000	0.0000	0.0000	1.0000	0.0000
