0.000	6.0572	0.0000	0.0000	0.0000	0.0000	0.0000	1.0000	0.0000
5.000	6.0856	0.0058	-0.0086	0.0232	-0.0001	-0.0237	0.9781	-0.2078
10.000	6.1719	0.0229	-0.0198	0.0418	-0.0005	-0.0460	0.9139	-0.4043
15.000	6.3198	0.0511	-0.0357	0.0521	-0.0011	-0.0656	0.8120	-0.5790
20.000	6.5343	0.0893	-0.0569	0.0519	-0.0022	-0.0815	0.6795	-0.7233
25.000	6.8200	0.1359	-0.0827	0.0410	-0.0037	-0.0934	0.5258	-0.8313
30.000	7.1797	0.1886	-0.1112	0.0210	-0.0059	-0.1012	0.3615	-0.9009
35.000	7.6123	0.2449	-0.1399	-0.0052	-0.0089	-0.1057	0.1964	-0.9331
40.000	8.1116	0.3018	-0.1660	-0.0341	-0.0126	-0.1075	0.0390	-0.9324
45.000	8.6657	0.3570	-0.1874	-0.0626	-0.0172	-0.1075	-0.1047	-0.9047
50.000	9.2562	0.4083	-0.2027	-0.0881	-0.0226	-0.1067	-0.2316	-0.8570
55.000	9.8596	0.4547	-0.2113	-0.1091	-0.0289	-0.1057	-0.3405	-0.7953
60.000	10.4483	0.4953	-0.2135	-0.1251	-0.0358	-0.1049	-0.4323	-0.7250
65.000	10.9925	0.5301	-0.2099	-0.1362	-0.0434	-0.1045	-0.5084	-0.6498
70.000	11.4625	0.5593	-0.2015	-0.1429	-0.0516	-0.1046	-0.5709	-0.5723
75.000	11.8313	0.5833	-0.1890	-0.1458	-0.0602	-0.1051	-0.6217	-0.4941
80.000	12.0761	0.6026	-0.1734	-0.1460	-0.0690	-0.1059	-0.6626	-0.4161
85.000	12.1805	0.6178	-0.1554	-0.1440	-0.0780	-0.1069	-0.6949	-0.3383
90.000	12.1348	0.6295	-0.1356	-0.1404	-0.0868	-0.1080	-0.7196	-0.2608
95.000	11.9367	0.6382	-0.1141	-0.1356	-0.0953	-0.1089	-0.7373	-0.1834
100.000	11.5906	0.6441	-0.0911	-0.1298	-0.1032	-0.1097	-0.7482	-0.1056
105.000	11.1067	0.6477	-0.0664	-0.1230	-0.1102	-0.1103	-0.7524	-0.0274
110.000	10.5000	0.6490	-0.0397	-0.1149	-0.1162	-0.1110	-0.7496	0.0515
115.000	9.7891	0.6481	-0.0105	-0.1053	-0.1208	-0.1118	-0.7393	0.1313
120.000	8.9949	0.6448	0.0218	-0.0936	-0.1237	-0.1130	-0.7208	0.2121
125.000	8.1399	0.6385	0.0579	-0.0793	-0.1250	-0.1149	-0.6929	0.2938
130.000	7.2477	0.6285	0.0986	-0.0619	-0.1243	-0.1178	-0.6541	0.3766
135.000	6.3425	0.6137	0.1444	-0.0408	-0.1215	-0.1221	-0.6020	0.4605
140.000	5.4484	0.5924	0.1956	-0.0159	-0.1165	-0.1281	-0.5330	0.5450
145.000	4.5896	0.5621	0.2517	0.0129	-0.1092	-0.1356	-0.4418	0.6288
150.000	3.7895	0.5194	0.3106	0.0448	-0.0992	-0.1442	-0.3208	0.7087
155.000	3.0700	0.4597	0.3674	0.0776	-0.0861	-0.1524	-0.1599	0.7769
160.000	2.4513	0.3784	0.4111	0.1070	-0.0695	-0.1570	0.0519	0.8168
165.000	1.9508	0.2731	0.4214	0.1243	-0.0492	-0.1517	0.3197	0.7973
170.000	1.5827	0.1518	0.3674	0.1170	-0.0270	-0.1273	0.6234	0.6710
175.000	1.3576	0.0447	0.2218	0.0737	-0.0079	-0.0752	0.8895	0.3966
180.000	1.2818	0.0000	0.0001	0.0001	0.0000	-0.0001	1.0000	0.0001
