0.000	7.5052	0.0000	0.0000	0.0000	0.0000	0.0000	1.0000	0.0000
5.000	7.5642	0.0078	-0.0200	0.0173	-0.0009	-0.0178	0.9725	-0.2318
10.000	7.7408	0.0306	-0.0412	0.0307	-0.0034	-0.0341	0.8932	-0.4465
15.000	8.0340	0.0662	-0.0639	0.0372	-0.0072	-0.0479	0.7708	-0.6297
20.000	8.4415	0.1118	-0.0882	0.0354	-0.0120	-0.0584	0.6175	-0.7721
25.000	8.9585	0.1639	-0.1131	0.0256	-0.0171	-0.0654	0.4471	-0.8698
30.000	9.5770	0.2192	-0.1370	0.0095	-0.0223	-0.0693	0.2722	-0.9241
35.000	10.2849	0.2747	-0.1586	-0.0106	-0.0273	-0.0706	0.1029	-0.9398
40.000	11.0650	0.3281	-0.1762	-0.0322	-0.0318	-0.0700	-0.0537	-0.9239
45.000	11.8951	0.3779	-0.1889	-0.0529	-0.0359	-0.0682	-0.1934	-0.8837
50.000	12.7483	0.4230	-0.1961	-0.0711	-0.0394	-0.0658	-0.3148	-0.8262
55.000	13.5936	0.4631	-0.1978	-0.0858	-0.0426	-0.0634	-0.4179	-0.7571
60.000	14.3977	0.4980	-0.1941	-0.0965	-0.0454	-0.0612	-0.5040	-0.6810
65.000	15.1264	0.5280	-0.1854	-0.1032	-0.0480	-0.0594	-0.5748	-0.6010
70.000	15.7468	0.5532	-0.1725	-0.1061	-0.0502	-0.0582	-0.6323	-0.5194
75.000	16.2291	0.5743	-0.1558	-0.1057	-0.0522	-0.0576	-0.6780	-0.4374
80.000	16.5484	0.5914	-0.1360	-0.1023	-0.0539	-0.0575	-0.7137	-0.3558
85.000	16.6862	0.6051	-0.1136	-0.0966	-0.0553	-0.0582	-0.7405	-0.2748
90.000	16.6314	0.6156	-0.0888	-0.0889	-0.0562	-0.0594	-0.7594	-0.1943
95.000	16.3807	0.6231	-0.0621	-0.0795	-0.0566	-0.0613	-0.7708	-0.1141
100.000	15.9383	0.6280	-0.0335	-0.0687	-0.0564	-0.0639	-0.7751	-0.0340
105.000	15.3159	0.6301	-0.0031	-0.0565	-0.0555	-0.0673	-0.7722	0.0465
110.000	14.5313	0.6296	0.0293	-0.0430	-0.0538	-0.0717	-0.7618	0.1276
115.000	13.6077	0.6260	0.0640	-0.0281	-0.0512	-0.0773	-0.7431	0.2097
120.000	12.5725	0.6192	0.1010	-0.0117	-0.0478	-0.0842	-0.7150	0.2930
125.000	11.4558	0.6084	0.1407	0.0065	-0.0436	-0.0926	-0.6761	0.3775
130.000	10.2899	0.5929	0.1832	0.0266	-0.0386	-0.1027	-0.6240	0.4629
135.000	9.1079	0.5712	0.2283	0.0486	-0.0332	-0.1145	-0.5557	0.5486
140.000	7.9427	0.5418	0.2753	0.0722	-0.0273	-0.1277	-0.4671	0.6329
145.000	6.8266	0.5025	0.3225	0.0968	-0.0214	-0.1418	-0.3531	0.7125
150.000	5.7900	0.4508	0.3663	0.1207	-0.0157	-0.1553	-0.2072	0.7810
155.000	4.8611	0.3841	0.4002	0.1411	-0.0106	-0.1656	-0.0235	0.8271
160.000	4.0648	0.3012	0.4136	0.1531	-0.0063	-0.1685	0.2009	0.8324
165.000	3.4225	0.2050	0.3908	0.1499	-0.0032	-0.1578	0.4579	0.7702
170.000	2.9511	0.1071	0.3151	0.1238	-0.0012	-0.1265	0.7175	0.6114
175.000	2.6632	0.0299	0.1790	0.0713	-0.0003	-0.0717	0.9212	0.3440
180.000	2.5664	0.0000	0.0001	0.0001	0.0000	-0.0001	1.0000	0.0001
