0.000	0.2530	0.0000	0.0000	0.0000	0.0000	0.0000	1.0000	0.0000
5.000	0.2541	-0.0010	0.0596	-0.0005	-0.0003	0.0006	0.9779	-0.2003
10.000	0.2573	-0.0040	0.1176	-0.0011	-0.0013	0.0012	0.9134	-0.3898
15.000	0.2626	-0.0085	0.1724	-0.0016	-0.0027	0.0020	0.8110	-0.5589
20.000	0.2698	-0.0140	0.2231	-0.0020	-0.0044	0.0029	0.6780	-0.7003
25.000	0.2788	-0.0202	0.2688	-0.0025	-0.0063	0.0041	0.5225	-0.8089
30.000	0.2895	-0.0265	0.3093	-0.0030	-0.0081	0.0055	0.3531	-0.8825
35.000	0.3015	-0.0327	0.3445	-0.0036	-0.0097	0.0072	0.1779	-0.9211
40.000	0.3148	-0.0388	0.3746	-0.0043	-0.0111	0.0090	0.0038	-0.9263
45.000	0.3291	-0.0447	0.4001	-0.0051	-0.0122	0.0110	-0.1632	-0.9006
50.000	0.3441	-0.0504	0.4213	-0.0061	-0.0129	0.0132	-0.3186	-0.8474
55.000	0.3596	-0.0561	0.4387	-0.0072	-0.0134	0.0154	-0.4588	-0.7704
60.000	0.3755	-0.0617	0.4527	-0.0085	-0.0136	0.0177	-0.5810	-0.6732
65.000	0.3914	-0.0671	0.4637	-0.0098	-0.0137	0.0199	-0.6833	-0.5595
70.000	0.4073	-0.0721	0.4719	-0.0113	-0.0136	0.0221	-0.7643	-0.4329
75.000	0.4228	-0.0765	0.4775	-0.0127	-0.0134	0.0241	-0.8230	-0.2969
80.000	0.4377	-0.0800	0.4807	-0.0141	-0.0131	0.0260	-0.8590	-0.1548
85.000	0.4519	-0.0824	0.4816	-0.0155	-0.0127	0.0276	-0.8720	-0.0100
90.000	0.4651	-0.0835	0.4803	-0.0168	-0.0122	0.0289	-0.8623	0.1344
95.000	0.4772	-0.0833	0.4768	-0.0181	-0.0115	0.0299	-0.8302	0.2752
100.000	0.4880	-0.0819	0.4710	-0.0192	-0.0107	0.0305	-0.7766	0.4095
105.000	0.4975	-0.0793	0.4629	-0.0203	-0.0098	0.0308	-0.7024	0.5343
110.000	0.5057	-0.0758	0.4523	-0.0211	-0.0087	0.0308	-0.6091	0.6466
115.000	0.5125	-0.0714	0.4390	-0.0218	-0.0075	0.0304	-0.4983	0.7438
120.000	0.5181	-0.0665	0.4229	-0.0223	-0.0063	0.0297	-0.3723	0.8232
125.000	0.5226	-0.0610	0.4038	-0.0224	-0.0051	0.0286	-0.2337	0.8822
130.000	0.5261	-0.0551	0.3816	-0.0223	-0.0039	0.0272	-0.0855	0.9186
135.000	0.5288	-0.0488	0.3560	-0.0218	-0.0028	0.0256	0.0685	0.9306
140.000	0.5307	-0.0421	0.3272	-0.0208	-0.0019	0.0236	0.2244	0.9169
145.000	0.5322	-0.0351	0.2950	-0.0195	-0.0012	0.0214	0.3776	0.8770
150.000	0.5332	-0.0279	0.2597	-0.0177	-0.0007	0.0189	0.5235	0.8110
155.000	0.5340	-0.0208	0.2214	-0.0155	-0.0003	0.0162	0.6572	0.7202
160.000	0.5345	-0.0142	0.1806	-0.0129	-0.0001	0.0133	0.7741	0.6066
165.000	0.5348	-0.0084	0.1375	-0.0100	0.0000	0.0102	0.8700	0.4735
170.000	0.5350	-0.0039	0.0927	-0.0068	0.0000	0.0069	0.9412	0.3248
175.000	0.5351	-0.0010	0.0466	-0.0035	0.0000	0.0035	0.9852	0.1652
180.000	0.5352	0.0000	0.0000	0.0000	0.0000	0.0000	1.0000	0.0000
