0.000	0.8379	0.0000	0.0000	0.0000	0.0000	0.0000	1.0000	0.0000
5.000	0.8429	0.0033	0.0335	0.0080	-0.0005	-0.0080	0.9779	-0.2065
10.000	0.8578	0.0128	0.0661	0.0158	-0.0020	-0.0155	0.9134	-0.4014
15.000	0.8821	0.0275	0.0968	0.0230	-0.0043	-0.0220	0.8122	-0.5746
20.000	0.9150	0.0460	0.1251	0.0294	-0.0071	-0.0272	0.6821	-0.7191
25.000	0.9555	0.0667	0.1508	0.0351	-0.0102	-0.0311	0.5319	-0.8307
30.000	1.0025	0.0883	0.1739	0.0399	-0.0134	-0.0335	0.3700	-0.9085
35.000	1.0545	0.1094	0.1947	0.0439	-0.0163	-0.0346	0.2039	-0.9534
40.000	1.1102	0.1291	0.2134	0.0473	-0.0190	-0.0346	0.0394	-0.9679
45.000	1.1681	0.1467	0.2305	0.0500	-0.0211	-0.0336	-0.1190	-0.9550
50.000	1.2268	0.1619	0.2464	0.0521	-0.0227	-0.0320	-0.2682	-0.9178
55.000	1.2849	0.1745	0.2612	0.0538	-0.0237	-0.0298	-0.4056	-0.8592
60.000	1.3412	0.1844	0.2753	0.0551	-0.0241	-0.0274	-0.5297	-0.7819
65.000	1.3945	0.1915	0.2888	0.0560	-0.0239	-0.0248	-0.6388	-0.6884
70.000	1.4441	0.1961	0.3017	0.0565	-0.0232	-0.0221	-0.7317	-0.5808
75.000	1.4892	0.1983	0.3140	0.0566	-0.0220	-0.0196	-0.8073	-0.4612
80.000	1.5291	0.1981	0.3257	0.0563	-0.0203	-0.0173	-0.8643	-0.3318
85.000	1.5636	0.1957	0.3365	0.0556	-0.0183	-0.0153	-0.9017	-0.1949
90.000	1.5925	0.1912	0.3463	0.0546	-0.0159	-0.0136	-0.9183	-0.0528
95.000	1.6155	0.1849	0.3547	0.0531	-0.0134	-0.0123	-0.9133	0.0918
100.000	1.6327	0.1768	0.3616	0.0512	-0.0108	-0.0114	-0.8859	0.2358
105.000	1.6444	0.1671	0.3665	0.0490	-0.0083	-0.0109	-0.8358	0.3762
110.000	1.6507	0.1560	0.3690	0.0464	-0.0058	-0.0108	-0.7630	0.5093
115.000	1.6521	0.1437	0.3688	0.0434	-0.0035	-0.0109	-0.6682	0.6314
120.000	1.6489	0.1303	0.3654	0.0402	-0.0016	-0.0113	-0.5525	0.7387
125.000	1.6418	0.1162	0.3585	0.0368	0.0001	-0.0118	-0.4179	0.8274
130.000	1.6314	0.1016	0.3476	0.0332	0.0013	-0.0123	-0.2672	0.8935
135.000	1.6183	0.0867	0.3324	0.0295	0.0022	-0.0127	-0.1040	0.9338
140.000	1.6034	0.0719	0.3126	0.0258	0.0026	-0.0129	0.0672	0.9451
145.000	1.5875	0.0575	0.2879	0.0221	0.0027	-0.0128	0.2410	0.9252
150.000	1.5715	0.0439	0.2585	0.0185	0.0025	-0.0122	0.4113	0.8731
155.000	1.5562	0.0316	0.2242	0.0151	0.0020	-0.0112	0.5715	0.7888
160.000	1.5425	0.0208	0.1856	0.0118	0.0015	-0.0097	0.7148	0.6740
165.000	1.5309	0.0120	0.1430	0.0087	0.0009	-0.0078	0.8345	0.5320
170.000	1.5222	0.0054	0.0972	0.0057	0.0004	-0.0054	0.9248	0.3679
175.000	1.5168	0.0014	0.0492	0.0028	0.0001	-0.0028	0.9809	0.1881
180.000	1.5149	-0.0000	0.0000	-0.0000	0.0000	0.0000	1.0000	0.0000
