0.000	11.2472	0.0000	0.0000	0.0000	0.0000	0.0000	1.0000	0.0000
5.000	11.3714	0.0102	-0.0387	-0.0017	-0.0010	0.0016	0.9681	-0.2475
10.000	11.7403	0.0393	-0.0747	-0.0039	-0.0038	0.0031	0.8772	-0.4727
15.000	12.3430	0.0831	-0.1060	-0.0069	-0.0080	0.0046	0.7403	-0.6586
20.000	13.1614	0.1362	-0.1313	-0.0109	-0.0132	0.0061	0.5746	-0.7962
25.000	14.1707	0.1934	-0.1500	-0.0154	-0.0187	0.0075	0.3964	-0.8848
30.000	15.3401	0.2504	-0.1624	-0.0201	-0.0242	0.0088	0.2190	-0.9288
35.000	16.6334	0.3044	-0.1689	-0.0244	-0.0294	0.0101	0.0514	-0.9359
40.000	18.0097	0.3536	-0.1699	-0.0280	-0.0339	0.0114	-0.1011	-0.9140
45.000	19.4251	0.3974	-0.1663	-0.0304	-0.0376	0.0126	-0.2363	-0.8706
50.000	20.8334	0.4356	-0.1584	-0.0313	-0.0405	0.0136	-0.3539	-0.8118
55.000	22.1878	0.4685	-0.1469	-0.0307	-0.0425	0.0144	-0.4546	-0.7425
60.000	23.4425	0.4964	-0.1320	-0.0285	-0.0435	0.0148	-0.5397	-0.6660
65.000	24.5539	0.5198	-0.1141	-0.0247	-0.0435	0.0149	-0.6107	-0.5851
70.000	25.4824	0.5392	-0.0934	-0.0195	-0.0424	0.0144	-0.6691	-0.5012
75.000	26.1940	0.5549	-0.0704	-0.0128	-0.0403	0.0133	-0.7160	-0.4157
80.000	26.6611	0.5674	-0.0450	-0.0048	-0.0371	0.0113	-0.7525	-0.3292
85.000	26.8641	0.5768	-0.0174	0.0044	-0.0329	0.0084	-0.7793	-0.2419
90.000	26.7920	0.5834	0.0121	0.0147	-0.0277	0.0042	-0.7970	-0.1541
95.000	26.4427	0.5871	0.0437	0.0261	-0.0215	-0.0012	-0.8058	-0.0657
100.000	25.8235	0.5880	0.0772	0.0384	-0.0144	-0.0082	-0.8056	0.0233
105.000	24.9504	0.5859	0.1126	0.0517	-0.0067	-0.0170	-0.7960	0.1132
110.000	23.8480	0.5805	0.1498	0.0659	0.0017	-0.0276	-0.7763	0.2038
115.000	22.5480	0.5716	0.1888	0.0810	0.0103	-0.0401	-0.7453	0.2951
120.000	21.0884	0.5584	0.2292	0.0969	0.0189	-0.0548	-0.7015	0.3868
125.000	19.5120	0.5403	0.2707	0.1133	0.0271	-0.0714	-0.6429	0.4781
130.000	17.8648	0.5164	0.3124	0.1301	0.0345	-0.0897	-0.5669	0.5675
135.000	16.1943	0.4857	0.3530	0.1465	0.0404	-0.1091	-0.4706	0.6526
140.000	14.5482	0.4471	0.3904	0.1618	0.0444	-0.1287	-0.3508	0.7296
145.000	12.9727	0.3995	0.4213	0.1745	0.0458	-0.1469	-0.2045	0.7924
150.000	11.5113	0.3423	0.4410	0.1828	0.0441	-0.1612	-0.0303	0.8324
155.000	10.2036	0.2760	0.4433	0.1839	0.0391	-0.1686	0.1705	0.8379
160.000	9.0843	0.2032	0.4203	0.1745	0.0310	-0.1652	0.3904	0.7949
165.000	8.1827	0.1292	0.3648	0.1516	0.0208	-0.1470	0.6127	0.6898
170.000	7.5219	0.0633	0.2724	0.1133	0.0106	-0.1118	0.8104	0.5150
175.000	7.1187	0.0169	0.1465	0.0609	0.0029	-0.0607	0.9495	0.2768
180.000	6.9831	0.0000	0.0000	0.0001	0.0000	-0.0001	1.0000	0.0000
