0.000	0.0139	0.0000	0.0000	0.0000	0.0000	0.0000	1.0000	0.0000
5.000	0.0139	-0.0034	0.0183	-0.0024	0.0000	0.0024	0.9758	-0.2178
10.000	0.0141	-0.0136	0.0361	-0.0047	-0.0001	0.0047	0.9048	-0.4241
15.000	0.0143	-0.0298	0.0530	-0.0069	-0.0002	0.0069	0.7913	-0.6084
20.000	0.0146	-0.0511	0.0686	-0.0090	-0.0004	0.0090	0.6424	-0.7616
25.000	0.0150	-0.0764	0.0827	-0.0109	-0.0005	0.0109	0.4666	-0.8773
30.000	0.0155	-0.1042	0.0951	-0.0126	-0.0007	0.0126	0.2738	-0.9514
35.000	0.0161	-0.1331	0.1055	-0.0141	-0.0010	0.0140	0.0740	-0.9827
40.000	0.0167	-0.1619	0.1140	-0.0154	-0.0012	0.0153	-0.1235	-0.9724
45.000	0.0175	-0.1891	0.1206	-0.0165	-0.0014	0.0163	-0.3105	-0.9237
50.000	0.0183	-0.2138	0.1255	-0.0173	-0.0016	0.0171	-0.4801	-0.8414
55.000	0.0191	-0.2352	0.1288	-0.0179	-0.0018	0.0176	-0.6274	-0.7310
60.000	0.0201	-0.2528	0.1306	-0.0183	-0.0020	0.0180	-0.7489	-0.5985
65.000	0.0210	-0.2660	0.1311	-0.0186	-0.0021	0.0182	-0.8424	-0.4498
70.000	0.0220	-0.2749	0.1305	-0.0186	-0.0022	0.0183	-0.9072	-0.2905
75.000	0.0230	-0.2794	0.1291	-0.0186	-0.0023	0.0182	-0.9431	-0.1259
80.000	0.0240	-0.2797	0.1267	-0.0184	-0.0023	0.0180	-0.9509	0.0393
85.000	0.0250	-0.2760	0.1237	-0.0181	-0.0023	0.0177	-0.9318	0.2008
90.000	0.0260	-0.2686	0.1201	-0.0177	-0.0023	0.0173	-0.8875	0.3547
95.000	0.0270	-0.2579	0.1159	-0.0172	-0.0022	0.0169	-0.8200	0.4976
100.000	0.0280	-0.2444	0.1113	-0.0166	-0.0021	0.0163	-0.7317	0.6265
105.000	0.0289	-0.2284	0.1062	-0.0159	-0.0020	0.0157	-0.6253	0.7386
110.000	0.0298	-0.2106	0.1007	-0.0152	-0.0018	0.0150	-0.5036	0.8318
115.000	0.0307	-0.1913	0.0949	-0.0144	-0.0017	0.0142	-0.3699	0.9042
120.000	0.0315	-0.1709	0.0887	-0.0135	-0.0015	0.0134	-0.2275	0.9546
125.000	0.0323	-0.1501	0.0823	-0.0126	-0.0013	0.0125	-0.0797	0.9820
130.000	0.0331	-0.1292	0.0756	-0.0117	-0.0011	0.0116	0.0699	0.9863
135.000	0.0337	-0.1086	0.0687	-0.0107	-0.0009	0.0106	0.2179	0.9675
140.000	0.0344	-0.0887	0.0616	-0.0096	-0.0008	0.0095	0.3611	0.9263
145.000	0.0349	-0.0700	0.0543	-0.0085	-0.0006	0.0085	0.4962	0.8637
150.000	0.0354	-0.0529	0.0469	-0.0074	-0.0004	0.0074	0.6202	0.7812
155.000	0.0358	-0.0376	0.0393	-0.0062	-0.0003	0.0062	0.7304	0.6808
160.000	0.0361	-0.0245	0.0316	-0.0050	-0.0002	0.0050	0.8243	0.5647
165.000	0.0364	-0.0140	0.0238	-0.0038	-0.0001	0.0038	0.8998	0.4354
170.000	0.0365	-0.0063	0.0159	-0.0025	-0.0001	0.0025	0.9550	0.2961
175.000	0.0366	-0.0016	0.0080	-0.0013	0.0000	0.0013	0.9887	0.1498
180.000	0.0367	0.0000	0.0000	0.0000	0.0000	0.0000	1.0000	0.0000
