0.000	8.0118	0.0000	0.0000	0.0000	0.0000	0.0000	1.0000	0.0000
5.000	8.1072	0.0097	-0.0212	-0.0024	0.0000	0.0023	0.9667	-0.2548
10.000	8.3893	0.0372	-0.0405	-0.0051	-0.0001	0.0042	0.8724	-0.4858
15.000	8.8466	0.0780	-0.0565	-0.0085	-0.0001	0.0057	0.7312	-0.6754
20.000	9.4610	0.1265	-0.0683	-0.0123	0.0001	0.0065	0.5612	-0.8152
25.000	10.2084	0.1774	-0.0755	-0.0164	0.0006	0.0066	0.3792	-0.9051
30.000	11.0605	0.2268	-0.0781	-0.0203	0.0015	0.0060	0.1982	-0.9505
35.000	11.9865	0.2723	-0.0765	-0.0236	0.0027	0.0049	0.0266	-0.9591
40.000	12.9545	0.3126	-0.0710	-0.0259	0.0044	0.0032	-0.1311	-0.9384
45.000	13.9327	0.3474	-0.0616	-0.0268	0.0064	0.0010	-0.2728	-0.8954
50.000	14.8914	0.3767	-0.0489	-0.0263	0.0086	-0.0016	-0.3981	-0.8354
55.000	15.8027	0.4010	-0.0329	-0.0240	0.0111	-0.0047	-0.5073	-0.7623
60.000	16.6424	0.4206	-0.0140	-0.0202	0.0137	-0.0082	-0.6012	-0.6794
65.000	17.3890	0.4362	0.0076	-0.0147	0.0164	-0.0123	-0.6804	-0.5887
70.000	18.0248	0.4480	0.0315	-0.0078	0.0192	-0.0167	-0.7454	-0.4921
75.000	18.5354	0.4564	0.0575	0.0004	0.0220	-0.0217	-0.7968	-0.3907
80.000	18.9095	0.4616	0.0852	0.0097	0.0247	-0.0271	-0.8348	-0.2856
85.000	19.1391	0.4638	0.1143	0.0197	0.0274	-0.0330	-0.8595	-0.1778
90.000	19.2197	0.4630	0.1444	0.0304	0.0301	-0.0395	-0.8710	-0.0680
95.000	19.1504	0.4592	0.1751	0.0414	0.0327	-0.0465	-0.8690	0.0430
100.000	18.9338	0.4523	0.2062	0.0526	0.0351	-0.0540	-0.8531	0.1543
105.000	18.5769	0.4421	0.2372	0.0638	0.0374	-0.0620	-0.8227	0.2651
110.000	18.0907	0.4284	0.2677	0.0747	0.0394	-0.0704	-0.7771	0.3742
115.000	17.4904	0.4110	0.2971	0.0853	0.0411	-0.0791	-0.7152	0.4802
120.000	16.7950	0.3897	0.3249	0.0952	0.0422	-0.0879	-0.6360	0.5811
125.000	16.0270	0.3642	0.3499	0.1043	0.0426	-0.0964	-0.5383	0.6744
130.000	15.2111	0.3344	0.3711	0.1121	0.0422	-0.1043	-0.4214	0.7568
135.000	14.3737	0.3004	0.3868	0.1181	0.0407	-0.1109	-0.2850	0.8240
140.000	13.5415	0.2624	0.3951	0.1217	0.0380	-0.1156	-0.1297	0.8707
145.000	12.7406	0.2212	0.3938	0.1223	0.0340	-0.1174	0.0419	0.8912
150.000	11.9953	0.1778	0.3806	0.1190	0.0288	-0.1154	0.2253	0.8791
155.000	11.3273	0.1340	0.3531	0.1111	0.0228	-0.1087	0.4130	0.8287
160.000	10.7554	0.0921	0.3099	0.0980	0.0163	-0.0966	0.5946	0.7362
165.000	10.2949	0.0549	0.2507	0.0795	0.0100	-0.0789	0.7572	0.6006
170.000	9.9577	0.0255	0.1767	0.0562	0.0048	-0.0560	0.8869	0.4260
175.000	9.7520	0.0066	0.0915	0.0292	0.0012	-0.0291	0.9709	0.2212
180.000	9.6829	0.0000	0.0000	0.0000	0.0000	0.0000	1.0000	0.0000
