0.000	0.0531	0.0000	0.0000	0.0000	0.0000	0.0000	1.0000	0.0000
5.000	0.0533	-0.0003	0.0568	0.0008	-0.0002	-0.0008	0.9776	-0.2028
10.000	0.0539	-0.0012	0.1121	0.0015	-0.0007	-0.0015	0.9118	-0.3951
15.000	0.0548	-0.0027	0.1644	0.0021	-0.0015	-0.0021	0.8071	-0.5671
20.000	0.0561	-0.0046	0.2126	0.0025	-0.0026	-0.0025	0.6700	-0.7113
25.000	0.0577	-0.0070	0.2558	0.0027	-0.0038	-0.0026	0.5086	-0.8221
30.000	0.0597	-0.0098	0.2937	0.0026	-0.0052	-0.0025	0.3317	-0.8964
35.000	0.0619	-0.0129	0.3260	0.0023	-0.0066	-0.0022	0.1477	-0.9337
40.000	0.0643	-0.0161	0.3527	0.0018	-0.0080	-0.0016	-0.0355	-0.9349
45.000	0.0669	-0.0195	0.3743	0.0010	-0.0094	-0.0007	-0.2113	-0.9026
50.000	0.0697	-0.0229	0.3911	0.0000	-0.0106	0.0003	-0.3742	-0.8405
55.000	0.0725	-0.0262	0.4035	-0.0011	-0.0116	0.0014	-0.5197	-0.7525
60.000	0.0755	-0.0293	0.4120	-0.0023	-0.0125	0.0027	-0.6447	-0.6431
65.000	0.0784	-0.0322	0.4170	-0.0036	-0.0133	0.0040	-0.7470	-0.5166
70.000	0.0814	-0.0349	0.4190	-0.0049	-0.0138	0.0054	-0.8250	-0.3774
75.000	0.0843	-0.0371	0.4182	-0.0063	-0.0141	0.0068	-0.8780	-0.2296
80.000	0.0871	-0.0389	0.4150	-0.0076	-0.0143	0.0082	-0.9056	-0.0772
85.000	0.0898	-0.0402	0.4095	-0.0089	-0.0142	0.0095	-0.9081	0.0760
90.000	0.0924	-0.0410	0.4021	-0.0102	-0.0140	0.0107	-0.8861	0.2263
95.000	0.0948	-0.0411	0.3927	-0.0113	-0.0136	0.0118	-0.8407	0.3704
100.000	0.0971	-0.0407	0.3814	-0.0123	-0.0130	0.0127	-0.7731	0.5050
105.000	0.0991	-0.0397	0.3685	-0.0131	-0.0123	0.0135	-0.6851	0.6270
110.000	0.1010	-0.0381	0.3538	-0.0137	-0.0115	0.0141	-0.5787	0.7337
115.000	0.1027	-0.0360	0.3375	-0.0142	-0.0105	0.0145	-0.4566	0.8223
120.000	0.1042	-0.0333	0.3195	-0.0144	-0.0095	0.0147	-0.3214	0.8907
125.000	0.1056	-0.0302	0.3000	-0.0144	-0.0084	0.0146	-0.1764	0.9370
130.000	0.1067	-0.0268	0.2788	-0.0141	-0.0073	0.0143	-0.0251	0.9596
135.000	0.1078	-0.0231	0.2561	-0.0136	-0.0062	0.0138	0.1287	0.9577
140.000	0.1086	-0.0193	0.2320	-0.0129	-0.0051	0.0130	0.2811	0.9310
145.000	0.1093	-0.0156	0.2064	-0.0119	-0.0040	0.0120	0.4281	0.8797
150.000	0.1099	-0.0120	0.1796	-0.0107	-0.0031	0.0107	0.5655	0.8048
155.000	0.1104	-0.0086	0.1516	-0.0093	-0.0022	0.0093	0.6896	0.7081
160.000	0.1107	-0.0057	0.1226	-0.0076	-0.0014	0.0077	0.7966	0.5919
165.000	0.1110	-0.0033	0.0927	-0.0059	-0.0008	0.0059	0.8835	0.4591
170.000	0.1112	-0.0015	0.0622	-0.0040	-0.0004	0.0040	0.9475	0.3135
175.000	0.1113	-0.0004	0.0312	-0.0020	-0.0001	0.0020	0.9868	0.1590
180.000	0.1114	0.0000	0.0000	0.0000	0.0000	0.0000	1.0000	0.0000
