0.000	12.3440	0.0000	0.0000	0.0000	0.0000	0.0000	1.0000	0.0000
5.000	12.4906	0.0104	-0.0372	-0.0028	-0.0010	0.0027	0.9665	-0.2537
10.000	12.9257	0.0398	-0.0715	-0.0057	-0.0037	0.0054	0.8716	-0.4834
15.000	13.6349	0.0837	-0.1005	-0.0090	-0.0078	0.0079	0.7295	-0.6713
20.000	14.5950	0.1365	-0.1229	-0.0124	-0.0125	0.0103	0.5588	-0.8086
25.000	15.7744	0.1927	-0.1383	-0.0158	-0.0174	0.0125	0.3768	-0.8953
30.000	17.1346	0.2481	-0.1472	-0.0188	-0.0220	0.0145	0.1970	-0.9368
35.000	18.6311	0.3000	-0.1502	-0.0211	-0.0259	0.0163	0.0282	-0.9414
40.000	20.2152	0.3469	-0.1481	-0.0225	-0.0291	0.0178	-0.1247	-0.9173
45.000	21.8354	0.3883	-0.1414	-0.0227	-0.0313	0.0191	-0.2599	-0.8723
50.000	23.4392	0.4241	-0.1309	-0.0216	-0.0325	0.0200	-0.3774	-0.8121
55.000	24.9747	0.4547	-0.1170	-0.0191	-0.0328	0.0205	-0.4782	-0.7415
60.000	26.3922	0.4806	-0.1000	-0.0152	-0.0321	0.0205	-0.5634	-0.6636
65.000	27.6458	0.5021	-0.0803	-0.0099	-0.0305	0.0200	-0.6346	-0.5810
70.000	28.6949	0.5197	-0.0581	-0.0034	-0.0279	0.0187	-0.6931	-0.4950
75.000	29.5050	0.5337	-0.0336	0.0043	-0.0244	0.0166	-0.7400	-0.4069
80.000	30.0494	0.5446	-0.0070	0.0131	-0.0200	0.0136	-0.7762	-0.3171
85.000	30.3093	0.5523	0.0216	0.0229	-0.0148	0.0094	-0.8022	-0.2261
90.000	30.2749	0.5572	0.0521	0.0336	-0.0089	0.0041	-0.8185	-0.1341
95.000	29.9455	0.5591	0.0843	0.0451	-0.0023	-0.0026	-0.8250	-0.0410
100.000	29.3295	0.5580	0.1181	0.0573	0.0048	-0.0108	-0.8216	0.0530
105.000	28.4439	0.5537	0.1534	0.0701	0.0123	-0.0206	-0.8077	0.1479
110.000	27.3141	0.5460	0.1900	0.0836	0.0200	-0.0320	-0.7824	0.2434
115.000	25.9731	0.5344	0.2276	0.0974	0.0276	-0.0451	-0.7444	0.3393
120.000	24.4599	0.5185	0.2659	0.1115	0.0347	-0.0599	-0.6922	0.4347
125.000	22.8187	0.4976	0.3040	0.1256	0.0411	-0.0760	-0.6238	0.5283
130.000	21.0974	0.4711	0.3409	0.1393	0.0463	-0.0931	-0.5368	0.6182
135.000	19.3456	0.4381	0.3752	0.1519	0.0498	-0.1105	-0.4289	0.7012
140.000	17.6138	0.3979	0.4045	0.1627	0.0512	-0.1271	-0.2977	0.7727
145.000	15.9512	0.3502	0.4256	0.1703	0.0500	-0.1414	-0.1416	0.8263
150.000	14.4046	0.2949	0.4343	0.1731	0.0459	-0.1512	0.0388	0.8532
155.000	13.0172	0.2333	0.4254	0.1690	0.0390	-0.1540	0.2397	0.8429
160.000	11.8270	0.1682	0.3933	0.1559	0.0298	-0.1470	0.4517	0.7841
165.000	10.8665	0.1049	0.3333	0.1319	0.0194	-0.1277	0.6581	0.6675
170.000	10.1615	0.0505	0.2440	0.0965	0.0096	-0.0951	0.8354	0.4901
175.000	9.7309	0.0133	0.1295	0.0512	0.0026	-0.0510	0.9567	0.2605
180.000	9.5860	0.0000	0.0000	0.0000	0.0000	-0.0000	1.0000	0.0000
