0.000	0.0006	0.0000	0.0000	0.0000	0.0000	0.0000	1.0000	0.0000
5.000	0.0007	-0.0003	0.0318	-0.0014	0.0000	0.0014	0.9920	0.1218
10.000	0.0007	-0.0011	0.0618	-0.0027	-0.0001	0.0027	0.9692	0.2382
15.000	0.0007	-0.0024	0.0885	-0.0039	-0.0001	0.0039	0.9344	0.3451
20.000	0.0007	-0.0039	0.1107	-0.0049	-0.0002	0.0049	0.8915	0.4393
25.000	0.0008	-0.0056	0.1282	-0.0057	-0.0003	0.0057	0.8447	0.5196
30.000	0.0008	-0.0074	0.1410	-0.0063	-0.0004	0.0063	0.7978	0.5861
35.000	0.0009	-0.0090	0.1496	-0.0068	-0.0005	0.0068	0.7539	0.6396
40.000	0.0010	-0.0104	0.1545	-0.0070	-0.0006	0.0070	0.7151	0.6817
45.000	0.0011	-0.0116	0.1564	-0.0072	-0.0007	0.0072	0.6825	0.7139
50.000	0.0012	-0.0126	0.1559	-0.0072	-0.0007	0.0072	0.6569	0.7376
55.000	0.0013	-0.0133	0.1536	-0.0072	-0.0007	0.0072	0.6382	0.7542
60.000	0.0014	-0.0138	0.1500	-0.0071	-0.0008	0.0071	0.6264	0.7648
65.000	0.0015	-0.0140	0.1453	-0.0069	-0.0008	0.0069	0.6209	0.7702
70.000	0.0016	-0.0140	0.1400	-0.0067	-0.0008	0.0067	0.6212	0.7709
75.000	0.0017	-0.0138	0.1341	-0.0065	-0.0008	0.0065	0.6268	0.7675
80.000	0.0018	-0.0135	0.1279	-0.0063	-0.0007	0.0063	0.6368	0.7602
85.000	0.0020	-0.0130	0.1214	-0.0061	-0.0007	0.0061	0.6509	0.7493
90.000	0.0021	-0.0124	0.1149	-0.0058	-0.0007	0.0058	0.6682	0.7349
95.000	0.0022	-0.0117	0.1083	-0.0055	-0.0006	0.0055	0.6883	0.7172
100.000	0.0023	-0.0109	0.1016	-0.0052	-0.0006	0.0052	0.7106	0.6961
105.000	0.0024	-0.0100	0.0950	-0.0049	-0.0005	0.0049	0.7345	0.6718
110.000	0.0026	-0.0091	0.0884	-0.0046	-0.0005	0.0046	0.7596	0.6443
115.000	0.0027	-0.0081	0.0818	-0.0043	-0.0004	0.0043	0.7852	0.6138
120.000	0.0028	-0.0071	0.0753	-0.0040	-0.0004	0.0040	0.8110	0.5801
125.000	0.0029	-0.0062	0.0688	-0.0037	-0.0003	0.0037	0.8365	0.5436
130.000	0.0030	-0.0053	0.0624	-0.0034	-0.0003	0.0034	0.8613	0.5042
135.000	0.0031	-0.0044	0.0560	-0.0031	-0.0002	0.0031	0.8850	0.4622
140.000	0.0031	-0.0035	0.0497	-0.0027	-0.0002	0.0027	0.9073	0.4176
145.000	0.0032	-0.0028	0.0434	-0.0024	-0.0001	0.0024	0.9277	0.3708
150.000	0.0033	-0.0021	0.0371	-0.0021	-0.0001	0.0021	0.9460	0.3219
155.000	0.0033	-0.0015	0.0309	-0.0017	-0.0001	0.0017	0.9620	0.2711
160.000	0.0034	-0.0009	0.0247	-0.0014	0.0000	0.0014	0.9754	0.2188
165.000	0.0034	-0.0005	0.0185	-0.0010	0.0000	0.0010	0.9861	0.1653
170.000	0.0034	-0.0002	0.0123	-0.0007	0.0000	0.0007	0.9938	0.1107
175.000	0.0034	-0.0001	0.0062	-0.0003	0.0000	0.0003	0.9984	0.0555
180.000	0.0034	0.0000	0.0000	-0.0001	0.0000	0.0001	1.0000	0.0000
