0.000	10.4817	0.0000	0.0000	0.0000	0.0000	0.0000	1.0000	0.0000
5.000	10.6025	0.0103	-0.0556	-0.0024	-0.0023	0.0025	0.9675	-0.2465
10.000	10.9613	0.0397	-0.1063	-0.0049	-0.0086	0.0054	0.8752	-0.4702
15.000	11.5465	0.0837	-0.1485	-0.0074	-0.0179	0.0090	0.7368	-0.6540
20.000	12.3392	0.1369	-0.1804	-0.0097	-0.0286	0.0134	0.5700	-0.7893
25.000	13.3139	0.1940	-0.2017	-0.0119	-0.0394	0.0186	0.3917	-0.8755
30.000	14.4391	0.2508	-0.2133	-0.0137	-0.0491	0.0243	0.2151	-0.9179
35.000	15.6777	0.3045	-0.2167	-0.0149	-0.0569	0.0303	0.0492	-0.9241
40.000	16.9891	0.3535	-0.2135	-0.0153	-0.0626	0.0364	-0.1012	-0.9023
45.000	18.3295	0.3973	-0.2051	-0.0149	-0.0660	0.0423	-0.2341	-0.8599
50.000	19.6538	0.4358	-0.1926	-0.0135	-0.0669	0.0477	-0.3494	-0.8027
55.000	20.9167	0.4692	-0.1768	-0.0111	-0.0657	0.0526	-0.4481	-0.7354
60.000	22.0746	0.4980	-0.1583	-0.0076	-0.0623	0.0566	-0.5314	-0.6614
65.000	23.0868	0.5227	-0.1376	-0.0030	-0.0569	0.0595	-0.6009	-0.5831
70.000	23.9167	0.5436	-0.1149	0.0028	-0.0497	0.0613	-0.6580	-0.5022
75.000	24.5336	0.5612	-0.0904	0.0098	-0.0408	0.0616	-0.7040	-0.4195
80.000	24.9135	0.5757	-0.0640	0.0180	-0.0303	0.0603	-0.7398	-0.3359
85.000	25.0401	0.5874	-0.0360	0.0274	-0.0185	0.0573	-0.7664	-0.2517
90.000	24.9049	0.5964	-0.0061	0.0382	-0.0055	0.0522	-0.7843	-0.1669
95.000	24.5083	0.6028	0.0255	0.0503	0.0086	0.0448	-0.7936	-0.0817
100.000	23.8589	0.6064	0.0591	0.0638	0.0233	0.0350	-0.7944	0.0042
105.000	22.9734	0.6071	0.0946	0.0787	0.0385	0.0226	-0.7864	0.0909
110.000	21.8760	0.6045	0.1321	0.0950	0.0538	0.0072	-0.7690	0.1784
115.000	20.5976	0.5983	0.1716	0.1128	0.0687	-0.0111	-0.7411	0.2668
120.000	19.1744	0.5879	0.2130	0.1318	0.0827	-0.0326	-0.7013	0.3559
125.000	17.6472	0.5724	0.2559	0.1519	0.0951	-0.0570	-0.6476	0.4452
130.000	16.0592	0.5509	0.2997	0.1727	0.1053	-0.0842	-0.5775	0.5336
135.000	14.4553	0.5222	0.3433	0.1935	0.1124	-0.1134	-0.4880	0.6191
140.000	12.8802	0.4849	0.3847	0.2132	0.1154	-0.1435	-0.3753	0.6983
145.000	11.3771	0.4375	0.4207	0.2302	0.1134	-0.1725	-0.2359	0.7657
150.000	9.9865	0.3791	0.4466	0.2419	0.1055	-0.1972	-0.0669	0.8129
155.000	8.7450	0.3096	0.4554	0.2447	0.0913	-0.2131	0.1317	0.8280
160.000	7.6846	0.2309	0.4383	0.2340	0.0714	-0.2146	0.3542	0.7955
165.000	6.8318	0.1488	0.3859	0.2051	0.0477	-0.1955	0.5847	0.6990
170.000	6.2076	0.0737	0.2918	0.1546	0.0243	-0.1514	0.7945	0.5278
175.000	5.8271	0.0198	0.1583	0.0837	0.0066	-0.0832	0.9449	0.2860
180.000	5.6992	0.0000	0.0001	0.0001	0.0000	-0.0001	1.0000	0.0001
