0.000	12.2802	0.0000	0.0000	0.0000	0.0000	0.0000	1.0000	0.0000
5.000	12.4315	0.0106	-0.0314	-0.0052	0.0004	0.0049	0.9658	-0.2573
10.000	12.8796	0.0407	-0.0607	-0.0112	0.0015	0.0092	0.8688	-0.4897
15.000	13.6076	0.0852	-0.0861	-0.0187	0.0034	0.0125	0.7243	-0.6789
20.000	14.5882	0.1382	-0.1065	-0.0275	0.0059	0.0145	0.5513	-0.8162
25.000	15.7854	0.1941	-0.1213	-0.0371	0.0089	0.0150	0.3673	-0.9021
30.000	17.1563	0.2485	-0.1304	-0.0467	0.0123	0.0142	0.1860	-0.9426
35.000	18.6533	0.2989	-0.1340	-0.0554	0.0160	0.0121	0.0158	-0.9461
40.000	20.2259	0.3439	-0.1321	-0.0624	0.0197	0.0088	-0.1388	-0.9211
45.000	21.8230	0.3831	-0.1252	-0.0671	0.0233	0.0043	-0.2759	-0.8749
50.000	23.3947	0.4166	-0.1135	-0.0693	0.0265	-0.0012	-0.3954	-0.8132
55.000	24.8932	0.4448	-0.0975	-0.0689	0.0294	-0.0076	-0.4981	-0.7405
60.000	26.2746	0.4682	-0.0776	-0.0658	0.0316	-0.0147	-0.5852	-0.6599
65.000	27.4990	0.4872	-0.0542	-0.0603	0.0332	-0.0226	-0.6576	-0.5738
70.000	28.5315	0.5024	-0.0280	-0.0528	0.0341	-0.0311	-0.7166	-0.4837
75.000	29.3428	0.5139	0.0007	-0.0436	0.0343	-0.0400	-0.7630	-0.3909
80.000	29.9090	0.5222	0.0313	-0.0330	0.0338	-0.0493	-0.7976	-0.2961
85.000	30.2127	0.5274	0.0633	-0.0215	0.0328	-0.0588	-0.8209	-0.1999
90.000	30.2435	0.5295	0.0965	-0.0093	0.0314	-0.0686	-0.8332	-0.1027
95.000	29.9981	0.5285	0.1305	0.0033	0.0297	-0.0785	-0.8346	-0.0049
100.000	29.4812	0.5245	0.1651	0.0162	0.0278	-0.0885	-0.8250	0.0933
105.000	28.7058	0.5171	0.2002	0.0293	0.0260	-0.0985	-0.8039	0.1916
110.000	27.6930	0.5062	0.2358	0.0427	0.0243	-0.1086	-0.7705	0.2896
115.000	26.4723	0.4914	0.2716	0.0564	0.0227	-0.1186	-0.7238	0.3867
120.000	25.0802	0.4723	0.3073	0.0703	0.0214	-0.1285	-0.6621	0.4817
125.000	23.5593	0.4485	0.3423	0.0845	0.0203	-0.1381	-0.5838	0.5732
130.000	21.9566	0.4194	0.3758	0.0988	0.0193	-0.1470	-0.4868	0.6586
135.000	20.3218	0.3847	0.4059	0.1125	0.0183	-0.1546	-0.3692	0.7344
140.000	18.7051	0.3439	0.4303	0.1249	0.0171	-0.1602	-0.2296	0.7959
145.000	17.1549	0.2974	0.4458	0.1346	0.0157	-0.1628	-0.0678	0.8364
150.000	15.7166	0.2456	0.4480	0.1400	0.0137	-0.1610	0.1141	0.8482
155.000	14.4306	0.1904	0.4320	0.1391	0.0112	-0.1532	0.3106	0.8224
160.000	13.3317	0.1345	0.3933	0.1297	0.0084	-0.1380	0.5112	0.7507
165.000	12.4482	0.0822	0.3285	0.1104	0.0053	-0.1143	0.7002	0.6278
170.000	11.8018	0.0390	0.2376	0.0809	0.0026	-0.0822	0.8577	0.4541
175.000	11.4079	0.0101	0.1250	0.0429	0.0007	-0.0431	0.9629	0.2389
180.000	11.2756	0.0000	0.0000	0.0000	0.0000	0.0000	1.0000	0.0000
