0.000	11.4265	0.0000	0.0000	0.0000	0.0000	0.0000	1.0000	0.0000
5.000	11.5749	0.0104	-0.0378	0.0030	-0.0022	-0.0029	0.9644	-0.2614
10.000	12.0152	0.0398	-0.0718	0.0056	-0.0082	-0.0050	0.8640	-0.4967
15.000	12.7323	0.0833	-0.0993	0.0076	-0.0170	-0.0059	0.7149	-0.6869
20.000	13.7023	0.1349	-0.1190	0.0090	-0.0270	-0.0052	0.5375	-0.8235
25.000	14.8925	0.1891	-0.1309	0.0099	-0.0369	-0.0032	0.3504	-0.9072
30.000	16.2632	0.2418	-0.1358	0.0104	-0.0457	0.0000	0.1676	-0.9450
35.000	17.7690	0.2905	-0.1349	0.0108	-0.0528	0.0039	-0.0024	-0.9459
40.000	19.3603	0.3339	-0.1295	0.0113	-0.0579	0.0083	-0.1551	-0.9189
45.000	20.9852	0.3716	-0.1204	0.0121	-0.0609	0.0129	-0.2895	-0.8717
50.000	22.5910	0.4038	-0.1085	0.0133	-0.0618	0.0172	-0.4057	-0.8103
55.000	24.1260	0.4309	-0.0943	0.0151	-0.0609	0.0212	-0.5052	-0.7391
60.000	25.5415	0.4534	-0.0781	0.0175	-0.0581	0.0246	-0.5894	-0.6612
65.000	26.7926	0.4718	-0.0603	0.0207	-0.0538	0.0273	-0.6600	-0.5788
70.000	27.8402	0.4864	-0.0410	0.0246	-0.0480	0.0291	-0.7183	-0.4931
75.000	28.6517	0.4978	-0.0201	0.0293	-0.0409	0.0297	-0.7655	-0.4051
80.000	29.2020	0.5061	0.0021	0.0348	-0.0326	0.0292	-0.8024	-0.3152
85.000	29.4743	0.5116	0.0259	0.0411	-0.0234	0.0273	-0.8294	-0.2236
90.000	29.4604	0.5144	0.0511	0.0482	-0.0134	0.0238	-0.8470	-0.1305
95.000	29.1607	0.5144	0.0777	0.0561	-0.0029	0.0187	-0.8549	-0.0358
100.000	28.5845	0.5117	0.1059	0.0648	0.0080	0.0119	-0.8528	0.0605
105.000	27.7491	0.5060	0.1354	0.0741	0.0189	0.0031	-0.8401	0.1583
110.000	26.6796	0.4971	0.1663	0.0842	0.0297	-0.0076	-0.8155	0.2573
115.000	25.4076	0.4848	0.1982	0.0947	0.0398	-0.0201	-0.7778	0.3572
120.000	23.9708	0.4685	0.2308	0.1056	0.0489	-0.0344	-0.7252	0.4570
125.000	22.4112	0.4478	0.2634	0.1165	0.0566	-0.0502	-0.6554	0.5553
130.000	20.7742	0.4220	0.2950	0.1271	0.0624	-0.0670	-0.5662	0.6497
135.000	19.1071	0.3906	0.3243	0.1368	0.0658	-0.0842	-0.4549	0.7366
140.000	17.4575	0.3530	0.3490	0.1449	0.0663	-0.1006	-0.3195	0.8112
145.000	15.8725	0.3090	0.3665	0.1501	0.0636	-0.1148	-0.1585	0.8663
150.000	14.3966	0.2587	0.3730	0.1512	0.0575	-0.1250	0.0271	0.8928
155.000	13.0712	0.2035	0.3642	0.1464	0.0481	-0.1287	0.2328	0.8800
160.000	11.9331	0.1460	0.3355	0.1340	0.0363	-0.1236	0.4486	0.8163
165.000	11.0138	0.0905	0.2834	0.1126	0.0234	-0.1077	0.6573	0.6928
170.000	10.3386	0.0434	0.2068	0.0819	0.0115	-0.0803	0.8355	0.5074
175.000	9.9260	0.0114	0.1095	0.0433	0.0031	-0.0431	0.9568	0.2691
180.000	9.7871	0.0000	0.0000	0.0000	0.0000	0.0000	1.0000	0.0000
