0.000	5.1742	0.0000	0.0000	0.0000	0.0000	0.0000	1.0000	0.0000
5.000	5.2406	0.0091	-0.0128	0.0040	-0.0013	-0.0039	0.9643	-0.2644
10.000	5.4375	0.0349	-0.0237	0.0078	-0.0049	-0.0071	0.8633	-0.5029
15.000	5.7585	0.0731	-0.0313	0.0114	-0.0101	-0.0093	0.7131	-0.6965
20.000	6.1929	0.1184	-0.0349	0.0147	-0.0160	-0.0101	0.5339	-0.8364
25.000	6.7265	0.1659	-0.0345	0.0177	-0.0217	-0.0098	0.3443	-0.9233
30.000	7.3418	0.2118	-0.0305	0.0206	-0.0267	-0.0085	0.1583	-0.9637
35.000	8.0189	0.2539	-0.0234	0.0234	-0.0305	-0.0065	-0.0153	-0.9666
40.000	8.7364	0.2910	-0.0139	0.0263	-0.0330	-0.0041	-0.1721	-0.9408
45.000	9.4715	0.3228	-0.0023	0.0292	-0.0341	-0.0016	-0.3106	-0.8939
50.000	10.2016	0.3494	0.0110	0.0323	-0.0338	0.0008	-0.4312	-0.8317
55.000	10.9045	0.3712	0.0256	0.0356	-0.0323	0.0029	-0.5348	-0.7588
60.000	11.5591	0.3885	0.0416	0.0391	-0.0297	0.0046	-0.6230	-0.6780
65.000	12.1467	0.4019	0.0587	0.0430	-0.0260	0.0057	-0.6972	-0.5917
70.000	12.6505	0.4116	0.0770	0.0471	-0.0214	0.0061	-0.7586	-0.5009
75.000	13.0570	0.4181	0.0964	0.0515	-0.0161	0.0058	-0.8080	-0.4067
80.000	13.3556	0.4216	0.1168	0.0562	-0.0101	0.0045	-0.8461	-0.3095
85.000	13.5395	0.4222	0.1383	0.0612	-0.0036	0.0023	-0.8731	-0.2096
90.000	13.6051	0.4202	0.1609	0.0665	0.0033	-0.0009	-0.8891	-0.1073
95.000	13.5524	0.4155	0.1843	0.0719	0.0103	-0.0052	-0.8935	-0.0028
100.000	13.3850	0.4082	0.2086	0.0776	0.0174	-0.0106	-0.8858	0.1037
105.000	13.1097	0.3982	0.2334	0.0833	0.0242	-0.0171	-0.8650	0.2116
110.000	12.7361	0.3854	0.2586	0.0890	0.0306	-0.0247	-0.8297	0.3202
115.000	12.2767	0.3696	0.2835	0.0945	0.0363	-0.0332	-0.7786	0.4282
120.000	11.7463	0.3507	0.3077	0.0997	0.0410	-0.0425	-0.7098	0.5338
125.000	11.1615	0.3284	0.3302	0.1043	0.0445	-0.0522	-0.6217	0.6346
130.000	10.5402	0.3027	0.3498	0.1080	0.0465	-0.0619	-0.5127	0.7272
135.000	9.9014	0.2733	0.3651	0.1104	0.0467	-0.0711	-0.3816	0.8070
140.000	9.2644	0.2404	0.3743	0.1111	0.0451	-0.0789	-0.2283	0.8684
145.000	8.6481	0.2044	0.3749	0.1095	0.0414	-0.0846	-0.0542	0.9043
150.000	8.0711	0.1659	0.3646	0.1050	0.0359	-0.0871	0.1368	0.9072
155.000	7.5504	0.1264	0.3408	0.0970	0.0289	-0.0853	0.3375	0.8690
160.000	7.1016	0.0878	0.3015	0.0849	0.0210	-0.0783	0.5368	0.7835
165.000	6.7379	0.0529	0.2457	0.0687	0.0131	-0.0656	0.7195	0.6476
170.000	6.4702	0.0248	0.1743	0.0484	0.0063	-0.0475	0.8682	0.4640
175.000	6.3063	0.0064	0.0906	0.0251	0.0016	-0.0250	0.9659	0.2426
180.000	6.2511	0.0000	0.0000	0.0000	0.0000	0.0000	1.0000	0.0000
