0.000	7.5075	0.0000	0.0000	0.0000	0.0000	0.0000	1.0000	0.0000
5.000	7.5786	0.0087	-0.0486	0.0163	-0.0036	-0.0163	0.9705	-0.2360
10.000	7.7903	0.0337	-0.0945	0.0303	-0.0140	-0.0306	0.8860	-0.4525
15.000	8.1375	0.0720	-0.1356	0.0402	-0.0295	-0.0412	0.7571	-0.6342
20.000	8.6117	0.1194	-0.1704	0.0451	-0.0482	-0.0472	0.5984	-0.7721
25.000	9.2011	0.1719	-0.1983	0.0451	-0.0678	-0.0486	0.4247	-0.8636
30.000	9.8905	0.2259	-0.2194	0.0408	-0.0866	-0.0457	0.2488	-0.9116
35.000	10.6615	0.2785	-0.2342	0.0332	-0.1034	-0.0394	0.0800	-0.9220
40.000	11.4926	0.3282	-0.2431	0.0236	-0.1172	-0.0305	-0.0755	-0.9019
45.000	12.3594	0.3737	-0.2471	0.0131	-0.1278	-0.0199	-0.2143	-0.8584
50.000	13.2353	0.4149	-0.2466	0.0025	-0.1349	-0.0084	-0.3354	-0.7977
55.000	14.0917	0.4515	-0.2423	-0.0074	-0.1387	0.0033	-0.4387	-0.7250
60.000	14.8990	0.4839	-0.2347	-0.0159	-0.1394	0.0148	-0.5253	-0.6445
65.000	15.6278	0.5123	-0.2241	-0.0228	-0.1373	0.0255	-0.5965	-0.5591
70.000	16.2492	0.5370	-0.2108	-0.0278	-0.1325	0.0353	-0.6536	-0.4710
75.000	16.7371	0.5584	-0.1951	-0.0306	-0.1253	0.0437	-0.6982	-0.3820
80.000	17.0683	0.5768	-0.1772	-0.0313	-0.1159	0.0505	-0.7315	-0.2929
85.000	17.2246	0.5924	-0.1571	-0.0298	-0.1046	0.0555	-0.7546	-0.2045
90.000	17.1935	0.6053	-0.1349	-0.0260	-0.0916	0.0585	-0.7685	-0.1172
95.000	16.9687	0.6157	-0.1106	-0.0200	-0.0770	0.0591	-0.7738	-0.0309
100.000	16.5512	0.6235	-0.0843	-0.0119	-0.0612	0.0571	-0.7710	0.0543
105.000	15.9491	0.6286	-0.0558	-0.0015	-0.0445	0.0523	-0.7602	0.1386
110.000	15.1775	0.6308	-0.0250	0.0111	-0.0270	0.0444	-0.7413	0.2222
115.000	14.2575	0.6298	0.0080	0.0259	-0.0092	0.0331	-0.7138	0.3054
120.000	13.2162	0.6249	0.0434	0.0428	0.0085	0.0183	-0.6769	0.3885
125.000	12.0846	0.6154	0.0812	0.0618	0.0256	-0.0003	-0.6290	0.4714
130.000	10.8968	0.6003	0.1210	0.0828	0.0414	-0.0226	-0.5681	0.5540
135.000	9.6883	0.5781	0.1626	0.1053	0.0551	-0.0484	-0.4913	0.6353
140.000	8.4951	0.5472	0.2048	0.1287	0.0659	-0.0770	-0.3949	0.7135
145.000	7.3517	0.5052	0.2459	0.1518	0.0726	-0.1072	-0.2741	0.7845
150.000	6.2907	0.4501	0.2825	0.1727	0.0743	-0.1366	-0.1239	0.8414
155.000	5.3412	0.3796	0.3093	0.1880	0.0698	-0.1613	0.0601	0.8724
160.000	4.5289	0.2938	0.3177	0.1925	0.0587	-0.1753	0.2778	0.8593
165.000	3.8749	0.1969	0.2969	0.1795	0.0418	-0.1706	0.5187	0.7781
170.000	3.3958	0.1013	0.2362	0.1427	0.0225	-0.1395	0.7535	0.6054
175.000	3.1036	0.0279	0.1327	0.0801	0.0064	-0.0797	0.9322	0.3357
180.000	3.0054	0.0000	0.0001	0.0001	0.0000	-0.0001	1.0000	0.0001
