0.000	8.4552	0.0000	0.0000	0.0000	0.0000	0.0000	1.0000	0.0000
5.000	8.5562	0.0098	-0.0241	-0.0048	0.0004	0.0047	0.9663	-0.2561
10.000	8.8547	0.0373	-0.0462	-0.0101	0.0014	0.0088	0.8708	-0.4880
15.000	9.3378	0.0781	-0.0646	-0.0158	0.0032	0.0118	0.7282	-0.6779
20.000	9.9852	0.1265	-0.0784	-0.0220	0.0055	0.0136	0.5566	-0.8175
25.000	10.7703	0.1771	-0.0871	-0.0283	0.0084	0.0141	0.3732	-0.9068
30.000	11.6624	0.2262	-0.0907	-0.0341	0.0117	0.0133	0.1909	-0.9513
35.000	12.6284	0.2712	-0.0895	-0.0390	0.0152	0.0112	0.0183	-0.9588
40.000	13.6347	0.3110	-0.0836	-0.0425	0.0189	0.0082	-0.1402	-0.9370
45.000	14.6486	0.3453	-0.0733	-0.0443	0.0226	0.0042	-0.2825	-0.8927
50.000	15.6398	0.3743	-0.0590	-0.0441	0.0261	-0.0007	-0.4081	-0.8314
55.000	16.5808	0.3984	-0.0410	-0.0419	0.0294	-0.0063	-0.5172	-0.7570
60.000	17.4478	0.4179	-0.0196	-0.0376	0.0323	-0.0126	-0.6105	-0.6726
65.000	18.2197	0.4335	0.0047	-0.0316	0.0348	-0.0195	-0.6886	-0.5808
70.000	18.8789	0.4455	0.0316	-0.0239	0.0367	-0.0269	-0.7521	-0.4831
75.000	19.4107	0.4543	0.0606	-0.0149	0.0381	-0.0348	-0.8014	-0.3811
80.000	19.8027	0.4599	0.0912	-0.0048	0.0390	-0.0430	-0.8371	-0.2760
85.000	20.0455	0.4626	0.1230	0.0060	0.0394	-0.0515	-0.8592	-0.1687
90.000	20.1328	0.4623	0.1555	0.0172	0.0394	-0.0603	-0.8681	-0.0601
95.000	20.0618	0.4590	0.1885	0.0287	0.0391	-0.0692	-0.8636	0.0491
100.000	19.8335	0.4526	0.2216	0.0403	0.0386	-0.0782	-0.8457	0.1580
105.000	19.4538	0.4427	0.2545	0.0518	0.0379	-0.0872	-0.8137	0.2660
110.000	18.9339	0.4293	0.2869	0.0632	0.0371	-0.0962	-0.7671	0.3719
115.000	18.2899	0.4120	0.3184	0.0744	0.0362	-0.1049	-0.7048	0.4747
120.000	17.5427	0.3906	0.3482	0.0853	0.0352	-0.1132	-0.6258	0.5725
125.000	16.7176	0.3648	0.3756	0.0956	0.0339	-0.1209	-0.5288	0.6630
130.000	15.8427	0.3347	0.3992	0.1050	0.0323	-0.1274	-0.4129	0.7429
135.000	14.9478	0.3001	0.4173	0.1130	0.0303	-0.1323	-0.2775	0.8082
140.000	14.0626	0.2617	0.4277	0.1189	0.0277	-0.1348	-0.1232	0.8536
145.000	13.2156	0.2199	0.4278	0.1218	0.0244	-0.1342	0.0476	0.8732
150.000	12.4326	0.1762	0.4148	0.1206	0.0205	-0.1296	0.2302	0.8609
155.000	11.7357	0.1323	0.3860	0.1143	0.0161	-0.1202	0.4171	0.8111
160.000	11.1431	0.0906	0.3396	0.1021	0.0115	-0.1055	0.5978	0.7199
165.000	10.6690	0.0539	0.2752	0.0838	0.0070	-0.0853	0.7594	0.5868
170.000	10.3236	0.0250	0.1942	0.0597	0.0033	-0.0602	0.8880	0.4159
175.000	10.1138	0.0064	0.1006	0.0311	0.0009	-0.0311	0.9712	0.2159
180.000	10.0434	0.0000	0.0000	0.0000	0.0000	0.0000	1.0000	0.0000
