0.000	8.6536	0.0000	0.0000	0.0000	0.0000	0.0000	1.0000	0.0000
5.000	8.7330	0.0094	-0.0362	0.0019	-0.0009	-0.0021	0.9715	-0.2342
10.000	8.9696	0.0362	-0.0708	0.0026	-0.0034	-0.0041	0.8896	-0.4498
15.000	9.3580	0.0774	-0.1025	0.0012	-0.0075	-0.0058	0.7645	-0.6316
20.000	9.8896	0.1285	-0.1302	-0.0024	-0.0128	-0.0073	0.6100	-0.7708
25.000	10.5518	0.1849	-0.1532	-0.0082	-0.0190	-0.0084	0.4404	-0.8649
30.000	11.3278	0.2426	-0.1710	-0.0154	-0.0259	-0.0090	0.2681	-0.9162
35.000	12.1970	0.2985	-0.1837	-0.0231	-0.0331	-0.0091	0.1024	-0.9306
40.000	13.1347	0.3506	-0.1912	-0.0307	-0.0402	-0.0087	-0.0507	-0.9150
45.000	14.1123	0.3977	-0.1938	-0.0373	-0.0471	-0.0079	-0.1879	-0.8764
50.000	15.0983	0.4395	-0.1917	-0.0424	-0.0534	-0.0066	-0.3081	-0.8210
55.000	16.0588	0.4758	-0.1855	-0.0458	-0.0590	-0.0051	-0.4115	-0.7540
60.000	16.9588	0.5070	-0.1754	-0.0473	-0.0637	-0.0034	-0.4990	-0.6793
65.000	17.7636	0.5334	-0.1618	-0.0469	-0.0672	-0.0016	-0.5720	-0.5999
70.000	18.4401	0.5555	-0.1452	-0.0447	-0.0695	0.0000	-0.6320	-0.5178
75.000	18.9585	0.5738	-0.1257	-0.0406	-0.0704	0.0014	-0.6804	-0.4344
80.000	19.2941	0.5888	-0.1037	-0.0350	-0.0699	0.0022	-0.7184	-0.3505
85.000	19.4278	0.6006	-0.0792	-0.0278	-0.0679	0.0022	-0.7470	-0.2667
90.000	19.3481	0.6097	-0.0525	-0.0192	-0.0644	0.0013	-0.7669	-0.1830
95.000	19.0512	0.6162	-0.0236	-0.0093	-0.0594	-0.0009	-0.7787	-0.0995
100.000	18.5413	0.6202	0.0076	0.0020	-0.0529	-0.0045	-0.7824	-0.0160
105.000	17.8307	0.6216	0.0412	0.0148	-0.0451	-0.0100	-0.7781	0.0677
110.000	16.9392	0.6202	0.0773	0.0289	-0.0360	-0.0177	-0.7652	0.1520
115.000	15.8926	0.6156	0.1160	0.0446	-0.0260	-0.0277	-0.7429	0.2370
120.000	14.7223	0.6074	0.1573	0.0619	-0.0152	-0.0405	-0.7100	0.3228
125.000	13.4634	0.5947	0.2013	0.0807	-0.0042	-0.0561	-0.6645	0.4093
130.000	12.1533	0.5766	0.2475	0.1010	0.0067	-0.0745	-0.6041	0.4959
135.000	10.8304	0.5516	0.2953	0.1224	0.0168	-0.0956	-0.5255	0.5813
140.000	9.5326	0.5182	0.3431	0.1443	0.0255	-0.1186	-0.4246	0.6630
145.000	8.2959	0.4743	0.3881	0.1653	0.0318	-0.1423	-0.2968	0.7365
150.000	7.1537	0.4182	0.4257	0.1833	0.0351	-0.1643	-0.1373	0.7940
155.000	6.1358	0.3485	0.4485	0.1950	0.0345	-0.1807	0.0568	0.8236
160.000	5.2678	0.2659	0.4459	0.1954	0.0298	-0.1862	0.2831	0.8080
165.000	4.5707	0.1756	0.4051	0.1786	0.0216	-0.1738	0.5282	0.7261
170.000	4.0611	0.0890	0.3148	0.1394	0.0116	-0.1377	0.7615	0.5598
175.000	3.7507	0.0243	0.1741	0.0773	0.0033	-0.0770	0.9350	0.3080
180.000	3.6464	0.0000	0.0001	0.0001	0.0000	-0.0001	1.0000	0.0001
