0.000	0.1887	0.0000	0.0000	0.0000	0.0000	0.0000	1.0000	0.0000
5.000	0.1893	0.0013	0.0481	0.0075	-0.0005	-0.0075	0.9817	-0.1844
10.000	0.1913	0.0051	0.0951	0.0148	-0.0018	-0.0147	0.9277	-0.3609
15.000	0.1945	0.0110	0.1400	0.0215	-0.0039	-0.0213	0.8414	-0.5219
20.000	0.1988	0.0186	0.1818	0.0274	-0.0067	-0.0269	0.7272	-0.6616
25.000	0.2042	0.0272	0.2201	0.0323	-0.0099	-0.0315	0.5912	-0.7754
30.000	0.2105	0.0363	0.2546	0.0362	-0.0135	-0.0349	0.4393	-0.8607
35.000	0.2177	0.0453	0.2851	0.0391	-0.0173	-0.0371	0.2779	-0.9161
40.000	0.2254	0.0537	0.3118	0.0409	-0.0211	-0.0382	0.1125	-0.9418
45.000	0.2336	0.0612	0.3348	0.0417	-0.0247	-0.0382	-0.0516	-0.9387
50.000	0.2421	0.0674	0.3543	0.0416	-0.0281	-0.0372	-0.2101	-0.9085
55.000	0.2508	0.0722	0.3708	0.0406	-0.0311	-0.0354	-0.3590	-0.8531
60.000	0.2596	0.0756	0.3844	0.0390	-0.0338	-0.0329	-0.4950	-0.7751
65.000	0.2682	0.0775	0.3953	0.0366	-0.0360	-0.0298	-0.6153	-0.6770
70.000	0.2767	0.0779	0.4037	0.0338	-0.0377	-0.0263	-0.7174	-0.5615
75.000	0.2849	0.0772	0.4097	0.0305	-0.0388	-0.0224	-0.7992	-0.4317
80.000	0.2927	0.0752	0.4135	0.0268	-0.0395	-0.0184	-0.8589	-0.2906
85.000	0.3001	0.0723	0.4151	0.0229	-0.0396	-0.0142	-0.8951	-0.1417
90.000	0.3071	0.0685	0.4144	0.0188	-0.0391	-0.0101	-0.9067	0.0115
95.000	0.3135	0.0642	0.4114	0.0146	-0.0382	-0.0061	-0.8933	0.1652
100.000	0.3194	0.0593	0.4062	0.0105	-0.0367	-0.0023	-0.8548	0.3155
105.000	0.3247	0.0540	0.3986	0.0065	-0.0349	0.0012	-0.7917	0.4585
110.000	0.3294	0.0486	0.3886	0.0028	-0.0326	0.0044	-0.7052	0.5901
115.000	0.3335	0.0432	0.3762	-0.0007	-0.0300	0.0071	-0.5971	0.7065
120.000	0.3371	0.0377	0.3612	-0.0038	-0.0272	0.0094	-0.4699	0.8041
125.000	0.3400	0.0324	0.3437	-0.0064	-0.0241	0.0112	-0.3266	0.8795
130.000	0.3424	0.0273	0.3236	-0.0086	-0.0210	0.0125	-0.1710	0.9299
135.000	0.3442	0.0225	0.3009	-0.0101	-0.0178	0.0132	-0.0075	0.9532
140.000	0.3456	0.0181	0.2756	-0.0111	-0.0147	0.0134	0.1594	0.9477
145.000	0.3466	0.0140	0.2478	-0.0114	-0.0117	0.0131	0.3243	0.9127
150.000	0.3473	0.0104	0.2176	-0.0112	-0.0089	0.0123	0.4819	0.8487
155.000	0.3476	0.0073	0.1852	-0.0103	-0.0063	0.0110	0.6268	0.7568
160.000	0.3478	0.0047	0.1508	-0.0090	-0.0041	0.0093	0.7538	0.6395
165.000	0.3479	0.0027	0.1147	-0.0072	-0.0024	0.0073	0.8582	0.5004
170.000	0.3479	0.0012	0.0773	-0.0050	-0.0011	0.0050	0.9359	0.3437
175.000	0.3478	0.0003	0.0389	-0.0026	-0.0003	0.0026	0.9838	0.1750
180.000	0.3478	-0.0000	0.0000	-0.0000	0.0000	0.0000	1.0000	0.0000
