0.000	6.2889	0.0000	0.0000	0.0000	0.0000	0.0000	1.0000	0.0000
5.000	6.3262	0.0064	-0.0119	0.0257	-0.0010	-0.0262	0.9755	-0.2196
10.000	6.4388	0.0253	-0.0261	0.0468	-0.0040	-0.0506	0.9041	-0.4254
15.000	6.6283	0.0555	-0.0439	0.0597	-0.0088	-0.0717	0.7921	-0.6049
20.000	6.8965	0.0956	-0.0659	0.0622	-0.0148	-0.0885	0.6489	-0.7492
25.000	7.2445	0.1432	-0.0913	0.0543	-0.0218	-0.1003	0.4859	-0.8529
30.000	7.6709	0.1957	-0.1186	0.0374	-0.0292	-0.1074	0.3147	-0.9152
35.000	8.1708	0.2504	-0.1455	0.0141	-0.0367	-0.1102	0.1455	-0.9390
40.000	8.7351	0.3048	-0.1698	-0.0123	-0.0440	-0.1096	-0.0136	-0.9297
45.000	9.3492	0.3570	-0.1898	-0.0390	-0.0509	-0.1066	-0.1573	-0.8941
50.000	9.9938	0.4054	-0.2043	-0.0636	-0.0573	-0.1021	-0.2829	-0.8392
55.000	10.6447	0.4491	-0.2127	-0.0846	-0.0631	-0.0969	-0.3899	-0.7713
60.000	11.2746	0.4877	-0.2153	-0.1012	-0.0685	-0.0915	-0.4791	-0.6953
65.000	11.8544	0.5212	-0.2122	-0.1131	-0.0733	-0.0863	-0.5522	-0.6151
70.000	12.3550	0.5497	-0.2042	-0.1207	-0.0777	-0.0816	-0.6112	-0.5333
75.000	12.7495	0.5737	-0.1920	-0.1243	-0.0815	-0.0774	-0.6581	-0.4514
80.000	13.0149	0.5936	-0.1762	-0.1245	-0.0849	-0.0739	-0.6945	-0.3702
85.000	13.1335	0.6097	-0.1575	-0.1219	-0.0877	-0.0711	-0.7221	-0.2902
90.000	13.0940	0.6226	-0.1363	-0.1169	-0.0899	-0.0688	-0.7417	-0.2112
95.000	12.8924	0.6324	-0.1130	-0.1100	-0.0914	-0.0673	-0.7542	-0.1331
100.000	12.5314	0.6396	-0.0877	-0.1015	-0.0921	-0.0664	-0.7600	-0.0554
105.000	12.0202	0.6442	-0.0604	-0.0914	-0.0918	-0.0664	-0.7592	0.0221
110.000	11.3739	0.6463	-0.0311	-0.0797	-0.0905	-0.0673	-0.7517	0.1000
115.000	10.6122	0.6457	0.0006	-0.0665	-0.0881	-0.0694	-0.7369	0.1785
120.000	9.7581	0.6422	0.0349	-0.0514	-0.0845	-0.0729	-0.7141	0.2580
125.000	8.8372	0.6352	0.0724	-0.0343	-0.0799	-0.0780	-0.6820	0.3389
130.000	7.8768	0.6239	0.1132	-0.0149	-0.0741	-0.0850	-0.6387	0.4213
135.000	6.9043	0.6071	0.1577	0.0069	-0.0674	-0.0942	-0.5814	0.5051
140.000	5.9472	0.5831	0.2057	0.0312	-0.0599	-0.1055	-0.5063	0.5896
145.000	5.0318	0.5494	0.2563	0.0576	-0.0517	-0.1187	-0.4078	0.6729
150.000	4.1831	0.5028	0.3070	0.0851	-0.0430	-0.1329	-0.2787	0.7504
155.000	3.4237	0.4394	0.3527	0.1113	-0.0340	-0.1460	-0.1097	0.8127
160.000	2.7737	0.3556	0.3831	0.1318	-0.0249	-0.1542	0.1073	0.8416
165.000	2.2501	0.2513	0.3807	0.1387	-0.0161	-0.1506	0.3723	0.8060
170.000	1.8662	0.1365	0.3219	0.1218	-0.0081	-0.1261	0.6603	0.6638
175.000	1.6319	0.0393	0.1897	0.0733	-0.0022	-0.0739	0.9023	0.3850
180.000	1.5532	0.0000	0.0001	0.0001	0.0000	-0.0001	1.0000	0.0001
