0.000	1.3023	0.0000	0.0000	0.0000	0.0000	0.0000	1.0000	0.0000
5.000	1.3152	0.0055	0.0292	0.0080	-0.0006	-0.0080	0.9690	-0.2452
10.000	1.3533	0.0210	0.0572	0.0157	-0.0022	-0.0153	0.8804	-0.4704
15.000	1.4156	0.0446	0.0831	0.0226	-0.0046	-0.0213	0.7455	-0.6598
20.000	1.5001	0.0732	0.1063	0.0287	-0.0073	-0.0259	0.5798	-0.8045
25.000	1.6043	0.1039	0.1269	0.0338	-0.0101	-0.0289	0.3985	-0.9025
30.000	1.7250	0.1344	0.1450	0.0382	-0.0127	-0.0305	0.2143	-0.9567
35.000	1.8589	0.1630	0.1611	0.0418	-0.0148	-0.0309	0.0366	-0.9730
40.000	2.0019	0.1886	0.1757	0.0448	-0.0162	-0.0304	-0.1287	-0.9580
45.000	2.1500	0.2105	0.1893	0.0473	-0.0170	-0.0293	-0.2787	-0.9183
50.000	2.2992	0.2288	0.2023	0.0495	-0.0171	-0.0279	-0.4120	-0.8593
55.000	2.4452	0.2433	0.2151	0.0515	-0.0166	-0.0263	-0.5284	-0.7855
60.000	2.5844	0.2544	0.2278	0.0533	-0.0155	-0.0247	-0.6285	-0.7003
65.000	2.7131	0.2621	0.2406	0.0549	-0.0139	-0.0233	-0.7129	-0.6062
70.000	2.8280	0.2669	0.2537	0.0564	-0.0117	-0.0221	-0.7822	-0.5051
75.000	2.9266	0.2688	0.2671	0.0577	-0.0092	-0.0212	-0.8369	-0.3985
80.000	3.0066	0.2683	0.2808	0.0590	-0.0064	-0.0207	-0.8773	-0.2872
85.000	3.0665	0.2653	0.2948	0.0601	-0.0034	-0.0207	-0.9034	-0.1723
90.000	3.1052	0.2602	0.3090	0.0611	-0.0002	-0.0211	-0.9149	-0.0546
95.000	3.1224	0.2531	0.3231	0.0619	0.0029	-0.0220	-0.9114	0.0651
100.000	3.1185	0.2440	0.3370	0.0625	0.0060	-0.0234	-0.8921	0.1856
105.000	3.0943	0.2332	0.3503	0.0629	0.0089	-0.0251	-0.8560	0.3056
110.000	3.0513	0.2206	0.3625	0.0630	0.0115	-0.0272	-0.8024	0.4234
115.000	2.9915	0.2063	0.3732	0.0627	0.0137	-0.0296	-0.7301	0.5366
120.000	2.9175	0.1905	0.3817	0.0621	0.0153	-0.0321	-0.6385	0.6426
125.000	2.8320	0.1733	0.3871	0.0610	0.0164	-0.0345	-0.5270	0.7380
130.000	2.7381	0.1548	0.3885	0.0594	0.0168	-0.0367	-0.3960	0.8186
135.000	2.6393	0.1352	0.3849	0.0571	0.0165	-0.0384	-0.2465	0.8799
140.000	2.5389	0.1149	0.3751	0.0541	0.0155	-0.0394	-0.0809	0.9169
145.000	2.4403	0.0943	0.3578	0.0503	0.0138	-0.0393	0.0969	0.9244
150.000	2.3470	0.0738	0.3322	0.0456	0.0116	-0.0380	0.2809	0.8977
155.000	2.2620	0.0543	0.2973	0.0400	0.0090	-0.0352	0.4634	0.8332
160.000	2.1882	0.0365	0.2529	0.0334	0.0064	-0.0308	0.6347	0.7294
165.000	2.1280	0.0214	0.1994	0.0260	0.0039	-0.0248	0.7839	0.5876
170.000	2.0836	0.0098	0.1379	0.0178	0.0018	-0.0174	0.9003	0.4127
175.000	2.0563	0.0025	0.0705	0.0090	0.0005	-0.0090	0.9745	0.2130
180.000	2.0471	0.0000	0.0000	0.0000	0.0000	0.0000	1.0000	0.0000
