0.000	9.9497	0.0000	0.0000	0.0000	0.0000	0.0000	1.0000	0.0000
5.000	10.0510	0.0099	-0.0381	-0.0002	-0.0009	0.0000	0.9696	-0.2414
10.000	10.3524	0.0381	-0.0740	-0.0012	-0.0037	0.0001	0.8829	-0.4622
15.000	10.8457	0.0809	-0.1060	-0.0036	-0.0079	0.0002	0.7514	-0.6462
20.000	11.5179	0.1334	-0.1327	-0.0076	-0.0132	0.0004	0.5908	-0.7845
25.000	12.3504	0.1905	-0.1537	-0.0128	-0.0192	0.0008	0.4164	-0.8755
30.000	13.3197	0.2481	-0.1688	-0.0188	-0.0254	0.0014	0.2413	-0.9227
35.000	14.3976	0.3032	-0.1782	-0.0248	-0.0315	0.0021	0.0747	-0.9329
40.000	15.5514	0.3540	-0.1823	-0.0302	-0.0373	0.0030	-0.0780	-0.9137
45.000	16.7451	0.3995	-0.1815	-0.0345	-0.0425	0.0041	-0.2139	-0.8724
50.000	17.9396	0.4395	-0.1762	-0.0374	-0.0470	0.0052	-0.3325	-0.8151
55.000	19.0948	0.4741	-0.1670	-0.0386	-0.0506	0.0063	-0.4341	-0.7469
60.000	20.1699	0.5036	-0.1543	-0.0381	-0.0533	0.0073	-0.5201	-0.6713
65.000	21.1256	0.5285	-0.1383	-0.0358	-0.0549	0.0081	-0.5918	-0.5913
70.000	21.9255	0.5492	-0.1194	-0.0319	-0.0553	0.0086	-0.6507	-0.5085
75.000	22.5373	0.5662	-0.0979	-0.0263	-0.0546	0.0085	-0.6981	-0.4244
80.000	22.9346	0.5799	-0.0740	-0.0194	-0.0526	0.0078	-0.7352	-0.3395
85.000	23.0980	0.5906	-0.0478	-0.0110	-0.0493	0.0061	-0.7628	-0.2542
90.000	23.0161	0.5984	-0.0194	-0.0014	-0.0448	0.0034	-0.7817	-0.1688
95.000	22.6859	0.6035	0.0111	0.0094	-0.0391	-0.0006	-0.7920	-0.0832
100.000	22.1133	0.6060	0.0437	0.0215	-0.0323	-0.0062	-0.7939	0.0028
105.000	21.3125	0.6056	0.0785	0.0347	-0.0244	-0.0136	-0.7871	0.0893
110.000	20.3058	0.6022	0.1155	0.0491	-0.0156	-0.0230	-0.7710	0.1766
115.000	19.1223	0.5954	0.1546	0.0647	-0.0062	-0.0346	-0.7447	0.2647
120.000	17.7970	0.5846	0.1959	0.0815	0.0035	-0.0485	-0.7066	0.3535
125.000	16.3689	0.5690	0.2390	0.0993	0.0132	-0.0649	-0.6548	0.4425
130.000	14.8800	0.5478	0.2834	0.1180	0.0223	-0.0836	-0.5867	0.5309
135.000	13.3736	0.5196	0.3280	0.1371	0.0303	-0.1042	-0.4993	0.6166
140.000	11.8926	0.4831	0.3709	0.1558	0.0366	-0.1257	-0.3887	0.6965
145.000	10.4782	0.4369	0.4090	0.1727	0.0403	-0.1468	-0.2511	0.7651
150.000	9.1691	0.3796	0.4376	0.1856	0.0409	-0.1649	-0.0833	0.8143
155.000	8.0000	0.3110	0.4496	0.1916	0.0378	-0.1766	0.1152	0.8319
160.000	7.0012	0.2328	0.4358	0.1865	0.0311	-0.1770	0.3393	0.8020
165.000	6.1978	0.1507	0.3862	0.1658	0.0216	-0.1610	0.5733	0.7075
170.000	5.6097	0.0750	0.2937	0.1264	0.0113	-0.1247	0.7881	0.5360
175.000	5.2511	0.0202	0.1599	0.0689	0.0031	-0.0687	0.9430	0.2912
180.000	5.1306	0.0000	0.0001	0.0001	0.0000	-0.0001	1.0000	0.0001
