0.000	0.1185	0.0000	0.0000	0.0000	0.0000	0.0000	1.0000	0.0000
5.000	0.1188	0.0009	0.0489	0.0065	-0.0004	-0.0065	0.9819	-0.1828
10.000	0.1199	0.0036	0.0966	0.0128	-0.0016	-0.0127	0.9288	-0.3578
15.000	0.1217	0.0078	0.1424	0.0185	-0.0036	-0.0184	0.8434	-0.5181
20.000	0.1241	0.0132	0.1852	0.0236	-0.0062	-0.0233	0.7301	-0.6576
25.000	0.1271	0.0193	0.2245	0.0278	-0.0093	-0.0273	0.5945	-0.7718
30.000	0.1307	0.0257	0.2601	0.0310	-0.0127	-0.0303	0.4426	-0.8577
35.000	0.1347	0.0320	0.2916	0.0333	-0.0163	-0.0322	0.2803	-0.9139
40.000	0.1390	0.0377	0.3191	0.0346	-0.0200	-0.0332	0.1134	-0.9400
45.000	0.1437	0.0426	0.3428	0.0349	-0.0236	-0.0331	-0.0527	-0.9367
50.000	0.1486	0.0465	0.3628	0.0344	-0.0270	-0.0321	-0.2132	-0.9056
55.000	0.1536	0.0493	0.3794	0.0332	-0.0301	-0.0304	-0.3642	-0.8487
60.000	0.1587	0.0510	0.3927	0.0312	-0.0328	-0.0280	-0.5019	-0.7684
65.000	0.1638	0.0515	0.4031	0.0286	-0.0351	-0.0250	-0.6232	-0.6674
70.000	0.1688	0.0510	0.4107	0.0255	-0.0370	-0.0216	-0.7256	-0.5487
75.000	0.1738	0.0495	0.4157	0.0221	-0.0383	-0.0179	-0.8067	-0.4155
80.000	0.1785	0.0473	0.4181	0.0184	-0.0391	-0.0139	-0.8648	-0.2713
85.000	0.1831	0.0445	0.4181	0.0144	-0.0393	-0.0099	-0.8986	-0.1197
90.000	0.1875	0.0412	0.4157	0.0104	-0.0391	-0.0059	-0.9071	0.0355
95.000	0.1916	0.0375	0.4110	0.0064	-0.0383	-0.0019	-0.8900	0.1903
100.000	0.1954	0.0337	0.4039	0.0025	-0.0370	0.0018	-0.8475	0.3407
105.000	0.1990	0.0299	0.3945	-0.0012	-0.0352	0.0052	-0.7805	0.4828
110.000	0.2022	0.0261	0.3827	-0.0046	-0.0331	0.0083	-0.6903	0.6125
115.000	0.2051	0.0224	0.3687	-0.0076	-0.0306	0.0109	-0.5791	0.7261
120.000	0.2077	0.0190	0.3524	-0.0102	-0.0277	0.0131	-0.4494	0.8202
125.000	0.2099	0.0158	0.3337	-0.0123	-0.0247	0.0147	-0.3046	0.8916
130.000	0.2118	0.0129	0.3128	-0.0138	-0.0216	0.0158	-0.1486	0.9378
135.000	0.2133	0.0103	0.2896	-0.0148	-0.0183	0.0164	0.0144	0.9568
140.000	0.2146	0.0081	0.2642	-0.0151	-0.0151	0.0163	0.1797	0.9474
145.000	0.2156	0.0061	0.2367	-0.0149	-0.0120	0.0158	0.3421	0.9092
150.000	0.2164	0.0044	0.2072	-0.0141	-0.0092	0.0146	0.4966	0.8428
155.000	0.2170	0.0030	0.1758	-0.0127	-0.0065	0.0130	0.6381	0.7496
160.000	0.2174	0.0019	0.1428	-0.0108	-0.0043	0.0110	0.7617	0.6320
165.000	0.2177	0.0011	0.1084	-0.0085	-0.0025	0.0086	0.8629	0.4936
170.000	0.2178	0.0005	0.0729	-0.0059	-0.0011	0.0059	0.9381	0.3387
175.000	0.2179	0.0001	0.0366	-0.0030	-0.0003	0.0030	0.9844	0.1723
180.000	0.2180	-0.0000	0.0000	-0.0000	0.0000	0.0000	1.0000	0.0000
