0.000	9.7363	0.0000	0.0000	0.0000	0.0000	0.0000	1.0000	0.0000
5.000	9.8305	0.0094	-0.0283	0.0034	0.0002	-0.0038	0.9701	-0.2407
10.000	10.1114	0.0363	-0.0563	0.0040	0.0008	-0.0072	0.8846	-0.4614
15.000	10.5740	0.0776	-0.0837	0.0000	0.0017	-0.0100	0.7544	-0.6463
20.000	11.2095	0.1289	-0.1095	-0.0092	0.0031	-0.0123	0.5944	-0.7861
25.000	12.0047	0.1857	-0.1327	-0.0229	0.0047	-0.0141	0.4199	-0.8786
30.000	12.9412	0.2440	-0.1522	-0.0393	0.0065	-0.0157	0.2441	-0.9268
35.000	13.9951	0.3005	-0.1669	-0.0566	0.0083	-0.0176	0.0766	-0.9374
40.000	15.1366	0.3533	-0.1762	-0.0729	0.0100	-0.0199	-0.0766	-0.9182
45.000	16.3307	0.4011	-0.1796	-0.0868	0.0112	-0.0230	-0.2125	-0.8767
50.000	17.5378	0.4433	-0.1773	-0.0972	0.0119	-0.0269	-0.3303	-0.8195
55.000	18.7150	0.4799	-0.1695	-0.1039	0.0119	-0.0317	-0.4306	-0.7518
60.000	19.8184	0.5110	-0.1567	-0.1068	0.0111	-0.0373	-0.5150	-0.6775
65.000	20.8047	0.5371	-0.1397	-0.1062	0.0094	-0.0437	-0.5850	-0.5993
70.000	21.6340	0.5584	-0.1190	-0.1027	0.0070	-0.0507	-0.6424	-0.5189
75.000	22.2714	0.5755	-0.0954	-0.0966	0.0037	-0.0582	-0.6887	-0.4374
80.000	22.6890	0.5888	-0.0695	-0.0888	-0.0001	-0.0660	-0.7251	-0.3554
85.000	22.8673	0.5985	-0.0418	-0.0795	-0.0045	-0.0741	-0.7526	-0.2729
90.000	22.7961	0.6051	-0.0126	-0.0693	-0.0092	-0.0822	-0.7717	-0.1901
95.000	22.4740	0.6086	0.0180	-0.0583	-0.0140	-0.0904	-0.7829	-0.1066
100.000	21.9089	0.6094	0.0497	-0.0468	-0.0186	-0.0986	-0.7860	-0.0224
105.000	21.1165	0.6072	0.0828	-0.0346	-0.0229	-0.1068	-0.7808	0.0628
110.000	20.1197	0.6022	0.1175	-0.0215	-0.0266	-0.1152	-0.7667	0.1490
115.000	18.9471	0.5940	0.1540	-0.0074	-0.0296	-0.1237	-0.7427	0.2363
120.000	17.6321	0.5821	0.1927	0.0081	-0.0317	-0.1326	-0.7073	0.3243
125.000	16.2118	0.5661	0.2338	0.0254	-0.0327	-0.1418	-0.6588	0.4127
130.000	14.7256	0.5449	0.2771	0.0446	-0.0326	-0.1514	-0.5948	0.5005
135.000	13.2148	0.5175	0.3221	0.0657	-0.0314	-0.1613	-0.5121	0.5860
140.000	11.7209	0.4825	0.3674	0.0882	-0.0292	-0.1709	-0.4071	0.6665
145.000	10.2853	0.4383	0.4101	0.1111	-0.0261	-0.1795	-0.2753	0.7371
150.000	8.9477	0.3833	0.4455	0.1323	-0.0222	-0.1854	-0.1129	0.7903
155.000	7.7453	0.3168	0.4657	0.1484	-0.0177	-0.1862	0.0822	0.8143
160.000	6.7119	0.2397	0.4600	0.1547	-0.0129	-0.1782	0.3068	0.7930
165.000	5.8763	0.1570	0.4154	0.1454	-0.0081	-0.1572	0.5468	0.7072
170.000	5.2621	0.0790	0.3212	0.1155	-0.0040	-0.1195	0.7723	0.5415
175.000	4.8865	0.0214	0.1769	0.0647	-0.0011	-0.0652	0.9382	0.2965
180.000	4.7601	0.0000	0.0001	0.0001	0.0000	-0.0001	1.0000	0.0001
