0.000	11.3955	0.0000	0.0000	0.0000	0.0000	0.0000	1.0000	0.0000
5.000	11.5318	0.0102	-0.0478	0.0060	-0.0029	-0.0060	0.9663	-0.2525
10.000	11.9364	0.0391	-0.0917	0.0111	-0.0109	-0.0108	0.8709	-0.4811
15.000	12.5964	0.0823	-0.1285	0.0145	-0.0227	-0.0137	0.7283	-0.6677
20.000	13.4909	0.1343	-0.1569	0.0160	-0.0364	-0.0140	0.5569	-0.8037
25.000	14.5912	0.1898	-0.1765	0.0157	-0.0503	-0.0121	0.3745	-0.8889
30.000	15.8624	0.2446	-0.1882	0.0140	-0.0630	-0.0082	0.1945	-0.9290
35.000	17.2636	0.2961	-0.1932	0.0115	-0.0736	-0.0029	0.0260	-0.9322
40.000	18.7497	0.3429	-0.1926	0.0085	-0.0817	0.0034	-0.1264	-0.9070
45.000	20.2726	0.3844	-0.1876	0.0056	-0.0872	0.0101	-0.2608	-0.8610
50.000	21.7826	0.4206	-0.1791	0.0032	-0.0901	0.0169	-0.3771	-0.8003
55.000	23.2300	0.4518	-0.1676	0.0015	-0.0906	0.0234	-0.4764	-0.7294
60.000	24.5665	0.4785	-0.1537	0.0007	-0.0887	0.0293	-0.5602	-0.6518
65.000	25.7471	0.5010	-0.1377	0.0010	-0.0848	0.0345	-0.6300	-0.5698
70.000	26.7311	0.5199	-0.1198	0.0026	-0.0789	0.0387	-0.6872	-0.4851
75.000	27.4836	0.5355	-0.1000	0.0054	-0.0713	0.0416	-0.7331	-0.3986
80.000	27.9771	0.5481	-0.0785	0.0096	-0.0621	0.0432	-0.7688	-0.3111
85.000	28.1918	0.5579	-0.0552	0.0151	-0.0516	0.0433	-0.7948	-0.2228
90.000	28.1170	0.5650	-0.0302	0.0220	-0.0399	0.0415	-0.8119	-0.1338
95.000	27.7509	0.5694	-0.0033	0.0303	-0.0272	0.0378	-0.8201	-0.0443
100.000	27.1014	0.5712	0.0255	0.0400	-0.0137	0.0318	-0.8194	0.0460
105.000	26.1849	0.5700	0.0561	0.0511	0.0002	0.0235	-0.8095	0.1370
110.000	25.0268	0.5657	0.0887	0.0635	0.0142	0.0127	-0.7895	0.2289
115.000	23.6597	0.5578	0.1230	0.0771	0.0281	-0.0007	-0.7586	0.3216
120.000	22.1228	0.5459	0.1590	0.0918	0.0412	-0.0169	-0.7150	0.4146
125.000	20.4603	0.5291	0.1962	0.1074	0.0532	-0.0355	-0.6569	0.5074
130.000	18.7201	0.5067	0.2339	0.1236	0.0633	-0.0564	-0.5817	0.5985
135.000	16.9520	0.4777	0.2712	0.1397	0.0708	-0.0790	-0.4864	0.6856
140.000	15.2062	0.4408	0.3061	0.1548	0.0752	-0.1022	-0.3677	0.7647
145.000	13.5318	0.3950	0.3359	0.1677	0.0755	-0.1243	-0.2224	0.8298
150.000	11.9756	0.3396	0.3566	0.1764	0.0713	-0.1430	-0.0486	0.8722
155.000	10.5803	0.2749	0.3628	0.1782	0.0623	-0.1548	0.1527	0.8794
160.000	9.3839	0.2032	0.3477	0.1699	0.0489	-0.1557	0.3748	0.8364
165.000	8.4187	0.1298	0.3044	0.1482	0.0327	-0.1412	0.6011	0.7281
170.000	7.7105	0.0639	0.2290	0.1112	0.0166	-0.1089	0.8040	0.5452
175.000	7.2779	0.0170	0.1237	0.0600	0.0045	-0.0597	0.9477	0.2938
180.000	7.1324	0.0000	0.0000	0.0001	0.0000	-0.0001	1.0000	0.0001
