0.000	0.5073	0.0000	0.0000	0.0000	0.0000	0.0000	1.0000	0.0000
5.000	0.5104	0.0031	0.0500	0.0078	-0.0002	-0.0078	0.9759	-0.2126
10.000	0.5194	0.0119	0.0983	0.0152	-0.0008	-0.0151	0.9057	-0.4122
15.000	0.5341	0.0255	0.1437	0.0220	-0.0018	-0.0217	0.7958	-0.5877
20.000	0.5540	0.0426	0.1851	0.0279	-0.0029	-0.0273	0.6552	-0.7312
25.000	0.5786	0.0616	0.2221	0.0329	-0.0042	-0.0318	0.4938	-0.8385
30.000	0.6071	0.0810	0.2547	0.0370	-0.0055	-0.0351	0.3215	-0.9084
35.000	0.6388	0.0999	0.2833	0.0402	-0.0068	-0.0375	0.1465	-0.9426
40.000	0.6728	0.1172	0.3082	0.0427	-0.0079	-0.0389	-0.0244	-0.9439
45.000	0.7084	0.1324	0.3301	0.0445	-0.0089	-0.0396	-0.1862	-0.9161
50.000	0.7446	0.1453	0.3495	0.0458	-0.0097	-0.0397	-0.3352	-0.8631
55.000	0.7808	0.1556	0.3667	0.0467	-0.0102	-0.0393	-0.4688	-0.7887
60.000	0.8161	0.1635	0.3823	0.0473	-0.0105	-0.0386	-0.5855	-0.6964
65.000	0.8500	0.1689	0.3963	0.0475	-0.0106	-0.0376	-0.6838	-0.5896
70.000	0.8818	0.1721	0.4090	0.0475	-0.0105	-0.0365	-0.7630	-0.4710
75.000	0.9111	0.1731	0.4204	0.0473	-0.0102	-0.0353	-0.8223	-0.3435
80.000	0.9375	0.1722	0.4305	0.0468	-0.0098	-0.0341	-0.8614	-0.2097
85.000	0.9605	0.1694	0.4392	0.0461	-0.0091	-0.0329	-0.8799	-0.0720
90.000	0.9801	0.1648	0.4464	0.0452	-0.0084	-0.0317	-0.8775	0.0669
95.000	0.9959	0.1587	0.4519	0.0441	-0.0075	-0.0306	-0.8543	0.2044
100.000	1.0081	0.1511	0.4553	0.0427	-0.0066	-0.0295	-0.8102	0.3381
105.000	1.0166	0.1421	0.4564	0.0411	-0.0056	-0.0284	-0.7458	0.4649
110.000	1.0217	0.1319	0.4549	0.0392	-0.0046	-0.0274	-0.6615	0.5822
115.000	1.0235	0.1207	0.4502	0.0371	-0.0037	-0.0263	-0.5584	0.6867
120.000	1.0226	0.1087	0.4420	0.0349	-0.0028	-0.0252	-0.4381	0.7755
125.000	1.0192	0.0961	0.4299	0.0324	-0.0020	-0.0241	-0.3026	0.8455
130.000	1.0140	0.0831	0.4134	0.0297	-0.0013	-0.0228	-0.1548	0.8936
135.000	1.0074	0.0702	0.3922	0.0269	-0.0007	-0.0214	0.0018	0.9173
140.000	1.0000	0.0575	0.3661	0.0240	-0.0003	-0.0198	0.1631	0.9145
145.000	0.9922	0.0454	0.3349	0.0210	0.0000	-0.0179	0.3241	0.8836
150.000	0.9845	0.0343	0.2986	0.0180	0.0002	-0.0159	0.4795	0.8245
155.000	0.9774	0.0243	0.2575	0.0150	0.0002	-0.0137	0.6237	0.7377
160.000	0.9711	0.0158	0.2119	0.0119	0.0002	-0.0112	0.7510	0.6252
165.000	0.9659	0.0090	0.1626	0.0089	0.0001	-0.0086	0.8562	0.4903
170.000	0.9621	0.0041	0.1101	0.0059	0.0001	-0.0058	0.9349	0.3375
175.000	0.9598	0.0010	0.0556	0.0030	0.0000	-0.0029	0.9835	0.1720
180.000	0.9590	0.0000	0.0000	0.0000	0.0000	0.0000	1.0000	0.0000
