0.000	6.8296	0.0000	0.0000	0.0000	0.0000	0.0000	1.0000	0.0000
5.000	6.8713	0.0068	-0.0151	0.0168	0.0000	-0.0173	0.9758	-0.2180
10.000	6.9974	0.0270	-0.0321	0.0295	-0.0001	-0.0335	0.9054	-0.4222
15.000	7.2098	0.0593	-0.0523	0.0347	-0.0003	-0.0473	0.7949	-0.6007
20.000	7.5111	0.1020	-0.0758	0.0309	-0.0006	-0.0584	0.6538	-0.7443
25.000	7.9027	0.1523	-0.1018	0.0182	-0.0012	-0.0664	0.4933	-0.8480
30.000	8.3831	0.2076	-0.1282	-0.0015	-0.0020	-0.0716	0.3248	-0.9109
35.000	8.9469	0.2647	-0.1529	-0.0255	-0.0033	-0.0747	0.1586	-0.9362
40.000	9.5831	0.3210	-0.1739	-0.0508	-0.0052	-0.0763	0.0025	-0.9292
45.000	10.2747	0.3744	-0.1895	-0.0747	-0.0078	-0.0772	-0.1386	-0.8968
50.000	10.9987	0.4233	-0.1990	-0.0953	-0.0111	-0.0779	-0.2621	-0.8458
55.000	11.7268	0.4668	-0.2021	-0.1115	-0.0152	-0.0789	-0.3679	-0.7823
60.000	12.4276	0.5046	-0.1992	-0.1230	-0.0200	-0.0805	-0.4567	-0.7109
65.000	13.0678	0.5367	-0.1911	-0.1300	-0.0257	-0.0826	-0.5305	-0.6352
70.000	13.6150	0.5635	-0.1784	-0.1331	-0.0320	-0.0852	-0.5910	-0.5575
75.000	14.0401	0.5854	-0.1622	-0.1329	-0.0388	-0.0884	-0.6402	-0.4791
80.000	14.3191	0.6028	-0.1431	-0.1302	-0.0461	-0.0918	-0.6797	-0.4006
85.000	14.4349	0.6164	-0.1219	-0.1256	-0.0537	-0.0954	-0.7107	-0.3223
90.000	14.3779	0.6265	-0.0989	-0.1197	-0.0613	-0.0990	-0.7341	-0.2441
95.000	14.1463	0.6337	-0.0743	-0.1127	-0.0687	-0.1026	-0.7503	-0.1656
100.000	13.7456	0.6381	-0.0483	-0.1049	-0.0756	-0.1061	-0.7596	-0.0867
105.000	13.1876	0.6400	-0.0207	-0.0961	-0.0819	-0.1095	-0.7619	-0.0070
110.000	12.4893	0.6395	0.0089	-0.0862	-0.0872	-0.1130	-0.7567	0.0736
115.000	11.6716	0.6365	0.0409	-0.0748	-0.0913	-0.1166	-0.7434	0.1553
120.000	10.7582	0.6308	0.0759	-0.0615	-0.0941	-0.1207	-0.7212	0.2380
125.000	9.7749	0.6217	0.1146	-0.0457	-0.0952	-0.1254	-0.6885	0.3219
130.000	8.7484	0.6085	0.1574	-0.0271	-0.0946	-0.1311	-0.6435	0.4067
135.000	7.7065	0.5900	0.2047	-0.0051	-0.0922	-0.1379	-0.5835	0.4920
140.000	6.6769	0.5643	0.2563	0.0203	-0.0878	-0.1460	-0.5046	0.5767
145.000	5.6876	0.5293	0.3109	0.0487	-0.0814	-0.1550	-0.4015	0.6586
150.000	4.7653	0.4817	0.3656	0.0789	-0.0729	-0.1640	-0.2670	0.7328
155.000	3.9357	0.4181	0.4139	0.1082	-0.0620	-0.1711	-0.0928	0.7898
160.000	3.2219	0.3356	0.4437	0.1314	-0.0488	-0.1726	0.1278	0.8119
165.000	2.6443	0.2348	0.4355	0.1401	-0.0335	-0.1620	0.3926	0.7703
170.000	2.2193	0.1262	0.3639	0.1234	-0.0177	-0.1314	0.6747	0.6278
175.000	1.9593	0.0361	0.2124	0.0743	-0.0050	-0.0754	0.9072	0.3610
180.000	1.8718	0.0000	0.0001	0.0001	0.0000	-0.0001	1.0000	0.0001
