0.000	5.4138	0.0000	0.0000	0.0000	0.0000	0.0000	1.0000	0.0000
5.000	5.4316	0.0047	-0.0015	0.0302	-0.0002	-0.0308	0.9804	-0.1970
10.000	5.4865	0.0189	-0.0062	0.0555	-0.0008	-0.0600	0.9224	-0.3850
15.000	5.5833	0.0427	-0.0170	0.0717	-0.0019	-0.0861	0.8292	-0.5551
20.000	5.7287	0.0761	-0.0349	0.0760	-0.0037	-0.1079	0.7058	-0.6992
25.000	5.9298	0.1183	-0.0599	0.0678	-0.0063	-0.1246	0.5599	-0.8112
30.000	6.1923	0.1680	-0.0901	0.0482	-0.0100	-0.1360	0.4004	-0.8872
35.000	6.5188	0.2228	-0.1226	0.0202	-0.0148	-0.1426	0.2371	-0.9268
40.000	6.9068	0.2799	-0.1542	-0.0124	-0.0208	-0.1450	0.0788	-0.9329
45.000	7.3485	0.3366	-0.1820	-0.0457	-0.0278	-0.1444	-0.0676	-0.9107
50.000	7.8295	0.3904	-0.2040	-0.0767	-0.0358	-0.1420	-0.1980	-0.8667
55.000	8.3303	0.4397	-0.2191	-0.1034	-0.0446	-0.1385	-0.3106	-0.8073
60.000	8.8268	0.4833	-0.2273	-0.1247	-0.0540	-0.1349	-0.4057	-0.7380
65.000	9.2922	0.5210	-0.2292	-0.1406	-0.0640	-0.1314	-0.4845	-0.6631
70.000	9.6995	0.5528	-0.2255	-0.1516	-0.0743	-0.1282	-0.5492	-0.5857
75.000	10.0233	0.5791	-0.2175	-0.1584	-0.0848	-0.1255	-0.6017	-0.5074
80.000	10.2421	0.6004	-0.2060	-0.1620	-0.0953	-0.1231	-0.6440	-0.4294
85.000	10.3398	0.6175	-0.1918	-0.1631	-0.1058	-0.1208	-0.6774	-0.3518
90.000	10.3067	0.6309	-0.1755	-0.1623	-0.1160	-0.1186	-0.7032	-0.2748
95.000	10.1397	0.6412	-0.1576	-0.1601	-0.1256	-0.1163	-0.7220	-0.1980
100.000	9.8422	0.6488	-0.1380	-0.1567	-0.1345	-0.1138	-0.7341	-0.1213
105.000	9.4229	0.6541	-0.1168	-0.1522	-0.1423	-0.1111	-0.7397	-0.0444
110.000	8.8949	0.6573	-0.0936	-0.1464	-0.1489	-0.1083	-0.7387	0.0329
115.000	8.2748	0.6585	-0.0679	-0.1390	-0.1539	-0.1056	-0.7307	0.1107
120.000	7.5812	0.6576	-0.0392	-0.1294	-0.1572	-0.1033	-0.7153	0.1891
125.000	6.8342	0.6542	-0.0066	-0.1171	-0.1585	-0.1016	-0.6916	0.2682
130.000	6.0546	0.6476	0.0307	-0.1016	-0.1578	-0.1011	-0.6585	0.3484
135.000	5.2639	0.6367	0.0735	-0.0824	-0.1548	-0.1019	-0.6138	0.4299
140.000	4.4833	0.6201	0.1223	-0.0589	-0.1494	-0.1047	-0.5547	0.5129
145.000	3.7341	0.5952	0.1774	-0.0310	-0.1414	-0.1095	-0.4761	0.5972
150.000	3.0366	0.5584	0.2378	0.0010	-0.1303	-0.1162	-0.3705	0.6811
155.000	2.4100	0.5045	0.3004	0.0358	-0.1155	-0.1240	-0.2265	0.7593
160.000	1.8717	0.4269	0.3564	0.0700	-0.0958	-0.1305	-0.0291	0.8177
165.000	1.4367	0.3194	0.3868	0.0962	-0.0704	-0.1305	0.2353	0.8248
170.000	1.1170	0.1853	0.3567	0.1008	-0.0403	-0.1142	0.5586	0.7224
175.000	0.9216	0.0567	0.2257	0.0681	-0.0122	-0.0701	0.8654	0.4432
180.000	0.8558	0.0000	0.0001	0.0002	0.0000	-0.0002	1.0000	0.0001
