0.000	5.8302	0.0000	0.0000	0.0000	0.0000	0.0000	1.0000	0.0000
5.000	5.8547	0.0054	-0.0063	0.0255	-0.0001	-0.0260	0.9789	-0.2043
10.000	5.9297	0.0216	-0.0154	0.0462	-0.0006	-0.0505	0.9168	-0.3980
15.000	6.0592	0.0483	-0.0297	0.0584	-0.0014	-0.0722	0.8177	-0.5713
20.000	6.2489	0.0849	-0.0499	0.0596	-0.0027	-0.0900	0.6882	-0.7156
25.000	6.5042	0.1301	-0.0755	0.0495	-0.0046	-0.1033	0.5371	-0.8250
30.000	6.8290	0.1819	-0.1046	0.0295	-0.0073	-0.1123	0.3742	-0.8967
35.000	7.2236	0.2377	-0.1346	0.0027	-0.0108	-0.1173	0.2097	-0.9314
40.000	7.6832	0.2948	-0.1625	-0.0275	-0.0153	-0.1192	0.0520	-0.9329
45.000	8.1972	0.3504	-0.1859	-0.0575	-0.0206	-0.1191	-0.0927	-0.9070
50.000	8.7487	0.4026	-0.2033	-0.0848	-0.0268	-0.1177	-0.2207	-0.8605
55.000	9.3156	0.4499	-0.2140	-0.1076	-0.0339	-0.1160	-0.3309	-0.7995
60.000	9.8714	0.4916	-0.2182	-0.1253	-0.0416	-0.1142	-0.4237	-0.7295
65.000	10.3875	0.5273	-0.2163	-0.1379	-0.0500	-0.1129	-0.5007	-0.6544
70.000	10.8352	0.5573	-0.2093	-0.1459	-0.0588	-0.1120	-0.5639	-0.5770
75.000	11.1877	0.5820	-0.1983	-0.1501	-0.0680	-0.1115	-0.6153	-0.4988
80.000	11.4231	0.6020	-0.1840	-0.1513	-0.0774	-0.1113	-0.6566	-0.4208
85.000	11.5247	0.6179	-0.1672	-0.1502	-0.0868	-0.1113	-0.6893	-0.3431
90.000	11.4831	0.6301	-0.1485	-0.1475	-0.0961	-0.1113	-0.7144	-0.2658
95.000	11.2957	0.6393	-0.1281	-0.1436	-0.1050	-0.1112	-0.7325	-0.1886
100.000	10.9664	0.6458	-0.1062	-0.1386	-0.1132	-0.1110	-0.7439	-0.1112
105.000	10.5051	0.6499	-0.0826	-0.1325	-0.1205	-0.1106	-0.7486	-0.0334
110.000	9.9260	0.6519	-0.0570	-0.1251	-0.1267	-0.1102	-0.7465	0.0450
115.000	9.2471	0.6517	-0.0290	-0.1162	-0.1314	-0.1099	-0.7370	0.1241
120.000	8.4883	0.6491	0.0023	-0.1051	-0.1345	-0.1100	-0.7196	0.2041
125.000	7.6715	0.6438	0.0373	-0.0914	-0.1357	-0.1108	-0.6932	0.2850
130.000	6.8192	0.6349	0.0770	-0.0746	-0.1350	-0.1126	-0.6564	0.3671
135.000	5.9544	0.6215	0.1220	-0.0540	-0.1322	-0.1159	-0.6068	0.4502
140.000	5.1005	0.6017	0.1726	-0.0294	-0.1270	-0.1209	-0.5411	0.5344
145.000	4.2804	0.5731	0.2287	-0.0008	-0.1194	-0.1276	-0.4540	0.6186
150.000	3.5165	0.5322	0.2885	0.0313	-0.1090	-0.1358	-0.3379	0.7000
155.000	2.8299	0.4743	0.3475	0.0650	-0.0953	-0.1441	-0.1823	0.7717
160.000	2.2395	0.3939	0.3956	0.0962	-0.0776	-0.1495	0.0255	0.8177
165.000	1.7621	0.2875	0.4125	0.1166	-0.0556	-0.1461	0.2930	0.8065
170.000	1.4110	0.1620	0.3658	0.1129	-0.0309	-0.1241	0.6035	0.6871
175.000	1.1964	0.0482	0.2239	0.0725	-0.0091	-0.0742	0.8823	0.4107
180.000	1.1241	0.0000	0.0001	0.0001	0.0000	-0.0001	1.0000	0.0001
