0.000	5.3527	0.0000	0.0000	0.0000	0.0000	0.0000	1.0000	0.0000
5.000	5.3741	0.0049	-0.0024	0.0353	-0.0012	-0.0358	0.9785	-0.2060
10.000	5.4396	0.0197	-0.0080	0.0654	-0.0046	-0.0696	0.9154	-0.4012
15.000	5.5525	0.0442	-0.0192	0.0862	-0.0101	-0.0997	0.8147	-0.5756
20.000	5.7177	0.0780	-0.0373	0.0947	-0.0176	-0.1244	0.6829	-0.7206
25.000	5.9399	0.1200	-0.0621	0.0901	-0.0265	-0.1429	0.5290	-0.8300
30.000	6.2227	0.1686	-0.0919	0.0736	-0.0365	-0.1548	0.3629	-0.9009
35.000	6.5665	0.2216	-0.1242	0.0477	-0.0471	-0.1604	0.1947	-0.9337
40.000	6.9679	0.2764	-0.1559	0.0162	-0.0579	-0.1607	0.0334	-0.9323
45.000	7.4184	0.3307	-0.1844	-0.0172	-0.0684	-0.1567	-0.1145	-0.9025
50.000	7.9042	0.3823	-0.2077	-0.0494	-0.0784	-0.1498	-0.2452	-0.8511
55.000	8.4070	0.4299	-0.2247	-0.0781	-0.0878	-0.1411	-0.3569	-0.7847
60.000	8.9043	0.4726	-0.2350	-0.1019	-0.0964	-0.1316	-0.4501	-0.7090
65.000	9.3711	0.5100	-0.2389	-0.1206	-0.1042	-0.1219	-0.5262	-0.6282
70.000	9.7817	0.5423	-0.2371	-0.1340	-0.1112	-0.1126	-0.5873	-0.5457
75.000	10.1117	0.5696	-0.2304	-0.1428	-0.1174	-0.1038	-0.6355	-0.4632
80.000	10.3394	0.5924	-0.2196	-0.1476	-0.1228	-0.0956	-0.6727	-0.3818
85.000	10.4479	0.6113	-0.2056	-0.1490	-0.1274	-0.0881	-0.7007	-0.3021
90.000	10.4258	0.6266	-0.1888	-0.1476	-0.1310	-0.0814	-0.7208	-0.2241
95.000	10.2680	0.6389	-0.1697	-0.1440	-0.1337	-0.0753	-0.7337	-0.1474
100.000	9.9758	0.6485	-0.1486	-0.1384	-0.1354	-0.0699	-0.7403	-0.0719
105.000	9.5565	0.6557	-0.1256	-0.1311	-0.1359	-0.0653	-0.7408	0.0030
110.000	9.0227	0.6604	-0.1004	-0.1221	-0.1351	-0.0617	-0.7352	0.0776
115.000	8.3911	0.6629	-0.0730	-0.1114	-0.1330	-0.0591	-0.7234	0.1524
120.000	7.6817	0.6628	-0.0429	-0.0987	-0.1295	-0.0579	-0.7047	0.2278
125.000	6.9165	0.6597	-0.0096	-0.0838	-0.1245	-0.0584	-0.6784	0.3043
130.000	6.1186	0.6530	0.0273	-0.0665	-0.1182	-0.0608	-0.6429	0.3824
135.000	5.3118	0.6415	0.0684	-0.0464	-0.1106	-0.0656	-0.5961	0.4626
140.000	4.5189	0.6237	0.1141	-0.0233	-0.1016	-0.0730	-0.5346	0.5450
145.000	3.7621	0.5970	0.1642	0.0029	-0.0914	-0.0830	-0.4533	0.6293
150.000	3.0620	0.5578	0.2177	0.0316	-0.0800	-0.0954	-0.3443	0.7131
155.000	2.4370	0.5010	0.2714	0.0615	-0.0673	-0.1089	-0.1966	0.7900
160.000	1.9032	0.4205	0.3174	0.0892	-0.0530	-0.1209	0.0038	0.8444
165.000	1.4739	0.3111	0.3388	0.1077	-0.0370	-0.1252	0.2677	0.8434
170.000	1.1597	0.1780	0.3071	0.1049	-0.0203	-0.1116	0.5829	0.7297
175.000	0.9682	0.0537	0.1913	0.0680	-0.0059	-0.0690	0.8744	0.4423
180.000	0.9039	0.0000	0.0001	0.0002	0.0000	-0.0002	1.0000	0.0001
