0.000	2.6557	0.0000	0.0000	0.0000	0.0000	0.0000	1.0000	0.0000
5.000	2.6807	0.0070	0.0059	0.0026	-0.0001	-0.0027	0.9707	-0.2400
10.000	2.7547	0.0269	0.0120	0.0051	-0.0002	-0.0052	0.8869	-0.4610
15.000	2.8748	0.0569	0.0186	0.0070	-0.0003	-0.0076	0.7589	-0.6484
20.000	3.0364	0.0932	0.0259	0.0086	-0.0004	-0.0097	0.6008	-0.7935
25.000	3.2334	0.1322	0.0341	0.0098	-0.0004	-0.0116	0.4263	-0.8942
30.000	3.4589	0.1708	0.0434	0.0108	-0.0001	-0.0132	0.2473	-0.9527
35.000	3.7050	0.2070	0.0539	0.0118	0.0004	-0.0147	0.0723	-0.9741
40.000	3.9639	0.2393	0.0659	0.0131	0.0012	-0.0161	-0.0931	-0.9642
45.000	4.2278	0.2673	0.0793	0.0148	0.0023	-0.0175	-0.2456	-0.9284
50.000	4.4893	0.2908	0.0943	0.0170	0.0036	-0.0189	-0.3833	-0.8715
55.000	4.7417	0.3099	0.1108	0.0199	0.0051	-0.0205	-0.5055	-0.7976
60.000	4.9791	0.3249	0.1287	0.0234	0.0069	-0.0221	-0.6118	-0.7097
65.000	5.1965	0.3361	0.1480	0.0275	0.0088	-0.0240	-0.7019	-0.6104
70.000	5.3894	0.3438	0.1684	0.0322	0.0108	-0.0261	-0.7758	-0.5019
75.000	5.5545	0.3483	0.1897	0.0374	0.0130	-0.0284	-0.8332	-0.3860
80.000	5.6891	0.3497	0.2117	0.0428	0.0152	-0.0311	-0.8738	-0.2644
85.000	5.7911	0.3483	0.2340	0.0485	0.0174	-0.0341	-0.8975	-0.1389
90.000	5.8592	0.3440	0.2563	0.0542	0.0196	-0.0374	-0.9039	-0.0109
95.000	5.8931	0.3370	0.2783	0.0597	0.0217	-0.0410	-0.8925	0.1177
100.000	5.8931	0.3271	0.2994	0.0650	0.0237	-0.0449	-0.8631	0.2451
105.000	5.8606	0.3145	0.3192	0.0699	0.0254	-0.0489	-0.8152	0.3694
110.000	5.7979	0.2990	0.3372	0.0742	0.0268	-0.0531	-0.7486	0.4883
115.000	5.7081	0.2808	0.3528	0.0778	0.0277	-0.0572	-0.6630	0.5993
120.000	5.5955	0.2599	0.3651	0.0805	0.0282	-0.0610	-0.5586	0.6993
125.000	5.4649	0.2365	0.3733	0.0821	0.0280	-0.0644	-0.4360	0.7851
130.000	5.3218	0.2108	0.3765	0.0826	0.0271	-0.0671	-0.2965	0.8529
135.000	5.1719	0.1834	0.3738	0.0816	0.0254	-0.0686	-0.1421	0.8988
140.000	5.0209	0.1549	0.3640	0.0791	0.0230	-0.0687	0.0236	0.9187
145.000	4.8743	0.1261	0.3462	0.0749	0.0199	-0.0671	0.1962	0.9091
150.000	4.7373	0.0978	0.3199	0.0689	0.0164	-0.0635	0.3695	0.8672
155.000	4.6141	0.0712	0.2847	0.0611	0.0125	-0.0576	0.5363	0.7916
160.000	4.5086	0.0474	0.2407	0.0515	0.0087	-0.0496	0.6885	0.6826
165.000	4.4237	0.0275	0.1886	0.0402	0.0052	-0.0394	0.8179	0.5430
170.000	4.3615	0.0125	0.1298	0.0276	0.0024	-0.0274	0.9167	0.3776
175.000	4.3237	0.0032	0.0662	0.0141	0.0006	-0.0140	0.9788	0.1937
180.000	4.3109	0.0000	0.0000	0.0000	0.0000	0.0000	1.0000	0.0000
