0.000	1.2513	0.0000	0.0000	0.0000	0.0000	0.0000	1.0000	0.0000
5.000	1.2613	0.0052	0.0254	0.0055	-0.0001	-0.0055	0.9727	-0.2308
10.000	1.2907	0.0199	0.0502	0.0107	-0.0002	-0.0107	0.8939	-0.4451
15.000	1.3384	0.0423	0.0737	0.0152	-0.0004	-0.0153	0.7724	-0.6295
20.000	1.4027	0.0697	0.0956	0.0191	-0.0006	-0.0193	0.6200	-0.7756
25.000	1.4812	0.0994	0.1161	0.0223	-0.0007	-0.0225	0.4492	-0.8803
30.000	1.5711	0.1290	0.1354	0.0249	-0.0007	-0.0250	0.2710	-0.9442
35.000	1.6696	0.1569	0.1538	0.0271	-0.0004	-0.0270	0.0939	-0.9710
40.000	1.7736	0.1819	0.1717	0.0291	0.0000	-0.0286	-0.0757	-0.9653
45.000	1.8803	0.2034	0.1895	0.0310	0.0006	-0.0298	-0.2339	-0.9317
50.000	1.9871	0.2214	0.2074	0.0330	0.0014	-0.0308	-0.3779	-0.8748
55.000	2.0915	0.2357	0.2255	0.0352	0.0024	-0.0317	-0.5062	-0.7985
60.000	2.1915	0.2467	0.2440	0.0376	0.0035	-0.0327	-0.6176	-0.7061
65.000	2.2852	0.2545	0.2628	0.0402	0.0047	-0.0336	-0.7113	-0.6005
70.000	2.3712	0.2594	0.2818	0.0429	0.0059	-0.0347	-0.7869	-0.4845
75.000	2.4480	0.2616	0.3007	0.0458	0.0072	-0.0359	-0.8439	-0.3602
80.000	2.5147	0.2614	0.3194	0.0487	0.0085	-0.0373	-0.8818	-0.2301
85.000	2.5703	0.2587	0.3376	0.0515	0.0098	-0.0388	-0.9005	-0.0964
90.000	2.6142	0.2537	0.3550	0.0542	0.0111	-0.0404	-0.8996	0.0388
95.000	2.6460	0.2465	0.3711	0.0566	0.0123	-0.0421	-0.8791	0.1732
100.000	2.6656	0.2370	0.3857	0.0586	0.0133	-0.0439	-0.8389	0.3045
105.000	2.6733	0.2254	0.3981	0.0603	0.0142	-0.0457	-0.7790	0.4303
110.000	2.6698	0.2117	0.4080	0.0614	0.0149	-0.0473	-0.6998	0.5479
115.000	2.6562	0.1959	0.4148	0.0620	0.0153	-0.0488	-0.6018	0.6547
120.000	2.6338	0.1785	0.4177	0.0618	0.0154	-0.0499	-0.4859	0.7474
125.000	2.6044	0.1595	0.4161	0.0610	0.0152	-0.0505	-0.3537	0.8229
130.000	2.5699	0.1395	0.4093	0.0594	0.0145	-0.0505	-0.2072	0.8779
135.000	2.5324	0.1189	0.3966	0.0570	0.0135	-0.0497	-0.0498	0.9092
140.000	2.4938	0.0983	0.3774	0.0536	0.0121	-0.0480	0.1146	0.9139
145.000	2.4559	0.0782	0.3513	0.0494	0.0104	-0.0454	0.2810	0.8898
150.000	2.4204	0.0594	0.3181	0.0444	0.0084	-0.0416	0.4435	0.8359
155.000	2.3886	0.0424	0.2779	0.0385	0.0064	-0.0368	0.5959	0.7523
160.000	2.3615	0.0277	0.2312	0.0318	0.0044	-0.0309	0.7316	0.6408
165.000	2.3398	0.0158	0.1789	0.0245	0.0026	-0.0241	0.8446	0.5045
170.000	2.3241	0.0071	0.1219	0.0166	0.0012	-0.0165	0.9295	0.3481
175.000	2.3146	0.0018	0.0618	0.0084	0.0003	-0.0084	0.9821	0.1777
180.000	2.3114	0.0000	0.0000	0.0000	0.0000	0.0000	1.0000	0.0000
