0.000	1.7518	0.0000	0.0000	0.0000	0.0000	0.0000	1.0000	0.0000
5.000	1.7707	0.0064	0.0205	0.0075	-0.0007	-0.0074	0.9675	-0.2519
10.000	1.8267	0.0246	0.0403	0.0146	-0.0026	-0.0141	0.8749	-0.4820
15.000	1.9181	0.0518	0.0589	0.0211	-0.0054	-0.0195	0.7350	-0.6736
20.000	2.0420	0.0847	0.0760	0.0267	-0.0087	-0.0234	0.5645	-0.8176
25.000	2.1947	0.1197	0.0917	0.0316	-0.0119	-0.0257	0.3798	-0.9128
30.000	2.3713	0.1542	0.1063	0.0358	-0.0147	-0.0267	0.1942	-0.9631
35.000	2.5666	0.1862	0.1199	0.0393	-0.0169	-0.0265	0.0170	-0.9753
40.000	2.7747	0.2146	0.1330	0.0424	-0.0184	-0.0256	-0.1465	-0.9569
45.000	2.9896	0.2390	0.1458	0.0451	-0.0190	-0.0243	-0.2937	-0.9146
50.000	3.2051	0.2591	0.1586	0.0476	-0.0189	-0.0227	-0.4236	-0.8542
55.000	3.4151	0.2752	0.1717	0.0500	-0.0180	-0.0210	-0.5366	-0.7801
60.000	3.6140	0.2875	0.1850	0.0523	-0.0164	-0.0195	-0.6334	-0.6956
65.000	3.7965	0.2963	0.1989	0.0545	-0.0142	-0.0183	-0.7150	-0.6032
70.000	3.9581	0.3019	0.2133	0.0566	-0.0115	-0.0174	-0.7821	-0.5045
75.000	4.0947	0.3046	0.2282	0.0588	-0.0084	-0.0169	-0.8353	-0.4007
80.000	4.2035	0.3046	0.2437	0.0608	-0.0049	-0.0169	-0.8750	-0.2927
85.000	4.2823	0.3021	0.2597	0.0629	-0.0012	-0.0175	-0.9012	-0.1813
90.000	4.3296	0.2972	0.2760	0.0648	0.0026	-0.0187	-0.9137	-0.0671
95.000	4.3454	0.2902	0.2926	0.0667	0.0065	-0.0204	-0.9120	0.0492
100.000	4.3300	0.2811	0.3092	0.0683	0.0102	-0.0226	-0.8954	0.1666
105.000	4.2850	0.2699	0.3254	0.0697	0.0137	-0.0254	-0.8629	0.2841
110.000	4.2125	0.2568	0.3408	0.0709	0.0168	-0.0287	-0.8135	0.4001
115.000	4.1156	0.2417	0.3550	0.0717	0.0194	-0.0323	-0.7460	0.5127
120.000	3.9980	0.2247	0.3672	0.0720	0.0214	-0.0360	-0.6594	0.6192
125.000	3.8638	0.2059	0.3765	0.0718	0.0227	-0.0398	-0.5529	0.7164
130.000	3.7177	0.1853	0.3820	0.0708	0.0231	-0.0432	-0.4262	0.8004
135.000	3.5647	0.1632	0.3825	0.0691	0.0226	-0.0461	-0.2801	0.8665
140.000	3.4098	0.1398	0.3766	0.0664	0.0212	-0.0481	-0.1162	0.9093
145.000	3.2583	0.1156	0.3629	0.0625	0.0190	-0.0488	0.0619	0.9232
150.000	3.1150	0.0913	0.3401	0.0574	0.0160	-0.0478	0.2486	0.9027
155.000	2.9848	0.0677	0.3071	0.0509	0.0125	-0.0448	0.4360	0.8435
160.000	2.8718	0.0458	0.2633	0.0430	0.0089	-0.0396	0.6139	0.7429
165.000	2.7799	0.0270	0.2089	0.0337	0.0054	-0.0322	0.7706	0.6016
170.000	2.7119	0.0124	0.1452	0.0232	0.0026	-0.0227	0.8938	0.4242
175.000	2.6703	0.0032	0.0745	0.0118	0.0007	-0.0118	0.9728	0.2195
180.000	2.6562	0.0000	0.0000	0.0000	0.0000	0.0000	1.0000	0.0000
