0.000	0.0837	0.0000	0.0000	0.0000	0.0000	0.0000	1.0000	0.0000
5.000	0.0840	-0.0021	0.0606	-0.0042	-0.0002	0.0042	0.9796	-0.1918
10.000	0.0847	-0.0083	0.1199	-0.0083	-0.0009	0.0083	0.9194	-0.3746
15.000	0.0860	-0.0183	0.1766	-0.0123	-0.0021	0.0124	0.8228	-0.5399
20.000	0.0878	-0.0314	0.2297	-0.0163	-0.0035	0.0165	0.6951	-0.6805
25.000	0.0900	-0.0471	0.2781	-0.0200	-0.0053	0.0204	0.5431	-0.7908
30.000	0.0928	-0.0646	0.3213	-0.0236	-0.0071	0.0243	0.3744	-0.8674
35.000	0.0959	-0.0828	0.3588	-0.0270	-0.0091	0.0279	0.1971	-0.9085
40.000	0.0995	-0.1011	0.3906	-0.0301	-0.0110	0.0313	0.0186	-0.9147
45.000	0.1034	-0.1187	0.4167	-0.0329	-0.0127	0.0345	-0.1541	-0.8878
50.000	0.1077	-0.1350	0.4376	-0.0354	-0.0143	0.0374	-0.3153	-0.8310
55.000	0.1121	-0.1494	0.4535	-0.0376	-0.0157	0.0400	-0.4604	-0.7480
60.000	0.1167	-0.1617	0.4650	-0.0396	-0.0168	0.0423	-0.5860	-0.6432
65.000	0.1214	-0.1717	0.4726	-0.0414	-0.0176	0.0443	-0.6896	-0.5207
70.000	0.1261	-0.1792	0.4765	-0.0429	-0.0181	0.0461	-0.7695	-0.3848
75.000	0.1308	-0.1843	0.4772	-0.0443	-0.0184	0.0476	-0.8247	-0.2396
80.000	0.1354	-0.1871	0.4750	-0.0454	-0.0183	0.0489	-0.8549	-0.0893
85.000	0.1399	-0.1874	0.4700	-0.0464	-0.0180	0.0498	-0.8599	0.0623
90.000	0.1444	-0.1856	0.4624	-0.0471	-0.0175	0.0505	-0.8405	0.2114
95.000	0.1486	-0.1815	0.4525	-0.0475	-0.0167	0.0508	-0.7975	0.3545
100.000	0.1527	-0.1753	0.4403	-0.0477	-0.0158	0.0508	-0.7324	0.4882
105.000	0.1565	-0.1672	0.4259	-0.0476	-0.0147	0.0504	-0.6471	0.6094
110.000	0.1601	-0.1571	0.4095	-0.0470	-0.0135	0.0496	-0.5437	0.7153
115.000	0.1634	-0.1454	0.3911	-0.0461	-0.0122	0.0484	-0.4247	0.8033
120.000	0.1664	-0.1322	0.3707	-0.0448	-0.0109	0.0467	-0.2929	0.8712
125.000	0.1691	-0.1178	0.3484	-0.0430	-0.0095	0.0447	-0.1514	0.9174
130.000	0.1715	-0.1026	0.3242	-0.0408	-0.0082	0.0421	-0.0036	0.9403
135.000	0.1736	-0.0871	0.2981	-0.0382	-0.0069	0.0392	0.1468	0.9391
140.000	0.1754	-0.0716	0.2703	-0.0351	-0.0056	0.0358	0.2960	0.9133
145.000	0.1769	-0.0567	0.2407	-0.0316	-0.0044	0.0321	0.4400	0.8633
150.000	0.1782	-0.0428	0.2095	-0.0277	-0.0033	0.0281	0.5747	0.7899
155.000	0.1793	-0.0304	0.1769	-0.0236	-0.0024	0.0238	0.6963	0.6949
160.000	0.1802	-0.0198	0.1430	-0.0192	-0.0015	0.0193	0.8012	0.5807
165.000	0.1809	-0.0113	0.1082	-0.0145	-0.0009	0.0146	0.8862	0.4504
170.000	0.1814	-0.0050	0.0725	-0.0098	-0.0004	0.0098	0.9488	0.3075
175.000	0.1817	-0.0013	0.0364	-0.0049	-0.0001	0.0049	0.9871	0.1559
180.000	0.1818	0.0000	0.0000	-0.0001	0.0000	0.0001	1.0000	0.0000
