0.000	3.6005	0.0000	0.0000	0.0000	0.0000	0.0000	1.0000	0.0000
5.000	3.6378	0.0078	-0.0044	-0.0004	0.0002	0.0003	0.9688	-0.2478
10.000	3.7479	0.0298	-0.0080	-0.0010	0.0008	0.0005	0.8797	-0.4745
15.000	3.9259	0.0627	-0.0099	-0.0021	0.0018	0.0004	0.7450	-0.6641
20.000	4.1642	0.1020	-0.0097	-0.0034	0.0031	-0.0002	0.5802	-0.8080
25.000	4.4529	0.1435	-0.0069	-0.0050	0.0049	-0.0011	0.4008	-0.9048
30.000	4.7806	0.1840	-0.0015	-0.0064	0.0069	-0.0025	0.2188	-0.9582
35.000	5.1352	0.2213	0.0067	-0.0074	0.0093	-0.0043	0.0429	-0.9742
40.000	5.5046	0.2543	0.0177	-0.0077	0.0118	-0.0066	-0.1216	-0.9592
45.000	5.8775	0.2825	0.0314	-0.0070	0.0145	-0.0093	-0.2721	-0.9192
50.000	6.2435	0.3059	0.0478	-0.0052	0.0173	-0.0124	-0.4069	-0.8591
55.000	6.5937	0.3250	0.0667	-0.0023	0.0200	-0.0159	-0.5257	-0.7829
60.000	6.9203	0.3400	0.0878	0.0017	0.0226	-0.0199	-0.6281	-0.6937
65.000	7.2169	0.3514	0.1111	0.0069	0.0250	-0.0242	-0.7142	-0.5941
70.000	7.4782	0.3596	0.1360	0.0130	0.0272	-0.0289	-0.7838	-0.4862
75.000	7.6996	0.3647	0.1623	0.0199	0.0291	-0.0340	-0.8371	-0.3720
80.000	7.8774	0.3670	0.1894	0.0274	0.0308	-0.0393	-0.8739	-0.2531
85.000	8.0086	0.3665	0.2172	0.0352	0.0322	-0.0450	-0.8941	-0.1312
90.000	8.0908	0.3633	0.2450	0.0431	0.0333	-0.0508	-0.8978	-0.0077
95.000	8.1228	0.3573	0.2725	0.0511	0.0342	-0.0568	-0.8848	0.1157
100.000	8.1044	0.3484	0.2992	0.0588	0.0348	-0.0629	-0.8549	0.2376
105.000	8.0371	0.3365	0.3248	0.0662	0.0352	-0.0689	-0.8079	0.3564
110.000	7.9239	0.3214	0.3485	0.0730	0.0352	-0.0747	-0.7434	0.4702
115.000	7.7697	0.3032	0.3699	0.0793	0.0350	-0.0803	-0.6610	0.5770
120.000	7.5812	0.2817	0.3881	0.0847	0.0343	-0.0853	-0.5606	0.6741
125.000	7.3661	0.2572	0.4021	0.0890	0.0331	-0.0894	-0.4423	0.7585
130.000	7.1336	0.2300	0.4108	0.0921	0.0314	-0.0924	-0.3067	0.8266
135.000	6.8931	0.2006	0.4127	0.0936	0.0290	-0.0939	-0.1555	0.8743
140.000	6.6539	0.1696	0.4066	0.0931	0.0260	-0.0934	0.0084	0.8973
145.000	6.4248	0.1381	0.3910	0.0904	0.0224	-0.0907	0.1806	0.8916
150.000	6.2134	0.1071	0.3648	0.0850	0.0183	-0.0853	0.3551	0.8538
155.000	6.0259	0.0779	0.3274	0.0769	0.0140	-0.0770	0.5243	0.7821
160.000	5.8674	0.0518	0.2788	0.0658	0.0097	-0.0660	0.6797	0.6764
165.000	5.7413	0.0300	0.2197	0.0522	0.0058	-0.0522	0.8124	0.5393
170.000	5.6498	0.0136	0.1518	0.0362	0.0027	-0.0362	0.9141	0.3756
175.000	5.5945	0.0035	0.0776	0.0185	0.0007	-0.0185	0.9781	0.1929
180.000	5.5759	0.0000	0.0000	0.0000	0.0000	0.0000	1.0000	0.0000
