0.000	7.1661	0.0000	0.0000	0.0000	0.0000	0.0000	1.0000	0.0000
5.000	7.2212	0.0085	-0.0320	0.0055	-0.0007	-0.0058	0.9742	-0.2233
10.000	7.3856	0.0330	-0.0634	0.0093	-0.0028	-0.0113	0.8996	-0.4307
15.000	7.6574	0.0711	-0.0935	0.0102	-0.0064	-0.0165	0.7843	-0.6090
20.000	8.0324	0.1193	-0.1216	0.0076	-0.0115	-0.0211	0.6394	-0.7494
25.000	8.5045	0.1737	-0.1469	0.0016	-0.0180	-0.0248	0.4774	-0.8482
30.000	9.0646	0.2306	-0.1686	-0.0071	-0.0256	-0.0276	0.3096	-0.9062
35.000	9.7003	0.2869	-0.1861	-0.0173	-0.0343	-0.0293	0.1454	-0.9275
40.000	10.3957	0.3403	-0.1989	-0.0280	-0.0435	-0.0300	-0.0085	-0.9179
45.000	11.1310	0.3895	-0.2070	-0.0381	-0.0530	-0.0295	-0.1481	-0.8839
50.000	11.8829	0.4335	-0.2102	-0.0469	-0.0623	-0.0281	-0.2714	-0.8317
55.000	12.6250	0.4722	-0.2088	-0.0539	-0.0710	-0.0259	-0.3781	-0.7666
60.000	13.3292	0.5057	-0.2032	-0.0588	-0.0789	-0.0229	-0.4687	-0.6929
65.000	13.9660	0.5342	-0.1937	-0.0615	-0.0856	-0.0195	-0.5444	-0.6139
70.000	14.5067	0.5583	-0.1807	-0.0621	-0.0908	-0.0158	-0.6067	-0.5320
75.000	14.9248	0.5783	-0.1646	-0.0607	-0.0945	-0.0120	-0.6569	-0.4489
80.000	15.1971	0.5949	-0.1458	-0.0575	-0.0963	-0.0085	-0.6965	-0.3656
85.000	15.3057	0.6084	-0.1244	-0.0525	-0.0964	-0.0056	-0.7266	-0.2826
90.000	15.2387	0.6192	-0.1005	-0.0459	-0.0945	-0.0034	-0.7480	-0.2004
95.000	14.9914	0.6275	-0.0744	-0.0377	-0.0907	-0.0023	-0.7614	-0.1187
100.000	14.5662	0.6336	-0.0458	-0.0279	-0.0851	-0.0027	-0.7672	-0.0377
105.000	13.9728	0.6373	-0.0147	-0.0165	-0.0776	-0.0050	-0.7655	0.0431
110.000	13.2278	0.6386	0.0192	-0.0033	-0.0684	-0.0094	-0.7561	0.1239
115.000	12.3532	0.6373	0.0561	0.0117	-0.0577	-0.0165	-0.7384	0.2051
120.000	11.3760	0.6328	0.0962	0.0289	-0.0458	-0.0265	-0.7114	0.2869
125.000	10.3263	0.6243	0.1397	0.0482	-0.0330	-0.0399	-0.6736	0.3696
130.000	9.2361	0.6109	0.1868	0.0697	-0.0198	-0.0569	-0.6227	0.4531
135.000	8.1379	0.5912	0.2370	0.0933	-0.0068	-0.0776	-0.5557	0.5368
140.000	7.0635	0.5631	0.2895	0.1187	0.0052	-0.1015	-0.4684	0.6192
145.000	6.0428	0.5243	0.3423	0.1448	0.0154	-0.1278	-0.3554	0.6972
150.000	5.1029	0.4719	0.3914	0.1697	0.0228	-0.1545	-0.2101	0.7644
155.000	4.2679	0.4032	0.4296	0.1899	0.0264	-0.1778	-0.0264	0.8099
160.000	3.5579	0.3169	0.4451	0.1998	0.0255	-0.1915	0.1986	0.8153
165.000	2.9891	0.2160	0.4213	0.1913	0.0200	-0.1867	0.4564	0.7542
170.000	2.5742	0.1129	0.3398	0.1556	0.0115	-0.1539	0.7169	0.5985
175.000	2.3217	0.0316	0.1930	0.0888	0.0034	-0.0886	0.9211	0.3367
180.000	2.2370	0.0000	0.0001	0.0001	0.0000	-0.0001	1.0000	0.0001
