0.000	6.8783	0.0000	0.0000	0.0000	0.0000	0.0000	1.0000	0.0000
5.000	6.9552	0.0083	-0.0228	-0.0030	-0.0007	0.0031	0.9668	-0.2545
10.000	7.1834	0.0317	-0.0428	-0.0055	-0.0028	0.0063	0.8722	-0.4863
15.000	7.5561	0.0669	-0.0578	-0.0069	-0.0057	0.0094	0.7298	-0.6778
20.000	8.0619	0.1094	-0.0669	-0.0071	-0.0088	0.0125	0.5572	-0.8203
25.000	8.6854	0.1548	-0.0697	-0.0059	-0.0117	0.0155	0.3715	-0.9126
30.000	9.4075	0.1996	-0.0670	-0.0035	-0.0139	0.0183	0.1862	-0.9594
35.000	10.2061	0.2415	-0.0594	0.0000	-0.0151	0.0209	0.0106	-0.9682
40.000	11.0566	0.2793	-0.0480	0.0044	-0.0151	0.0231	-0.1500	-0.9468
45.000	11.9330	0.3122	-0.0335	0.0095	-0.0140	0.0249	-0.2932	-0.9026
50.000	12.8089	0.3403	-0.0165	0.0153	-0.0118	0.0262	-0.4186	-0.8415
55.000	13.6578	0.3637	0.0024	0.0215	-0.0084	0.0269	-0.5268	-0.7680
60.000	14.4548	0.3828	0.0229	0.0282	-0.0041	0.0268	-0.6190	-0.6855
65.000	15.1769	0.3979	0.0448	0.0352	0.0012	0.0260	-0.6962	-0.5963
70.000	15.8039	0.4093	0.0679	0.0426	0.0072	0.0242	-0.7595	-0.5021
75.000	16.3191	0.4174	0.0923	0.0503	0.0138	0.0214	-0.8099	-0.4039
80.000	16.7094	0.4223	0.1177	0.0583	0.0210	0.0176	-0.8479	-0.3026
85.000	16.9658	0.4242	0.1440	0.0665	0.0285	0.0126	-0.8737	-0.1986
90.000	17.0832	0.4232	0.1712	0.0748	0.0361	0.0064	-0.8873	-0.0923
95.000	17.0608	0.4193	0.1992	0.0833	0.0438	-0.0011	-0.8884	0.0158
100.000	16.9017	0.4125	0.2276	0.0917	0.0511	-0.0098	-0.8764	0.1252
105.000	16.6129	0.4028	0.2561	0.1001	0.0580	-0.0196	-0.8504	0.2351
110.000	16.2048	0.3899	0.2845	0.1082	0.0641	-0.0306	-0.8093	0.3446
115.000	15.6913	0.3738	0.3120	0.1159	0.0690	-0.0425	-0.7518	0.4523
120.000	15.0892	0.3544	0.3381	0.1230	0.0726	-0.0550	-0.6765	0.5561
125.000	14.4178	0.3313	0.3616	0.1291	0.0744	-0.0677	-0.5821	0.6536
130.000	13.6984	0.3046	0.3815	0.1338	0.0742	-0.0800	-0.4674	0.7411
135.000	12.9538	0.2742	0.3960	0.1368	0.0718	-0.0912	-0.3319	0.8143
140.000	12.2073	0.2402	0.4033	0.1374	0.0670	-0.1005	-0.1760	0.8677
145.000	11.4823	0.2032	0.4012	0.1350	0.0599	-0.1067	-0.0018	0.8950
150.000	10.8015	0.1641	0.3873	0.1288	0.0507	-0.1087	0.1861	0.8892
155.000	10.1860	0.1243	0.3592	0.1184	0.0399	-0.1054	0.3803	0.8439
160.000	9.6547	0.0859	0.3154	0.1032	0.0285	-0.0958	0.5699	0.7543
165.000	9.2238	0.0515	0.2553	0.0830	0.0175	-0.0796	0.7414	0.6187
170.000	8.9065	0.0240	0.1801	0.0583	0.0083	-0.0572	0.8791	0.4406
175.000	8.7122	0.0062	0.0933	0.0301	0.0022	-0.0300	0.9688	0.2295
180.000	8.6468	0.0000	0.0000	0.0000	0.0000	0.0000	1.0000	0.0000
