0.000	0.1774	0.0000	0.0000	0.0000	0.0000	0.0000	1.0000	0.0000
5.000	0.1782	0.0012	0.0595	0.0050	-0.0002	-0.0050	0.9775	-0.2026
10.000	0.1805	0.0048	0.1172	0.0098	-0.0008	-0.0097	0.9116	-0.3941
15.000	0.1844	0.0103	0.1714	0.0142	-0.0018	-0.0141	0.8072	-0.5647
20.000	0.1897	0.0174	0.2210	0.0180	-0.0031	-0.0178	0.6717	-0.7069
25.000	0.1962	0.0255	0.2652	0.0212	-0.0046	-0.0208	0.5136	-0.8156
30.000	0.2040	0.0340	0.3036	0.0237	-0.0062	-0.0231	0.3417	-0.8888
35.000	0.2127	0.0424	0.3362	0.0255	-0.0078	-0.0246	0.1645	-0.9264
40.000	0.2221	0.0502	0.3633	0.0267	-0.0094	-0.0255	-0.0111	-0.9302
45.000	0.2322	0.0573	0.3855	0.0273	-0.0108	-0.0257	-0.1790	-0.9033
50.000	0.2426	0.0633	0.4033	0.0273	-0.0122	-0.0254	-0.3346	-0.8493
55.000	0.2532	0.0680	0.4173	0.0270	-0.0134	-0.0247	-0.4746	-0.7720
60.000	0.2638	0.0716	0.4279	0.0262	-0.0143	-0.0236	-0.5966	-0.6751
65.000	0.2740	0.0739	0.4356	0.0251	-0.0151	-0.0223	-0.6988	-0.5625
70.000	0.2839	0.0750	0.4409	0.0238	-0.0157	-0.0207	-0.7801	-0.4375
75.000	0.2932	0.0749	0.4439	0.0222	-0.0160	-0.0189	-0.8398	-0.3033
80.000	0.3018	0.0738	0.4449	0.0205	-0.0162	-0.0171	-0.8774	-0.1631
85.000	0.3096	0.0718	0.4441	0.0187	-0.0161	-0.0152	-0.8928	-0.0199
90.000	0.3164	0.0690	0.4415	0.0168	-0.0159	-0.0132	-0.8860	0.1236
95.000	0.3223	0.0654	0.4370	0.0148	-0.0155	-0.0113	-0.8571	0.2644
100.000	0.3272	0.0613	0.4307	0.0128	-0.0149	-0.0095	-0.8068	0.3997
105.000	0.3311	0.0566	0.4224	0.0108	-0.0141	-0.0077	-0.7356	0.5264
110.000	0.3340	0.0517	0.4120	0.0089	-0.0132	-0.0060	-0.6448	0.6416
115.000	0.3361	0.0464	0.3994	0.0071	-0.0122	-0.0045	-0.5357	0.7424
120.000	0.3373	0.0411	0.3843	0.0054	-0.0111	-0.0031	-0.4105	0.8258
125.000	0.3378	0.0357	0.3667	0.0038	-0.0099	-0.0018	-0.2715	0.8891
130.000	0.3377	0.0304	0.3464	0.0024	-0.0086	-0.0008	-0.1219	0.9296
135.000	0.3370	0.0253	0.3232	0.0012	-0.0074	0.0001	0.0348	0.9453
140.000	0.3360	0.0204	0.2971	0.0002	-0.0061	0.0007	0.1942	0.9347
145.000	0.3348	0.0160	0.2680	-0.0005	-0.0049	0.0012	0.3518	0.8967
150.000	0.3334	0.0119	0.2361	-0.0010	-0.0037	0.0015	0.5025	0.8316
155.000	0.3320	0.0084	0.2015	-0.0013	-0.0027	0.0015	0.6413	0.7403
160.000	0.3307	0.0054	0.1645	-0.0013	-0.0017	0.0015	0.7632	0.6248
165.000	0.3296	0.0031	0.1253	-0.0012	-0.0010	0.0012	0.8635	0.4885
170.000	0.3288	0.0014	0.0845	-0.0009	-0.0005	0.0009	0.9383	0.3355
175.000	0.3283	0.0003	0.0426	-0.0005	-0.0001	0.0005	0.9844	0.1707
180.000	0.3281	0.0000	0.0000	0.0000	0.0000	0.0000	1.0000	0.0000
