0.000	11.5680	0.0000	0.0000	0.0000	0.0000	0.0000	1.0000	0.0000
5.000	11.7138	0.0106	-0.0286	-0.0024	-0.0001	0.0022	0.9654	-0.2589
10.000	12.1456	0.0407	-0.0550	-0.0056	-0.0005	0.0041	0.8677	-0.4924
15.000	12.8469	0.0851	-0.0776	-0.0100	-0.0009	0.0056	0.7222	-0.6821
20.000	13.7913	0.1378	-0.0952	-0.0157	-0.0012	0.0065	0.5484	-0.8194
25.000	14.9437	0.1931	-0.1076	-0.0222	-0.0011	0.0067	0.3640	-0.9050
30.000	16.2624	0.2468	-0.1148	-0.0288	-0.0007	0.0062	0.1825	-0.9452
35.000	17.7011	0.2962	-0.1169	-0.0350	0.0003	0.0052	0.0123	-0.9485
40.000	19.2107	0.3401	-0.1145	-0.0400	0.0017	0.0036	-0.1422	-0.9234
45.000	20.7416	0.3781	-0.1077	-0.0434	0.0035	0.0014	-0.2793	-0.8771
50.000	22.2455	0.4104	-0.0968	-0.0448	0.0056	-0.0014	-0.3992	-0.8154
55.000	23.6769	0.4374	-0.0823	-0.0441	0.0078	-0.0046	-0.5025	-0.7424
60.000	24.9939	0.4597	-0.0644	-0.0413	0.0102	-0.0084	-0.5905	-0.6614
65.000	26.1595	0.4776	-0.0433	-0.0364	0.0127	-0.0128	-0.6641	-0.5744
70.000	27.1419	0.4918	-0.0195	-0.0297	0.0151	-0.0176	-0.7244	-0.4831
75.000	27.9146	0.5024	0.0066	-0.0212	0.0176	-0.0230	-0.7722	-0.3885
80.000	28.4572	0.5098	0.0349	-0.0114	0.0200	-0.0289	-0.8080	-0.2914
85.000	28.7554	0.5142	0.0648	-0.0004	0.0224	-0.0353	-0.8323	-0.1924
90.000	28.8011	0.5155	0.0961	0.0114	0.0248	-0.0424	-0.8451	-0.0920
95.000	28.5929	0.5139	0.1285	0.0239	0.0272	-0.0500	-0.8466	0.0094
100.000	28.1363	0.5091	0.1617	0.0368	0.0295	-0.0583	-0.8362	0.1115
105.000	27.4441	0.5011	0.1954	0.0500	0.0318	-0.0672	-0.8136	0.2137
110.000	26.5358	0.4896	0.2293	0.0634	0.0341	-0.0767	-0.7779	0.3156
115.000	25.4381	0.4743	0.2631	0.0767	0.0361	-0.0867	-0.7278	0.4162
120.000	24.1836	0.4547	0.2963	0.0899	0.0378	-0.0971	-0.6621	0.5142
125.000	22.8101	0.4306	0.3280	0.1026	0.0390	-0.1076	-0.5790	0.6077
130.000	21.3595	0.4013	0.3572	0.1146	0.0395	-0.1179	-0.4768	0.6940
135.000	19.8761	0.3667	0.3822	0.1252	0.0391	-0.1272	-0.3542	0.7694
140.000	18.4047	0.3265	0.4010	0.1337	0.0375	-0.1349	-0.2101	0.8287
145.000	16.9895	0.2810	0.4107	0.1390	0.0346	-0.1396	-0.0450	0.8654
150.000	15.6722	0.2309	0.4078	0.1399	0.0302	-0.1401	0.1382	0.8719
155.000	14.4905	0.1780	0.3887	0.1348	0.0245	-0.1349	0.3335	0.8399
160.000	13.4775	0.1251	0.3499	0.1225	0.0180	-0.1225	0.5303	0.7618
165.000	12.6607	0.0762	0.2894	0.1020	0.0114	-0.1020	0.7135	0.6334
170.000	12.0618	0.0359	0.2077	0.0736	0.0055	-0.0736	0.8646	0.4561
175.000	11.6962	0.0093	0.1087	0.0387	0.0014	-0.0387	0.9648	0.2393
180.000	11.5733	0.0000	0.0000	0.0000	0.0000	0.0000	1.0000	0.0000
