0.000	1.8120	0.0000	0.0000	0.0000	0.0000	0.0000	1.0000	0.0000
5.000	1.8265	0.0050	0.0163	0.0054	-0.0005	-0.0053	0.9739	-0.2263
10.000	1.8696	0.0195	0.0322	0.0106	-0.0019	-0.0101	0.8986	-0.4371
15.000	1.9399	0.0416	0.0476	0.0155	-0.0041	-0.0141	0.7824	-0.6195
20.000	2.0348	0.0690	0.0624	0.0202	-0.0066	-0.0170	0.6365	-0.7657
25.000	2.1514	0.0992	0.0766	0.0244	-0.0092	-0.0187	0.4726	-0.8724
30.000	2.2857	0.1298	0.0904	0.0284	-0.0116	-0.0193	0.3013	-0.9405
35.000	2.4336	0.1593	0.1041	0.0322	-0.0135	-0.0190	0.1306	-0.9733
40.000	2.5907	0.1864	0.1177	0.0359	-0.0149	-0.0180	-0.0335	-0.9752
45.000	2.7522	0.2105	0.1316	0.0395	-0.0156	-0.0165	-0.1873	-0.9510
50.000	2.9138	0.2313	0.1460	0.0430	-0.0156	-0.0148	-0.3286	-0.9048
55.000	3.0712	0.2487	0.1609	0.0466	-0.0149	-0.0130	-0.4561	-0.8402
60.000	3.2207	0.2627	0.1765	0.0502	-0.0135	-0.0113	-0.5692	-0.7603
65.000	3.3589	0.2735	0.1927	0.0538	-0.0114	-0.0098	-0.6673	-0.6674
70.000	3.4829	0.2812	0.2095	0.0573	-0.0088	-0.0087	-0.7501	-0.5635
75.000	3.5906	0.2859	0.2268	0.0608	-0.0056	-0.0081	-0.8171	-0.4503
80.000	3.6802	0.2877	0.2444	0.0641	-0.0021	-0.0080	-0.8678	-0.3293
85.000	3.7508	0.2869	0.2622	0.0671	0.0017	-0.0086	-0.9014	-0.2022
90.000	3.8016	0.2834	0.2797	0.0698	0.0056	-0.0099	-0.9172	-0.0706
95.000	3.8327	0.2774	0.2968	0.0722	0.0096	-0.0118	-0.9143	0.0636
100.000	3.8445	0.2689	0.3129	0.0740	0.0134	-0.0144	-0.8919	0.1983
105.000	3.8378	0.2581	0.3277	0.0753	0.0169	-0.0175	-0.8494	0.3311
110.000	3.8139	0.2448	0.3405	0.0759	0.0199	-0.0211	-0.7863	0.4592
115.000	3.7744	0.2294	0.3508	0.0758	0.0223	-0.0250	-0.7023	0.5795
120.000	3.7214	0.2118	0.3580	0.0749	0.0239	-0.0291	-0.5976	0.6885
125.000	3.6571	0.1924	0.3613	0.0733	0.0247	-0.0330	-0.4732	0.7824
130.000	3.5841	0.1713	0.3600	0.0707	0.0246	-0.0365	-0.3307	0.8572
135.000	3.5053	0.1490	0.3533	0.0673	0.0236	-0.0393	-0.1725	0.9087
140.000	3.4236	0.1258	0.3405	0.0629	0.0216	-0.0410	-0.0025	0.9328
145.000	3.3421	0.1025	0.3209	0.0576	0.0189	-0.0415	0.1746	0.9259
150.000	3.2640	0.0797	0.2942	0.0514	0.0156	-0.0404	0.3523	0.8853
155.000	3.1920	0.0581	0.2601	0.0444	0.0119	-0.0375	0.5234	0.8096
160.000	3.1289	0.0388	0.2187	0.0366	0.0083	-0.0328	0.6796	0.6993
165.000	3.0772	0.0226	0.1707	0.0281	0.0050	-0.0264	0.8125	0.5570
170.000	3.0387	0.0103	0.1172	0.0191	0.0023	-0.0186	0.9142	0.3877
175.000	3.0150	0.0026	0.0596	0.0096	0.0006	-0.0096	0.9782	0.1990
180.000	3.0070	-0.0000	0.0000	-0.0000	0.0000	0.0000	1.0000	0.0000
