0.000	0.9509	0.0000	0.0000	0.0000	0.0000	0.0000	1.0000	0.0000
5.000	0.9594	0.0045	0.0380	0.0084	-0.0005	-0.0084	0.9707	-0.2371
10.000	0.9845	0.0174	0.0743	0.0164	-0.0019	-0.0161	0.8867	-0.4561
15.000	1.0255	0.0371	0.1077	0.0237	-0.0039	-0.0226	0.7579	-0.6424
20.000	1.0813	0.0611	0.1374	0.0300	-0.0064	-0.0277	0.5981	-0.7873
25.000	1.1501	0.0872	0.1631	0.0353	-0.0089	-0.0312	0.4212	-0.8880
30.000	1.2299	0.1134	0.1852	0.0396	-0.0113	-0.0332	0.2395	-0.9465
35.000	1.3185	0.1381	0.2041	0.0431	-0.0133	-0.0341	0.0622	-0.9674
40.000	1.4134	0.1602	0.2206	0.0459	-0.0148	-0.0339	-0.1047	-0.9568
45.000	1.5119	0.1794	0.2352	0.0481	-0.0157	-0.0331	-0.2574	-0.9204
50.000	1.6114	0.1952	0.2486	0.0499	-0.0161	-0.0318	-0.3943	-0.8636
55.000	1.7093	0.2078	0.2610	0.0513	-0.0160	-0.0302	-0.5147	-0.7907
60.000	1.8029	0.2173	0.2730	0.0525	-0.0153	-0.0285	-0.6186	-0.7052
65.000	1.8901	0.2237	0.2848	0.0534	-0.0141	-0.0268	-0.7065	-0.6096
70.000	1.9687	0.2275	0.2965	0.0541	-0.0126	-0.0253	-0.7787	-0.5061
75.000	2.0370	0.2287	0.3082	0.0547	-0.0107	-0.0240	-0.8355	-0.3962
80.000	2.0934	0.2276	0.3200	0.0551	-0.0086	-0.0230	-0.8770	-0.2812
85.000	2.1370	0.2244	0.3317	0.0553	-0.0062	-0.0223	-0.9032	-0.1623
90.000	2.1671	0.2193	0.3434	0.0554	-0.0038	-0.0220	-0.9137	-0.0405
95.000	2.1833	0.2124	0.3547	0.0552	-0.0013	-0.0220	-0.9081	0.0830
100.000	2.1859	0.2039	0.3656	0.0549	0.0011	-0.0224	-0.8857	0.2069
105.000	2.1752	0.1939	0.3755	0.0544	0.0034	-0.0232	-0.8457	0.3295
110.000	2.1523	0.1825	0.3842	0.0536	0.0055	-0.0242	-0.7874	0.4487
115.000	2.1184	0.1698	0.3910	0.0525	0.0073	-0.0254	-0.7100	0.5623
120.000	2.0749	0.1559	0.3954	0.0511	0.0086	-0.0267	-0.6133	0.6671
125.000	2.0237	0.1410	0.3965	0.0493	0.0096	-0.0279	-0.4971	0.7598
130.000	1.9667	0.1252	0.3937	0.0472	0.0101	-0.0290	-0.3621	0.8364
135.000	1.9061	0.1086	0.3859	0.0446	0.0100	-0.0297	-0.2099	0.8923
140.000	1.8441	0.0917	0.3721	0.0416	0.0095	-0.0300	-0.0435	0.9230
145.000	1.7829	0.0747	0.3516	0.0381	0.0085	-0.0295	0.1330	0.9239
150.000	1.7247	0.0581	0.3233	0.0340	0.0072	-0.0281	0.3136	0.8911
155.000	1.6714	0.0425	0.2869	0.0294	0.0056	-0.0257	0.4905	0.8218
160.000	1.6251	0.0284	0.2423	0.0243	0.0040	-0.0223	0.6548	0.7154
165.000	1.5872	0.0166	0.1898	0.0187	0.0024	-0.0178	0.7967	0.5735
170.000	1.5592	0.0076	0.1307	0.0127	0.0011	-0.0125	0.9065	0.4013
175.000	1.5420	0.0019	0.0667	0.0064	0.0003	-0.0064	0.9761	0.2066
180.000	1.5362	0.0000	0.0000	0.0000	0.0000	0.0000	1.0000	0.0000
