0.000	0.7812	0.0000	0.0000	0.0000	0.0000	0.0000	1.0000	0.0000
5.000	0.7864	0.0039	0.0389	0.0073	-0.0002	-0.0073	0.9750	-0.2189
10.000	0.8016	0.0153	0.0765	0.0142	-0.0007	-0.0142	0.9024	-0.4239
15.000	0.8266	0.0328	0.1118	0.0206	-0.0015	-0.0203	0.7891	-0.6032
20.000	0.8604	0.0546	0.1440	0.0262	-0.0025	-0.0256	0.6448	-0.7487
25.000	0.9020	0.0789	0.1728	0.0310	-0.0036	-0.0298	0.4803	-0.8563
30.000	0.9504	0.1039	0.1983	0.0350	-0.0046	-0.0331	0.3056	-0.9255
35.000	1.0041	0.1280	0.2208	0.0382	-0.0056	-0.0354	0.1294	-0.9583
40.000	1.0616	0.1504	0.2407	0.0409	-0.0065	-0.0369	-0.0418	-0.9581
45.000	1.1216	0.1701	0.2586	0.0430	-0.0072	-0.0377	-0.2032	-0.9291
50.000	1.1825	0.1870	0.2748	0.0447	-0.0076	-0.0380	-0.3514	-0.8755
55.000	1.2430	0.2008	0.2897	0.0461	-0.0079	-0.0380	-0.4842	-0.8012
60.000	1.3017	0.2116	0.3036	0.0473	-0.0080	-0.0376	-0.6003	-0.7096
65.000	1.3574	0.2193	0.3166	0.0482	-0.0078	-0.0371	-0.6985	-0.6038
70.000	1.4092	0.2243	0.3289	0.0490	-0.0075	-0.0365	-0.7782	-0.4867
75.000	1.4561	0.2265	0.3405	0.0496	-0.0069	-0.0358	-0.8389	-0.3607
80.000	1.4974	0.2263	0.3513	0.0500	-0.0063	-0.0352	-0.8801	-0.2282
85.000	1.5325	0.2237	0.3613	0.0502	-0.0055	-0.0345	-0.9013	-0.0915
90.000	1.5611	0.2188	0.3702	0.0501	-0.0045	-0.0340	-0.9024	0.0471
95.000	1.5830	0.2118	0.3778	0.0498	-0.0035	-0.0335	-0.8829	0.1851
100.000	1.5981	0.2029	0.3838	0.0493	-0.0025	-0.0330	-0.8429	0.3200
105.000	1.6067	0.1921	0.3880	0.0484	-0.0015	-0.0326	-0.7823	0.4492
110.000	1.6092	0.1797	0.3899	0.0472	-0.0005	-0.0322	-0.7017	0.5697
115.000	1.6060	0.1657	0.3891	0.0456	0.0003	-0.0318	-0.6016	0.6784
120.000	1.5980	0.1505	0.3852	0.0437	0.0011	-0.0313	-0.4835	0.7721
125.000	1.5859	0.1343	0.3776	0.0415	0.0017	-0.0306	-0.3490	0.8476
130.000	1.5707	0.1173	0.3660	0.0389	0.0021	-0.0297	-0.2008	0.9015
135.000	1.5534	0.1000	0.3498	0.0360	0.0023	-0.0285	-0.0422	0.9308
140.000	1.5348	0.0828	0.3289	0.0327	0.0024	-0.0270	0.1226	0.9329
145.000	1.5160	0.0661	0.3029	0.0292	0.0022	-0.0250	0.2885	0.9060
150.000	1.4979	0.0503	0.2717	0.0255	0.0019	-0.0226	0.4500	0.8493
155.000	1.4812	0.0361	0.2356	0.0215	0.0015	-0.0198	0.6009	0.7630
160.000	1.4666	0.0237	0.1948	0.0174	0.0011	-0.0165	0.7351	0.6490
165.000	1.4547	0.0136	0.1500	0.0132	0.0007	-0.0128	0.8466	0.5105
170.000	1.4459	0.0061	0.1019	0.0088	0.0003	-0.0087	0.9304	0.3521
175.000	1.4405	0.0015	0.0516	0.0044	0.0001	-0.0044	0.9824	0.1797
180.000	1.4387	0.0000	0.0000	0.0000	0.0000	0.0000	1.0000	0.0000
