0.000	3.8840	0.0000	0.0000	0.0000	0.0000	0.0000	1.0000	0.0000
5.000	3.9246	0.0073	-0.0043	0.0015	-0.0006	-0.0015	0.9691	-0.2465
10.000	4.0450	0.0281	-0.0077	0.0031	-0.0021	-0.0026	0.8809	-0.4724
15.000	4.2409	0.0593	-0.0093	0.0048	-0.0044	-0.0033	0.7473	-0.6617
20.000	4.5054	0.0972	-0.0087	0.0067	-0.0069	-0.0034	0.5840	-0.8059
25.000	4.8292	0.1378	-0.0056	0.0088	-0.0093	-0.0028	0.4062	-0.9033
30.000	5.2015	0.1781	-0.0001	0.0113	-0.0114	-0.0018	0.2263	-0.9576
35.000	5.6098	0.2161	0.0078	0.0142	-0.0128	-0.0005	0.0530	-0.9749
40.000	6.0410	0.2504	0.0179	0.0175	-0.0134	0.0010	-0.1085	-0.9619
45.000	6.4819	0.2806	0.0301	0.0213	-0.0132	0.0025	-0.2554	-0.9249
50.000	6.9193	0.3065	0.0441	0.0256	-0.0122	0.0038	-0.3868	-0.8689
55.000	7.3410	0.3281	0.0600	0.0304	-0.0103	0.0049	-0.5025	-0.7982
60.000	7.7356	0.3458	0.0776	0.0357	-0.0077	0.0055	-0.6029	-0.7156
65.000	8.0934	0.3598	0.0967	0.0414	-0.0045	0.0055	-0.6884	-0.6237
70.000	8.4059	0.3703	0.1173	0.0474	-0.0006	0.0049	-0.7595	-0.5240
75.000	8.6666	0.3776	0.1391	0.0538	0.0039	0.0035	-0.8163	-0.4179
80.000	8.8705	0.3817	0.1621	0.0603	0.0087	0.0013	-0.8588	-0.3065
85.000	9.0143	0.3829	0.1858	0.0669	0.0138	-0.0018	-0.8870	-0.1909
90.000	9.0966	0.3812	0.2102	0.0735	0.0191	-0.0059	-0.9002	-0.0720
95.000	9.1172	0.3765	0.2348	0.0798	0.0243	-0.0109	-0.8980	0.0491
100.000	9.0779	0.3688	0.2592	0.0859	0.0294	-0.0168	-0.8796	0.1710
105.000	8.9817	0.3581	0.2830	0.0915	0.0340	-0.0235	-0.8443	0.2923
110.000	8.8332	0.3443	0.3057	0.0965	0.0381	-0.0309	-0.7912	0.4110
115.000	8.6381	0.3274	0.3265	0.1006	0.0413	-0.0388	-0.7194	0.5250
120.000	8.4034	0.3072	0.3447	0.1039	0.0435	-0.0470	-0.6284	0.6314
125.000	8.1371	0.2839	0.3593	0.1059	0.0445	-0.0550	-0.5178	0.7269
130.000	7.8482	0.2574	0.3693	0.1066	0.0442	-0.0624	-0.3879	0.8077
135.000	7.5461	0.2282	0.3734	0.1056	0.0424	-0.0688	-0.2398	0.8693
140.000	7.2406	0.1966	0.3703	0.1028	0.0392	-0.0734	-0.0758	0.9067
145.000	6.9418	0.1634	0.3587	0.0978	0.0345	-0.0757	0.1004	0.9150
150.000	6.6594	0.1295	0.3373	0.0905	0.0288	-0.0750	0.2830	0.8894
155.000	6.4026	0.0962	0.3052	0.0808	0.0224	-0.0709	0.4643	0.8264
160.000	6.1799	0.0653	0.2620	0.0685	0.0157	-0.0631	0.6349	0.7242
165.000	5.9986	0.0385	0.2080	0.0539	0.0095	-0.0514	0.7838	0.5840
170.000	5.8646	0.0177	0.1446	0.0372	0.0045	-0.0364	0.9002	0.4104
175.000	5.7824	0.0045	0.0742	0.0190	0.0012	-0.0189	0.9745	0.2119
180.000	5.7547	-0.0000	0.0000	0.0000	0.0000	-0.0000	1.0000	0.0000
