0.000	4.9897	0.0000	0.0000	0.0000	0.0000	0.0000	1.0000	0.0000
5.000	5.0292	0.0082	-0.0459	0.0208	-0.0037	-0.0209	0.9739	-0.2222
10.000	5.1471	0.0320	-0.0902	0.0388	-0.0142	-0.0397	0.8986	-0.4280
15.000	5.3413	0.0688	-0.1314	0.0519	-0.0304	-0.0544	0.7823	-0.6039
20.000	5.6083	0.1155	-0.1685	0.0586	-0.0502	-0.0640	0.6369	-0.7412
25.000	5.9425	0.1683	-0.2006	0.0587	-0.0719	-0.0682	0.4750	-0.8363
30.000	6.3367	0.2238	-0.2273	0.0530	-0.0934	-0.0670	0.3082	-0.8904
35.000	6.7809	0.2794	-0.2485	0.0425	-0.1134	-0.0614	0.1460	-0.9078
40.000	7.2628	0.3330	-0.2643	0.0288	-0.1308	-0.0521	-0.0051	-0.8946
45.000	7.7677	0.3833	-0.2751	0.0132	-0.1451	-0.0402	-0.1410	-0.8573
50.000	8.2786	0.4299	-0.2812	-0.0027	-0.1558	-0.0265	-0.2597	-0.8023
55.000	8.7766	0.4724	-0.2830	-0.0181	-0.1630	-0.0119	-0.3608	-0.7350
60.000	9.2419	0.5108	-0.2810	-0.0321	-0.1668	0.0030	-0.4451	-0.6597
65.000	9.6540	0.5454	-0.2756	-0.0442	-0.1674	0.0176	-0.5136	-0.5801
70.000	9.9933	0.5764	-0.2672	-0.0539	-0.1650	0.0316	-0.5679	-0.4985
75.000	10.2414	0.6042	-0.2562	-0.0610	-0.1599	0.0445	-0.6096	-0.4170
80.000	10.3828	0.6291	-0.2426	-0.0655	-0.1522	0.0561	-0.6402	-0.3368
85.000	10.4056	0.6514	-0.2269	-0.0673	-0.1422	0.0661	-0.6612	-0.2588
90.000	10.3018	0.6713	-0.2089	-0.0665	-0.1300	0.0742	-0.6738	-0.1834
95.000	10.0687	0.6892	-0.1889	-0.0630	-0.1159	0.0801	-0.6791	-0.1109
100.000	9.7086	0.7051	-0.1668	-0.0568	-0.0998	0.0836	-0.6779	-0.0413
105.000	9.2289	0.7193	-0.1424	-0.0480	-0.0821	0.0842	-0.6710	0.0254
110.000	8.6420	0.7317	-0.1155	-0.0365	-0.0627	0.0815	-0.6588	0.0896
115.000	7.9649	0.7422	-0.0860	-0.0220	-0.0419	0.0750	-0.6417	0.1516
120.000	7.2177	0.7508	-0.0533	-0.0045	-0.0200	0.0642	-0.6197	0.2119
125.000	6.4233	0.7569	-0.0171	0.0165	0.0027	0.0484	-0.5925	0.2713
130.000	5.6057	0.7599	0.0233	0.0412	0.0258	0.0268	-0.5595	0.3305
135.000	4.7893	0.7587	0.0685	0.0702	0.0485	-0.0012	-0.5193	0.3907
140.000	3.9973	0.7515	0.1192	0.1041	0.0700	-0.0366	-0.4697	0.4529
145.000	3.2511	0.7356	0.1761	0.1432	0.0890	-0.0799	-0.4067	0.5183
150.000	2.5698	0.7069	0.2395	0.1877	0.1039	-0.1314	-0.3240	0.5875
155.000	1.9691	0.6586	0.3079	0.2366	0.1122	-0.1900	-0.2109	0.6590
160.000	1.4619	0.5806	0.3758	0.2857	0.1106	-0.2510	-0.0505	0.7249
165.000	1.0583	0.4589	0.4263	0.3221	0.0949	-0.3007	0.1802	0.7612
170.000	0.7652	0.2856	0.4182	0.3149	0.0625	-0.3058	0.4948	0.7075
175.000	0.5875	0.0937	0.2823	0.2123	0.0212	-0.2108	0.8352	0.4627
180.000	0.5280	0.0000	0.0001	0.0002	0.0000	-0.0002	1.0000	0.0001
