0.000	6.8539	0.0000	0.0000	0.0000	0.0000	0.0000	1.0000	0.0000
5.000	6.9350	0.0089	-0.0191	-0.0011	-0.0007	0.0012	0.9665	-0.2557
10.000	7.1754	0.0341	-0.0361	-0.0021	-0.0026	0.0024	0.8716	-0.4877
15.000	7.5664	0.0716	-0.0495	-0.0027	-0.0054	0.0039	0.7293	-0.6786
20.000	8.0941	0.1165	-0.0583	-0.0029	-0.0085	0.0055	0.5579	-0.8195
25.000	8.7400	0.1642	-0.0624	-0.0026	-0.0114	0.0073	0.3745	-0.9104
30.000	9.4816	0.2109	-0.0619	-0.0015	-0.0139	0.0091	0.1921	-0.9563
35.000	10.2940	0.2544	-0.0574	0.0002	-0.0156	0.0109	0.0196	-0.9650
40.000	11.1503	0.2934	-0.0493	0.0027	-0.0164	0.0126	-0.1383	-0.9444
45.000	12.0234	0.3276	-0.0381	0.0061	-0.0163	0.0140	-0.2796	-0.9015
50.000	12.8863	0.3568	-0.0242	0.0103	-0.0152	0.0151	-0.4041	-0.8417
55.000	13.7135	0.3813	-0.0078	0.0152	-0.0133	0.0156	-0.5122	-0.7694
60.000	14.4813	0.4016	0.0108	0.0210	-0.0105	0.0156	-0.6050	-0.6876
65.000	15.1691	0.4179	0.0314	0.0275	-0.0069	0.0150	-0.6832	-0.5984
70.000	15.7592	0.4306	0.0540	0.0347	-0.0027	0.0135	-0.7478	-0.5035
75.000	16.2372	0.4399	0.0782	0.0424	0.0022	0.0112	-0.7993	-0.4039
80.000	16.5925	0.4460	0.1039	0.0507	0.0075	0.0078	-0.8381	-0.3006
85.000	16.8180	0.4491	0.1309	0.0592	0.0132	0.0035	-0.8642	-0.1941
90.000	16.9104	0.4492	0.1590	0.0680	0.0192	-0.0020	-0.8775	-0.0851
95.000	16.8700	0.4461	0.1878	0.0770	0.0253	-0.0085	-0.8776	0.0258
100.000	16.7005	0.4400	0.2172	0.0858	0.0313	-0.0163	-0.8639	0.1378
105.000	16.4091	0.4306	0.2466	0.0945	0.0370	-0.0251	-0.8356	0.2500
110.000	16.0063	0.4177	0.2756	0.1028	0.0422	-0.0348	-0.7917	0.3612
115.000	15.5053	0.4012	0.3035	0.1105	0.0467	-0.0454	-0.7310	0.4697
120.000	14.9222	0.3808	0.3296	0.1174	0.0501	-0.0565	-0.6523	0.5735
125.000	14.2752	0.3563	0.3529	0.1232	0.0522	-0.0677	-0.5547	0.6698
130.000	13.5843	0.3277	0.3721	0.1275	0.0529	-0.0786	-0.4373	0.7551
135.000	12.8709	0.2949	0.3857	0.1299	0.0517	-0.0883	-0.3000	0.8250
140.000	12.1568	0.2582	0.3920	0.1300	0.0487	-0.0962	-0.1435	0.8743
145.000	11.4638	0.2182	0.3888	0.1272	0.0439	-0.1012	0.0296	0.8968
150.000	10.8133	0.1759	0.3741	0.1209	0.0374	-0.1024	0.2146	0.8865
155.000	10.2252	0.1330	0.3458	0.1106	0.0296	-0.0986	0.4043	0.8372
160.000	9.7173	0.0917	0.3026	0.0959	0.0212	-0.0892	0.5880	0.7450
165.000	9.3053	0.0549	0.2442	0.0769	0.0130	-0.0738	0.7530	0.6088
170.000	9.0017	0.0255	0.1719	0.0539	0.0062	-0.0529	0.8848	0.4324
175.000	8.8157	0.0066	0.0889	0.0278	0.0016	-0.0276	0.9703	0.2247
180.000	8.7531	-0.0000	0.0000	0.0000	0.0000	-0.0000	1.0000	0.0000
