0.000	6.1605	0.0000	0.0000	0.0000	0.0000	0.0000	1.0000	0.0000
5.000	6.2321	0.0086	-0.0164	-0.0007	-0.0007	0.0007	0.9669	-0.2545
10.000	6.4445	0.0330	-0.0310	-0.0012	-0.0025	0.0016	0.8729	-0.4857
15.000	6.7898	0.0695	-0.0422	-0.0014	-0.0051	0.0027	0.7319	-0.6765
20.000	7.2558	0.1131	-0.0493	-0.0012	-0.0081	0.0040	0.5616	-0.8181
25.000	7.8262	0.1595	-0.0520	-0.0005	-0.0109	0.0056	0.3788	-0.9100
30.000	8.4813	0.2051	-0.0507	0.0008	-0.0132	0.0073	0.1967	-0.9573
35.000	9.1990	0.2476	-0.0455	0.0028	-0.0148	0.0090	0.0239	-0.9673
40.000	9.9557	0.2858	-0.0370	0.0056	-0.0155	0.0107	-0.1347	-0.9479
45.000	10.7275	0.3192	-0.0256	0.0091	-0.0153	0.0121	-0.2771	-0.9058
50.000	11.4908	0.3477	-0.0116	0.0133	-0.0142	0.0132	-0.4027	-0.8465
55.000	12.2231	0.3717	0.0047	0.0183	-0.0123	0.0138	-0.5122	-0.7743
60.000	12.9039	0.3915	0.0232	0.0241	-0.0095	0.0139	-0.6062	-0.6921
65.000	13.5150	0.4073	0.0437	0.0305	-0.0059	0.0133	-0.6856	-0.6023
70.000	14.0411	0.4196	0.0659	0.0375	-0.0017	0.0120	-0.7513	-0.5064
75.000	14.4697	0.4285	0.0897	0.0450	0.0031	0.0098	-0.8036	-0.4056
80.000	14.7916	0.4342	0.1150	0.0530	0.0084	0.0066	-0.8429	-0.3006
85.000	15.0006	0.4369	0.1415	0.0612	0.0141	0.0024	-0.8693	-0.1924
90.000	15.0939	0.4365	0.1690	0.0696	0.0200	-0.0028	-0.8824	-0.0814
95.000	15.0716	0.4331	0.1971	0.0781	0.0259	-0.0092	-0.8820	0.0314
100.000	14.9371	0.4266	0.2256	0.0865	0.0317	-0.0166	-0.8673	0.1453
105.000	14.6965	0.4169	0.2541	0.0946	0.0372	-0.0251	-0.8375	0.2593
110.000	14.3587	0.4037	0.2819	0.1022	0.0421	-0.0344	-0.7917	0.3719
115.000	13.9352	0.3870	0.3085	0.1092	0.0463	-0.0445	-0.7287	0.4815
120.000	13.4398	0.3665	0.3332	0.1154	0.0494	-0.0551	-0.6475	0.5858
125.000	12.8881	0.3421	0.3548	0.1204	0.0513	-0.0657	-0.5472	0.6820
130.000	12.2976	0.3138	0.3722	0.1239	0.0516	-0.0758	-0.4272	0.7665
135.000	11.6865	0.2815	0.3839	0.1256	0.0503	-0.0849	-0.2875	0.8347
140.000	11.0737	0.2457	0.3882	0.1250	0.0471	-0.0920	-0.1294	0.8816
145.000	10.4784	0.2069	0.3831	0.1216	0.0422	-0.0964	0.0445	0.9012
150.000	9.9189	0.1662	0.3669	0.1150	0.0358	-0.0971	0.2292	0.8876
155.000	9.4125	0.1252	0.3376	0.1046	0.0282	-0.0931	0.4172	0.8353
160.000	8.9749	0.0860	0.2942	0.0904	0.0201	-0.0839	0.5983	0.7408
165.000	8.6197	0.0513	0.2366	0.0721	0.0123	-0.0692	0.7598	0.6036
170.000	8.3578	0.0238	0.1661	0.0504	0.0058	-0.0495	0.8882	0.4277
175.000	8.1974	0.0061	0.0858	0.0259	0.0015	-0.0258	0.9713	0.2220
180.000	8.1434	-0.0000	0.0000	0.0000	0.0000	-0.0000	1.0000	0.0000
