0.000	5.0394	0.0000	0.0000	0.0000	0.0000	0.0000	1.0000	0.0000
5.000	5.0514	0.0040	0.0036	0.0353	-0.0002	-0.0359	0.9818	-0.1896
10.000	5.0894	0.0162	0.0034	0.0654	-0.0009	-0.0700	0.9279	-0.3715
15.000	5.1585	0.0372	-0.0035	0.0859	-0.0023	-0.1009	0.8405	-0.5380
20.000	5.2664	0.0673	-0.0189	0.0938	-0.0046	-0.1272	0.7234	-0.6815
25.000	5.4213	0.1065	-0.0429	0.0879	-0.0080	-0.1477	0.5829	-0.7956
30.000	5.6305	0.1538	-0.0739	0.0690	-0.0127	-0.1621	0.4272	-0.8756
35.000	5.8984	0.2073	-0.1089	0.0401	-0.0189	-0.1706	0.2655	-0.9202
40.000	6.2247	0.2644	-0.1444	0.0051	-0.0265	-0.1738	0.1069	-0.9311
45.000	6.6037	0.3219	-0.1768	-0.0317	-0.0354	-0.1729	-0.0412	-0.9128
50.000	7.0235	0.3774	-0.2037	-0.0668	-0.0453	-0.1693	-0.1740	-0.8716
55.000	7.4669	0.4286	-0.2237	-0.0977	-0.0561	-0.1641	-0.2891	-0.8137
60.000	7.9117	0.4743	-0.2364	-0.1230	-0.0674	-0.1582	-0.3864	-0.7452
65.000	8.3332	0.5140	-0.2424	-0.1427	-0.0791	-0.1522	-0.4672	-0.6706
70.000	8.7059	0.5477	-0.2424	-0.1570	-0.0910	-0.1465	-0.5333	-0.5931
75.000	9.0053	0.5756	-0.2377	-0.1667	-0.1029	-0.1412	-0.5870	-0.5147
80.000	9.2107	0.5985	-0.2292	-0.1729	-0.1148	-0.1362	-0.6300	-0.4365
85.000	9.3062	0.6168	-0.2178	-0.1763	-0.1263	-0.1314	-0.6641	-0.3589
90.000	9.2820	0.6314	-0.2042	-0.1777	-0.1374	-0.1266	-0.6904	-0.2821
95.000	9.1344	0.6428	-0.1889	-0.1774	-0.1478	-0.1218	-0.7096	-0.2057
100.000	8.8661	0.6516	-0.1719	-0.1759	-0.1573	-0.1167	-0.7222	-0.1297
105.000	8.4849	0.6581	-0.1533	-0.1732	-0.1656	-0.1115	-0.7285	-0.0537
110.000	8.0029	0.6626	-0.1327	-0.1691	-0.1726	-0.1061	-0.7283	0.0223
115.000	7.4354	0.6653	-0.1098	-0.1632	-0.1779	-0.1007	-0.7215	0.0986
120.000	6.7996	0.6660	-0.0839	-0.1553	-0.1814	-0.0957	-0.7077	0.1751
125.000	6.1144	0.6644	-0.0542	-0.1447	-0.1829	-0.0912	-0.6864	0.2522
130.000	5.3992	0.6601	-0.0199	-0.1309	-0.1821	-0.0879	-0.6567	0.3300
135.000	4.6738	0.6520	0.0199	-0.1133	-0.1791	-0.0859	-0.6168	0.4093
140.000	3.9580	0.6386	0.0659	-0.0915	-0.1736	-0.0859	-0.5641	0.4904
145.000	3.2714	0.6176	0.1187	-0.0651	-0.1653	-0.0880	-0.4942	0.5739
150.000	2.6328	0.5854	0.1782	-0.0341	-0.1538	-0.0924	-0.3998	0.6593
155.000	2.0596	0.5365	0.2422	0.0007	-0.1382	-0.0988	-0.2693	0.7431
160.000	1.5676	0.4631	0.3043	0.0368	-0.1169	-0.1053	-0.0854	0.8137
165.000	1.1704	0.3562	0.3478	0.0681	-0.0883	-0.1080	0.1716	0.8414
170.000	0.8787	0.2140	0.3372	0.0818	-0.0523	-0.0978	0.5052	0.7614
175.000	0.7005	0.0677	0.2226	0.0597	-0.0164	-0.0622	0.8440	0.4827
180.000	0.6406	0.0000	0.0001	0.0002	0.0000	-0.0002	1.0000	0.0001
