0.000	3.0814	0.0000	0.0000	0.0000	0.0000	0.0000	1.0000	0.0000
5.000	3.1184	0.0080	0.0028	0.0057	-0.0010	-0.0057	0.9655	-0.2604
10.000	3.2283	0.0305	0.0061	0.0112	-0.0037	-0.0106	0.8675	-0.4965
15.000	3.4076	0.0639	0.0106	0.0163	-0.0076	-0.0143	0.7208	-0.6901
20.000	3.6505	0.1039	0.0165	0.0208	-0.0121	-0.0166	0.5444	-0.8322
25.000	3.9492	0.1460	0.0238	0.0249	-0.0164	-0.0176	0.3560	-0.9227
30.000	4.2943	0.1869	0.0325	0.0285	-0.0202	-0.0173	0.1695	-0.9671
35.000	4.6749	0.2246	0.0425	0.0319	-0.0230	-0.0162	-0.0062	-0.9736
40.000	5.0793	0.2579	0.0537	0.0350	-0.0248	-0.0145	-0.1662	-0.9505
45.000	5.4952	0.2864	0.0658	0.0380	-0.0255	-0.0126	-0.3086	-0.9050
50.000	5.9100	0.3101	0.0789	0.0411	-0.0251	-0.0107	-0.4332	-0.8432
55.000	6.3116	0.3292	0.0930	0.0441	-0.0238	-0.0089	-0.5407	-0.7693
60.000	6.6886	0.3441	0.1079	0.0472	-0.0215	-0.0074	-0.6325	-0.6867
65.000	7.0304	0.3552	0.1237	0.0505	-0.0185	-0.0064	-0.7097	-0.5974
70.000	7.3279	0.3629	0.1404	0.0538	-0.0147	-0.0059	-0.7734	-0.5030
75.000	7.5735	0.3674	0.1580	0.0573	-0.0104	-0.0060	-0.8244	-0.4045
80.000	7.7613	0.3690	0.1764	0.0609	-0.0056	-0.0069	-0.8631	-0.3025
85.000	7.8872	0.3679	0.1957	0.0645	-0.0004	-0.0085	-0.8897	-0.1974
90.000	7.9491	0.3642	0.2156	0.0683	0.0049	-0.0109	-0.9041	-0.0896
95.000	7.9466	0.3580	0.2362	0.0720	0.0104	-0.0141	-0.9058	0.0204
100.000	7.8815	0.3493	0.2572	0.0757	0.0157	-0.0181	-0.8942	0.1321
105.000	7.7570	0.3383	0.2784	0.0793	0.0208	-0.0230	-0.8681	0.2447
110.000	7.5782	0.3247	0.2993	0.0827	0.0255	-0.0285	-0.8263	0.3571
115.000	7.3515	0.3087	0.3195	0.0858	0.0295	-0.0347	-0.7676	0.4677
120.000	7.0847	0.2900	0.3383	0.0884	0.0327	-0.0412	-0.6903	0.5744
125.000	6.7866	0.2688	0.3547	0.0904	0.0349	-0.0479	-0.5933	0.6742
130.000	6.4669	0.2449	0.3678	0.0915	0.0358	-0.0544	-0.4754	0.7635
135.000	6.1358	0.2184	0.3760	0.0916	0.0355	-0.0603	-0.3363	0.8374
140.000	5.8036	0.1896	0.3777	0.0901	0.0337	-0.0649	-0.1769	0.8904
145.000	5.4809	0.1590	0.3712	0.0869	0.0305	-0.0677	0.0003	0.9160
150.000	5.1777	0.1273	0.3543	0.0817	0.0260	-0.0680	0.1904	0.9074
155.000	4.9033	0.0956	0.3255	0.0739	0.0206	-0.0651	0.3856	0.8585
160.000	4.6662	0.0656	0.2834	0.0636	0.0148	-0.0587	0.5750	0.7649
165.000	4.4738	0.0391	0.2278	0.0507	0.0091	-0.0484	0.7452	0.6257
170.000	4.3320	0.0181	0.1599	0.0353	0.0043	-0.0346	0.8812	0.4446
175.000	4.2451	0.0047	0.0826	0.0182	0.0011	-0.0181	0.9694	0.2311
180.000	4.2158	0.0000	0.0000	0.0000	0.0000	0.0000	1.0000	0.0000
