0.000	5.5654	0.0000	0.0000	0.0000	0.0000	0.0000	1.0000	0.0000
5.000	5.5904	0.0053	-0.0049	0.0328	-0.0011	-0.0333	0.9778	-0.2095
10.000	5.6662	0.0211	-0.0127	0.0606	-0.0045	-0.0647	0.9126	-0.4075
15.000	5.7961	0.0471	-0.0257	0.0792	-0.0098	-0.0923	0.8090	-0.5834
20.000	5.9840	0.0824	-0.0450	0.0861	-0.0169	-0.1149	0.6743	-0.7283
25.000	6.2341	0.1259	-0.0701	0.0805	-0.0253	-0.1315	0.5179	-0.8364
30.000	6.5487	0.1756	-0.0994	0.0637	-0.0347	-0.1420	0.3504	-0.9051
35.000	6.9273	0.2291	-0.1303	0.0385	-0.0445	-0.1468	0.1819	-0.9356
40.000	7.3650	0.2839	-0.1601	0.0082	-0.0543	-0.1468	0.0211	-0.9322
45.000	7.8520	0.3376	-0.1864	-0.0234	-0.0638	-0.1430	-0.1258	-0.9008
50.000	8.3734	0.3885	-0.2073	-0.0536	-0.0728	-0.1367	-0.2552	-0.8485
55.000	8.9093	0.4351	-0.2220	-0.0802	-0.0812	-0.1289	-0.3657	-0.7816
60.000	9.4362	0.4767	-0.2301	-0.1021	-0.0889	-0.1205	-0.4578	-0.7058
65.000	9.9282	0.5131	-0.2322	-0.1189	-0.0959	-0.1121	-0.5332	-0.6252
70.000	10.3588	0.5444	-0.2287	-0.1308	-0.1022	-0.1040	-0.5937	-0.5429
75.000	10.7030	0.5708	-0.2205	-0.1382	-0.1078	-0.0965	-0.6415	-0.4606
80.000	10.9388	0.5929	-0.2084	-0.1417	-0.1126	-0.0897	-0.6786	-0.3793
85.000	11.0491	0.6111	-0.1931	-0.1420	-0.1168	-0.0835	-0.7065	-0.2996
90.000	11.0225	0.6258	-0.1751	-0.1397	-0.1200	-0.0779	-0.7265	-0.2213
95.000	10.8543	0.6375	-0.1549	-0.1351	-0.1224	-0.0731	-0.7394	-0.1443
100.000	10.5461	0.6464	-0.1327	-0.1288	-0.1238	-0.0690	-0.7459	-0.0683
105.000	10.1056	0.6529	-0.1085	-0.1207	-0.1241	-0.0656	-0.7461	0.0072
110.000	9.5460	0.6570	-0.0822	-0.1110	-0.1232	-0.0632	-0.7402	0.0827
115.000	8.8846	0.6587	-0.0536	-0.0995	-0.1210	-0.0619	-0.7277	0.1584
120.000	8.1422	0.6578	-0.0222	-0.0861	-0.1174	-0.0620	-0.7081	0.2350
125.000	7.3415	0.6537	0.0122	-0.0706	-0.1126	-0.0638	-0.6804	0.3127
130.000	6.5068	0.6458	0.0504	-0.0526	-0.1064	-0.0675	-0.6431	0.3920
135.000	5.6623	0.6330	0.0926	-0.0319	-0.0989	-0.0736	-0.5938	0.4733
140.000	4.8321	0.6136	0.1392	-0.0083	-0.0903	-0.0822	-0.5289	0.5565
145.000	4.0394	0.5850	0.1899	0.0182	-0.0805	-0.0932	-0.4431	0.6408
150.000	3.3055	0.5437	0.2433	0.0469	-0.0697	-0.1064	-0.3287	0.7233
155.000	2.6499	0.4849	0.2955	0.0761	-0.0579	-0.1202	-0.1750	0.7968
160.000	2.0897	0.4031	0.3379	0.1023	-0.0449	-0.1314	0.0305	0.8447
165.000	1.6389	0.2945	0.3533	0.1179	-0.0308	-0.1338	0.2960	0.8342
170.000	1.3089	0.1661	0.3137	0.1111	-0.0165	-0.1171	0.6047	0.7118
175.000	1.1076	0.0495	0.1923	0.0704	-0.0048	-0.0712	0.8826	0.4260
180.000	1.0400	0.0000	0.0001	0.0001	0.0000	-0.0001	1.0000	0.0001
