0.000	10.2942	0.0000	0.0000	0.0000	0.0000	0.0000	1.0000	0.0000
5.000	10.4224	0.0104	-0.0262	-0.0027	-0.0001	0.0025	0.9657	-0.2580
10.000	10.8018	0.0397	-0.0504	-0.0059	-0.0003	0.0047	0.8688	-0.4910
15.000	11.4174	0.0830	-0.0707	-0.0101	-0.0005	0.0064	0.7243	-0.6808
20.000	12.2454	0.1344	-0.0863	-0.0152	-0.0006	0.0073	0.5513	-0.8190
25.000	13.2542	0.1882	-0.0967	-0.0208	-0.0003	0.0076	0.3675	-0.9058
30.000	14.4066	0.2404	-0.1021	-0.0263	0.0005	0.0071	0.1860	-0.9475
35.000	15.6612	0.2883	-0.1028	-0.0313	0.0016	0.0060	0.0152	-0.9524
40.000	16.9752	0.3309	-0.0990	-0.0351	0.0032	0.0043	-0.1404	-0.9286
45.000	18.3052	0.3676	-0.0911	-0.0374	0.0051	0.0021	-0.2791	-0.8832
50.000	19.6099	0.3987	-0.0794	-0.0379	0.0073	-0.0007	-0.4008	-0.8219
55.000	20.8505	0.4246	-0.0641	-0.0365	0.0097	-0.0040	-0.5062	-0.7487
60.000	21.9920	0.4457	-0.0456	-0.0331	0.0123	-0.0078	-0.5962	-0.6668
65.000	23.0037	0.4627	-0.0242	-0.0279	0.0149	-0.0120	-0.6717	-0.5784
70.000	23.8594	0.4758	-0.0002	-0.0209	0.0175	-0.0168	-0.7337	-0.4850
75.000	24.5377	0.4855	0.0261	-0.0125	0.0201	-0.0221	-0.7826	-0.3877
80.000	25.0219	0.4920	0.0543	-0.0027	0.0228	-0.0280	-0.8191	-0.2876
85.000	25.3004	0.4954	0.0840	0.0080	0.0253	-0.0343	-0.8435	-0.1852
90.000	25.3666	0.4959	0.1151	0.0195	0.0279	-0.0412	-0.8557	-0.0812
95.000	25.2191	0.4933	0.1470	0.0315	0.0303	-0.0487	-0.8557	0.0239
100.000	24.8624	0.4876	0.1795	0.0439	0.0328	-0.0568	-0.8431	0.1296
105.000	24.3068	0.4787	0.2124	0.0564	0.0351	-0.0655	-0.8174	0.2351
110.000	23.5684	0.4662	0.2452	0.0689	0.0372	-0.0746	-0.7777	0.3398
115.000	22.6692	0.4499	0.2774	0.0813	0.0391	-0.0842	-0.7230	0.4426
120.000	21.6367	0.4295	0.3086	0.0932	0.0406	-0.0941	-0.6518	0.5418
125.000	20.5027	0.4046	0.3379	0.1046	0.0415	-0.1039	-0.5629	0.6354
130.000	19.3024	0.3749	0.3640	0.1149	0.0415	-0.1132	-0.4547	0.7203
135.000	18.0733	0.3402	0.3854	0.1236	0.0406	-0.1215	-0.3263	0.7926
140.000	16.8534	0.3006	0.3999	0.1301	0.0385	-0.1280	-0.1773	0.8470
145.000	15.6797	0.2565	0.4050	0.1334	0.0350	-0.1314	-0.0092	0.8771
150.000	14.5872	0.2089	0.3977	0.1323	0.0302	-0.1308	0.1746	0.8759
155.000	13.6076	0.1595	0.3748	0.1258	0.0242	-0.1248	0.3671	0.8361
160.000	12.7682	0.1111	0.3338	0.1129	0.0176	-0.1123	0.5578	0.7516
165.000	12.0918	0.0670	0.2735	0.0930	0.0110	-0.0927	0.7324	0.6199
170.000	11.5961	0.0314	0.1948	0.0665	0.0053	-0.0664	0.8743	0.4434
175.000	11.2936	0.0081	0.1015	0.0348	0.0014	-0.0347	0.9675	0.2316
180.000	11.1919	0.0000	0.0000	0.0000	0.0000	0.0000	1.0000	0.0000
