0.000	9.9882	0.0000	0.0000	0.0000	0.0000	0.0000	1.0000	0.0000
5.000	10.1109	0.0102	-0.0272	-0.0053	0.0004	0.0051	0.9657	-0.2579
10.000	10.4739	0.0390	-0.0521	-0.0110	0.0015	0.0095	0.8687	-0.4910
15.000	11.0619	0.0816	-0.0732	-0.0176	0.0034	0.0128	0.7241	-0.6810
20.000	11.8510	0.1321	-0.0894	-0.0248	0.0059	0.0148	0.5508	-0.8195
25.000	12.8098	0.1850	-0.1002	-0.0322	0.0089	0.0153	0.3663	-0.9068
30.000	13.9015	0.2361	-0.1056	-0.0392	0.0123	0.0145	0.1839	-0.9489
35.000	15.0864	0.2831	-0.1057	-0.0453	0.0159	0.0124	0.0120	-0.9540
40.000	16.3235	0.3247	-0.1010	-0.0498	0.0197	0.0091	-0.1450	-0.9302
45.000	17.5726	0.3607	-0.0917	-0.0525	0.0235	0.0048	-0.2852	-0.8845
50.000	18.7959	0.3911	-0.0780	-0.0529	0.0270	-0.0004	-0.4082	-0.8224
55.000	19.9586	0.4164	-0.0605	-0.0511	0.0303	-0.0064	-0.5147	-0.7481
60.000	21.0295	0.4372	-0.0393	-0.0471	0.0330	-0.0131	-0.6053	-0.6648
65.000	21.9813	0.4538	-0.0151	-0.0411	0.0353	-0.0205	-0.6809	-0.5746
70.000	22.7908	0.4668	0.0118	-0.0332	0.0369	-0.0284	-0.7423	-0.4794
75.000	23.4381	0.4764	0.0409	-0.0240	0.0379	-0.0367	-0.7902	-0.3805
80.000	23.9073	0.4828	0.0718	-0.0136	0.0384	-0.0455	-0.8250	-0.2789
85.000	24.1861	0.4863	0.1039	-0.0024	0.0384	-0.0545	-0.8471	-0.1755
90.000	24.2666	0.4867	0.1369	0.0094	0.0380	-0.0637	-0.8567	-0.0709
95.000	24.1454	0.4841	0.1705	0.0214	0.0372	-0.0731	-0.8539	0.0343
100.000	23.8248	0.4783	0.2044	0.0336	0.0363	-0.0826	-0.8385	0.1394
105.000	23.3128	0.4691	0.2383	0.0458	0.0352	-0.0921	-0.8099	0.2439
110.000	22.6239	0.4564	0.2720	0.0581	0.0341	-0.1015	-0.7676	0.3471
115.000	21.7789	0.4397	0.3052	0.0702	0.0330	-0.1108	-0.7103	0.4478
120.000	20.8044	0.4188	0.3372	0.0823	0.0319	-0.1198	-0.6369	0.5446
125.000	19.7324	0.3933	0.3674	0.0940	0.0306	-0.1281	-0.5459	0.6354
130.000	18.5980	0.3631	0.3944	0.1051	0.0292	-0.1355	-0.4360	0.7172
135.000	17.4387	0.3280	0.4165	0.1150	0.0275	-0.1412	-0.3060	0.7860
140.000	16.2920	0.2883	0.4314	0.1230	0.0253	-0.1447	-0.1560	0.8366
145.000	15.1939	0.2445	0.4362	0.1279	0.0225	-0.1450	0.0124	0.8629
150.000	14.1774	0.1978	0.4276	0.1285	0.0191	-0.1411	0.1954	0.8580
155.000	13.2712	0.1500	0.4022	0.1236	0.0152	-0.1318	0.3857	0.8152
160.000	12.4993	0.1037	0.3575	0.1118	0.0109	-0.1166	0.5727	0.7295
165.000	11.8806	0.0622	0.2923	0.0927	0.0068	-0.0949	0.7425	0.5991
170.000	11.4292	0.0290	0.2078	0.0666	0.0032	-0.0673	0.8795	0.4270
175.000	11.1547	0.0075	0.1081	0.0349	0.0008	-0.0350	0.9689	0.2225
180.000	11.0626	0.0000	0.0000	0.0000	0.0000	0.0000	1.0000	0.0000
