0.000	0.0072	0.0000	0.0000	0.0000	0.0000	0.0000	1.0000	0.0000
5.000	0.0071	-0.0002	0.0218	-0.0065	0.0002	0.0066	0.9898	-0.1405
10.000	0.0071	-0.0008	0.0439	-0.0132	0.0010	0.0135	0.9595	-0.2783
15.000	0.0071	-0.0021	0.0667	-0.0202	0.0024	0.0209	0.9094	-0.4105
20.000	0.0070	-0.0044	0.0906	-0.0275	0.0048	0.0292	0.8404	-0.5342
25.000	0.0069	-0.0079	0.1159	-0.0352	0.0083	0.0383	0.7535	-0.6468
30.000	0.0068	-0.0132	0.1426	-0.0432	0.0133	0.0482	0.6504	-0.7455
35.000	0.0066	-0.0205	0.1712	-0.0513	0.0199	0.0587	0.5329	-0.8277
40.000	0.0065	-0.0300	0.2016	-0.0593	0.0283	0.0694	0.4033	-0.8909
45.000	0.0063	-0.0418	0.2342	-0.0668	0.0385	0.0799	0.2641	-0.9329
50.000	0.0062	-0.0557	0.2688	-0.0736	0.0505	0.0897	0.1183	-0.9516
55.000	0.0060	-0.0713	0.3057	-0.0791	0.0638	0.0981	-0.0307	-0.9450
60.000	0.0059	-0.0880	0.3445	-0.0829	0.0783	0.1046	-0.1792	-0.9117
65.000	0.0057	-0.1051	0.3850	-0.0847	0.0932	0.1087	-0.3225	-0.8505
70.000	0.0056	-0.1216	0.4263	-0.0840	0.1080	0.1099	-0.4555	-0.7611
75.000	0.0054	-0.1365	0.4674	-0.0807	0.1220	0.1078	-0.5724	-0.6445
80.000	0.0053	-0.1486	0.5067	-0.0747	0.1342	0.1022	-0.6670	-0.5033
85.000	0.0053	-0.1571	0.5426	-0.0662	0.1441	0.0933	-0.7339	-0.3424
90.000	0.0052	-0.1615	0.5732	-0.0555	0.1508	0.0813	-0.7686	-0.1684
95.000	0.0052	-0.1613	0.5969	-0.0432	0.1541	0.0669	-0.7689	0.0107
100.000	0.0052	-0.1569	0.6126	-0.0301	0.1538	0.0509	-0.7349	0.1863
105.000	0.0052	-0.1488	0.6198	-0.0168	0.1499	0.0342	-0.6689	0.3507
110.000	0.0052	-0.1377	0.6184	-0.0039	0.1429	0.0177	-0.5751	0.4972
115.000	0.0053	-0.1245	0.6088	0.0080	0.1332	0.0022	-0.4587	0.6211
120.000	0.0054	-0.1101	0.5916	0.0185	0.1214	-0.0116	-0.3250	0.7195
125.000	0.0054	-0.0952	0.5676	0.0273	0.1082	-0.0234	-0.1793	0.7907
130.000	0.0055	-0.0803	0.5372	0.0344	0.0940	-0.0327	-0.0265	0.8340
135.000	0.0055	-0.0661	0.5012	0.0394	0.0795	-0.0393	0.1289	0.8494
140.000	0.0056	-0.0528	0.4598	0.0425	0.0651	-0.0433	0.2826	0.8376
145.000	0.0056	-0.0407	0.4136	0.0434	0.0513	-0.0446	0.4305	0.7995
150.000	0.0057	-0.0300	0.3631	0.0421	0.0386	-0.0433	0.5683	0.7367
155.000	0.0057	-0.0209	0.3086	0.0389	0.0273	-0.0398	0.6923	0.6513
160.000	0.0058	-0.0134	0.2508	0.0337	0.0177	-0.0343	0.7989	0.5462
165.000	0.0058	-0.0075	0.1904	0.0268	0.0100	-0.0271	0.8851	0.4245
170.000	0.0058	-0.0033	0.1281	0.0187	0.0045	-0.0188	0.9483	0.2902
175.000	0.0058	-0.0008	0.0644	0.0096	0.0011	-0.0096	0.9870	0.1473
180.000	0.0058	0.0000	0.0000	-0.0001	0.0000	0.0001	1.0000	0.0000
