0.000	5.6042	0.0000	0.0000	0.0000	0.0000	0.0000	1.0000	0.0000
5.000	5.6532	0.0088	-0.0507	0.0151	-0.0035	-0.0151	0.9724	-0.2273
10.000	5.7992	0.0340	-0.0988	0.0279	-0.0135	-0.0284	0.8933	-0.4369
15.000	6.0388	0.0729	-0.1424	0.0367	-0.0286	-0.0383	0.7721	-0.6143
20.000	6.3663	0.1216	-0.1799	0.0407	-0.0469	-0.0440	0.6219	-0.7507
25.000	6.7735	0.1759	-0.2107	0.0398	-0.0666	-0.0453	0.4564	-0.8434
30.000	7.2500	0.2324	-0.2347	0.0344	-0.0858	-0.0425	0.2878	-0.8945
35.000	7.7826	0.2882	-0.2521	0.0258	-0.1033	-0.0361	0.1252	-0.9091
40.000	8.3556	0.3415	-0.2636	0.0150	-0.1182	-0.0271	-0.0251	-0.8938
45.000	8.9509	0.3910	-0.2698	0.0031	-0.1300	-0.0162	-0.1596	-0.8554
50.000	9.5486	0.4363	-0.2714	-0.0087	-0.1385	-0.0041	-0.2768	-0.8002
55.000	10.1270	0.4773	-0.2689	-0.0198	-0.1437	0.0085	-0.3767	-0.7333
60.000	10.6635	0.5140	-0.2628	-0.0295	-0.1456	0.0210	-0.4601	-0.6589
65.000	11.1357	0.5469	-0.2537	-0.0374	-0.1447	0.0330	-0.5284	-0.5803
70.000	11.5219	0.5761	-0.2418	-0.0432	-0.1409	0.0442	-0.5830	-0.4998
75.000	11.8025	0.6021	-0.2275	-0.0467	-0.1346	0.0542	-0.6255	-0.4190
80.000	11.9608	0.6253	-0.2109	-0.0479	-0.1259	0.0627	-0.6573	-0.3392
85.000	11.9841	0.6458	-0.1921	-0.0467	-0.1151	0.0696	-0.6798	-0.2610
90.000	11.8648	0.6639	-0.1712	-0.0431	-0.1022	0.0745	-0.6940	-0.1849
95.000	11.6004	0.6799	-0.1483	-0.0371	-0.0875	0.0771	-0.7009	-0.1110
100.000	11.1941	0.6939	-0.1232	-0.0286	-0.0711	0.0771	-0.7012	-0.0392
105.000	10.6549	0.7059	-0.0957	-0.0176	-0.0531	0.0741	-0.6954	0.0305
110.000	9.9969	0.7159	-0.0657	-0.0040	-0.0338	0.0678	-0.6840	0.0985
115.000	9.2389	0.7237	-0.0329	0.0124	-0.0133	0.0575	-0.6668	0.1652
120.000	8.4034	0.7289	0.0032	0.0318	0.0080	0.0428	-0.6437	0.2311
125.000	7.5154	0.7311	0.0430	0.0544	0.0297	0.0231	-0.6140	0.2970
130.000	6.6012	0.7293	0.0869	0.0807	0.0512	-0.0023	-0.5766	0.3633
135.000	5.6873	0.7221	0.1355	0.1108	0.0717	-0.0338	-0.5295	0.4310
140.000	4.7994	0.7077	0.1891	0.1451	0.0902	-0.0720	-0.4698	0.5005
145.000	3.9613	0.6830	0.2476	0.1834	0.1053	-0.1169	-0.3924	0.5720
150.000	3.1940	0.6437	0.3098	0.2249	0.1151	-0.1677	-0.2903	0.6439
155.000	2.5159	0.5838	0.3722	0.2670	0.1173	-0.2213	-0.1525	0.7113
160.000	1.9419	0.4953	0.4254	0.3030	0.1090	-0.2707	0.0349	0.7611
165.000	1.4840	0.3711	0.4490	0.3186	0.0874	-0.2998	0.2844	0.7641
170.000	1.1509	0.2153	0.4059	0.2874	0.0531	-0.2800	0.5879	0.6668
175.000	0.9487	0.0658	0.2536	0.1794	0.0167	-0.1783	0.8746	0.4080
180.000	0.8809	0.0000	0.0001	0.0002	0.0000	-0.0002	1.0000	0.0001
