0.000	5.8358	0.0000	0.0000	0.0000	0.0000	0.0000	1.0000	0.0000
5.000	5.8881	0.0089	-0.0517	0.0134	-0.0034	-0.0134	0.9720	-0.2288
10.000	6.0438	0.0345	-0.1008	0.0247	-0.0131	-0.0251	0.8918	-0.4395
15.000	6.2993	0.0740	-0.1449	0.0323	-0.0278	-0.0336	0.7692	-0.6173
20.000	6.6485	0.1232	-0.1825	0.0354	-0.0455	-0.0382	0.6175	-0.7536
25.000	7.0825	0.1781	-0.2130	0.0340	-0.0645	-0.0385	0.4509	-0.8457
30.000	7.5899	0.2349	-0.2363	0.0287	-0.0829	-0.0351	0.2815	-0.8958
35.000	8.1565	0.2908	-0.2528	0.0205	-0.0996	-0.0285	0.1186	-0.9095
40.000	8.7652	0.3440	-0.2631	0.0105	-0.1137	-0.0195	-0.0315	-0.8935
45.000	9.3965	0.3932	-0.2679	-0.0002	-0.1248	-0.0088	-0.1657	-0.8547
50.000	10.0290	0.4381	-0.2681	-0.0107	-0.1326	0.0027	-0.2825	-0.7993
55.000	10.6396	0.4786	-0.2642	-0.0203	-0.1372	0.0146	-0.3820	-0.7326
60.000	11.2045	0.5147	-0.2568	-0.0286	-0.1387	0.0263	-0.4652	-0.6585
65.000	11.7001	0.5469	-0.2464	-0.0351	-0.1374	0.0374	-0.5334	-0.5803
70.000	12.1043	0.5754	-0.2333	-0.0396	-0.1333	0.0477	-0.5881	-0.5001
75.000	12.3970	0.6008	-0.2179	-0.0420	-0.1267	0.0567	-0.6308	-0.4197
80.000	12.5614	0.6233	-0.2003	-0.0422	-0.1178	0.0643	-0.6630	-0.3400
85.000	12.5851	0.6432	-0.1806	-0.0401	-0.1067	0.0701	-0.6859	-0.2617
90.000	12.4605	0.6608	-0.1589	-0.0358	-0.0936	0.0740	-0.7006	-0.1853
95.000	12.1855	0.6762	-0.1351	-0.0291	-0.0787	0.0755	-0.7079	-0.1108
100.000	11.7637	0.6896	-0.1092	-0.0201	-0.0622	0.0745	-0.7086	-0.0382
105.000	11.2044	0.7009	-0.0809	-0.0086	-0.0441	0.0705	-0.7030	0.0326
110.000	10.5220	0.7102	-0.0500	0.0056	-0.0247	0.0631	-0.6915	0.1019
115.000	9.7357	0.7171	-0.0162	0.0225	-0.0044	0.0517	-0.6741	0.1703
120.000	8.8684	0.7212	0.0208	0.0424	0.0166	0.0360	-0.6503	0.2381
125.000	7.9458	0.7221	0.0615	0.0655	0.0379	0.0153	-0.6196	0.3059
130.000	6.9951	0.7186	0.1064	0.0921	0.0587	-0.0109	-0.5805	0.3745
135.000	6.0438	0.7095	0.1557	0.1224	0.0783	-0.0431	-0.5310	0.4443
140.000	5.1187	0.6926	0.2098	0.1564	0.0956	-0.0816	-0.4678	0.5158
145.000	4.2446	0.6652	0.2682	0.1940	0.1092	-0.1263	-0.3858	0.5887
150.000	3.4440	0.6229	0.3293	0.2338	0.1173	-0.1759	-0.2775	0.6607
155.000	2.7361	0.5599	0.3887	0.2729	0.1176	-0.2271	-0.1326	0.7259
160.000	2.1367	0.4694	0.4364	0.3042	0.1073	-0.2721	0.0617	0.7697
165.000	1.6585	0.3461	0.4515	0.3134	0.0843	-0.2950	0.3146	0.7625
170.000	1.3106	0.1971	0.3994	0.2765	0.0502	-0.2694	0.6124	0.6542
175.000	1.0994	0.0592	0.2448	0.1693	0.0155	-0.1682	0.8841	0.3937
180.000	1.0286	0.0000	0.0001	0.0002	0.0000	-0.0002	1.0000	0.0001
