0.000	10.9629	0.0000	0.0000	0.0000	0.0000	0.0000	1.0000	0.0000
5.000	11.0924	0.0095	-0.0365	-0.0046	-0.0011	0.0047	0.9662	-0.2552
10.000	11.4770	0.0363	-0.0692	-0.0085	-0.0043	0.0093	0.8701	-0.4865
15.000	12.1043	0.0765	-0.0951	-0.0114	-0.0089	0.0139	0.7264	-0.6763
20.000	12.9542	0.1247	-0.1127	-0.0128	-0.0140	0.0183	0.5533	-0.8156
25.000	13.9997	0.1759	-0.1220	-0.0127	-0.0188	0.0225	0.3685	-0.9043
30.000	15.2071	0.2263	-0.1238	-0.0114	-0.0227	0.0264	0.1855	-0.9476
35.000	16.5380	0.2734	-0.1193	-0.0088	-0.0254	0.0299	0.0135	-0.9536
40.000	17.9499	0.3158	-0.1098	-0.0051	-0.0267	0.0330	-0.1428	-0.9306
45.000	19.3979	0.3529	-0.0964	-0.0006	-0.0264	0.0357	-0.2813	-0.8860
50.000	20.8361	0.3847	-0.0801	0.0047	-0.0246	0.0377	-0.4021	-0.8258
55.000	22.2195	0.4115	-0.0613	0.0107	-0.0214	0.0391	-0.5059	-0.7544
60.000	23.5053	0.4338	-0.0406	0.0173	-0.0169	0.0396	-0.5940	-0.6751
65.000	24.6541	0.4519	-0.0182	0.0246	-0.0111	0.0393	-0.6679	-0.5901
70.000	25.6315	0.4663	0.0057	0.0324	-0.0044	0.0379	-0.7288	-0.5010
75.000	26.4086	0.4772	0.0309	0.0408	0.0033	0.0353	-0.7776	-0.4088
80.000	26.9632	0.4848	0.0574	0.0498	0.0118	0.0315	-0.8150	-0.3141
85.000	27.2800	0.4895	0.0852	0.0592	0.0209	0.0262	-0.8416	-0.2173
90.000	27.3512	0.4912	0.1141	0.0691	0.0304	0.0195	-0.8574	-0.1187
95.000	27.1761	0.4899	0.1441	0.0795	0.0401	0.0112	-0.8623	-0.0183
100.000	26.7612	0.4856	0.1751	0.0902	0.0497	0.0012	-0.8557	0.0835
105.000	26.1203	0.4782	0.2069	0.1012	0.0591	-0.0104	-0.8369	0.1864
110.000	25.2732	0.4674	0.2392	0.1124	0.0677	-0.0237	-0.8049	0.2898
115.000	24.2461	0.4530	0.2716	0.1235	0.0754	-0.0384	-0.7582	0.3929
120.000	23.0701	0.4345	0.3035	0.1343	0.0816	-0.0544	-0.6952	0.4942
125.000	21.7808	0.4117	0.3341	0.1446	0.0860	-0.0713	-0.6140	0.5919
130.000	20.4169	0.3840	0.3622	0.1538	0.0880	-0.0885	-0.5128	0.6830
135.000	19.0193	0.3512	0.3861	0.1614	0.0874	-0.1051	-0.3899	0.7635
140.000	17.6297	0.3131	0.4036	0.1664	0.0837	-0.1199	-0.2444	0.8280
145.000	16.2893	0.2699	0.4120	0.1679	0.0768	-0.1315	-0.0767	0.8698
150.000	15.0375	0.2222	0.4079	0.1646	0.0666	-0.1381	0.1105	0.8807
155.000	13.9109	0.1716	0.3878	0.1552	0.0538	-0.1377	0.3109	0.8519
160.000	12.9420	0.1208	0.3484	0.1385	0.0393	-0.1284	0.5136	0.7755
165.000	12.1586	0.0737	0.2877	0.1138	0.0246	-0.1091	0.7029	0.6467
170.000	11.5827	0.0348	0.2063	0.0813	0.0119	-0.0798	0.8594	0.4667
175.000	11.2307	0.0090	0.1079	0.0424	0.0031	-0.0422	0.9634	0.2452
180.000	11.1122	0.0000	0.0000	0.0000	0.0000	0.0000	1.0000	0.0000
