0.000	7.6433	0.0000	0.0000	0.0000	0.0000	0.0000	1.0000	0.0000
5.000	7.7333	0.0095	-0.0220	-0.0044	0.0003	0.0043	0.9666	-0.2552
10.000	7.9992	0.0364	-0.0421	-0.0092	0.0014	0.0080	0.8718	-0.4867
15.000	8.4294	0.0763	-0.0588	-0.0144	0.0031	0.0108	0.7300	-0.6767
20.000	9.0056	0.1235	-0.0710	-0.0200	0.0053	0.0124	0.5591	-0.8169
25.000	9.7040	0.1730	-0.0784	-0.0257	0.0081	0.0127	0.3761	-0.9071
30.000	10.4969	0.2210	-0.0809	-0.0309	0.0112	0.0118	0.1938	-0.9527
35.000	11.3548	0.2650	-0.0788	-0.0352	0.0147	0.0099	0.0207	-0.9613
40.000	12.2478	0.3039	-0.0722	-0.0382	0.0183	0.0069	-0.1386	-0.9404
45.000	13.1470	0.3374	-0.0615	-0.0395	0.0219	0.0030	-0.2819	-0.8966
50.000	14.0258	0.3656	-0.0469	-0.0390	0.0254	-0.0016	-0.4088	-0.8354
55.000	14.8603	0.3889	-0.0287	-0.0366	0.0287	-0.0070	-0.5192	-0.7608
60.000	15.6296	0.4079	-0.0072	-0.0323	0.0316	-0.0131	-0.6138	-0.6758
65.000	16.3158	0.4229	0.0172	-0.0263	0.0341	-0.0197	-0.6930	-0.5829
70.000	16.9038	0.4344	0.0440	-0.0187	0.0362	-0.0268	-0.7574	-0.4839
75.000	17.3808	0.4426	0.0728	-0.0099	0.0377	-0.0344	-0.8073	-0.3802
80.000	17.7363	0.4478	0.1032	0.0000	0.0388	-0.0423	-0.8432	-0.2731
85.000	17.9622	0.4500	0.1347	0.0105	0.0394	-0.0505	-0.8652	-0.1638
90.000	18.0528	0.4493	0.1669	0.0214	0.0396	-0.0590	-0.8734	-0.0531
95.000	18.0054	0.4456	0.1994	0.0325	0.0395	-0.0676	-0.8679	0.0581
100.000	17.8210	0.4388	0.2319	0.0437	0.0392	-0.0763	-0.8483	0.1689
105.000	17.5044	0.4286	0.2642	0.0548	0.0387	-0.0850	-0.8144	0.2785
110.000	17.0650	0.4148	0.2957	0.0657	0.0380	-0.0936	-0.7653	0.3858
115.000	16.5169	0.3972	0.3260	0.0763	0.0372	-0.1020	-0.7003	0.4894
120.000	15.8783	0.3756	0.3546	0.0865	0.0362	-0.1099	-0.6182	0.5874
125.000	15.1712	0.3498	0.3803	0.0960	0.0349	-0.1171	-0.5181	0.6774
130.000	14.4203	0.3197	0.4020	0.1046	0.0333	-0.1232	-0.3990	0.7560
135.000	13.6516	0.2856	0.4179	0.1116	0.0311	-0.1275	-0.2609	0.8191
140.000	12.8912	0.2479	0.4259	0.1165	0.0284	-0.1296	-0.1047	0.8615
145.000	12.1637	0.2074	0.4235	0.1183	0.0249	-0.1285	0.0669	0.8775
150.000	11.4915	0.1654	0.4083	0.1163	0.0209	-0.1237	0.2490	0.8613
155.000	10.8937	0.1236	0.3778	0.1094	0.0163	-0.1143	0.4337	0.8078
160.000	10.3858	0.0842	0.3307	0.0971	0.0115	-0.0999	0.6108	0.7140
165.000	9.9798	0.0499	0.2668	0.0792	0.0071	-0.0805	0.7680	0.5799
170.000	9.6843	0.0230	0.1876	0.0562	0.0033	-0.0566	0.8924	0.4098
175.000	9.5049	0.0059	0.0970	0.0292	0.0009	-0.0292	0.9724	0.2123
180.000	9.4447	0.0000	0.0000	0.0000	0.0000	0.0000	1.0000	0.0000
