0.000	12.3655	0.0000	0.0000	0.0000	0.0000	0.0000	1.0000	0.0000
5.000	12.5132	0.0099	-0.0436	-0.0050	-0.0014	0.0051	0.9662	-0.2537
10.000	12.9514	0.0380	-0.0829	-0.0093	-0.0055	0.0101	0.8705	-0.4836
15.000	13.6658	0.0799	-0.1144	-0.0126	-0.0112	0.0152	0.7273	-0.6718
20.000	14.6333	0.1303	-0.1366	-0.0146	-0.0177	0.0201	0.5552	-0.8097
25.000	15.8222	0.1839	-0.1494	-0.0152	-0.0240	0.0249	0.3717	-0.8971
30.000	17.1939	0.2366	-0.1538	-0.0145	-0.0293	0.0295	0.1905	-0.9394
35.000	18.7038	0.2860	-0.1511	-0.0126	-0.0331	0.0337	0.0204	-0.9449
40.000	20.3030	0.3305	-0.1429	-0.0097	-0.0353	0.0375	-0.1338	-0.9219
45.000	21.9397	0.3697	-0.1303	-0.0058	-0.0357	0.0408	-0.2702	-0.8777
50.000	23.5612	0.4036	-0.1143	-0.0011	-0.0344	0.0434	-0.3890	-0.8184
55.000	25.1154	0.4324	-0.0957	0.0044	-0.0314	0.0453	-0.4909	-0.7483
60.000	26.5528	0.4565	-0.0750	0.0106	-0.0270	0.0464	-0.5773	-0.6707
65.000	27.8278	0.4765	-0.0525	0.0176	-0.0211	0.0465	-0.6497	-0.5880
70.000	28.9004	0.4926	-0.0284	0.0254	-0.0140	0.0456	-0.7094	-0.5016
75.000	29.7370	0.5053	-0.0028	0.0339	-0.0057	0.0435	-0.7575	-0.4125
80.000	30.3117	0.5147	0.0243	0.0431	0.0035	0.0399	-0.7947	-0.3213
85.000	30.6069	0.5212	0.0526	0.0530	0.0136	0.0349	-0.8215	-0.2283
90.000	30.6135	0.5247	0.0824	0.0637	0.0242	0.0283	-0.8383	-0.1338
95.000	30.3314	0.5252	0.1134	0.0750	0.0353	0.0198	-0.8449	-0.0377
100.000	29.7690	0.5228	0.1457	0.0869	0.0465	0.0094	-0.8410	0.0597
105.000	28.9432	0.5171	0.1792	0.0993	0.0575	-0.0029	-0.8258	0.1583
110.000	27.8786	0.5081	0.2135	0.1122	0.0680	-0.0173	-0.7984	0.2577
115.000	26.6068	0.4952	0.2486	0.1254	0.0775	-0.0335	-0.7575	0.3575
120.000	25.1654	0.4782	0.2837	0.1386	0.0857	-0.0516	-0.7012	0.4565
125.000	23.5969	0.4564	0.3183	0.1515	0.0919	-0.0709	-0.6277	0.5531
130.000	21.9473	0.4293	0.3511	0.1637	0.0956	-0.0911	-0.5347	0.6449
135.000	20.2649	0.3963	0.3806	0.1743	0.0964	-0.1112	-0.4200	0.7283
140.000	18.5984	0.3570	0.4045	0.1826	0.0936	-0.1299	-0.2819	0.7982
145.000	16.9960	0.3112	0.4198	0.1871	0.0871	-0.1455	-0.1196	0.8479
150.000	15.5034	0.2594	0.4225	0.1864	0.0767	-0.1557	0.0652	0.8687
155.000	14.1628	0.2030	0.4082	0.1786	0.0628	-0.1580	0.2675	0.8507
160.000	13.0118	0.1448	0.3724	0.1618	0.0465	-0.1498	0.4769	0.7839
165.000	12.0822	0.0893	0.3118	0.1348	0.0295	-0.1291	0.6770	0.6612
170.000	11.3996	0.0426	0.2260	0.0973	0.0144	-0.0955	0.8457	0.4817
175.000	10.9825	0.0111	0.1191	0.0512	0.0038	-0.0510	0.9596	0.2546
180.000	10.8422	0.0000	0.0000	0.0000	0.0000	0.0000	1.0000	0.0000
