0.000	2.3341	0.0000	0.0000	0.0000	0.0000	0.0000	1.0000	0.0000
5.000	2.3608	0.0072	0.0114	0.0066	-0.0008	-0.0066	0.9663	-0.2570
10.000	2.4404	0.0278	0.0227	0.0130	-0.0031	-0.0124	0.8706	-0.4907
15.000	2.5700	0.0584	0.0340	0.0188	-0.0064	-0.0170	0.7267	-0.6836
20.000	2.7458	0.0951	0.0452	0.0239	-0.0102	-0.0201	0.5527	-0.8267
25.000	2.9621	0.1339	0.0565	0.0284	-0.0140	-0.0218	0.3658	-0.9193
30.000	3.2121	0.1719	0.0680	0.0323	-0.0172	-0.0222	0.1795	-0.9664
35.000	3.4882	0.2070	0.0797	0.0358	-0.0197	-0.0216	0.0029	-0.9753
40.000	3.7820	0.2380	0.0917	0.0390	-0.0213	-0.0203	-0.1587	-0.9541
45.000	4.0847	0.2645	0.1041	0.0419	-0.0220	-0.0187	-0.3033	-0.9100
50.000	4.3874	0.2865	0.1171	0.0447	-0.0217	-0.0169	-0.4303	-0.8487
55.000	4.6815	0.3042	0.1307	0.0475	-0.0206	-0.0152	-0.5403	-0.7746
60.000	4.9588	0.3178	0.1449	0.0502	-0.0186	-0.0137	-0.6344	-0.6911
65.000	5.2118	0.3277	0.1599	0.0530	-0.0160	-0.0126	-0.7135	-0.6002
70.000	5.4339	0.3343	0.1755	0.0558	-0.0128	-0.0120	-0.7787	-0.5038
75.000	5.6196	0.3378	0.1919	0.0586	-0.0090	-0.0118	-0.8307	-0.4027
80.000	5.7645	0.3385	0.2090	0.0615	-0.0048	-0.0123	-0.8698	-0.2978
85.000	5.8656	0.3366	0.2268	0.0644	-0.0004	-0.0134	-0.8962	-0.1897
90.000	5.9212	0.3322	0.2451	0.0672	0.0042	-0.0152	-0.9097	-0.0788
95.000	5.9309	0.3254	0.2638	0.0700	0.0088	-0.0177	-0.9099	0.0342
100.000	5.8957	0.3164	0.2827	0.0727	0.0134	-0.0209	-0.8958	0.1488
105.000	5.8179	0.3051	0.3016	0.0752	0.0176	-0.0248	-0.8667	0.2638
110.000	5.7009	0.2916	0.3199	0.0774	0.0215	-0.0292	-0.8212	0.3781
115.000	5.5491	0.2758	0.3372	0.0793	0.0248	-0.0341	-0.7582	0.4898
120.000	5.3681	0.2578	0.3528	0.0807	0.0273	-0.0392	-0.6763	0.5966
125.000	5.1640	0.2375	0.3658	0.0815	0.0289	-0.0444	-0.5745	0.6954
130.000	4.9438	0.2151	0.3751	0.0815	0.0295	-0.0493	-0.4522	0.7822
135.000	4.7145	0.1907	0.3795	0.0805	0.0290	-0.0536	-0.3094	0.8524
140.000	4.4837	0.1645	0.3774	0.0783	0.0274	-0.0568	-0.1475	0.9005
145.000	4.2587	0.1370	0.3672	0.0747	0.0246	-0.0584	0.0304	0.9203
150.000	4.0468	0.1089	0.3473	0.0694	0.0208	-0.0579	0.2191	0.9058
155.000	3.8547	0.0813	0.3163	0.0622	0.0164	-0.0549	0.4106	0.8517
160.000	3.6885	0.0554	0.2732	0.0530	0.0117	-0.0490	0.5945	0.7544
165.000	3.5534	0.0328	0.2182	0.0419	0.0071	-0.0401	0.7579	0.6139
170.000	3.4538	0.0152	0.1524	0.0291	0.0034	-0.0285	0.8876	0.4345
175.000	3.3927	0.0039	0.0784	0.0149	0.0009	-0.0148	0.9711	0.2254
180.000	3.3721	0.0000	0.0000	0.0000	0.0000	0.0000	1.0000	0.0000
