0.000	0.0002	0.0000	0.0000	0.0000	0.0000	0.0000	1.0000	0.0000
5.000	0.0002	-0.0026	-0.1730	0.0281	0.0001	-0.0281	0.9845	-0.0301
10.000	0.0002	-0.0099	-0.3379	0.0550	0.0005	-0.0550	0.9395	-0.0548
15.000	0.0002	-0.0213	-0.4879	0.0794	0.0012	-0.0794	0.8698	-0.0697
20.000	0.0002	-0.0357	-0.6180	0.1007	0.0020	-0.1007	0.7821	-0.0717
25.000	0.0003	-0.0518	-0.7254	0.1184	0.0028	-0.1184	0.6838	-0.0593
30.000	0.0003	-0.0684	-0.8093	0.1324	0.0037	-0.1324	0.5825	-0.0328
35.000	0.0003	-0.0844	-0.8707	0.1427	0.0046	-0.1428	0.4845	0.0066
40.000	0.0003	-0.0991	-0.9116	0.1498	0.0054	-0.1499	0.3948	0.0566
45.000	0.0003	-0.1118	-0.9348	0.1540	0.0061	-0.1541	0.3170	0.1146
50.000	0.0004	-0.1222	-0.9430	0.1559	0.0066	-0.1560	0.2531	0.1780
55.000	0.0004	-0.1301	-0.9390	0.1557	0.0071	-0.1558	0.2042	0.2442
60.000	0.0004	-0.1355	-0.9252	0.1539	0.0073	-0.1540	0.1704	0.3107
65.000	0.0004	-0.1385	-0.9037	0.1509	0.0075	-0.1510	0.1514	0.3757
70.000	0.0005	-0.1393	-0.8763	0.1468	0.0075	-0.1470	0.1461	0.4373
75.000	0.0005	-0.1380	-0.8445	0.1420	0.0074	-0.1421	0.1535	0.4941
80.000	0.0005	-0.1348	-0.8094	0.1366	0.0073	-0.1367	0.1721	0.5450
85.000	0.0006	-0.1301	-0.7719	0.1308	0.0070	-0.1309	0.2007	0.5890
90.000	0.0006	-0.1239	-0.7327	0.1246	0.0067	-0.1247	0.2378	0.6255
95.000	0.0006	-0.1166	-0.6924	0.1182	0.0062	-0.1183	0.2819	0.6539
100.000	0.0007	-0.1085	-0.6513	0.1116	0.0058	-0.1117	0.3316	0.6738
105.000	0.0007	-0.0996	-0.6098	0.1048	0.0053	-0.1049	0.3857	0.6851
110.000	0.0007	-0.0902	-0.5681	0.0980	0.0048	-0.0981	0.4428	0.6878
115.000	0.0008	-0.0806	-0.5264	0.0911	0.0043	-0.0912	0.5017	0.6817
120.000	0.0008	-0.0709	-0.4848	0.0842	0.0038	-0.0842	0.5611	0.6671
125.000	0.0008	-0.0614	-0.4433	0.0772	0.0032	-0.0773	0.6201	0.6443
130.000	0.0009	-0.0520	-0.4020	0.0702	0.0028	-0.0703	0.6776	0.6136
135.000	0.0009	-0.0431	-0.3609	0.0632	0.0023	-0.0632	0.7327	0.5754
140.000	0.0009	-0.0348	-0.3201	0.0562	0.0018	-0.0562	0.7843	0.5302
145.000	0.0009	-0.0271	-0.2795	0.0492	0.0014	-0.0492	0.8319	0.4787
150.000	0.0010	-0.0202	-0.2392	0.0421	0.0011	-0.0422	0.8745	0.4214
155.000	0.0010	-0.0142	-0.1990	0.0351	0.0007	-0.0351	0.9117	0.3591
160.000	0.0010	-0.0092	-0.1590	0.0281	0.0005	-0.0281	0.9429	0.2925
165.000	0.0010	-0.0052	-0.1191	0.0211	0.0003	-0.0211	0.9676	0.2225
170.000	0.0010	-0.0023	-0.0794	0.0140	0.0001	-0.0140	0.9855	0.1498
175.000	0.0010	-0.0006	-0.0397	0.0070	0.0000	-0.0070	0.9964	0.0753
180.000	0.0010	0.0000	0.0000	0.0005	0.0000	-0.0005	1.0000	0.0000
