0.000	8.7115	0.0000	0.0000	0.0000	0.0000	0.0000	1.0000	0.0000
5.000	8.8070	0.0101	-0.0575	0.0007	-0.0026	-0.0006	0.9686	-0.2417
10.000	9.0905	0.0390	-0.1106	0.0008	-0.0101	-0.0005	0.8792	-0.4617
15.000	9.5533	0.0826	-0.1555	0.0001	-0.0211	0.0009	0.7447	-0.6434
20.000	10.1811	0.1357	-0.1906	-0.0015	-0.0341	0.0037	0.5817	-0.7783
25.000	10.9543	0.1931	-0.2153	-0.0039	-0.0473	0.0081	0.4065	-0.8654
30.000	11.8484	0.2507	-0.2305	-0.0068	-0.0596	0.0137	0.2322	-0.9091
35.000	12.8347	0.3056	-0.2373	-0.0097	-0.0700	0.0202	0.0677	-0.9168
40.000	13.8811	0.3563	-0.2374	-0.0125	-0.0780	0.0272	-0.0819	-0.8963
45.000	14.9525	0.4020	-0.2319	-0.0146	-0.0833	0.0344	-0.2143	-0.8548
50.000	16.0125	0.4426	-0.2222	-0.0160	-0.0861	0.0414	-0.3292	-0.7985
55.000	17.0241	0.4782	-0.2089	-0.0163	-0.0862	0.0480	-0.4273	-0.7319
60.000	17.9510	0.5092	-0.1928	-0.0154	-0.0839	0.0539	-0.5099	-0.6586
65.000	18.7589	0.5362	-0.1743	-0.0133	-0.0793	0.0589	-0.5785	-0.5813
70.000	19.4167	0.5595	-0.1537	-0.0098	-0.0725	0.0627	-0.6346	-0.5015
75.000	19.8978	0.5795	-0.1313	-0.0049	-0.0638	0.0652	-0.6795	-0.4206
80.000	20.1808	0.5965	-0.1069	0.0015	-0.0533	0.0660	-0.7145	-0.3392
85.000	20.2511	0.6109	-0.0807	0.0094	-0.0412	0.0650	-0.7403	-0.2578
90.000	20.1006	0.6226	-0.0527	0.0190	-0.0276	0.0620	-0.7577	-0.1766
95.000	19.7289	0.6319	-0.0226	0.0303	-0.0128	0.0565	-0.7672	-0.0956
100.000	19.1431	0.6387	0.0096	0.0434	0.0031	0.0485	-0.7690	-0.0146
105.000	18.3573	0.6428	0.0441	0.0583	0.0197	0.0376	-0.7629	0.0665
110.000	17.3926	0.6439	0.0811	0.0752	0.0367	0.0234	-0.7488	0.1479
115.000	16.2759	0.6418	0.1206	0.0940	0.0538	0.0058	-0.7257	0.2300
120.000	15.0389	0.6356	0.1627	0.1147	0.0704	-0.0156	-0.6925	0.3129
125.000	13.7171	0.6247	0.2074	0.1373	0.0860	-0.0407	-0.6476	0.3964
130.000	12.3481	0.6079	0.2543	0.1615	0.0997	-0.0697	-0.5885	0.4803
135.000	10.9705	0.5839	0.3027	0.1868	0.1107	-0.1021	-0.5121	0.5635
140.000	9.6224	0.5507	0.3510	0.2124	0.1179	-0.1370	-0.4144	0.6436
145.000	8.3402	0.5064	0.3967	0.2367	0.1200	-0.1726	-0.2906	0.7166
150.000	7.1576	0.4488	0.4352	0.2570	0.1157	-0.2060	-0.1357	0.7753
155.000	6.1048	0.3761	0.4591	0.2692	0.1039	-0.2321	0.0539	0.8079
160.000	5.2077	0.2889	0.4577	0.2669	0.0844	-0.2433	0.2770	0.7970
165.000	4.4877	0.1921	0.4174	0.2424	0.0585	-0.2304	0.5213	0.7207
170.000	3.9615	0.0980	0.3257	0.1887	0.0308	-0.1846	0.7566	0.5590
175.000	3.6410	0.0269	0.1807	0.1046	0.0086	-0.1040	0.9334	0.3090
180.000	3.5334	0.0000	0.0001	0.0001	0.0000	-0.0001	1.0000	0.0001
