0.000	3.5152	0.0000	0.0000	0.0000	0.0000	0.0000	1.0000	0.0000
5.000	3.5503	0.0065	-0.0052	-0.0004	-0.0004	0.0005	0.9684	-0.2494
10.000	3.6546	0.0250	-0.0089	-0.0005	-0.0017	0.0012	0.8779	-0.4781
15.000	3.8251	0.0529	-0.0101	0.0001	-0.0034	0.0022	0.7405	-0.6699
20.000	4.0569	0.0869	-0.0080	0.0015	-0.0052	0.0035	0.5719	-0.8157
25.000	4.3434	0.1236	-0.0027	0.0038	-0.0066	0.0051	0.3878	-0.9134
30.000	4.6763	0.1602	0.0059	0.0069	-0.0075	0.0068	0.2016	-0.9662
35.000	5.0459	0.1946	0.0172	0.0107	-0.0077	0.0085	0.0226	-0.9805
40.000	5.4417	0.2257	0.0309	0.0151	-0.0069	0.0101	-0.1432	-0.9632
45.000	5.8522	0.2528	0.0465	0.0200	-0.0053	0.0114	-0.2927	-0.9212
50.000	6.2658	0.2758	0.0638	0.0253	-0.0029	0.0123	-0.4248	-0.8602
55.000	6.6709	0.2948	0.0824	0.0309	0.0003	0.0127	-0.5395	-0.7849
60.000	7.0564	0.3099	0.1022	0.0368	0.0041	0.0125	-0.6375	-0.6987
65.000	7.4120	0.3215	0.1231	0.0429	0.0085	0.0118	-0.7197	-0.6043
70.000	7.7288	0.3297	0.1450	0.0491	0.0135	0.0103	-0.7867	-0.5035
75.000	7.9991	0.3348	0.1677	0.0554	0.0188	0.0080	-0.8393	-0.3976
80.000	8.2168	0.3370	0.1911	0.0618	0.0243	0.0050	-0.8777	-0.2877
85.000	8.3776	0.3364	0.2151	0.0681	0.0301	0.0011	-0.9021	-0.1746
90.000	8.4789	0.3331	0.2394	0.0743	0.0358	-0.0037	-0.9124	-0.0591
95.000	8.5197	0.3272	0.2639	0.0802	0.0413	-0.0094	-0.9081	0.0580
100.000	8.5008	0.3188	0.2882	0.0859	0.0465	-0.0159	-0.8885	0.1756
105.000	8.4246	0.3078	0.3118	0.0912	0.0511	-0.0232	-0.8530	0.2926
110.000	8.2953	0.2944	0.3344	0.0959	0.0549	-0.0312	-0.8005	0.4074
115.000	8.1182	0.2785	0.3553	0.0999	0.0577	-0.0396	-0.7301	0.5180
120.000	7.9003	0.2601	0.3736	0.1031	0.0592	-0.0481	-0.6409	0.6220
125.000	7.6497	0.2393	0.3885	0.1053	0.0592	-0.0565	-0.5323	0.7161
130.000	7.3753	0.2163	0.3987	0.1062	0.0576	-0.0643	-0.4043	0.7966
135.000	7.0869	0.1912	0.4030	0.1055	0.0544	-0.0709	-0.2574	0.8590
140.000	6.7945	0.1644	0.3999	0.1031	0.0495	-0.0757	-0.0938	0.8982
145.000	6.5083	0.1363	0.3877	0.0986	0.0432	-0.0781	0.0830	0.9088
150.000	6.2380	0.1079	0.3651	0.0916	0.0356	-0.0774	0.2674	0.8858
155.000	5.9927	0.0801	0.3308	0.0821	0.0274	-0.0731	0.4516	0.8252
160.000	5.7804	0.0544	0.2843	0.0699	0.0191	-0.0650	0.6255	0.7247
165.000	5.6079	0.0321	0.2260	0.0552	0.0115	-0.0530	0.7780	0.5855
170.000	5.4808	0.0148	0.1572	0.0382	0.0054	-0.0375	0.8974	0.4120
175.000	5.4029	0.0038	0.0807	0.0195	0.0014	-0.0195	0.9737	0.2129
180.000	5.3766	0.0000	0.0000	0.0000	0.0000	0.0000	1.0000	0.0000
