0.000	3.0442	0.0000	0.0000	0.0000	0.0000	0.0000	1.0000	0.0000
5.000	3.0738	0.0073	0.0022	0.0019	0.0000	-0.0020	0.9702	-0.2422
10.000	3.1617	0.0282	0.0049	0.0036	-0.0001	-0.0039	0.8850	-0.4648
15.000	3.3042	0.0596	0.0083	0.0049	-0.0002	-0.0057	0.7552	-0.6527
20.000	3.4958	0.0976	0.0130	0.0058	-0.0002	-0.0074	0.5954	-0.7974
25.000	3.7292	0.1381	0.0191	0.0064	0.0000	-0.0089	0.4198	-0.8968
30.000	3.9961	0.1782	0.0267	0.0069	0.0004	-0.0104	0.2404	-0.9538
35.000	4.2870	0.2155	0.0361	0.0075	0.0010	-0.0118	0.0657	-0.9736
40.000	4.5926	0.2489	0.0472	0.0085	0.0020	-0.0133	-0.0988	-0.9623
45.000	4.9034	0.2777	0.0602	0.0100	0.0033	-0.0148	-0.2500	-0.9255
50.000	5.2107	0.3019	0.0750	0.0122	0.0047	-0.0164	-0.3863	-0.8682
55.000	5.5066	0.3216	0.0915	0.0151	0.0065	-0.0181	-0.5070	-0.7943
60.000	5.7839	0.3371	0.1098	0.0188	0.0084	-0.0201	-0.6119	-0.7070
65.000	6.0367	0.3487	0.1296	0.0232	0.0105	-0.0222	-0.7008	-0.6086
70.000	6.2599	0.3568	0.1506	0.0283	0.0127	-0.0247	-0.7737	-0.5014
75.000	6.4494	0.3617	0.1728	0.0340	0.0150	-0.0274	-0.8305	-0.3871
80.000	6.6020	0.3635	0.1958	0.0400	0.0173	-0.0305	-0.8709	-0.2673
85.000	6.7154	0.3623	0.2193	0.0463	0.0197	-0.0339	-0.8948	-0.1436
90.000	6.7882	0.3583	0.2429	0.0527	0.0220	-0.0376	-0.9018	-0.0175
95.000	6.8198	0.3515	0.2662	0.0590	0.0242	-0.0417	-0.8915	0.1093
100.000	6.8108	0.3419	0.2888	0.0651	0.0263	-0.0461	-0.8636	0.2352
105.000	6.7628	0.3293	0.3103	0.0708	0.0281	-0.0507	-0.8176	0.3583
110.000	6.6785	0.3138	0.3301	0.0759	0.0295	-0.0555	-0.7532	0.4765
115.000	6.5620	0.2954	0.3475	0.0803	0.0305	-0.0602	-0.6701	0.5872
120.000	6.4181	0.2742	0.3618	0.0838	0.0310	-0.0646	-0.5682	0.6878
125.000	6.2529	0.2502	0.3721	0.0862	0.0308	-0.0686	-0.4479	0.7747
130.000	6.0730	0.2238	0.3773	0.0873	0.0298	-0.0718	-0.3103	0.8443
135.000	5.8852	0.1953	0.3765	0.0869	0.0280	-0.0738	-0.1572	0.8926
140.000	5.6966	0.1655	0.3685	0.0848	0.0254	-0.0743	0.0081	0.9153
145.000	5.5140	0.1351	0.3522	0.0809	0.0221	-0.0729	0.1811	0.9086
150.000	5.3434	0.1052	0.3269	0.0748	0.0182	-0.0693	0.3559	0.8694
155.000	5.1902	0.0768	0.2920	0.0667	0.0139	-0.0632	0.5251	0.7959
160.000	5.0591	0.0513	0.2477	0.0564	0.0097	-0.0545	0.6802	0.6881
165.000	4.9536	0.0299	0.1947	0.0443	0.0058	-0.0434	0.8127	0.5485
170.000	4.8764	0.0136	0.1343	0.0305	0.0027	-0.0302	0.9142	0.3820
175.000	4.8293	0.0035	0.0686	0.0155	0.0007	-0.0155	0.9782	0.1962
180.000	4.8135	0.0000	0.0000	0.0000	0.0000	0.0000	1.0000	0.0000
