0.000	6.8443	0.0000	0.0000	0.0000	0.0000	0.0000	1.0000	0.0000
5.000	6.8942	0.0082	-0.0307	0.0066	-0.0007	-0.0069	0.9749	-0.2204
10.000	7.0434	0.0321	-0.0610	0.0114	-0.0027	-0.0135	0.9023	-0.4256
15.000	7.2905	0.0693	-0.0905	0.0130	-0.0061	-0.0197	0.7895	-0.6028
20.000	7.6325	0.1166	-0.1185	0.0108	-0.0111	-0.0252	0.6473	-0.7435
25.000	8.0644	0.1703	-0.1443	0.0048	-0.0176	-0.0298	0.4873	-0.8435
30.000	8.5787	0.2268	-0.1670	-0.0042	-0.0255	-0.0333	0.3208	-0.9034
35.000	9.1649	0.2831	-0.1857	-0.0150	-0.0345	-0.0355	0.1571	-0.9265
40.000	9.8089	0.3368	-0.2001	-0.0266	-0.0443	-0.0365	0.0029	-0.9187
45.000	10.4927	0.3864	-0.2096	-0.0377	-0.0545	-0.0361	-0.1374	-0.8860
50.000	11.1948	0.4310	-0.2144	-0.0475	-0.0646	-0.0347	-0.2616	-0.8347
55.000	11.8906	0.4703	-0.2144	-0.0555	-0.0742	-0.0322	-0.3692	-0.7701
60.000	12.5533	0.5043	-0.2101	-0.0614	-0.0830	-0.0288	-0.4607	-0.6966
65.000	13.1547	0.5334	-0.2017	-0.0651	-0.0905	-0.0249	-0.5373	-0.6177
70.000	13.6671	0.5580	-0.1898	-0.0665	-0.0966	-0.0206	-0.6002	-0.5357
75.000	14.0645	0.5785	-0.1747	-0.0659	-0.1010	-0.0161	-0.6511	-0.4525
80.000	14.3244	0.5955	-0.1568	-0.0633	-0.1036	-0.0119	-0.6911	-0.3692
85.000	14.4289	0.6094	-0.1363	-0.0590	-0.1042	-0.0080	-0.7215	-0.2863
90.000	14.3662	0.6206	-0.1133	-0.0530	-0.1028	-0.0050	-0.7433	-0.2042
95.000	14.1312	0.6294	-0.0879	-0.0454	-0.0994	-0.0030	-0.7571	-0.1229
100.000	13.7261	0.6359	-0.0602	-0.0361	-0.0940	-0.0024	-0.7633	-0.0423
105.000	13.1599	0.6403	-0.0298	-0.0252	-0.0866	-0.0037	-0.7621	0.0379
110.000	12.4483	0.6423	0.0033	-0.0124	-0.0774	-0.0072	-0.7534	0.1179
115.000	11.6128	0.6418	0.0395	0.0024	-0.0666	-0.0133	-0.7367	0.1982
120.000	10.6791	0.6382	0.0791	0.0193	-0.0544	-0.0225	-0.7110	0.2790
125.000	9.6763	0.6309	0.1222	0.0385	-0.0413	-0.0351	-0.6749	0.3606
130.000	8.6352	0.6188	0.1692	0.0602	-0.0276	-0.0516	-0.6264	0.4431
135.000	7.5870	0.6004	0.2197	0.0842	-0.0139	-0.0718	-0.5623	0.5261
140.000	6.5622	0.5739	0.2730	0.1102	-0.0011	-0.0957	-0.4784	0.6084
145.000	5.5893	0.5367	0.3274	0.1374	0.0101	-0.1225	-0.3694	0.6871
150.000	4.6942	0.4858	0.3791	0.1639	0.0186	-0.1501	-0.2283	0.7565
155.000	3.8996	0.4178	0.4211	0.1864	0.0234	-0.1751	-0.0480	0.8058
160.000	3.2244	0.3310	0.4417	0.1990	0.0236	-0.1911	0.1755	0.8167
165.000	2.6839	0.2278	0.4232	0.1932	0.0191	-0.1888	0.4359	0.7618
170.000	2.2898	0.1202	0.3452	0.1591	0.0112	-0.1575	0.7036	0.6097
175.000	2.0501	0.0338	0.1978	0.0917	0.0033	-0.0914	0.9168	0.3454
180.000	1.9697	0.0000	0.0001	0.0001	0.0000	-0.0001	1.0000	0.0001
