0.000	9.4220	0.0000	0.0000	0.0000	0.0000	0.0000	1.0000	0.0000
5.000	9.5318	0.0091	-0.0314	-0.0040	-0.0010	0.0041	0.9663	-0.2555
10.000	9.8577	0.0349	-0.0593	-0.0074	-0.0037	0.0082	0.8704	-0.4875
15.000	10.3894	0.0734	-0.0811	-0.0097	-0.0076	0.0122	0.7267	-0.6781
20.000	11.1099	0.1197	-0.0955	-0.0106	-0.0119	0.0161	0.5535	-0.8185
25.000	11.9965	0.1689	-0.1024	-0.0101	-0.0159	0.0199	0.3680	-0.9083
30.000	13.0211	0.2173	-0.1025	-0.0084	-0.0191	0.0234	0.1841	-0.9526
35.000	14.1514	0.2625	-0.0968	-0.0054	-0.0212	0.0267	0.0108	-0.9594
40.000	15.3518	0.3032	-0.0866	-0.0015	-0.0218	0.0295	-0.1470	-0.9368
45.000	16.5848	0.3387	-0.0727	0.0033	-0.0211	0.0318	-0.2872	-0.8922
50.000	17.8123	0.3690	-0.0561	0.0089	-0.0190	0.0335	-0.4096	-0.8316
55.000	18.9964	0.3945	-0.0372	0.0150	-0.0157	0.0345	-0.5149	-0.7593
60.000	20.1014	0.4155	-0.0165	0.0217	-0.0112	0.0348	-0.6045	-0.6788
65.000	21.0942	0.4325	0.0058	0.0290	-0.0056	0.0341	-0.6796	-0.5922
70.000	21.9458	0.4456	0.0294	0.0367	0.0009	0.0325	-0.7413	-0.5013
75.000	22.6318	0.4554	0.0543	0.0449	0.0082	0.0297	-0.7907	-0.4068
80.000	23.1335	0.4620	0.0805	0.0535	0.0162	0.0257	-0.8284	-0.3096
85.000	23.4377	0.4655	0.1077	0.0625	0.0246	0.0205	-0.8547	-0.2101
90.000	23.5373	0.4661	0.1360	0.0718	0.0333	0.0138	-0.8697	-0.1085
95.000	23.4317	0.4637	0.1652	0.0814	0.0422	0.0058	-0.8732	-0.0052
100.000	23.1260	0.4584	0.1952	0.0913	0.0509	-0.0038	-0.8646	0.0996
105.000	22.6312	0.4499	0.2258	0.1013	0.0592	-0.0148	-0.8432	0.2053
110.000	21.9638	0.4382	0.2566	0.1113	0.0667	-0.0272	-0.8078	0.3112
115.000	21.1452	0.4230	0.2872	0.1211	0.0733	-0.0408	-0.7570	0.4162
120.000	20.2009	0.4039	0.3169	0.1305	0.0784	-0.0554	-0.6892	0.5188
125.000	19.1603	0.3808	0.3448	0.1391	0.0817	-0.0706	-0.6029	0.6167
130.000	18.0551	0.3532	0.3697	0.1466	0.0828	-0.0858	-0.4964	0.7067
135.000	16.9191	0.3211	0.3899	0.1522	0.0814	-0.1001	-0.3683	0.7847
140.000	15.7866	0.2844	0.4033	0.1553	0.0772	-0.1126	-0.2184	0.8452
145.000	14.6916	0.2433	0.4073	0.1551	0.0701	-0.1219	-0.0478	0.8814
150.000	13.6670	0.1988	0.3991	0.1504	0.0602	-0.1264	0.1402	0.8858
155.000	12.7433	0.1524	0.3756	0.1403	0.0482	-0.1246	0.3385	0.8503
160.000	11.9476	0.1065	0.3342	0.1240	0.0348	-0.1150	0.5363	0.7683
165.000	11.3034	0.0645	0.2737	0.1010	0.0216	-0.0968	0.7185	0.6364
170.000	10.8294	0.0303	0.1949	0.0716	0.0104	-0.0703	0.8675	0.4568
175.000	10.5395	0.0078	0.1015	0.0372	0.0027	-0.0371	0.9656	0.2391
180.000	10.4418	0.0000	0.0000	0.0000	0.0000	0.0000	1.0000	0.0000
