0.000	8.4948	0.0000	0.0000	0.0000	0.0000	0.0000	1.0000	0.0000
5.000	8.5664	0.0085	-0.0242	0.0078	0.0001	-0.0082	0.9721	-0.2331
10.000	8.7807	0.0332	-0.0489	0.0122	0.0005	-0.0157	0.8918	-0.4484
15.000	9.1360	0.0717	-0.0744	0.0110	0.0010	-0.0220	0.7683	-0.6314
20.000	9.6285	0.1204	-0.1000	0.0031	0.0018	-0.0269	0.6146	-0.7727
25.000	10.2516	0.1755	-0.1246	-0.0107	0.0027	-0.0304	0.4446	-0.8690
30.000	10.9945	0.2332	-0.1469	-0.0287	0.0037	-0.0330	0.2710	-0.9221
35.000	11.8413	0.2904	-0.1652	-0.0486	0.0045	-0.0350	0.1039	-0.9374
40.000	12.7704	0.3448	-0.1785	-0.0681	0.0050	-0.0370	-0.0502	-0.9219
45.000	13.7542	0.3948	-0.1860	-0.0853	0.0051	-0.0393	-0.1876	-0.8832
50.000	14.7599	0.4395	-0.1875	-0.0991	0.0045	-0.0422	-0.3069	-0.8280
55.000	15.7506	0.4786	-0.1832	-0.1089	0.0032	-0.0458	-0.4086	-0.7617
60.000	16.6870	0.5121	-0.1736	-0.1145	0.0011	-0.0502	-0.4940	-0.6886
65.000	17.5295	0.5402	-0.1594	-0.1163	-0.0018	-0.0554	-0.5649	-0.6116
70.000	18.2409	0.5635	-0.1413	-0.1147	-0.0055	-0.0611	-0.6231	-0.5326
75.000	18.7885	0.5822	-0.1200	-0.1105	-0.0100	-0.0674	-0.6702	-0.4528
80.000	19.1459	0.5970	-0.0963	-0.1042	-0.0150	-0.0739	-0.7076	-0.3726
85.000	19.2944	0.6081	-0.0707	-0.0964	-0.0205	-0.0807	-0.7364	-0.2922
90.000	19.2242	0.6159	-0.0434	-0.0875	-0.0262	-0.0875	-0.7572	-0.2116
95.000	18.9340	0.6207	-0.0148	-0.0777	-0.0319	-0.0944	-0.7704	-0.1305
100.000	18.4309	0.6228	0.0152	-0.0673	-0.0374	-0.1012	-0.7762	-0.0486
105.000	17.7294	0.6221	0.0466	-0.0561	-0.0425	-0.1080	-0.7741	0.0341
110.000	16.8501	0.6187	0.0798	-0.0439	-0.0468	-0.1149	-0.7638	0.1180
115.000	15.8187	0.6124	0.1151	-0.0305	-0.0502	-0.1220	-0.7443	0.2029
120.000	14.6646	0.6028	0.1530	-0.0155	-0.0524	-0.1295	-0.7144	0.2890
125.000	13.4201	0.5893	0.1939	0.0016	-0.0535	-0.1376	-0.6724	0.3758
130.000	12.1194	0.5710	0.2378	0.0211	-0.0532	-0.1462	-0.6160	0.4628
135.000	10.7979	0.5467	0.2847	0.0430	-0.0515	-0.1555	-0.5421	0.5489
140.000	9.4915	0.5148	0.3334	0.0672	-0.0484	-0.1652	-0.4468	0.6317
145.000	8.2358	0.4733	0.3817	0.0928	-0.0440	-0.1745	-0.3253	0.7076
150.000	7.0653	0.4202	0.4252	0.1179	-0.0383	-0.1821	-0.1720	0.7696
155.000	6.0125	0.3536	0.4564	0.1393	-0.0314	-0.1855	0.0174	0.8064
160.000	5.1070	0.2733	0.4632	0.1516	-0.0237	-0.1809	0.2432	0.8008
165.000	4.3743	0.1830	0.4299	0.1480	-0.0155	-0.1630	0.4945	0.7295
170.000	3.8354	0.0941	0.3408	0.1214	-0.0078	-0.1266	0.7406	0.5702
175.000	3.5058	0.0260	0.1911	0.0695	-0.0021	-0.0702	0.9285	0.3170
180.000	3.3948	0.0000	0.0001	0.0001	0.0000	-0.0001	1.0000	0.0001
