0.000	5.1827	0.0000	0.0000	0.0000	0.0000	0.0000	1.0000	0.0000
5.000	5.2253	0.0084	-0.0477	0.0188	-0.0036	-0.0189	0.9734	-0.2240
10.000	5.3522	0.0327	-0.0935	0.0350	-0.0140	-0.0357	0.8967	-0.4311
15.000	5.5610	0.0703	-0.1356	0.0465	-0.0298	-0.0487	0.7788	-0.6075
20.000	5.8473	0.1177	-0.1728	0.0523	-0.0492	-0.0569	0.6317	-0.7445
25.000	6.2047	0.1710	-0.2045	0.0521	-0.0702	-0.0601	0.4686	-0.8388
30.000	6.6246	0.2269	-0.2302	0.0465	-0.0910	-0.0584	0.3012	-0.8918
35.000	7.0963	0.2825	-0.2501	0.0367	-0.1101	-0.0525	0.1389	-0.9082
40.000	7.6063	0.3359	-0.2644	0.0240	-0.1267	-0.0433	-0.0119	-0.8943
45.000	8.1389	0.3860	-0.2735	0.0098	-0.1401	-0.0317	-0.1472	-0.8567
50.000	8.6763	0.4322	-0.2780	-0.0048	-0.1501	-0.0186	-0.2654	-0.8016
55.000	9.1989	0.4741	-0.2784	-0.0188	-0.1566	-0.0047	-0.3662	-0.7345
60.000	9.6859	0.5120	-0.2751	-0.0313	-0.1597	0.0093	-0.4501	-0.6595
65.000	10.1165	0.5461	-0.2684	-0.0419	-0.1597	0.0231	-0.5185	-0.5802
70.000	10.4703	0.5765	-0.2589	-0.0503	-0.1568	0.0361	-0.5730	-0.4990
75.000	10.7285	0.6038	-0.2467	-0.0562	-0.1512	0.0480	-0.6149	-0.4177
80.000	10.8752	0.6281	-0.2321	-0.0596	-0.1432	0.0586	-0.6460	-0.3376
85.000	10.8980	0.6498	-0.2153	-0.0603	-0.1329	0.0675	-0.6675	-0.2595
90.000	10.7891	0.6691	-0.1963	-0.0585	-0.1205	0.0745	-0.6806	-0.1839
95.000	10.5457	0.6863	-0.1753	-0.0541	-0.1062	0.0793	-0.6865	-0.1110
100.000	10.1704	0.7016	-0.1521	-0.0471	-0.0900	0.0816	-0.6859	-0.0407
105.000	9.6712	0.7150	-0.1266	-0.0375	-0.0722	0.0809	-0.6794	0.0269
110.000	9.0612	0.7266	-0.0986	-0.0252	-0.0528	0.0770	-0.6676	0.0924
115.000	8.3579	0.7363	-0.0679	-0.0100	-0.0321	0.0691	-0.6506	0.1559
120.000	7.5825	0.7438	-0.0340	0.0082	-0.0104	0.0569	-0.6283	0.2181
125.000	6.7584	0.7486	0.0035	0.0298	0.0120	0.0397	-0.6004	0.2797
130.000	5.9104	0.7500	0.0451	0.0551	0.0346	0.0167	-0.5661	0.3414
135.000	5.0635	0.7468	0.0916	0.0846	0.0567	-0.0128	-0.5237	0.4042
140.000	4.2417	0.7372	0.1435	0.1188	0.0773	-0.0493	-0.4708	0.4690
145.000	3.4669	0.7183	0.2013	0.1579	0.0951	-0.0935	-0.4031	0.5368
150.000	2.7588	0.6859	0.2647	0.2018	0.1083	-0.1452	-0.3138	0.6074
155.000	2.1339	0.6334	0.3316	0.2488	0.1146	-0.2026	-0.1921	0.6780
160.000	1.6057	0.5511	0.3950	0.2938	0.1106	-0.2601	-0.0216	0.7391
165.000	1.1849	0.4275	0.4365	0.3231	0.0927	-0.3027	0.2170	0.7640
170.000	0.8791	0.2593	0.4154	0.3068	0.0593	-0.2983	0.5293	0.6940
175.000	0.6936	0.0828	0.2723	0.2008	0.0195	-0.1995	0.8505	0.4424
180.000	0.6314	0.0000	0.0001	0.0002	0.0000	-0.0002	1.0000	0.0001
