0.000	0.3217	0.0000	0.0000	0.0000	0.0000	0.0000	1.0000	0.0000
5.000	0.3233	0.0021	0.0592	0.0073	-0.0002	-0.0073	0.9771	-0.2042
10.000	0.3283	0.0083	0.1166	0.0143	-0.0009	-0.0143	0.9105	-0.3968
15.000	0.3364	0.0180	0.1705	0.0208	-0.0021	-0.0205	0.8054	-0.5674
20.000	0.3474	0.0302	0.2198	0.0264	-0.0035	-0.0259	0.6699	-0.7086
25.000	0.3611	0.0439	0.2638	0.0312	-0.0051	-0.0302	0.5129	-0.8158
30.000	0.3770	0.0581	0.3023	0.0351	-0.0067	-0.0335	0.3437	-0.8872
35.000	0.3948	0.0720	0.3355	0.0380	-0.0084	-0.0357	0.1703	-0.9238
40.000	0.4140	0.0849	0.3639	0.0402	-0.0100	-0.0371	-0.0004	-0.9276
45.000	0.4342	0.0963	0.3880	0.0416	-0.0114	-0.0376	-0.1630	-0.9021
50.000	0.4550	0.1060	0.4085	0.0424	-0.0127	-0.0374	-0.3136	-0.8508
55.000	0.4759	0.1139	0.4257	0.0426	-0.0137	-0.0367	-0.4491	-0.7774
60.000	0.4964	0.1197	0.4403	0.0424	-0.0145	-0.0356	-0.5675	-0.6856
65.000	0.5163	0.1237	0.4526	0.0419	-0.0151	-0.0342	-0.6674	-0.5786
70.000	0.5351	0.1259	0.4628	0.0410	-0.0154	-0.0325	-0.7477	-0.4596
75.000	0.5526	0.1264	0.4711	0.0398	-0.0154	-0.0308	-0.8078	-0.3314
80.000	0.5685	0.1253	0.4777	0.0384	-0.0153	-0.0289	-0.8472	-0.1969
85.000	0.5826	0.1228	0.4826	0.0368	-0.0150	-0.0270	-0.8655	-0.0586
90.000	0.5947	0.1189	0.4856	0.0350	-0.0144	-0.0251	-0.8625	0.0808
95.000	0.6048	0.1139	0.4866	0.0330	-0.0138	-0.0232	-0.8384	0.2185
100.000	0.6128	0.1078	0.4855	0.0309	-0.0129	-0.0214	-0.7932	0.3519
105.000	0.6188	0.1008	0.4820	0.0286	-0.0120	-0.0196	-0.7275	0.4781
110.000	0.6228	0.0930	0.4759	0.0263	-0.0109	-0.0179	-0.6420	0.5941
115.000	0.6251	0.0846	0.4668	0.0239	-0.0098	-0.0163	-0.5379	0.6970
120.000	0.6256	0.0757	0.4543	0.0215	-0.0086	-0.0147	-0.4170	0.7836
125.000	0.6248	0.0665	0.4383	0.0190	-0.0075	-0.0133	-0.2815	0.8511
130.000	0.6228	0.0572	0.4182	0.0167	-0.0063	-0.0119	-0.1343	0.8966
135.000	0.6200	0.0481	0.3940	0.0143	-0.0052	-0.0105	0.0211	0.9177
140.000	0.6165	0.0392	0.3654	0.0121	-0.0042	-0.0092	0.1804	0.9124
145.000	0.6128	0.0309	0.3323	0.0101	-0.0033	-0.0080	0.3390	0.8796
150.000	0.6090	0.0232	0.2948	0.0082	-0.0024	-0.0068	0.4916	0.8191
155.000	0.6053	0.0164	0.2531	0.0065	-0.0017	-0.0056	0.6327	0.7317
160.000	0.6020	0.0107	0.2076	0.0049	-0.0011	-0.0045	0.7571	0.6193
165.000	0.5993	0.0061	0.1588	0.0035	-0.0006	-0.0033	0.8598	0.4852
170.000	0.5973	0.0027	0.1074	0.0023	-0.0003	-0.0022	0.9365	0.3337
175.000	0.5960	0.0007	0.0542	0.0011	-0.0001	-0.0011	0.9840	0.1700
180.000	0.5956	0.0000	0.0000	0.0000	0.0000	0.0000	1.0000	0.0000
