0.000	4.9619	0.0000	0.0000	0.0000	0.0000	0.0000	1.0000	0.0000
5.000	4.9771	0.0042	0.0028	0.0405	-0.0012	-0.0410	0.9800	-0.1988
10.000	5.0242	0.0170	0.0020	0.0757	-0.0048	-0.0801	0.9210	-0.3882
15.000	5.1073	0.0386	-0.0053	0.1009	-0.0108	-0.1151	0.8260	-0.5594
20.000	5.2322	0.0691	-0.0209	0.1131	-0.0188	-0.1446	0.7004	-0.7041
25.000	5.4051	0.1081	-0.0448	0.1108	-0.0288	-0.1671	0.5514	-0.8159
30.000	5.6312	0.1544	-0.0756	0.0949	-0.0402	-0.1821	0.3885	-0.8909
35.000	5.9133	0.2062	-0.1106	0.0680	-0.0525	-0.1898	0.2214	-0.9285
40.000	6.2499	0.2610	-0.1462	0.0340	-0.0653	-0.1909	0.0592	-0.9314
45.000	6.6351	0.3162	-0.1795	-0.0031	-0.0780	-0.1865	-0.0908	-0.9048
50.000	7.0576	0.3695	-0.2078	-0.0396	-0.0902	-0.1784	-0.2240	-0.8554
55.000	7.5011	0.4191	-0.2296	-0.0727	-0.1016	-0.1677	-0.3383	-0.7899
60.000	7.9454	0.4640	-0.2444	-0.1008	-0.1122	-0.1557	-0.4336	-0.7143
65.000	8.3672	0.5035	-0.2524	-0.1233	-0.1217	-0.1434	-0.5113	-0.6333
70.000	8.7424	0.5377	-0.2543	-0.1403	-0.1303	-0.1312	-0.5735	-0.5503
75.000	9.0475	0.5668	-0.2508	-0.1521	-0.1378	-0.1195	-0.6223	-0.4674
80.000	9.2615	0.5912	-0.2429	-0.1596	-0.1444	-0.1086	-0.6599	-0.3858
85.000	9.3676	0.6115	-0.2315	-0.1633	-0.1499	-0.0983	-0.6879	-0.3062
90.000	9.3545	0.6282	-0.2173	-0.1641	-0.1544	-0.0888	-0.7079	-0.2285
95.000	9.2165	0.6418	-0.2007	-0.1624	-0.1578	-0.0800	-0.7209	-0.1525
100.000	8.9543	0.6526	-0.1820	-0.1586	-0.1600	-0.0720	-0.7275	-0.0780
105.000	8.5743	0.6610	-0.1614	-0.1530	-0.1609	-0.0647	-0.7283	-0.0046
110.000	8.0880	0.6671	-0.1388	-0.1457	-0.1604	-0.0583	-0.7233	0.0683
115.000	7.5109	0.6711	-0.1139	-0.1365	-0.1585	-0.0529	-0.7124	0.1410
120.000	6.8616	0.6727	-0.0866	-0.1254	-0.1551	-0.0489	-0.6953	0.2141
125.000	6.1608	0.6716	-0.0561	-0.1121	-0.1501	-0.0465	-0.6714	0.2879
130.000	5.4302	0.6672	-0.0221	-0.0964	-0.1436	-0.0460	-0.6395	0.3633
135.000	4.6916	0.6585	0.0161	-0.0778	-0.1356	-0.0479	-0.5976	0.4408
140.000	3.9665	0.6440	0.0590	-0.0561	-0.1261	-0.0523	-0.5429	0.5211
145.000	3.2752	0.6213	0.1070	-0.0312	-0.1152	-0.0597	-0.4704	0.6044
150.000	2.6365	0.5867	0.1596	-0.0032	-0.1027	-0.0698	-0.3728	0.6898
155.000	2.0670	0.5348	0.2147	0.0270	-0.0883	-0.0821	-0.2384	0.7728
160.000	1.5814	0.4579	0.2663	0.0570	-0.0716	-0.0945	-0.0510	0.8402
165.000	1.1913	0.3482	0.2996	0.0808	-0.0519	-0.1021	0.2067	0.8601
170.000	0.9061	0.2061	0.2852	0.0868	-0.0295	-0.0952	0.5330	0.7679
175.000	0.7324	0.0643	0.1851	0.0599	-0.0090	-0.0612	0.8549	0.4801
180.000	0.6740	0.0000	0.0001	0.0002	0.0000	-0.0002	1.0000	0.0001
