0.000	3.5265	0.0000	0.0000	0.0000	0.0000	0.0000	1.0000	0.0000
5.000	3.5698	0.0083	-0.0013	0.0053	-0.0011	-0.0052	0.9651	-0.2618
10.000	3.6980	0.0317	-0.0017	0.0103	-0.0040	-0.0097	0.8662	-0.4987
15.000	3.9072	0.0664	-0.0004	0.0150	-0.0082	-0.0130	0.7184	-0.6924
20.000	4.1905	0.1078	0.0029	0.0193	-0.0131	-0.0149	0.5411	-0.8340
25.000	4.5388	0.1514	0.0084	0.0231	-0.0177	-0.0155	0.3522	-0.9236
30.000	4.9410	0.1937	0.0159	0.0266	-0.0218	-0.0150	0.1656	-0.9669
35.000	5.3845	0.2326	0.0251	0.0298	-0.0248	-0.0136	-0.0096	-0.9723
40.000	5.8553	0.2669	0.0358	0.0329	-0.0267	-0.0118	-0.1688	-0.9483
45.000	6.3390	0.2963	0.0479	0.0360	-0.0275	-0.0097	-0.3102	-0.9023
50.000	6.8209	0.3207	0.0610	0.0390	-0.0271	-0.0076	-0.4337	-0.8403
55.000	7.2868	0.3405	0.0752	0.0422	-0.0257	-0.0058	-0.5402	-0.7666
60.000	7.7231	0.3561	0.0905	0.0455	-0.0233	-0.0043	-0.6309	-0.6844
65.000	8.1175	0.3678	0.1067	0.0489	-0.0201	-0.0033	-0.7073	-0.5959
70.000	8.4595	0.3760	0.1238	0.0524	-0.0161	-0.0028	-0.7703	-0.5025
75.000	8.7400	0.3810	0.1419	0.0562	-0.0115	-0.0031	-0.8208	-0.4051
80.000	8.9524	0.3831	0.1609	0.0601	-0.0064	-0.0041	-0.8593	-0.3043
85.000	9.0918	0.3824	0.1807	0.0641	-0.0009	-0.0059	-0.8860	-0.2007
90.000	9.1560	0.3791	0.2014	0.0682	0.0048	-0.0085	-0.9008	-0.0944
95.000	9.1447	0.3732	0.2228	0.0724	0.0106	-0.0120	-0.9032	0.0141
100.000	9.0599	0.3649	0.2447	0.0766	0.0164	-0.0165	-0.8926	0.1244
105.000	8.9056	0.3540	0.2669	0.0808	0.0219	-0.0217	-0.8680	0.2358
110.000	8.6879	0.3406	0.2890	0.0848	0.0270	-0.0278	-0.8280	0.3472
115.000	8.4144	0.3245	0.3105	0.0885	0.0314	-0.0346	-0.7713	0.4572
120.000	8.0944	0.3057	0.3307	0.0917	0.0350	-0.0418	-0.6963	0.5638
125.000	7.7381	0.2841	0.3488	0.0943	0.0374	-0.0492	-0.6015	0.6640
130.000	7.3570	0.2596	0.3636	0.0961	0.0386	-0.0565	-0.4859	0.7542
135.000	6.9630	0.2322	0.3737	0.0966	0.0384	-0.0632	-0.3488	0.8298
140.000	6.5685	0.2023	0.3773	0.0957	0.0366	-0.0686	-0.1908	0.8851
145.000	6.1857	0.1702	0.3726	0.0928	0.0333	-0.0720	-0.0142	0.9134
150.000	5.8262	0.1367	0.3573	0.0876	0.0285	-0.0728	0.1764	0.9078
155.000	5.5012	0.1031	0.3297	0.0797	0.0227	-0.0702	0.3733	0.8616
160.000	5.2206	0.0709	0.2882	0.0689	0.0163	-0.0635	0.5654	0.7699
165.000	4.9930	0.0424	0.2324	0.0551	0.0101	-0.0526	0.7387	0.6314
170.000	4.8252	0.0197	0.1636	0.0385	0.0048	-0.0377	0.8780	0.4495
175.000	4.7225	0.0051	0.0846	0.0198	0.0013	-0.0197	0.9685	0.2340
180.000	4.6879	0.0000	0.0000	0.0000	0.0000	0.0000	1.0000	0.0000
