0.000	12.4203	0.0000	0.0000	0.0000	0.0000	0.0000	1.0000	0.0000
5.000	12.5762	0.0107	-0.0305	-0.0018	-0.0002	0.0016	0.9655	-0.2584
10.000	13.0382	0.0411	-0.0589	-0.0047	-0.0008	0.0030	0.8679	-0.4916
15.000	13.7894	0.0861	-0.0834	-0.0092	-0.0014	0.0041	0.7225	-0.6809
20.000	14.8025	0.1396	-0.1031	-0.0153	-0.0020	0.0047	0.5488	-0.8178
25.000	16.0412	0.1959	-0.1174	-0.0227	-0.0023	0.0049	0.3647	-0.9030
30.000	17.4618	0.2507	-0.1264	-0.0306	-0.0021	0.0045	0.1835	-0.9425
35.000	19.0154	0.3014	-0.1303	-0.0380	-0.0014	0.0035	0.0139	-0.9452
40.000	20.6496	0.3466	-0.1294	-0.0443	-0.0002	0.0020	-0.1397	-0.9196
45.000	22.3108	0.3859	-0.1239	-0.0490	0.0013	0.0000	-0.2758	-0.8730
50.000	23.9460	0.4195	-0.1142	-0.0515	0.0031	-0.0026	-0.3943	-0.8113
55.000	25.5046	0.4478	-0.1006	-0.0517	0.0052	-0.0057	-0.4961	-0.7388
60.000	26.9394	0.4712	-0.0834	-0.0496	0.0073	-0.0094	-0.5825	-0.6588
65.000	28.2080	0.4903	-0.0630	-0.0453	0.0096	-0.0136	-0.6548	-0.5733
70.000	29.2737	0.5055	-0.0396	-0.0389	0.0118	-0.0184	-0.7139	-0.4840
75.000	30.1058	0.5172	-0.0138	-0.0306	0.0140	-0.0237	-0.7609	-0.3919
80.000	30.6805	0.5256	0.0143	-0.0209	0.0162	-0.0295	-0.7964	-0.2977
85.000	30.9808	0.5309	0.0441	-0.0098	0.0184	-0.0360	-0.8209	-0.2019
90.000	30.9976	0.5333	0.0755	0.0022	0.0206	-0.0430	-0.8347	-0.1049
95.000	30.7294	0.5326	0.1080	0.0149	0.0228	-0.0507	-0.8377	-0.0070
100.000	30.1828	0.5289	0.1416	0.0283	0.0251	-0.0590	-0.8297	0.0917
105.000	29.3724	0.5220	0.1759	0.0420	0.0273	-0.0679	-0.8103	0.1909
110.000	28.3210	0.5116	0.2107	0.0560	0.0296	-0.0776	-0.7784	0.2900
115.000	27.0586	0.4975	0.2458	0.0702	0.0318	-0.0878	-0.7331	0.3884
120.000	25.6222	0.4790	0.2806	0.0844	0.0337	-0.0986	-0.6728	0.4852
125.000	24.0544	0.4559	0.3146	0.0985	0.0353	-0.1098	-0.5957	0.5786
130.000	22.4019	0.4274	0.3467	0.1120	0.0363	-0.1208	-0.4999	0.6662
135.000	20.7143	0.3933	0.3754	0.1245	0.0365	-0.1312	-0.3834	0.7446
140.000	19.0417	0.3529	0.3985	0.1351	0.0355	-0.1401	-0.2446	0.8088
145.000	17.4334	0.3064	0.4131	0.1427	0.0332	-0.1463	-0.0833	0.8523
150.000	15.9363	0.2543	0.4153	0.1458	0.0294	-0.1482	0.0988	0.8669
155.000	14.5930	0.1981	0.4007	0.1426	0.0243	-0.1441	0.2964	0.8434
160.000	13.4410	0.1407	0.3651	0.1314	0.0181	-0.1322	0.4994	0.7726
165.000	12.5118	0.0864	0.3052	0.1108	0.0116	-0.1112	0.6919	0.6484
170.000	11.8301	0.0411	0.2210	0.0808	0.0056	-0.0809	0.8533	0.4705
175.000	11.4139	0.0107	0.1164	0.0427	0.0015	-0.0427	0.9617	0.2480
180.000	11.2739	0.0000	0.0000	0.0000	0.0000	0.0000	1.0000	0.0000
