0.000	8.2430	0.0000	0.0000	0.0000	0.0000	0.0000	1.0000	0.0000
5.000	8.3153	0.0085	-0.0234	0.0136	-0.0008	-0.0140	0.9711	-0.2372
10.000	8.5312	0.0330	-0.0474	0.0237	-0.0031	-0.0268	0.8882	-0.4557
15.000	8.8879	0.0710	-0.0720	0.0276	-0.0065	-0.0375	0.7610	-0.6403
20.000	9.3805	0.1189	-0.0969	0.0242	-0.0105	-0.0455	0.6034	-0.7816
25.000	10.0005	0.1728	-0.1210	0.0139	-0.0149	-0.0507	0.4299	-0.8764
30.000	10.7358	0.2290	-0.1432	-0.0015	-0.0191	-0.0535	0.2536	-0.9271
35.000	11.5695	0.2846	-0.1621	-0.0200	-0.0230	-0.0544	0.0844	-0.9394
40.000	12.4797	0.3373	-0.1766	-0.0391	-0.0264	-0.0539	-0.0710	-0.9208
45.000	13.4395	0.3858	-0.1862	-0.0572	-0.0292	-0.0528	-0.2091	-0.8789
50.000	14.4175	0.4294	-0.1903	-0.0726	-0.0317	-0.0514	-0.3288	-0.8203
55.000	15.3790	0.4677	-0.1891	-0.0847	-0.0338	-0.0501	-0.4304	-0.7508
60.000	16.2872	0.5009	-0.1828	-0.0929	-0.0356	-0.0492	-0.5154	-0.6745
65.000	17.1052	0.5293	-0.1719	-0.0974	-0.0372	-0.0488	-0.5854	-0.5945
70.000	17.7978	0.5530	-0.1569	-0.0984	-0.0386	-0.0490	-0.6423	-0.5127
75.000	18.3337	0.5727	-0.1383	-0.0963	-0.0398	-0.0497	-0.6877	-0.4304
80.000	18.6870	0.5886	-0.1168	-0.0915	-0.0407	-0.0511	-0.7231	-0.3481
85.000	18.8389	0.6011	-0.0928	-0.0845	-0.0415	-0.0531	-0.7495	-0.2663
90.000	18.7780	0.6105	-0.0666	-0.0757	-0.0419	-0.0557	-0.7679	-0.1847
95.000	18.5016	0.6170	-0.0385	-0.0653	-0.0418	-0.0589	-0.7786	-0.1032
100.000	18.0146	0.6207	-0.0086	-0.0537	-0.0412	-0.0629	-0.7820	-0.0216
105.000	17.3299	0.6216	0.0231	-0.0408	-0.0400	-0.0677	-0.7777	0.0606
110.000	16.4671	0.6198	0.0567	-0.0266	-0.0381	-0.0735	-0.7655	0.1435
115.000	15.4512	0.6148	0.0923	-0.0112	-0.0356	-0.0804	-0.7444	0.2274
120.000	14.3120	0.6064	0.1301	0.0056	-0.0323	-0.0886	-0.7134	0.3125
125.000	13.0825	0.5938	0.1704	0.0240	-0.0283	-0.0982	-0.6706	0.3985
130.000	11.7979	0.5762	0.2129	0.0440	-0.0238	-0.1093	-0.6138	0.4851
135.000	10.4945	0.5523	0.2575	0.0656	-0.0190	-0.1218	-0.5398	0.5713
140.000	9.2088	0.5206	0.3031	0.0883	-0.0141	-0.1354	-0.4447	0.6548
145.000	7.9764	0.4790	0.3475	0.1114	-0.0093	-0.1493	-0.3233	0.7316
150.000	6.8311	0.4255	0.3868	0.1329	-0.0051	-0.1618	-0.1704	0.7948
155.000	5.8042	0.3582	0.4143	0.1501	-0.0018	-0.1704	0.0187	0.8326
160.000	4.9234	0.2769	0.4194	0.1581	0.0003	-0.1706	0.2442	0.8269
165.000	4.2126	0.1855	0.3883	0.1506	0.0012	-0.1569	0.4951	0.7535
170.000	3.6909	0.0954	0.3072	0.1215	0.0010	-0.1237	0.7410	0.5891
175.000	3.3722	0.0263	0.1721	0.0689	0.0003	-0.0691	0.9286	0.3276
180.000	3.2649	0.0000	0.0001	0.0001	0.0000	-0.0001	1.0000	0.0001
