0.000	9.5655	0.0000	0.0000	0.0000	0.0000	0.0000	1.0000	0.0000
5.000	9.6730	0.0103	-0.0567	-0.0010	-0.0025	0.0011	0.9680	-0.2440
10.000	9.9923	0.0394	-0.1088	-0.0022	-0.0095	0.0027	0.8772	-0.4659
15.000	10.5134	0.0833	-0.1527	-0.0039	-0.0198	0.0054	0.7407	-0.6486
20.000	11.2201	0.1366	-0.1864	-0.0059	-0.0317	0.0092	0.5758	-0.7836
25.000	12.0899	0.1939	-0.2097	-0.0082	-0.0438	0.0141	0.3990	-0.8702
30.000	13.0952	0.2512	-0.2232	-0.0104	-0.0549	0.0199	0.2236	-0.9131
35.000	14.2033	0.3056	-0.2284	-0.0125	-0.0640	0.0263	0.0583	-0.9200
40.000	15.3777	0.3555	-0.2268	-0.0140	-0.0708	0.0329	-0.0916	-0.8988
45.000	16.5791	0.4002	-0.2197	-0.0148	-0.0750	0.0394	-0.2242	-0.8569
50.000	17.7666	0.4398	-0.2084	-0.0148	-0.0767	0.0456	-0.3392	-0.8002
55.000	18.8991	0.4743	-0.1936	-0.0137	-0.0760	0.0512	-0.4375	-0.7334
60.000	19.9364	0.5043	-0.1761	-0.0115	-0.0729	0.0560	-0.5204	-0.6600
65.000	20.8413	0.5302	-0.1563	-0.0081	-0.0678	0.0598	-0.5894	-0.5823
70.000	21.5799	0.5523	-0.1345	-0.0035	-0.0606	0.0625	-0.6459	-0.5021
75.000	22.1239	0.5711	-0.1109	0.0025	-0.0516	0.0638	-0.6914	-0.4204
80.000	22.4508	0.5870	-0.0855	0.0098	-0.0411	0.0635	-0.7268	-0.3380
85.000	22.5451	0.6000	-0.0584	0.0186	-0.0290	0.0614	-0.7531	-0.2553
90.000	22.3989	0.6104	-0.0295	0.0289	-0.0156	0.0573	-0.7708	-0.1724
95.000	22.0121	0.6182	0.0014	0.0407	-0.0012	0.0509	-0.7803	-0.0893
100.000	21.3924	0.6234	0.0344	0.0541	0.0141	0.0420	-0.7818	-0.0059
105.000	20.5553	0.6257	0.0695	0.0692	0.0300	0.0302	-0.7750	0.0780
110.000	19.5232	0.6250	0.1070	0.0860	0.0461	0.0153	-0.7593	0.1624
115.000	18.3248	0.6207	0.1468	0.1044	0.0621	-0.0028	-0.7341	0.2476
120.000	16.9943	0.6124	0.1890	0.1245	0.0774	-0.0245	-0.6978	0.3336
125.000	15.5695	0.5991	0.2333	0.1460	0.0914	-0.0496	-0.6486	0.4201
130.000	14.0910	0.5798	0.2791	0.1687	0.1034	-0.0779	-0.5841	0.5063
135.000	12.6006	0.5532	0.3255	0.1919	0.1125	-0.1090	-0.5011	0.5909
140.000	11.1395	0.5177	0.3707	0.2147	0.1175	-0.1418	-0.3957	0.6709
145.000	9.7477	0.4716	0.4117	0.2353	0.1175	-0.1743	-0.2638	0.7414
150.000	8.4620	0.4131	0.4437	0.2512	0.1114	-0.2034	-0.1012	0.7947
155.000	7.3157	0.3416	0.4595	0.2584	0.0982	-0.2242	0.0937	0.8187
160.000	6.3378	0.2584	0.4493	0.2514	0.0782	-0.2301	0.3171	0.7968
165.000	5.5520	0.1690	0.4019	0.2241	0.0532	-0.2134	0.5548	0.7099
170.000	4.9773	0.0849	0.3082	0.1715	0.0275	-0.1678	0.7769	0.5428
175.000	4.6271	0.0230	0.1689	0.0938	0.0076	-0.0933	0.9396	0.2969
180.000	4.5095	0.0000	0.0001	0.0001	0.0000	-0.0001	1.0000	0.0001
