0.000	7.7164	0.0000	0.0000	0.0000	0.0000	0.0000	1.0000	0.0000
5.000	7.8041	0.0086	-0.0258	-0.0034	-0.0008	0.0035	0.9665	-0.2551
10.000	8.0644	0.0329	-0.0486	-0.0062	-0.0031	0.0070	0.8714	-0.4870
15.000	8.4894	0.0693	-0.0660	-0.0080	-0.0063	0.0105	0.7284	-0.6783
20.000	9.0657	0.1132	-0.0770	-0.0084	-0.0098	0.0139	0.5555	-0.8200
25.000	9.7757	0.1600	-0.0812	-0.0074	-0.0131	0.0172	0.3698	-0.9114
30.000	10.5971	0.2061	-0.0795	-0.0052	-0.0156	0.0203	0.1849	-0.9573
35.000	11.5047	0.2492	-0.0726	-0.0019	-0.0170	0.0231	0.0101	-0.9653
40.000	12.4702	0.2879	-0.0615	0.0024	-0.0172	0.0255	-0.1495	-0.9434
45.000	13.4641	0.3218	-0.0472	0.0074	-0.0162	0.0274	-0.2916	-0.8990
50.000	14.4558	0.3507	-0.0304	0.0131	-0.0140	0.0288	-0.4159	-0.8380
55.000	15.4156	0.3748	-0.0114	0.0193	-0.0106	0.0296	-0.5231	-0.7649
60.000	16.3148	0.3945	0.0092	0.0260	-0.0062	0.0296	-0.6143	-0.6831
65.000	17.1273	0.4103	0.0312	0.0332	-0.0009	0.0288	-0.6908	-0.5948
70.000	17.8299	0.4223	0.0546	0.0407	0.0053	0.0270	-0.7535	-0.5017
75.000	18.4034	0.4309	0.0791	0.0486	0.0122	0.0242	-0.8036	-0.4049
80.000	18.8327	0.4364	0.1048	0.0568	0.0196	0.0202	-0.8414	-0.3050
85.000	19.1075	0.4388	0.1315	0.0653	0.0274	0.0151	-0.8674	-0.2025
90.000	19.2221	0.4384	0.1591	0.0740	0.0354	0.0087	-0.8815	-0.0979
95.000	19.1756	0.4350	0.1875	0.0828	0.0435	0.0010	-0.8835	0.0086
100.000	18.9717	0.4286	0.2164	0.0918	0.0513	-0.0080	-0.8727	0.1164
105.000	18.6189	0.4193	0.2457	0.1007	0.0586	-0.0183	-0.8483	0.2249
110.000	18.1294	0.4067	0.2749	0.1095	0.0652	-0.0297	-0.8092	0.3332
115.000	17.5196	0.3909	0.3036	0.1179	0.0706	-0.0422	-0.7541	0.4400
120.000	16.8092	0.3715	0.3309	0.1257	0.0747	-0.0554	-0.6814	0.5435
125.000	16.0207	0.3483	0.3560	0.1327	0.0770	-0.0689	-0.5897	0.6412
130.000	15.1787	0.3212	0.3775	0.1383	0.0772	-0.0822	-0.4778	0.7297
135.000	14.3095	0.2901	0.3940	0.1422	0.0751	-0.0945	-0.3447	0.8046
140.000	13.4399	0.2551	0.4033	0.1436	0.0705	-0.1048	-0.1908	0.8605
145.000	12.5968	0.2167	0.4033	0.1418	0.0633	-0.1119	-0.0177	0.8909
150.000	11.8060	0.1757	0.3912	0.1361	0.0539	-0.1147	0.1704	0.8886
155.000	11.0917	0.1336	0.3646	0.1257	0.0426	-0.1118	0.3661	0.8466
160.000	10.4756	0.0926	0.3215	0.1100	0.0305	-0.1022	0.5586	0.7594
165.000	9.9761	0.0557	0.2612	0.0889	0.0188	-0.0853	0.7337	0.6250
170.000	9.6083	0.0260	0.1849	0.0626	0.0090	-0.0615	0.8753	0.4462
175.000	9.3832	0.0067	0.0959	0.0324	0.0023	-0.0323	0.9678	0.2328
180.000	9.3073	0.0000	0.0000	0.0000	0.0000	0.0000	1.0000	0.0000
