0.000	9.5891	0.0000	0.0000	0.0000	0.0000	0.0000	1.0000	0.0000
5.000	9.7150	0.0102	-0.0309	0.0027	-0.0019	-0.0026	0.9640	-0.2638
10.000	10.0885	0.0389	-0.0584	0.0051	-0.0070	-0.0045	0.8625	-0.5011
15.000	10.6970	0.0814	-0.0802	0.0073	-0.0145	-0.0053	0.7120	-0.6927
20.000	11.5199	0.1317	-0.0951	0.0091	-0.0230	-0.0049	0.5330	-0.8301
25.000	12.5295	0.1844	-0.1032	0.0107	-0.0313	-0.0032	0.3446	-0.9142
30.000	13.6922	0.2354	-0.1052	0.0121	-0.0386	-0.0006	0.1606	-0.9520
35.000	14.9695	0.2824	-0.1022	0.0136	-0.0445	0.0026	-0.0104	-0.9529
40.000	16.3196	0.3240	-0.0952	0.0151	-0.0485	0.0063	-0.1640	-0.9257
45.000	17.6985	0.3599	-0.0851	0.0169	-0.0507	0.0099	-0.2991	-0.8783
50.000	19.0622	0.3904	-0.0725	0.0191	-0.0512	0.0135	-0.4162	-0.8165
55.000	20.3674	0.4157	-0.0579	0.0217	-0.0499	0.0166	-0.5164	-0.7449
60.000	21.5735	0.4365	-0.0416	0.0248	-0.0470	0.0193	-0.6015	-0.6664
65.000	22.6432	0.4531	-0.0238	0.0284	-0.0428	0.0212	-0.6729	-0.5830
70.000	23.5444	0.4661	-0.0046	0.0327	-0.0372	0.0223	-0.7320	-0.4962
75.000	24.2504	0.4757	0.0160	0.0375	-0.0306	0.0224	-0.7798	-0.4066
80.000	24.7407	0.4823	0.0380	0.0430	-0.0229	0.0214	-0.8171	-0.3148
85.000	25.0019	0.4860	0.0613	0.0492	-0.0145	0.0191	-0.8444	-0.2210
90.000	25.0276	0.4870	0.0861	0.0559	-0.0054	0.0155	-0.8617	-0.1252
95.000	24.8184	0.4853	0.1121	0.0633	0.0040	0.0104	-0.8689	-0.0275
100.000	24.3819	0.4808	0.1395	0.0713	0.0137	0.0037	-0.8655	0.0719
105.000	23.7324	0.4734	0.1681	0.0797	0.0233	-0.0046	-0.8506	0.1731
110.000	22.8901	0.4629	0.1977	0.0886	0.0325	-0.0145	-0.8230	0.2754
115.000	21.8808	0.4491	0.2280	0.0977	0.0411	-0.0259	-0.7813	0.3783
120.000	20.7348	0.4315	0.2584	0.1068	0.0486	-0.0388	-0.7237	0.4805
125.000	19.4859	0.4098	0.2882	0.1157	0.0547	-0.0527	-0.6481	0.5802
130.000	18.1710	0.3835	0.3163	0.1240	0.0589	-0.0672	-0.5523	0.6747
135.000	16.8282	0.3522	0.3413	0.1311	0.0610	-0.0817	-0.4342	0.7601
140.000	15.4963	0.3156	0.3610	0.1363	0.0604	-0.0951	-0.2923	0.8310
145.000	14.2136	0.2736	0.3728	0.1388	0.0570	-0.1062	-0.1261	0.8803
150.000	13.0169	0.2268	0.3734	0.1373	0.0507	-0.1134	0.0623	0.8993
155.000	11.9403	0.1765	0.3589	0.1307	0.0418	-0.1147	0.2674	0.8779
160.000	11.0143	0.1252	0.3259	0.1177	0.0311	-0.1084	0.4784	0.8064
165.000	10.2654	0.0769	0.2717	0.0976	0.0198	-0.0932	0.6789	0.6781
170.000	9.7148	0.0366	0.1963	0.0702	0.0096	-0.0688	0.8470	0.4928
175.000	9.3781	0.0095	0.1032	0.0368	0.0026	-0.0366	0.9600	0.2600
180.000	9.2647	0.0000	0.0000	0.0000	0.0000	0.0000	1.0000	0.0000
