0.000	7.2255	0.0000	0.0000	0.0000	0.0000	0.0000	1.0000	0.0000
5.000	7.3101	0.0095	-0.0189	-0.0021	0.0000	0.0020	0.9671	-0.2537
10.000	7.5602	0.0363	-0.0361	-0.0044	-0.0001	0.0036	0.8736	-0.4840
15.000	7.9657	0.0762	-0.0502	-0.0073	0.0000	0.0048	0.7334	-0.6736
20.000	8.5102	0.1235	-0.0603	-0.0107	0.0002	0.0054	0.5644	-0.8141
25.000	9.1724	0.1734	-0.0662	-0.0142	0.0007	0.0054	0.3829	-0.9050
30.000	9.9273	0.2219	-0.0678	-0.0175	0.0016	0.0048	0.2020	-0.9517
35.000	10.7474	0.2665	-0.0653	-0.0203	0.0029	0.0036	0.0300	-0.9614
40.000	11.6046	0.3060	-0.0591	-0.0221	0.0045	0.0020	-0.1284	-0.9417
45.000	12.4709	0.3401	-0.0493	-0.0227	0.0065	-0.0002	-0.2712	-0.8993
50.000	13.3199	0.3688	-0.0362	-0.0218	0.0087	-0.0027	-0.3978	-0.8396
55.000	14.1277	0.3925	-0.0201	-0.0194	0.0112	-0.0057	-0.5083	-0.7664
60.000	14.8727	0.4116	-0.0011	-0.0154	0.0138	-0.0091	-0.6034	-0.6829
65.000	15.5366	0.4266	0.0205	-0.0099	0.0165	-0.0130	-0.6837	-0.5914
70.000	16.1039	0.4380	0.0443	-0.0031	0.0192	-0.0173	-0.7497	-0.4934
75.000	16.5622	0.4459	0.0701	0.0050	0.0220	-0.0221	-0.8018	-0.3905
80.000	16.9017	0.4506	0.0975	0.0140	0.0248	-0.0273	-0.8401	-0.2836
85.000	17.1156	0.4524	0.1262	0.0237	0.0275	-0.0330	-0.8648	-0.1739
90.000	17.1998	0.4511	0.1558	0.0340	0.0302	-0.0393	-0.8758	-0.0620
95.000	17.1534	0.4469	0.1860	0.0446	0.0328	-0.0460	-0.8729	0.0510
100.000	16.9789	0.4395	0.2163	0.0553	0.0352	-0.0533	-0.8556	0.1642
105.000	16.6819	0.4289	0.2465	0.0659	0.0375	-0.0610	-0.8234	0.2767
110.000	16.2721	0.4149	0.2760	0.0762	0.0395	-0.0690	-0.7754	0.3872
115.000	15.7625	0.3972	0.3043	0.0861	0.0410	-0.0773	-0.7109	0.4940
120.000	15.1697	0.3756	0.3306	0.0953	0.0420	-0.0857	-0.6288	0.5952
125.000	14.5132	0.3500	0.3540	0.1035	0.0423	-0.0937	-0.5281	0.6881
130.000	13.8145	0.3204	0.3733	0.1104	0.0417	-0.1010	-0.4082	0.7692
135.000	13.0967	0.2867	0.3870	0.1155	0.0400	-0.1070	-0.2691	0.8342
140.000	12.3828	0.2495	0.3931	0.1183	0.0372	-0.1111	-0.1120	0.8780
145.000	11.6955	0.2094	0.3897	0.1180	0.0331	-0.1123	0.0604	0.8949
150.000	11.0558	0.1675	0.3745	0.1141	0.0280	-0.1099	0.2432	0.8790
155.000	10.4826	0.1257	0.3456	0.1058	0.0220	-0.1031	0.4288	0.8252
160.000	9.9919	0.0860	0.3019	0.0928	0.0157	-0.0912	0.6070	0.7301
165.000	9.5970	0.0511	0.2432	0.0750	0.0096	-0.0743	0.7654	0.5936
170.000	9.3078	0.0237	0.1709	0.0528	0.0045	-0.0526	0.8910	0.4199
175.000	9.1315	0.0061	0.0883	0.0273	0.0012	-0.0273	0.9720	0.2177
180.000	9.0723	0.0000	0.0000	0.0000	0.0000	0.0000	1.0000	0.0000
