0.000	6.0846	0.0000	0.0000	0.0000	0.0000	0.0000	1.0000	0.0000
5.000	6.1539	0.0090	-0.0171	-0.0033	0.0003	0.0032	0.9672	-0.2534
10.000	6.3585	0.0345	-0.0325	-0.0069	0.0012	0.0060	0.8739	-0.4838
15.000	6.6895	0.0723	-0.0449	-0.0109	0.0027	0.0080	0.7339	-0.6739
20.000	7.1325	0.1171	-0.0536	-0.0152	0.0048	0.0090	0.5646	-0.8153
25.000	7.6689	0.1642	-0.0580	-0.0195	0.0072	0.0090	0.3825	-0.9075
30.000	8.2775	0.2099	-0.0582	-0.0235	0.0101	0.0080	0.2001	-0.9555
35.000	8.9353	0.2518	-0.0542	-0.0266	0.0133	0.0061	0.0260	-0.9662
40.000	9.6196	0.2888	-0.0462	-0.0287	0.0166	0.0033	-0.1350	-0.9470
45.000	10.3084	0.3206	-0.0345	-0.0293	0.0201	-0.0002	-0.2806	-0.9043
50.000	10.9818	0.3472	-0.0192	-0.0282	0.0234	-0.0045	-0.4100	-0.8433
55.000	11.6221	0.3691	-0.0006	-0.0255	0.0266	-0.0093	-0.5231	-0.7681
60.000	12.2139	0.3867	0.0209	-0.0212	0.0295	-0.0147	-0.6202	-0.6817
65.000	12.7442	0.4005	0.0451	-0.0153	0.0321	-0.0207	-0.7017	-0.5865
70.000	13.2023	0.4109	0.0716	-0.0080	0.0343	-0.0272	-0.7677	-0.4845
75.000	13.5790	0.4181	0.0999	0.0003	0.0361	-0.0340	-0.8188	-0.3773
80.000	13.8666	0.4223	0.1296	0.0095	0.0374	-0.0412	-0.8549	-0.2664
85.000	14.0592	0.4236	0.1602	0.0193	0.0383	-0.0487	-0.8764	-0.1528
90.000	14.1524	0.4221	0.1914	0.0295	0.0389	-0.0564	-0.8832	-0.0378
95.000	14.1442	0.4175	0.2227	0.0398	0.0392	-0.0643	-0.8752	0.0775
100.000	14.0347	0.4099	0.2538	0.0500	0.0393	-0.0723	-0.8523	0.1921
105.000	13.8274	0.3990	0.2843	0.0600	0.0391	-0.0802	-0.8140	0.3049
110.000	13.5289	0.3846	0.3137	0.0698	0.0387	-0.0881	-0.7598	0.4146
115.000	13.1493	0.3665	0.3415	0.0791	0.0381	-0.0956	-0.6890	0.5196
120.000	12.7021	0.3447	0.3670	0.0878	0.0371	-0.1027	-0.6006	0.6177
125.000	12.2036	0.3189	0.3891	0.0956	0.0359	-0.1089	-0.4941	0.7062
130.000	11.6720	0.2894	0.4066	0.1023	0.0341	-0.1139	-0.3690	0.7817
135.000	11.1265	0.2565	0.4179	0.1074	0.0318	-0.1173	-0.2258	0.8398
140.000	10.5864	0.2206	0.4210	0.1103	0.0288	-0.1184	-0.0662	0.8758
145.000	10.0699	0.1828	0.4139	0.1103	0.0251	-0.1166	0.1064	0.8843
150.000	9.5930	0.1444	0.3944	0.1067	0.0208	-0.1113	0.2865	0.8603
155.000	9.1695	0.1068	0.3610	0.0990	0.0161	-0.1020	0.4663	0.7999
160.000	8.8104	0.0722	0.3129	0.0868	0.0113	-0.0885	0.6360	0.7014
165.000	8.5237	0.0424	0.2502	0.0701	0.0069	-0.0708	0.7845	0.5657
170.000	8.3154	0.0194	0.1749	0.0493	0.0032	-0.0495	0.9005	0.3976
175.000	8.1891	0.0050	0.0900	0.0255	0.0008	-0.0255	0.9745	0.2053
180.000	8.1468	0.0000	0.0000	0.0000	0.0000	0.0000	1.0000	0.0000
