0.000	8.8071	0.0000	0.0000	0.0000	0.0000	0.0000	1.0000	0.0000
5.000	8.9136	0.0100	-0.0232	-0.0026	-0.0001	0.0025	0.9664	-0.2558
10.000	9.2285	0.0381	-0.0445	-0.0057	-0.0002	0.0047	0.8712	-0.4874
15.000	9.7394	0.0797	-0.0622	-0.0094	-0.0002	0.0063	0.7290	-0.6771
20.000	10.4257	0.1292	-0.0754	-0.0137	-0.0001	0.0072	0.5581	-0.8163
25.000	11.2609	0.1811	-0.0838	-0.0183	0.0004	0.0074	0.3755	-0.9052
30.000	12.2137	0.2315	-0.0875	-0.0228	0.0012	0.0069	0.1945	-0.9494
35.000	13.2495	0.2778	-0.0867	-0.0266	0.0025	0.0058	0.0232	-0.9568
40.000	14.3326	0.3189	-0.0818	-0.0294	0.0041	0.0041	-0.1337	-0.9352
45.000	15.4275	0.3544	-0.0730	-0.0308	0.0061	0.0019	-0.2744	-0.8915
50.000	16.5005	0.3843	-0.0605	-0.0305	0.0084	-0.0008	-0.3985	-0.8311
55.000	17.5203	0.4091	-0.0448	-0.0286	0.0108	-0.0040	-0.5065	-0.7581
60.000	18.4590	0.4293	-0.0260	-0.0248	0.0134	-0.0076	-0.5991	-0.6757
65.000	19.2923	0.4453	-0.0045	-0.0194	0.0161	-0.0118	-0.6771	-0.5859
70.000	19.9999	0.4576	0.0196	-0.0124	0.0189	-0.0164	-0.7411	-0.4904
75.000	20.5651	0.4665	0.0457	-0.0041	0.0216	-0.0215	-0.7918	-0.3905
80.000	20.9750	0.4721	0.0737	0.0053	0.0243	-0.0270	-0.8294	-0.2871
85.000	21.2205	0.4748	0.1030	0.0157	0.0270	-0.0332	-0.8541	-0.1812
90.000	21.2964	0.4744	0.1335	0.0267	0.0297	-0.0398	-0.8660	-0.0734
95.000	21.2016	0.4710	0.1648	0.0381	0.0322	-0.0470	-0.8648	0.0356
100.000	20.9395	0.4646	0.1964	0.0497	0.0347	-0.0548	-0.8502	0.1450
105.000	20.5179	0.4548	0.2281	0.0614	0.0370	-0.0630	-0.8216	0.2541
110.000	19.9496	0.4415	0.2595	0.0729	0.0391	-0.0717	-0.7781	0.3618
115.000	19.2520	0.4245	0.2900	0.0841	0.0408	-0.0808	-0.7188	0.4668
120.000	18.4468	0.4035	0.3190	0.0948	0.0420	-0.0900	-0.6424	0.5673
125.000	17.5595	0.3781	0.3456	0.1046	0.0426	-0.0990	-0.5478	0.6609
130.000	16.6184	0.3483	0.3685	0.1133	0.0423	-0.1074	-0.4339	0.7444
135.000	15.6534	0.3140	0.3863	0.1202	0.0410	-0.1146	-0.3001	0.8135
140.000	14.6949	0.2754	0.3968	0.1248	0.0384	-0.1199	-0.1469	0.8631
145.000	13.7726	0.2331	0.3977	0.1263	0.0346	-0.1222	0.0238	0.8870
150.000	12.9143	0.1882	0.3864	0.1237	0.0295	-0.1207	0.2076	0.8787
155.000	12.1450	0.1424	0.3604	0.1162	0.0234	-0.1141	0.3971	0.8319
160.000	11.4862	0.0983	0.3179	0.1030	0.0168	-0.1019	0.5820	0.7419
165.000	10.9556	0.0589	0.2582	0.0841	0.0104	-0.0835	0.7488	0.6075
170.000	10.5669	0.0274	0.1827	0.0597	0.0050	-0.0595	0.8827	0.4321
175.000	10.3299	0.0071	0.0947	0.0310	0.0013	-0.0310	0.9698	0.2248
180.000	10.2502	0.0000	0.0000	0.0000	0.0000	0.0000	1.0000	0.0000
