0.000	10.9001	0.0000	0.0000	0.0000	0.0000	0.0000	1.0000	0.0000
5.000	11.0424	0.0103	-0.0356	0.0027	-0.0021	-0.0026	0.9643	-0.2623
10.000	11.4643	0.0395	-0.0676	0.0051	-0.0078	-0.0046	0.8634	-0.4984
15.000	12.1515	0.0827	-0.0933	0.0071	-0.0161	-0.0053	0.7137	-0.6891
20.000	13.0810	0.1340	-0.1114	0.0086	-0.0255	-0.0046	0.5357	-0.8259
25.000	14.2215	0.1877	-0.1220	0.0098	-0.0349	-0.0027	0.3481	-0.9097
30.000	15.5349	0.2399	-0.1259	0.0106	-0.0431	0.0003	0.1649	-0.9474
35.000	16.9776	0.2880	-0.1243	0.0114	-0.0498	0.0040	-0.0054	-0.9483
40.000	18.5022	0.3308	-0.1183	0.0123	-0.0545	0.0081	-0.1584	-0.9212
45.000	20.0589	0.3679	-0.1089	0.0135	-0.0572	0.0123	-0.2930	-0.8739
50.000	21.5975	0.3996	-0.0967	0.0151	-0.0579	0.0164	-0.4094	-0.8124
55.000	23.0687	0.4261	-0.0823	0.0173	-0.0568	0.0201	-0.5091	-0.7411
60.000	24.4260	0.4480	-0.0661	0.0200	-0.0540	0.0232	-0.5936	-0.6630
65.000	25.6267	0.4658	-0.0483	0.0233	-0.0497	0.0256	-0.6644	-0.5803
70.000	26.6338	0.4799	-0.0290	0.0274	-0.0439	0.0271	-0.7230	-0.4943
75.000	27.4166	0.4906	-0.0082	0.0321	-0.0369	0.0275	-0.7704	-0.4058
80.000	27.9513	0.4984	0.0140	0.0377	-0.0288	0.0268	-0.8074	-0.3153
85.000	28.2223	0.5033	0.0377	0.0440	-0.0198	0.0247	-0.8346	-0.2230
90.000	28.2220	0.5054	0.0628	0.0510	-0.0101	0.0211	-0.8521	-0.1290
95.000	27.9510	0.5048	0.0893	0.0588	0.0001	0.0159	-0.8598	-0.0334
100.000	27.4182	0.5015	0.1173	0.0673	0.0106	0.0090	-0.8573	0.0640
105.000	26.6399	0.4952	0.1467	0.0764	0.0211	0.0004	-0.8439	0.1629
110.000	25.6398	0.4858	0.1772	0.0861	0.0313	-0.0101	-0.8184	0.2631
115.000	24.4480	0.4729	0.2087	0.0962	0.0409	-0.0223	-0.7793	0.3641
120.000	23.0996	0.4561	0.2406	0.1065	0.0494	-0.0362	-0.7250	0.4647
125.000	21.6344	0.4350	0.2724	0.1168	0.0565	-0.0514	-0.6533	0.5636
130.000	20.0950	0.4090	0.3029	0.1266	0.0618	-0.0675	-0.5618	0.6580
135.000	18.5259	0.3776	0.3308	0.1355	0.0646	-0.0838	-0.4481	0.7446
140.000	16.9722	0.3402	0.3539	0.1425	0.0647	-0.0992	-0.3104	0.8179
145.000	15.4781	0.2968	0.3694	0.1468	0.0616	-0.1123	-0.1475	0.8711
150.000	14.0860	0.2477	0.3738	0.1469	0.0554	-0.1214	0.0392	0.8951
155.000	12.8351	0.1941	0.3630	0.1414	0.0461	-0.1242	0.2448	0.8792
160.000	11.7604	0.1387	0.3327	0.1287	0.0346	-0.1186	0.4590	0.8128
165.000	10.8920	0.0857	0.2797	0.1076	0.0222	-0.1028	0.6649	0.6876
170.000	10.2539	0.0410	0.2034	0.0780	0.0109	-0.0764	0.8396	0.5022
175.000	9.8638	0.0107	0.1074	0.0411	0.0029	-0.0409	0.9579	0.2659
180.000	9.7325	0.0000	0.0000	0.0000	0.0000	0.0000	1.0000	0.0000
