0.000	9.0700	0.0000	0.0000	0.0000	0.0000	0.0000	1.0000	0.0000
5.000	9.1571	0.0091	-0.0263	0.0102	-0.0007	-0.0106	0.9699	-0.2421
10.000	9.4172	0.0352	-0.0527	0.0173	-0.0027	-0.0203	0.8835	-0.4640
15.000	9.8453	0.0753	-0.0787	0.0189	-0.0057	-0.0282	0.7521	-0.6497
20.000	10.4332	0.1252	-0.1037	0.0143	-0.0091	-0.0340	0.5905	-0.7898
25.000	11.1684	0.1805	-0.1269	0.0039	-0.0127	-0.0377	0.4144	-0.8820
30.000	12.0339	0.2374	-0.1472	-0.0106	-0.0160	-0.0397	0.2370	-0.9296
35.000	13.0075	0.2927	-0.1636	-0.0274	-0.0189	-0.0404	0.0680	-0.9390
40.000	14.0619	0.3446	-0.1754	-0.0443	-0.0213	-0.0402	-0.0864	-0.9181
45.000	15.1652	0.3919	-0.1820	-0.0599	-0.0232	-0.0397	-0.2232	-0.8746
50.000	16.2810	0.4339	-0.1834	-0.0728	-0.0247	-0.0392	-0.3415	-0.8153
55.000	17.3705	0.4706	-0.1796	-0.0825	-0.0258	-0.0389	-0.4420	-0.7453
60.000	18.3932	0.5022	-0.1710	-0.0886	-0.0268	-0.0391	-0.5262	-0.6688
65.000	19.3095	0.5290	-0.1580	-0.0911	-0.0275	-0.0399	-0.5957	-0.5885
70.000	20.0819	0.5513	-0.1412	-0.0905	-0.0281	-0.0412	-0.6522	-0.5064
75.000	20.6777	0.5697	-0.1211	-0.0869	-0.0286	-0.0431	-0.6974	-0.4235
80.000	21.0699	0.5844	-0.0981	-0.0809	-0.0290	-0.0457	-0.7325	-0.3404
85.000	21.2393	0.5958	-0.0727	-0.0728	-0.0291	-0.0488	-0.7586	-0.2575
90.000	21.1744	0.6041	-0.0452	-0.0631	-0.0290	-0.0526	-0.7765	-0.1746
95.000	20.8728	0.6095	-0.0159	-0.0519	-0.0285	-0.0570	-0.7864	-0.0915
100.000	20.3403	0.6122	0.0151	-0.0395	-0.0276	-0.0621	-0.7886	-0.0082
105.000	19.5911	0.6120	0.0478	-0.0260	-0.0262	-0.0681	-0.7828	0.0758
110.000	18.6461	0.6088	0.0823	-0.0114	-0.0242	-0.0750	-0.7686	0.1606
115.000	17.5327	0.6025	0.1187	0.0043	-0.0216	-0.0830	-0.7449	0.2465
120.000	16.2832	0.5924	0.1570	0.0213	-0.0184	-0.0923	-0.7106	0.3333
125.000	14.9336	0.5781	0.1974	0.0397	-0.0148	-0.1028	-0.6638	0.4208
130.000	13.5223	0.5585	0.2396	0.0594	-0.0108	-0.1146	-0.6020	0.5084
135.000	12.0893	0.5326	0.2831	0.0802	-0.0066	-0.1275	-0.5223	0.5946
140.000	10.6748	0.4988	0.3266	0.1018	-0.0026	-0.1412	-0.4205	0.6768
145.000	9.3181	0.4553	0.3677	0.1230	0.0010	-0.1545	-0.2923	0.7505
150.000	8.0566	0.4006	0.4021	0.1421	0.0038	-0.1658	-0.1331	0.8080
155.000	6.9249	0.3332	0.4230	0.1559	0.0054	-0.1724	0.0602	0.8372
160.000	5.9541	0.2541	0.4205	0.1600	0.0056	-0.1701	0.2854	0.8209
165.000	5.1703	0.1677	0.3822	0.1490	0.0046	-0.1540	0.5294	0.7375
170.000	4.5949	0.0850	0.2973	0.1178	0.0026	-0.1195	0.7619	0.5688
175.000	4.2434	0.0232	0.1645	0.0658	0.0008	-0.0661	0.9351	0.3130
180.000	4.1251	0.0000	0.0001	0.0001	0.0000	-0.0001	1.0000	0.0001
