0.000	3.0408	0.0000	0.0000	0.0000	0.0000	0.0000	1.0000	0.0000
5.000	3.0703	0.0066	0.0024	0.0028	-0.0005	-0.0027	0.9706	-0.2408
10.000	3.1578	0.0253	0.0052	0.0056	-0.0020	-0.0051	0.8862	-0.4625
15.000	3.3003	0.0536	0.0090	0.0083	-0.0042	-0.0068	0.7578	-0.6502
20.000	3.4926	0.0881	0.0140	0.0111	-0.0066	-0.0077	0.5995	-0.7954
25.000	3.7283	0.1255	0.0205	0.0140	-0.0090	-0.0079	0.4255	-0.8960
30.000	3.9994	0.1628	0.0285	0.0170	-0.0111	-0.0073	0.2477	-0.9547
35.000	4.2970	0.1981	0.0380	0.0203	-0.0126	-0.0063	0.0747	-0.9767
40.000	4.6118	0.2303	0.0490	0.0238	-0.0133	-0.0049	-0.0879	-0.9681
45.000	4.9342	0.2586	0.0616	0.0276	-0.0133	-0.0033	-0.2373	-0.9347
50.000	5.2547	0.2830	0.0757	0.0317	-0.0125	-0.0018	-0.3718	-0.8813
55.000	5.5646	0.3033	0.0912	0.0363	-0.0109	-0.0005	-0.4913	-0.8121
60.000	5.8559	0.3199	0.1081	0.0411	-0.0086	0.0004	-0.5955	-0.7300
65.000	6.1214	0.3329	0.1264	0.0462	-0.0056	0.0009	-0.6849	-0.6374
70.000	6.3554	0.3425	0.1458	0.0516	-0.0020	0.0008	-0.7594	-0.5361
75.000	6.5529	0.3490	0.1664	0.0571	0.0021	-0.0000	-0.8192	-0.4274
80.000	6.7106	0.3524	0.1877	0.0627	0.0066	-0.0016	-0.8641	-0.3128
85.000	6.8261	0.3529	0.2098	0.0683	0.0114	-0.0039	-0.8936	-0.1934
90.000	6.8984	0.3505	0.2321	0.0737	0.0163	-0.0072	-0.9074	-0.0703
95.000	6.9273	0.3453	0.2545	0.0788	0.0212	-0.0113	-0.9048	0.0551
100.000	6.9140	0.3372	0.2765	0.0836	0.0258	-0.0162	-0.8849	0.1812
105.000	6.8605	0.3263	0.2975	0.0878	0.0301	-0.0219	-0.8471	0.3063
110.000	6.7700	0.3125	0.3172	0.0913	0.0337	-0.0281	-0.7905	0.4282
115.000	6.6463	0.2958	0.3347	0.0941	0.0366	-0.0348	-0.7145	0.5443
120.000	6.4943	0.2762	0.3494	0.0958	0.0385	-0.0417	-0.6187	0.6517
125.000	6.3194	0.2538	0.3604	0.0965	0.0393	-0.0483	-0.5033	0.7469
130.000	6.1277	0.2289	0.3666	0.0959	0.0389	-0.0544	-0.3689	0.8257
135.000	5.9257	0.2016	0.3671	0.0939	0.0371	-0.0595	-0.2171	0.8840
140.000	5.7203	0.1726	0.3606	0.0903	0.0341	-0.0631	-0.0507	0.9169
145.000	5.5185	0.1425	0.3461	0.0850	0.0299	-0.0646	0.1261	0.9199
150.000	5.3270	0.1122	0.3227	0.0778	0.0248	-0.0636	0.3073	0.8890
155.000	5.1523	0.0828	0.2896	0.0687	0.0191	-0.0598	0.4853	0.8213
160.000	5.0005	0.0559	0.2468	0.0578	0.0134	-0.0529	0.6509	0.7160
165.000	4.8766	0.0328	0.1948	0.0451	0.0081	-0.0429	0.7942	0.5748
170.000	4.7849	0.0151	0.1348	0.0310	0.0038	-0.0303	0.9053	0.4026
175.000	4.7286	0.0038	0.0690	0.0158	0.0010	-0.0157	0.9758	0.2074
180.000	4.7096	-0.0000	0.0000	0.0000	0.0000	-0.0000	1.0000	0.0000
