0.000	2.7058	0.0000	0.0000	0.0000	0.0000	0.0000	1.0000	0.0000
5.000	2.7321	0.0071	0.0032	0.0013	0.0001	-0.0014	0.9698	-0.2439
10.000	2.8099	0.0272	0.0067	0.0023	0.0005	-0.0027	0.8833	-0.4679
15.000	2.9356	0.0572	0.0112	0.0030	0.0012	-0.0041	0.7519	-0.6567
20.000	3.1042	0.0934	0.0168	0.0031	0.0021	-0.0055	0.5902	-0.8017
25.000	3.3085	0.1318	0.0239	0.0030	0.0034	-0.0071	0.4127	-0.9009
30.000	3.5409	0.1695	0.0327	0.0028	0.0049	-0.0087	0.2314	-0.9574
35.000	3.7928	0.2043	0.0434	0.0029	0.0067	-0.0105	0.0548	-0.9763
40.000	4.0560	0.2351	0.0561	0.0033	0.0088	-0.0125	-0.1115	-0.9638
45.000	4.3225	0.2614	0.0708	0.0045	0.0109	-0.0148	-0.2643	-0.9254
50.000	4.5851	0.2833	0.0877	0.0064	0.0132	-0.0173	-0.4019	-0.8660
55.000	4.8376	0.3010	0.1065	0.0093	0.0155	-0.0201	-0.5235	-0.7896
60.000	5.0745	0.3148	0.1272	0.0130	0.0178	-0.0232	-0.6287	-0.6992
65.000	5.2915	0.3251	0.1495	0.0176	0.0200	-0.0266	-0.7170	-0.5975
70.000	5.4848	0.3322	0.1732	0.0229	0.0221	-0.0303	-0.7885	-0.4869
75.000	5.6512	0.3364	0.1979	0.0288	0.0239	-0.0343	-0.8429	-0.3693
80.000	5.7882	0.3378	0.2232	0.0351	0.0256	-0.0386	-0.8800	-0.2467
85.000	5.8935	0.3365	0.2488	0.0417	0.0271	-0.0431	-0.8997	-0.1209
90.000	5.9656	0.3326	0.2742	0.0483	0.0284	-0.0478	-0.9019	0.0065
95.000	6.0035	0.3260	0.2990	0.0547	0.0295	-0.0527	-0.8864	0.1336
100.000	6.0070	0.3167	0.3229	0.0610	0.0303	-0.0576	-0.8532	0.2588
105.000	5.9772	0.3045	0.3452	0.0668	0.0308	-0.0625	-0.8020	0.3802
110.000	5.9159	0.2895	0.3655	0.0720	0.0311	-0.0672	-0.7326	0.4956
115.000	5.8265	0.2715	0.3831	0.0765	0.0310	-0.0716	-0.6450	0.6027
120.000	5.7134	0.2508	0.3971	0.0803	0.0305	-0.0754	-0.5392	0.6989
125.000	5.5819	0.2275	0.4068	0.0829	0.0295	-0.0785	-0.4158	0.7808
130.000	5.4379	0.2020	0.4109	0.0844	0.0279	-0.0806	-0.2761	0.8450
135.000	5.2879	0.1749	0.4083	0.0844	0.0258	-0.0813	-0.1221	0.8875
140.000	5.1380	0.1467	0.3980	0.0827	0.0230	-0.0803	0.0428	0.9045
145.000	4.9941	0.1185	0.3789	0.0791	0.0198	-0.0773	0.2138	0.8925
150.000	4.8611	0.0913	0.3501	0.0734	0.0161	-0.0722	0.3849	0.8490
155.000	4.7432	0.0659	0.3115	0.0656	0.0122	-0.0648	0.5489	0.7729
160.000	4.6434	0.0436	0.2632	0.0556	0.0084	-0.0552	0.6978	0.6648
165.000	4.5641	0.0251	0.2061	0.0436	0.0050	-0.0435	0.8237	0.5276
170.000	4.5067	0.0114	0.1418	0.0301	0.0023	-0.0300	0.9196	0.3662
175.000	4.4719	0.0029	0.0723	0.0153	0.0006	-0.0153	0.9796	0.1876
180.000	4.4603	0.0000	0.0000	0.0000	0.0000	0.0000	1.0000	0.0000
