0.000	0.0433	0.0000	0.0000	0.0000	0.0000	0.0000	1.0000	0.0000
5.000	0.0434	-0.0026	0.0497	-0.0046	-0.0002	0.0046	0.9787	-0.1993
10.000	0.0438	-0.0102	0.0984	-0.0091	-0.0006	0.0091	0.9159	-0.3891
15.000	0.0444	-0.0225	0.1450	-0.0135	-0.0014	0.0135	0.8150	-0.5605
20.000	0.0452	-0.0388	0.1886	-0.0178	-0.0024	0.0178	0.6817	-0.7058
25.000	0.0463	-0.0583	0.2283	-0.0218	-0.0036	0.0220	0.5230	-0.8191
30.000	0.0477	-0.0800	0.2637	-0.0256	-0.0049	0.0259	0.3470	-0.8964
35.000	0.0492	-0.1029	0.2944	-0.0292	-0.0063	0.0295	0.1621	-0.9362
40.000	0.0510	-0.1260	0.3201	-0.0323	-0.0077	0.0328	-0.0235	-0.9386
45.000	0.0530	-0.1483	0.3410	-0.0352	-0.0090	0.0357	-0.2023	-0.9059
50.000	0.0552	-0.1689	0.3573	-0.0376	-0.0102	0.0383	-0.3681	-0.8415
55.000	0.0575	-0.1872	0.3693	-0.0398	-0.0112	0.0406	-0.5159	-0.7498
60.000	0.0599	-0.2027	0.3774	-0.0415	-0.0121	0.0425	-0.6421	-0.6356
65.000	0.0624	-0.2150	0.3820	-0.0430	-0.0128	0.0440	-0.7442	-0.5038
70.000	0.0649	-0.2240	0.3835	-0.0441	-0.0132	0.0452	-0.8207	-0.3591
75.000	0.0675	-0.2296	0.3823	-0.0449	-0.0135	0.0461	-0.8708	-0.2063
80.000	0.0700	-0.2318	0.3787	-0.0454	-0.0135	0.0466	-0.8945	-0.0496
85.000	0.0726	-0.2308	0.3729	-0.0457	-0.0133	0.0469	-0.8922	0.1069
90.000	0.0750	-0.2267	0.3650	-0.0456	-0.0130	0.0468	-0.8648	0.2594
95.000	0.0774	-0.2198	0.3554	-0.0453	-0.0125	0.0465	-0.8135	0.4041
100.000	0.0797	-0.2103	0.3440	-0.0448	-0.0118	0.0458	-0.7402	0.5379
105.000	0.0819	-0.1985	0.3310	-0.0439	-0.0110	0.0449	-0.6469	0.6575
110.000	0.0841	-0.1848	0.3164	-0.0428	-0.0101	0.0436	-0.5362	0.7603
115.000	0.0861	-0.1695	0.3005	-0.0413	-0.0091	0.0421	-0.4108	0.8438
120.000	0.0879	-0.1529	0.2832	-0.0396	-0.0081	0.0403	-0.2740	0.9062
125.000	0.0897	-0.1354	0.2646	-0.0376	-0.0071	0.0382	-0.1290	0.9460
130.000	0.0913	-0.1175	0.2448	-0.0353	-0.0060	0.0358	0.0205	0.9622
135.000	0.0927	-0.0995	0.2240	-0.0328	-0.0050	0.0331	0.1709	0.9543
140.000	0.0940	-0.0819	0.2021	-0.0299	-0.0041	0.0302	0.3185	0.9225
145.000	0.0951	-0.0650	0.1792	-0.0268	-0.0032	0.0270	0.4596	0.8674
150.000	0.0961	-0.0493	0.1554	-0.0235	-0.0024	0.0236	0.5906	0.7903
155.000	0.0968	-0.0352	0.1309	-0.0199	-0.0017	0.0200	0.7082	0.6929
160.000	0.0975	-0.0230	0.1056	-0.0162	-0.0011	0.0162	0.8092	0.5775
165.000	0.0980	-0.0132	0.0797	-0.0123	-0.0006	0.0123	0.8908	0.4471
170.000	0.0983	-0.0059	0.0534	-0.0083	-0.0003	0.0083	0.9509	0.3048
175.000	0.0985	-0.0015	0.0268	-0.0042	-0.0001	0.0042	0.9876	0.1545
180.000	0.0986	0.0000	0.0000	0.0000	0.0000	0.0000	1.0000	0.0000
