0.000	0.6976	0.0000	0.0000	0.0000	0.0000	0.0000	1.0000	0.0000
5.000	0.7015	0.0029	0.0367	0.0084	-0.0005	-0.0083	0.9786	-0.2025
10.000	0.7130	0.0115	0.0723	0.0164	-0.0020	-0.0161	0.9162	-0.3940
15.000	0.7319	0.0247	0.1060	0.0238	-0.0043	-0.0230	0.8178	-0.5651
20.000	0.7574	0.0415	0.1370	0.0305	-0.0072	-0.0286	0.6907	-0.7089
25.000	0.7889	0.0603	0.1651	0.0363	-0.0104	-0.0328	0.5432	-0.8211
30.000	0.8255	0.0800	0.1903	0.0412	-0.0137	-0.0356	0.3832	-0.9004
35.000	0.8661	0.0993	0.2127	0.0452	-0.0169	-0.0370	0.2181	-0.9475
40.000	0.9096	0.1173	0.2327	0.0483	-0.0197	-0.0372	0.0536	-0.9642
45.000	0.9550	0.1335	0.2507	0.0508	-0.0222	-0.0365	-0.1058	-0.9533
50.000	1.0011	0.1475	0.2671	0.0526	-0.0242	-0.0349	-0.2564	-0.9177
55.000	1.0470	0.1590	0.2820	0.0539	-0.0256	-0.0328	-0.3958	-0.8600
60.000	1.0917	0.1679	0.2959	0.0546	-0.0264	-0.0302	-0.5220	-0.7831
65.000	1.1343	0.1743	0.3089	0.0548	-0.0267	-0.0274	-0.6331	-0.6891
70.000	1.1743	0.1782	0.3210	0.0547	-0.0264	-0.0245	-0.7279	-0.5805
75.000	1.2109	0.1798	0.3322	0.0541	-0.0256	-0.0217	-0.8049	-0.4595
80.000	1.2439	0.1792	0.3425	0.0531	-0.0244	-0.0189	-0.8629	-0.3284
85.000	1.2729	0.1766	0.3518	0.0517	-0.0227	-0.0164	-0.9006	-0.1894
90.000	1.2977	0.1721	0.3598	0.0499	-0.0208	-0.0141	-0.9169	-0.0454
95.000	1.3182	0.1658	0.3664	0.0477	-0.0186	-0.0122	-0.9110	0.1010
100.000	1.3345	0.1580	0.3712	0.0452	-0.0162	-0.0107	-0.8821	0.2466
105.000	1.3465	0.1487	0.3739	0.0424	-0.0138	-0.0095	-0.8302	0.3879
110.000	1.3545	0.1383	0.3742	0.0393	-0.0114	-0.0086	-0.7553	0.5213
115.000	1.3587	0.1269	0.3718	0.0360	-0.0091	-0.0081	-0.6582	0.6431
120.000	1.3594	0.1146	0.3662	0.0326	-0.0070	-0.0078	-0.5405	0.7494
125.000	1.3569	0.1017	0.3573	0.0290	-0.0051	-0.0077	-0.4042	0.8363
130.000	1.3519	0.0885	0.3446	0.0255	-0.0035	-0.0077	-0.2523	0.9002
135.000	1.3446	0.0752	0.3278	0.0220	-0.0022	-0.0077	-0.0886	0.9378
140.000	1.3357	0.0621	0.3068	0.0186	-0.0012	-0.0077	0.0822	0.9463
145.000	1.3259	0.0495	0.2814	0.0154	-0.0005	-0.0075	0.2549	0.9239
150.000	1.3157	0.0377	0.2516	0.0125	-0.0000	-0.0072	0.4233	0.8696
155.000	1.3057	0.0270	0.2175	0.0098	0.0002	-0.0066	0.5810	0.7838
160.000	1.2966	0.0177	0.1795	0.0074	0.0002	-0.0057	0.7216	0.6685
165.000	1.2889	0.0102	0.1380	0.0053	0.0002	-0.0045	0.8386	0.5268
170.000	1.2830	0.0046	0.0936	0.0034	0.0001	-0.0032	0.9267	0.3639
175.000	1.2793	0.0012	0.0473	0.0017	0.0000	-0.0016	0.9814	0.1859
180.000	1.2781	-0.0000	0.0000	-0.0000	0.0000	0.0000	1.0000	0.0000
