0.000	9.6517	0.0000	0.0000	0.0000	0.0000	0.0000	1.0000	0.0000
5.000	9.7576	0.0097	-0.0497	0.0097	-0.0032	-0.0097	0.9680	-0.2456
10.000	10.0722	0.0372	-0.0959	0.0179	-0.0124	-0.0179	0.8770	-0.4691
15.000	10.5863	0.0788	-0.1357	0.0235	-0.0260	-0.0233	0.7399	-0.6536
20.000	11.2849	0.1295	-0.1676	0.0260	-0.0419	-0.0255	0.5737	-0.7901
25.000	12.1473	0.1842	-0.1912	0.0255	-0.0582	-0.0244	0.3948	-0.8777
30.000	13.1475	0.2392	-0.2071	0.0226	-0.0735	-0.0206	0.2165	-0.9207
35.000	14.2554	0.2916	-0.2160	0.0180	-0.0866	-0.0146	0.0481	-0.9266
40.000	15.4367	0.3398	-0.2193	0.0124	-0.0970	-0.0071	-0.1052	-0.9034
45.000	16.6541	0.3833	-0.2177	0.0065	-0.1044	0.0012	-0.2410	-0.8583
50.000	17.8685	0.4217	-0.2122	0.0009	-0.1089	0.0099	-0.3589	-0.7977
55.000	19.0399	0.4553	-0.2034	-0.0039	-0.1106	0.0184	-0.4595	-0.7264
60.000	20.1283	0.4844	-0.1919	-0.0076	-0.1096	0.0264	-0.5441	-0.6479
65.000	21.0955	0.5094	-0.1779	-0.0100	-0.1062	0.0336	-0.6142	-0.5650
70.000	21.9064	0.5309	-0.1617	-0.0109	-0.1006	0.0399	-0.6713	-0.4794
75.000	22.5297	0.5490	-0.1435	-0.0102	-0.0930	0.0448	-0.7166	-0.3925
80.000	22.9398	0.5641	-0.1233	-0.0078	-0.0836	0.0483	-0.7513	-0.3049
85.000	23.1177	0.5764	-0.1012	-0.0036	-0.0726	0.0501	-0.7763	-0.2171
90.000	23.0518	0.5861	-0.0771	0.0022	-0.0602	0.0500	-0.7923	-0.1294
95.000	22.7384	0.5932	-0.0511	0.0098	-0.0465	0.0478	-0.7997	-0.0418
100.000	22.1822	0.5976	-0.0231	0.0192	-0.0319	0.0432	-0.7986	0.0458
105.000	21.3961	0.5993	0.0071	0.0304	-0.0166	0.0359	-0.7889	0.1336
110.000	20.4008	0.5979	0.0393	0.0433	-0.0009	0.0259	-0.7701	0.2216
115.000	19.2241	0.5930	0.0737	0.0579	0.0149	0.0128	-0.7415	0.3100
120.000	17.8996	0.5841	0.1102	0.0741	0.0302	-0.0033	-0.7016	0.3988
125.000	16.4658	0.5705	0.1485	0.0917	0.0445	-0.0226	-0.6487	0.4874
130.000	14.9643	0.5510	0.1882	0.1106	0.0572	-0.0449	-0.5805	0.5753
135.000	13.4386	0.5246	0.2285	0.1300	0.0675	-0.0696	-0.4938	0.6605
140.000	11.9326	0.4897	0.2678	0.1494	0.0746	-0.0960	-0.3851	0.7401
145.000	10.4890	0.4449	0.3036	0.1672	0.0775	-0.1223	-0.2503	0.8088
150.000	9.1480	0.3885	0.3323	0.1813	0.0755	-0.1461	-0.0859	0.8585
155.000	7.9466	0.3202	0.3479	0.1888	0.0678	-0.1636	0.1095	0.8768
160.000	6.9173	0.2413	0.3427	0.1853	0.0547	-0.1696	0.3316	0.8467
165.000	6.0875	0.1572	0.3079	0.1661	0.0375	-0.1582	0.5659	0.7492
170.000	5.4789	0.0787	0.2367	0.1275	0.0195	-0.1248	0.7832	0.5698
175.000	5.1074	0.0213	0.1298	0.0698	0.0054	-0.0695	0.9415	0.3105
180.000	4.9824	0.0000	0.0000	0.0001	0.0000	-0.0001	1.0000	0.0001
