0.000	5.1082	0.0000	0.0000	0.0000	0.0000	0.0000	1.0000	0.0000
5.000	5.1643	0.0087	-0.0109	-0.0006	0.0000	0.0006	0.9682	-0.2496
10.000	5.3301	0.0332	-0.0206	-0.0015	0.0000	0.0010	0.8778	-0.4774
15.000	5.5989	0.0698	-0.0281	-0.0028	0.0000	0.0011	0.7416	-0.6667
20.000	5.9599	0.1135	-0.0326	-0.0045	0.0003	0.0010	0.5759	-0.8090
25.000	6.3988	0.1598	-0.0340	-0.0063	0.0007	0.0004	0.3965	-0.9034
30.000	6.8993	0.2050	-0.0320	-0.0079	0.0015	-0.0005	0.2160	-0.9541
35.000	7.4432	0.2467	-0.0269	-0.0091	0.0027	-0.0018	0.0427	-0.9678
40.000	8.0121	0.2838	-0.0186	-0.0096	0.0042	-0.0033	-0.1182	-0.9514
45.000	8.5879	0.3157	-0.0075	-0.0091	0.0059	-0.0053	-0.2645	-0.9112
50.000	9.1535	0.3425	0.0065	-0.0075	0.0080	-0.0075	-0.3950	-0.8524
55.000	9.6934	0.3645	0.0230	-0.0047	0.0102	-0.0100	-0.5098	-0.7788
60.000	10.1940	0.3820	0.0420	-0.0006	0.0127	-0.0129	-0.6089	-0.6937
65.000	10.6437	0.3956	0.0631	0.0046	0.0152	-0.0162	-0.6928	-0.5992
70.000	11.0329	0.4054	0.0862	0.0110	0.0179	-0.0198	-0.7618	-0.4973
75.000	11.3535	0.4120	0.1109	0.0182	0.0206	-0.0239	-0.8158	-0.3895
80.000	11.5997	0.4154	0.1369	0.0262	0.0233	-0.0283	-0.8551	-0.2771
85.000	11.7669	0.4158	0.1640	0.0347	0.0260	-0.0333	-0.8796	-0.1613
90.000	11.8527	0.4133	0.1916	0.0436	0.0286	-0.0386	-0.8889	-0.0433
95.000	11.8562	0.4077	0.2195	0.0526	0.0311	-0.0444	-0.8830	0.0758
100.000	11.7787	0.3992	0.2472	0.0616	0.0334	-0.0506	-0.8612	0.1948
105.000	11.6238	0.3875	0.2742	0.0703	0.0355	-0.0572	-0.8232	0.3121
110.000	11.3971	0.3725	0.3002	0.0785	0.0373	-0.0640	-0.7681	0.4263
115.000	11.1069	0.3542	0.3243	0.0862	0.0386	-0.0710	-0.6955	0.5354
120.000	10.7635	0.3323	0.3459	0.0930	0.0393	-0.0777	-0.6045	0.6368
125.000	10.3789	0.3069	0.3640	0.0986	0.0393	-0.0841	-0.4949	0.7277
130.000	9.9667	0.2781	0.3774	0.1029	0.0383	-0.0897	-0.3666	0.8043
135.000	9.5412	0.2462	0.3848	0.1054	0.0364	-0.0939	-0.2206	0.8624
140.000	9.1168	0.2117	0.3845	0.1057	0.0334	-0.0962	-0.0589	0.8970
145.000	8.7076	0.1755	0.3750	0.1034	0.0294	-0.0961	0.1148	0.9033
150.000	8.3266	0.1386	0.3547	0.0980	0.0245	-0.0928	0.2949	0.8766
155.000	7.9851	0.1027	0.3226	0.0893	0.0190	-0.0859	0.4736	0.8132
160.000	7.6929	0.0695	0.2780	0.0771	0.0134	-0.0752	0.6416	0.7116
165.000	7.4578	0.0409	0.2213	0.0614	0.0081	-0.0606	0.7880	0.5731
170.000	7.2857	0.0188	0.1542	0.0428	0.0038	-0.0426	0.9022	0.4023
175.000	7.1809	0.0048	0.0792	0.0220	0.0010	-0.0220	0.9750	0.2076
180.000	7.1457	0.0000	0.0000	0.0000	0.0000	0.0000	1.0000	0.0000
