0.000	1.1685	0.0000	0.0000	0.0000	0.0000	0.0000	1.0000	0.0000
5.000	1.1764	0.0040	0.0268	0.0071	-0.0005	-0.0071	0.9763	-0.2145
10.000	1.1999	0.0154	0.0528	0.0140	-0.0020	-0.0136	0.9078	-0.4159
15.000	1.2382	0.0330	0.0774	0.0204	-0.0042	-0.0192	0.8007	-0.5931
20.000	1.2902	0.0551	0.1003	0.0263	-0.0069	-0.0236	0.6644	-0.7386
25.000	1.3540	0.0796	0.1213	0.0315	-0.0098	-0.0266	0.5088	-0.8487
30.000	1.4278	0.1049	0.1405	0.0361	-0.0126	-0.0283	0.3431	-0.9230
35.000	1.5094	0.1295	0.1581	0.0401	-0.0151	-0.0288	0.1750	-0.9634
40.000	1.5963	0.1523	0.1746	0.0436	-0.0172	-0.0283	0.0106	-0.9731
45.000	1.6863	0.1727	0.1902	0.0468	-0.0187	-0.0271	-0.1461	-0.9559
50.000	1.7769	0.1903	0.2053	0.0496	-0.0196	-0.0254	-0.2922	-0.9152
55.000	1.8659	0.2050	0.2200	0.0522	-0.0199	-0.0233	-0.4258	-0.8544
60.000	1.9514	0.2166	0.2346	0.0544	-0.0195	-0.0211	-0.5455	-0.7763
65.000	2.0315	0.2253	0.2492	0.0565	-0.0184	-0.0189	-0.6503	-0.6831
70.000	2.1048	0.2312	0.2637	0.0583	-0.0169	-0.0168	-0.7394	-0.5772
75.000	2.1702	0.2344	0.2782	0.0598	-0.0148	-0.0151	-0.8118	-0.4603
80.000	2.2267	0.2350	0.2924	0.0610	-0.0123	-0.0137	-0.8665	-0.3344
85.000	2.2737	0.2331	0.3062	0.0618	-0.0095	-0.0127	-0.9027	-0.2014
90.000	2.3108	0.2290	0.3193	0.0623	-0.0065	-0.0122	-0.9194	-0.0635
95.000	2.3381	0.2226	0.3314	0.0623	-0.0034	-0.0122	-0.9156	0.0771
100.000	2.3557	0.2142	0.3422	0.0619	-0.0003	-0.0127	-0.8907	0.2177
105.000	2.3638	0.2038	0.3513	0.0609	0.0026	-0.0137	-0.8439	0.3555
110.000	2.3630	0.1917	0.3581	0.0595	0.0052	-0.0151	-0.7752	0.4871
115.000	2.3541	0.1779	0.3623	0.0575	0.0075	-0.0167	-0.6848	0.6092
120.000	2.3380	0.1626	0.3632	0.0551	0.0092	-0.0185	-0.5735	0.7179
125.000	2.3157	0.1462	0.3604	0.0521	0.0104	-0.0203	-0.4428	0.8093
130.000	2.2884	0.1288	0.3532	0.0487	0.0110	-0.0220	-0.2950	0.8794
135.000	2.2574	0.1108	0.3413	0.0449	0.0110	-0.0232	-0.1333	0.9246
140.000	2.2241	0.0926	0.3241	0.0407	0.0104	-0.0239	0.0380	0.9412
145.000	2.1901	0.0746	0.3013	0.0361	0.0092	-0.0239	0.2136	0.9266
150.000	2.1568	0.0574	0.2727	0.0314	0.0077	-0.0231	0.3873	0.8790
155.000	2.1257	0.0415	0.2384	0.0264	0.0060	-0.0213	0.5522	0.7980
160.000	2.0981	0.0275	0.1985	0.0213	0.0042	-0.0185	0.7008	0.6847
165.000	2.0753	0.0159	0.1537	0.0160	0.0025	-0.0148	0.8258	0.5423
170.000	2.0582	0.0072	0.1049	0.0107	0.0012	-0.0104	0.9206	0.3760
175.000	2.0476	0.0018	0.0532	0.0054	0.0003	-0.0053	0.9799	0.1925
180.000	2.0440	-0.0000	0.0000	-0.0000	0.0000	0.0000	1.0000	0.0000
