0.000	11.7145	0.0000	0.0000	0.0000	0.0000	0.0000	1.0000	0.0000
5.000	11.8569	0.0103	-0.0469	0.0054	-0.0028	-0.0053	0.9660	-0.2540
10.000	12.2795	0.0394	-0.0899	0.0099	-0.0106	-0.0096	0.8697	-0.4836
15.000	12.9687	0.0828	-0.1258	0.0129	-0.0219	-0.0119	0.7259	-0.6708
20.000	13.9022	0.1350	-0.1531	0.0143	-0.0351	-0.0120	0.5535	-0.8067
25.000	15.0501	0.1904	-0.1717	0.0141	-0.0484	-0.0099	0.3703	-0.8916
30.000	16.3751	0.2451	-0.1825	0.0127	-0.0605	-0.0061	0.1899	-0.9311
35.000	17.8347	0.2963	-0.1865	0.0106	-0.0705	-0.0009	0.0213	-0.9339
40.000	19.3814	0.3427	-0.1851	0.0082	-0.0782	0.0051	-0.1310	-0.9083
45.000	20.9649	0.3837	-0.1794	0.0060	-0.0833	0.0114	-0.2652	-0.8621
50.000	22.5336	0.4194	-0.1702	0.0042	-0.0858	0.0178	-0.3813	-0.8013
55.000	24.0360	0.4500	-0.1582	0.0031	-0.0860	0.0239	-0.4805	-0.7305
60.000	25.4222	0.4761	-0.1438	0.0029	-0.0839	0.0294	-0.5642	-0.6530
65.000	26.6457	0.4981	-0.1274	0.0038	-0.0799	0.0341	-0.6340	-0.5711
70.000	27.6652	0.5164	-0.1091	0.0058	-0.0740	0.0378	-0.6914	-0.4864
75.000	28.4451	0.5314	-0.0891	0.0090	-0.0664	0.0404	-0.7374	-0.3999
80.000	28.9576	0.5434	-0.0673	0.0135	-0.0573	0.0416	-0.7732	-0.3122
85.000	29.1829	0.5525	-0.0439	0.0192	-0.0469	0.0413	-0.7995	-0.2236
90.000	29.1104	0.5590	-0.0186	0.0263	-0.0354	0.0392	-0.8167	-0.1343
95.000	28.7391	0.5628	0.0084	0.0347	-0.0230	0.0351	-0.8250	-0.0441
100.000	28.0770	0.5639	0.0372	0.0444	-0.0098	0.0290	-0.8243	0.0469
105.000	27.1416	0.5620	0.0678	0.0553	0.0037	0.0205	-0.8142	0.1388
110.000	25.9589	0.5570	0.1003	0.0675	0.0173	0.0096	-0.7938	0.2317
115.000	24.5626	0.5484	0.1344	0.0808	0.0307	-0.0038	-0.7621	0.3254
120.000	22.9927	0.5358	0.1701	0.0951	0.0433	-0.0198	-0.7175	0.4195
125.000	21.2944	0.5183	0.2069	0.1102	0.0546	-0.0382	-0.6579	0.5132
130.000	19.5168	0.4953	0.2440	0.1256	0.0641	-0.0586	-0.5808	0.6050
135.000	17.7105	0.4657	0.2803	0.1408	0.0711	-0.0806	-0.4833	0.6923
140.000	15.9269	0.4284	0.3139	0.1550	0.0748	-0.1029	-0.3622	0.7711
145.000	14.2162	0.3826	0.3421	0.1667	0.0747	-0.1239	-0.2145	0.8351
150.000	12.6260	0.3277	0.3608	0.1741	0.0700	-0.1414	-0.0386	0.8754
155.000	11.2002	0.2642	0.3648	0.1747	0.0608	-0.1519	0.1639	0.8798
160.000	9.9775	0.1944	0.3474	0.1655	0.0474	-0.1517	0.3855	0.8337
165.000	8.9910	0.1236	0.3025	0.1436	0.0315	-0.1368	0.6096	0.7229
170.000	8.2670	0.0605	0.2264	0.1072	0.0159	-0.1049	0.8089	0.5395
175.000	7.8248	0.0161	0.1219	0.0576	0.0043	-0.0573	0.9491	0.2899
180.000	7.6761	0.0000	0.0000	0.0001	0.0000	-0.0001	1.0000	0.0001
