0.000	0.0168	0.0000	0.0000	0.0000	0.0000	0.0000	1.0000	0.0000
5.000	0.0169	-0.0006	0.0318	0.0011	-0.0002	-0.0011	0.9803	-0.1950
10.000	0.0170	-0.0023	0.0629	0.0021	-0.0008	-0.0021	0.9222	-0.3815
15.000	0.0172	-0.0051	0.0927	0.0029	-0.0018	-0.0029	0.8287	-0.5519
20.000	0.0175	-0.0090	0.1208	0.0035	-0.0030	-0.0035	0.7045	-0.6993
25.000	0.0178	-0.0138	0.1466	0.0038	-0.0046	-0.0038	0.5554	-0.8184
30.000	0.0183	-0.0195	0.1699	0.0039	-0.0063	-0.0039	0.3882	-0.9055
35.000	0.0188	-0.0258	0.1905	0.0036	-0.0081	-0.0036	0.2098	-0.9586
40.000	0.0193	-0.0327	0.2083	0.0030	-0.0100	-0.0030	0.0272	-0.9771
45.000	0.0200	-0.0399	0.2232	0.0021	-0.0118	-0.0021	-0.1531	-0.9618
50.000	0.0206	-0.0471	0.2354	0.0010	-0.0135	-0.0009	-0.3252	-0.9145
55.000	0.0213	-0.0542	0.2450	-0.0004	-0.0151	0.0005	-0.4839	-0.8383
60.000	0.0221	-0.0610	0.2520	-0.0019	-0.0165	0.0020	-0.6246	-0.7364
65.000	0.0228	-0.0672	0.2567	-0.0036	-0.0177	0.0037	-0.7440	-0.6130
70.000	0.0236	-0.0726	0.2592	-0.0054	-0.0186	0.0055	-0.8391	-0.4724
75.000	0.0244	-0.0770	0.2596	-0.0072	-0.0192	0.0073	-0.9080	-0.3191
80.000	0.0252	-0.0802	0.2582	-0.0090	-0.0196	0.0091	-0.9495	-0.1577
85.000	0.0260	-0.0822	0.2551	-0.0107	-0.0196	0.0108	-0.9632	0.0070
90.000	0.0268	-0.0829	0.2503	-0.0123	-0.0194	0.0124	-0.9492	0.1706
95.000	0.0276	-0.0823	0.2442	-0.0137	-0.0189	0.0139	-0.9085	0.3286
100.000	0.0284	-0.0804	0.2366	-0.0150	-0.0182	0.0151	-0.8425	0.4769
105.000	0.0292	-0.0772	0.2279	-0.0160	-0.0172	0.0161	-0.7533	0.6119
110.000	0.0299	-0.0729	0.2180	-0.0168	-0.0161	0.0169	-0.6435	0.7300
115.000	0.0306	-0.0677	0.2071	-0.0173	-0.0148	0.0174	-0.5161	0.8282
120.000	0.0313	-0.0617	0.1952	-0.0175	-0.0133	0.0176	-0.3745	0.9043
125.000	0.0319	-0.0550	0.1824	-0.0174	-0.0118	0.0175	-0.2224	0.9561
130.000	0.0324	-0.0480	0.1687	-0.0171	-0.0102	0.0171	-0.0639	0.9824
135.000	0.0330	-0.0408	0.1543	-0.0164	-0.0087	0.0164	0.0971	0.9824
140.000	0.0334	-0.0336	0.1392	-0.0154	-0.0071	0.0155	0.2561	0.9560
145.000	0.0338	-0.0267	0.1234	-0.0142	-0.0056	0.0142	0.4090	0.9037
150.000	0.0342	-0.0203	0.1069	-0.0127	-0.0043	0.0127	0.5516	0.8270
155.000	0.0344	-0.0144	0.0900	-0.0110	-0.0030	0.0110	0.6800	0.7275
160.000	0.0347	-0.0094	0.0726	-0.0090	-0.0020	0.0091	0.7906	0.6080
165.000	0.0348	-0.0054	0.0548	-0.0069	-0.0011	0.0069	0.8801	0.4715
170.000	0.0350	-0.0024	0.0367	-0.0047	-0.0005	0.0047	0.9460	0.3219
175.000	0.0351	-0.0006	0.0184	-0.0024	-0.0001	0.0024	0.9864	0.1633
180.000	0.0351	-0.0000	0.0000	-0.0000	-0.0000	0.0000	1.0000	0.0000
