0.000	0.2442	0.0000	0.0000	0.0000	0.0000	0.0000	1.0000	0.0000
5.000	0.2453	0.0017	0.0636	0.0067	-0.0003	-0.0067	0.9777	-0.2001
10.000	0.2488	0.0065	0.1253	0.0130	-0.0010	-0.0130	0.9126	-0.3891
15.000	0.2545	0.0140	0.1834	0.0189	-0.0021	-0.0187	0.8097	-0.5572
20.000	0.2623	0.0235	0.2365	0.0240	-0.0036	-0.0236	0.6766	-0.6970
25.000	0.2720	0.0342	0.2840	0.0284	-0.0053	-0.0276	0.5217	-0.8038
30.000	0.2832	0.0454	0.3255	0.0318	-0.0071	-0.0305	0.3539	-0.8756
35.000	0.2959	0.0564	0.3612	0.0344	-0.0089	-0.0326	0.1813	-0.9130
40.000	0.3096	0.0667	0.3915	0.0362	-0.0106	-0.0337	0.0108	-0.9177
45.000	0.3241	0.0757	0.4169	0.0373	-0.0122	-0.0341	-0.1522	-0.8930
50.000	0.3390	0.0834	0.4380	0.0378	-0.0137	-0.0338	-0.3033	-0.8422
55.000	0.3540	0.0895	0.4553	0.0377	-0.0149	-0.0330	-0.4396	-0.7691
60.000	0.3689	0.0941	0.4696	0.0372	-0.0158	-0.0317	-0.5587	-0.6772
65.000	0.3833	0.0971	0.4810	0.0363	-0.0166	-0.0301	-0.6591	-0.5700
70.000	0.3970	0.0986	0.4901	0.0350	-0.0171	-0.0283	-0.7398	-0.4505
75.000	0.4098	0.0987	0.4970	0.0335	-0.0173	-0.0264	-0.7999	-0.3219
80.000	0.4215	0.0975	0.5018	0.0318	-0.0173	-0.0243	-0.8390	-0.1869
85.000	0.4320	0.0952	0.5047	0.0298	-0.0171	-0.0222	-0.8568	-0.0483
90.000	0.4410	0.0918	0.5056	0.0278	-0.0167	-0.0201	-0.8531	0.0912
95.000	0.4487	0.0875	0.5044	0.0256	-0.0161	-0.0180	-0.8281	0.2287
100.000	0.4548	0.0824	0.5010	0.0233	-0.0153	-0.0159	-0.7820	0.3617
105.000	0.4595	0.0766	0.4952	0.0209	-0.0143	-0.0140	-0.7154	0.4871
110.000	0.4628	0.0703	0.4867	0.0186	-0.0133	-0.0121	-0.6291	0.6020
115.000	0.4649	0.0635	0.4754	0.0162	-0.0121	-0.0104	-0.5245	0.7035
120.000	0.4657	0.0565	0.4608	0.0139	-0.0109	-0.0088	-0.4033	0.7885
125.000	0.4655	0.0494	0.4427	0.0117	-0.0096	-0.0073	-0.2679	0.8543
130.000	0.4644	0.0423	0.4209	0.0097	-0.0082	-0.0060	-0.1212	0.8980
135.000	0.4627	0.0353	0.3952	0.0078	-0.0069	-0.0049	0.0333	0.9173
140.000	0.4605	0.0287	0.3653	0.0060	-0.0057	-0.0038	0.1913	0.9106
145.000	0.4581	0.0225	0.3313	0.0046	-0.0045	-0.0030	0.3483	0.8766
150.000	0.4555	0.0168	0.2932	0.0033	-0.0034	-0.0022	0.4990	0.8153
155.000	0.4531	0.0119	0.2512	0.0023	-0.0024	-0.0016	0.6383	0.7275
160.000	0.4508	0.0077	0.2057	0.0015	-0.0016	-0.0012	0.7609	0.6153
165.000	0.4490	0.0044	0.1571	0.0009	-0.0009	-0.0008	0.8621	0.4818
170.000	0.4475	0.0020	0.1062	0.0005	-0.0004	-0.0005	0.9376	0.3312
175.000	0.4467	0.0005	0.0535	0.0002	-0.0001	-0.0002	0.9842	0.1687
180.000	0.4464	0.0000	0.0000	0.0000	0.0000	0.0000	1.0000	0.0000
