0.000	9.5127	0.0000	0.0000	0.0000	0.0000	0.0000	1.0000	0.0000
5.000	9.6079	0.0094	-0.0276	0.0087	-0.0007	-0.0091	0.9693	-0.2443
10.000	9.8916	0.0362	-0.0549	0.0144	-0.0025	-0.0173	0.8814	-0.4678
15.000	10.3580	0.0772	-0.0814	0.0151	-0.0053	-0.0239	0.7479	-0.6539
20.000	10.9969	0.1280	-0.1065	0.0099	-0.0084	-0.0288	0.5847	-0.7935
25.000	11.7937	0.1839	-0.1291	-0.0004	-0.0116	-0.0319	0.4074	-0.8845
30.000	12.7285	0.2409	-0.1485	-0.0145	-0.0146	-0.0336	0.2294	-0.9307
35.000	13.7765	0.2961	-0.1636	-0.0304	-0.0170	-0.0342	0.0606	-0.9388
40.000	14.9074	0.3476	-0.1741	-0.0463	-0.0189	-0.0341	-0.0934	-0.9169
45.000	16.0865	0.3941	-0.1793	-0.0607	-0.0204	-0.0339	-0.2296	-0.8729
50.000	17.2751	0.4354	-0.1794	-0.0724	-0.0214	-0.0338	-0.3474	-0.8131
55.000	18.4320	0.4713	-0.1745	-0.0810	-0.0222	-0.0340	-0.4475	-0.7430
60.000	19.5151	0.5022	-0.1649	-0.0861	-0.0227	-0.0347	-0.5314	-0.6663
65.000	20.4831	0.5282	-0.1510	-0.0878	-0.0231	-0.0360	-0.6007	-0.5859
70.000	21.2978	0.5499	-0.1334	-0.0864	-0.0234	-0.0378	-0.6572	-0.5034
75.000	21.9254	0.5676	-0.1125	-0.0822	-0.0235	-0.0402	-0.7023	-0.4202
80.000	22.3388	0.5818	-0.0888	-0.0757	-0.0236	-0.0433	-0.7373	-0.3366
85.000	22.5182	0.5926	-0.0628	-0.0671	-0.0235	-0.0469	-0.7633	-0.2530
90.000	22.4524	0.6004	-0.0348	-0.0570	-0.0231	-0.0512	-0.7808	-0.1693
95.000	22.1390	0.6053	-0.0050	-0.0455	-0.0224	-0.0561	-0.7904	-0.0854
100.000	21.5843	0.6074	0.0266	-0.0328	-0.0214	-0.0618	-0.7919	-0.0011
105.000	20.8028	0.6066	0.0597	-0.0191	-0.0198	-0.0683	-0.7853	0.0839
110.000	19.8166	0.6029	0.0946	-0.0043	-0.0178	-0.0757	-0.7699	0.1697
115.000	18.6539	0.5958	0.1312	0.0116	-0.0152	-0.0842	-0.7449	0.2565
120.000	17.3484	0.5850	0.1696	0.0286	-0.0121	-0.0938	-0.7088	0.3442
125.000	15.9374	0.5698	0.2100	0.0468	-0.0086	-0.1047	-0.6599	0.4325
130.000	14.4615	0.5493	0.2518	0.0663	-0.0048	-0.1168	-0.5956	0.5204
135.000	12.9622	0.5224	0.2947	0.0867	-0.0010	-0.1298	-0.5129	0.6066
140.000	11.4818	0.4876	0.3370	0.1076	0.0025	-0.1433	-0.4079	0.6880
145.000	10.0614	0.4434	0.3762	0.1278	0.0055	-0.1563	-0.2764	0.7598
150.000	8.7404	0.3881	0.4081	0.1455	0.0076	-0.1669	-0.1142	0.8143
155.000	7.5553	0.3211	0.4257	0.1577	0.0084	-0.1725	0.0808	0.8392
160.000	6.5383	0.2432	0.4195	0.1600	0.0078	-0.1690	0.3054	0.8177
165.000	5.7174	0.1594	0.3780	0.1474	0.0059	-0.1518	0.5456	0.7298
170.000	5.1146	0.0802	0.2918	0.1155	0.0033	-0.1170	0.7716	0.5592
175.000	4.7463	0.0218	0.1606	0.0642	0.0009	-0.0644	0.9380	0.3063
180.000	4.6223	0.0000	0.0001	0.0001	0.0000	-0.0001	1.0000	0.0001
