0.000	10.9646	0.0000	0.0000	0.0000	0.0000	0.0000	1.0000	0.0000
5.000	11.1023	0.0105	-0.0274	-0.0026	-0.0001	0.0024	0.9655	-0.2587
10.000	11.5102	0.0403	-0.0527	-0.0058	-0.0004	0.0045	0.8680	-0.4922
15.000	12.1723	0.0843	-0.0742	-0.0101	-0.0007	0.0060	0.7228	-0.6819
20.000	13.0634	0.1364	-0.0907	-0.0155	-0.0009	0.0070	0.5492	-0.8196
25.000	14.1498	0.1910	-0.1021	-0.0215	-0.0007	0.0072	0.3649	-0.9057
30.000	15.3919	0.2440	-0.1084	-0.0276	-0.0001	0.0067	0.1833	-0.9465
35.000	16.7456	0.2927	-0.1097	-0.0332	0.0010	0.0057	0.0128	-0.9504
40.000	18.1645	0.3359	-0.1066	-0.0376	0.0025	0.0040	-0.1422	-0.9257
45.000	19.6021	0.3733	-0.0992	-0.0404	0.0044	0.0017	-0.2801	-0.8798
50.000	21.0134	0.4050	-0.0879	-0.0413	0.0065	-0.0010	-0.4008	-0.8181
55.000	22.3559	0.4314	-0.0729	-0.0403	0.0089	-0.0043	-0.5051	-0.7450
60.000	23.5912	0.4531	-0.0547	-0.0371	0.0113	-0.0081	-0.5939	-0.6635
65.000	24.6852	0.4705	-0.0334	-0.0321	0.0139	-0.0125	-0.6684	-0.5757
70.000	25.6090	0.4841	-0.0095	-0.0252	0.0165	-0.0173	-0.7294	-0.4833
75.000	26.3387	0.4943	0.0168	-0.0167	0.0190	-0.0226	-0.7777	-0.3874
80.000	26.8555	0.5012	0.0450	-0.0069	0.0215	-0.0285	-0.8137	-0.2888
85.000	27.1466	0.5050	0.0749	0.0040	0.0240	-0.0350	-0.8379	-0.1881
90.000	27.2045	0.5059	0.1061	0.0157	0.0265	-0.0420	-0.8504	-0.0859
95.000	27.0279	0.5038	0.1383	0.0280	0.0289	-0.0496	-0.8510	0.0173
100.000	26.6218	0.4986	0.1711	0.0406	0.0313	-0.0577	-0.8395	0.1211
105.000	25.9976	0.4901	0.2044	0.0535	0.0336	-0.0665	-0.8153	0.2250
110.000	25.1733	0.4780	0.2378	0.0665	0.0358	-0.0759	-0.7775	0.3283
115.000	24.1733	0.4622	0.2709	0.0793	0.0378	-0.0857	-0.7251	0.4299
120.000	23.0276	0.4421	0.3031	0.0919	0.0394	-0.0958	-0.6565	0.5285
125.000	21.7713	0.4175	0.3336	0.1039	0.0404	-0.1060	-0.5705	0.6220
130.000	20.4429	0.3880	0.3612	0.1151	0.0407	-0.1158	-0.4652	0.7076
135.000	19.0834	0.3533	0.3844	0.1247	0.0400	-0.1246	-0.3396	0.7814
140.000	17.7345	0.3133	0.4010	0.1322	0.0381	-0.1316	-0.1930	0.8381
145.000	16.4369	0.2685	0.4083	0.1364	0.0349	-0.1357	-0.0263	0.8715
150.000	15.2290	0.2196	0.4031	0.1363	0.0303	-0.1356	0.1572	0.8740
155.000	14.1457	0.1685	0.3819	0.1304	0.0244	-0.1299	0.3511	0.8379
160.000	13.2172	0.1178	0.3419	0.1177	0.0178	-0.1174	0.5447	0.7564
165.000	12.4688	0.0714	0.2814	0.0975	0.0112	-0.0974	0.7235	0.6263
170.000	11.9201	0.0336	0.2011	0.0701	0.0054	-0.0700	0.8697	0.4494
175.000	11.5853	0.0087	0.1050	0.0367	0.0014	-0.0367	0.9662	0.2352
180.000	11.4727	0.0000	0.0000	0.0000	0.0000	0.0000	1.0000	0.0000
