0.000	7.5082	0.0000	0.0000	0.0000	0.0000	0.0000	1.0000	0.0000
5.000	7.5688	0.0087	-0.0332	0.0045	-0.0008	-0.0048	0.9735	-0.2262
10.000	7.7496	0.0339	-0.0655	0.0075	-0.0030	-0.0093	0.8970	-0.4357
15.000	8.0477	0.0729	-0.0962	0.0077	-0.0068	-0.0136	0.7792	-0.6150
20.000	8.4582	0.1219	-0.1243	0.0047	-0.0119	-0.0172	0.6318	-0.7551
25.000	8.9734	0.1769	-0.1490	-0.0012	-0.0184	-0.0202	0.4677	-0.8527
30.000	9.5825	0.2341	-0.1698	-0.0095	-0.0259	-0.0224	0.2987	-0.9089
35.000	10.2712	0.2903	-0.1860	-0.0191	-0.0341	-0.0236	0.1341	-0.9283
40.000	11.0216	0.3435	-0.1974	-0.0290	-0.0428	-0.0240	-0.0196	-0.9171
45.000	11.8119	0.3922	-0.2040	-0.0382	-0.0516	-0.0234	-0.1586	-0.8819
50.000	12.6169	0.4356	-0.2058	-0.0460	-0.0601	-0.0220	-0.2810	-0.8288
55.000	13.4087	0.4737	-0.2031	-0.0520	-0.0680	-0.0200	-0.3868	-0.7632
60.000	14.1572	0.5066	-0.1962	-0.0560	-0.0750	-0.0173	-0.4765	-0.6892
65.000	14.8320	0.5346	-0.1856	-0.0578	-0.0808	-0.0144	-0.5514	-0.6102
70.000	15.4033	0.5582	-0.1716	-0.0576	-0.0853	-0.0112	-0.6131	-0.5283
75.000	15.8436	0.5778	-0.1546	-0.0555	-0.0882	-0.0082	-0.6628	-0.4452
80.000	16.1296	0.5939	-0.1349	-0.0516	-0.0894	-0.0054	-0.7020	-0.3618
85.000	16.2431	0.6070	-0.1127	-0.0460	-0.0889	-0.0033	-0.7316	-0.2788
90.000	16.1721	0.6174	-0.0881	-0.0388	-0.0866	-0.0019	-0.7527	-0.1963
95.000	15.9123	0.6253	-0.0611	-0.0302	-0.0824	-0.0018	-0.7657	-0.1143
100.000	15.4665	0.6308	-0.0318	-0.0199	-0.0765	-0.0031	-0.7711	-0.0327
105.000	14.8450	0.6339	0.0001	-0.0081	-0.0689	-0.0062	-0.7688	0.0488
110.000	14.0651	0.6346	0.0346	0.0054	-0.0597	-0.0116	-0.7586	0.1304
115.000	13.1498	0.6324	0.0720	0.0207	-0.0491	-0.0195	-0.7398	0.2125
120.000	12.1270	0.6270	0.1126	0.0379	-0.0375	-0.0304	-0.7114	0.2953
125.000	11.0281	0.6175	0.1564	0.0572	-0.0251	-0.0444	-0.6718	0.3790
130.000	9.8863	0.6028	0.2035	0.0785	-0.0125	-0.0620	-0.6186	0.4633
135.000	8.7355	0.5817	0.2533	0.1018	-0.0002	-0.0829	-0.5488	0.5476
140.000	7.6089	0.5521	0.3049	0.1263	0.0110	-0.1067	-0.4580	0.6300
145.000	6.5378	0.5118	0.3559	0.1512	0.0202	-0.1325	-0.3410	0.7071
150.000	5.5508	0.4583	0.4022	0.1744	0.0265	-0.1581	-0.1918	0.7721
155.000	4.6731	0.3890	0.4365	0.1925	0.0290	-0.1797	-0.0050	0.8137
160.000	3.9263	0.3033	0.4472	0.1998	0.0270	-0.1911	0.2209	0.8136
165.000	3.3277	0.2050	0.4185	0.1888	0.0206	-0.1842	0.4759	0.7468
170.000	2.8907	0.1062	0.3340	0.1518	0.0116	-0.1501	0.7293	0.5879
175.000	2.6248	0.0295	0.1883	0.0859	0.0034	-0.0857	0.9250	0.3287
180.000	2.5355	0.0000	0.0001	0.0001	0.0000	-0.0001	1.0000	0.0001
