0.000	11.4880	0.0000	0.0000	0.0000	0.0000	0.0000	1.0000	0.0000
5.000	11.6147	0.0102	-0.0318	-0.0012	0.0003	0.0008	0.9679	-0.2489
10.000	11.9915	0.0393	-0.0624	-0.0044	0.0012	0.0016	0.8767	-0.4754
15.000	12.6081	0.0832	-0.0907	-0.0108	0.0026	0.0021	0.7393	-0.6621
20.000	13.4476	0.1366	-0.1157	-0.0207	0.0045	0.0023	0.5727	-0.8003
25.000	14.4862	0.1943	-0.1364	-0.0334	0.0069	0.0020	0.3936	-0.8887
30.000	15.6939	0.2521	-0.1521	-0.0475	0.0096	0.0009	0.2153	-0.9323
35.000	17.0346	0.3070	-0.1623	-0.0614	0.0124	-0.0010	0.0472	-0.9385
40.000	18.4670	0.3573	-0.1669	-0.0738	0.0151	-0.0038	-0.1055	-0.9157
45.000	19.9457	0.4020	-0.1659	-0.0838	0.0175	-0.0077	-0.2406	-0.8716
50.000	21.4222	0.4410	-0.1594	-0.0906	0.0195	-0.0125	-0.3576	-0.8123
55.000	22.8470	0.4744	-0.1478	-0.0940	0.0208	-0.0184	-0.4575	-0.7428
60.000	24.1710	0.5026	-0.1318	-0.0941	0.0214	-0.0251	-0.5417	-0.6666
65.000	25.3476	0.5260	-0.1117	-0.0911	0.0212	-0.0325	-0.6116	-0.5862
70.000	26.3343	0.5450	-0.0884	-0.0855	0.0202	-0.0406	-0.6687	-0.5032
75.000	27.0949	0.5601	-0.0624	-0.0777	0.0184	-0.0491	-0.7145	-0.4186
80.000	27.6004	0.5715	-0.0342	-0.0683	0.0159	-0.0580	-0.7499	-0.3330
85.000	27.8304	0.5796	-0.0042	-0.0577	0.0129	-0.0672	-0.7758	-0.2467
90.000	27.7738	0.5845	0.0270	-0.0463	0.0095	-0.0764	-0.7927	-0.1597
95.000	27.4290	0.5865	0.0595	-0.0342	0.0059	-0.0858	-0.8007	-0.0721
100.000	26.8037	0.5855	0.0930	-0.0217	0.0023	-0.0952	-0.7998	0.0163
105.000	25.9148	0.5814	0.1276	-0.0086	-0.0011	-0.1047	-0.7897	0.1055
110.000	24.7872	0.5742	0.1635	0.0051	-0.0041	-0.1143	-0.7696	0.1955
115.000	23.4528	0.5635	0.2007	0.0196	-0.0065	-0.1241	-0.7385	0.2861
120.000	21.9501	0.5488	0.2394	0.0352	-0.0083	-0.1340	-0.6948	0.3768
125.000	20.3219	0.5296	0.2795	0.0520	-0.0093	-0.1440	-0.6366	0.4669
130.000	18.6149	0.5050	0.3206	0.0701	-0.0096	-0.1541	-0.5615	0.5550
135.000	16.8779	0.4741	0.3617	0.0892	-0.0092	-0.1638	-0.4665	0.6386
140.000	15.1601	0.4358	0.4007	0.1086	-0.0082	-0.1726	-0.3484	0.7142
145.000	13.5103	0.3892	0.4345	0.1272	-0.0068	-0.1794	-0.2042	0.7759
150.000	11.9748	0.3335	0.4579	0.1426	-0.0052	-0.1826	-0.0320	0.8155
155.000	10.5966	0.2692	0.4639	0.1519	-0.0037	-0.1797	0.1671	0.8217
160.000	9.4138	0.1984	0.4436	0.1511	-0.0023	-0.1680	0.3861	0.7806
165.000	8.4590	0.1264	0.3881	0.1362	-0.0012	-0.1445	0.6088	0.6785
170.000	7.7579	0.0621	0.2918	0.1046	-0.0005	-0.1074	0.8080	0.5075
175.000	7.3296	0.0165	0.1576	0.0572	-0.0001	-0.0576	0.9488	0.2732
180.000	7.1855	0.0000	0.0000	0.0001	0.0000	-0.0001	1.0000	0.0000
