0.000	5.8153	0.0000	0.0000	0.0000	0.0000	0.0000	1.0000	0.0000
5.000	5.8602	0.0074	-0.0427	0.0257	-0.0040	-0.0258	0.9734	-0.2248
10.000	5.9943	0.0289	-0.0842	0.0481	-0.0153	-0.0489	0.8966	-0.4334
15.000	6.2158	0.0625	-0.1233	0.0647	-0.0327	-0.0673	0.7777	-0.6120
20.000	6.5216	0.1053	-0.1591	0.0739	-0.0541	-0.0796	0.6283	-0.7517
25.000	6.9067	0.1539	-0.1907	0.0756	-0.0773	-0.0854	0.4610	-0.8485
30.000	7.3643	0.2055	-0.2176	0.0703	-0.1003	-0.0848	0.2876	-0.9030
35.000	7.8853	0.2575	-0.2394	0.0594	-0.1216	-0.0787	0.1179	-0.9192
40.000	8.4578	0.3079	-0.2561	0.0447	-0.1399	-0.0684	-0.0410	-0.9032
45.000	9.0674	0.3555	-0.2676	0.0278	-0.1545	-0.0549	-0.1847	-0.8613
50.000	9.6966	0.3995	-0.2743	0.0103	-0.1653	-0.0395	-0.3106	-0.8000
55.000	10.3255	0.4395	-0.2764	-0.0065	-0.1720	-0.0233	-0.4182	-0.7249
60.000	10.9319	0.4755	-0.2743	-0.0218	-0.1750	-0.0070	-0.5079	-0.6408
65.000	11.4926	0.5076	-0.2683	-0.0350	-0.1744	0.0087	-0.5807	-0.5513
70.000	11.9835	0.5359	-0.2590	-0.0456	-0.1707	0.0232	-0.6381	-0.4593
75.000	12.3816	0.5609	-0.2467	-0.0535	-0.1641	0.0362	-0.6816	-0.3668
80.000	12.6659	0.5827	-0.2316	-0.0586	-0.1550	0.0473	-0.7130	-0.2751
85.000	12.8187	0.6015	-0.2140	-0.0608	-0.1437	0.0565	-0.7334	-0.1851
90.000	12.8268	0.6177	-0.1942	-0.0602	-0.1304	0.0633	-0.7442	-0.0973
95.000	12.6822	0.6312	-0.1723	-0.0568	-0.1155	0.0677	-0.7464	-0.0119
100.000	12.3834	0.6421	-0.1482	-0.0509	-0.0990	0.0694	-0.7406	0.0713
105.000	11.9349	0.6505	-0.1220	-0.0422	-0.0814	0.0681	-0.7275	0.1525
110.000	11.3475	0.6562	-0.0937	-0.0310	-0.0627	0.0637	-0.7070	0.2319
115.000	10.6377	0.6588	-0.0632	-0.0171	-0.0433	0.0558	-0.6791	0.3100
120.000	9.8270	0.6579	-0.0303	-0.0006	-0.0235	0.0441	-0.6433	0.3872
125.000	8.9407	0.6528	0.0051	0.0185	-0.0039	0.0283	-0.5986	0.4638
130.000	8.0066	0.6424	0.0430	0.0402	0.0151	0.0082	-0.5431	0.5402
135.000	7.0540	0.6254	0.0832	0.0644	0.0326	-0.0162	-0.4747	0.6161
140.000	6.1122	0.5997	0.1254	0.0907	0.0478	-0.0448	-0.3896	0.6905
145.000	5.2093	0.5629	0.1683	0.1182	0.0594	-0.0768	-0.2830	0.7611
150.000	4.3717	0.5116	0.2097	0.1453	0.0662	-0.1103	-0.1490	0.8226
155.000	3.6226	0.4424	0.2452	0.1688	0.0666	-0.1419	0.0194	0.8647
160.000	2.9823	0.3528	0.2670	0.1834	0.0595	-0.1653	0.2267	0.8692
165.000	2.4673	0.2447	0.2632	0.1807	0.0449	-0.1709	0.4685	0.8079
170.000	2.0903	0.1302	0.2194	0.1506	0.0253	-0.1470	0.7191	0.6467
175.000	1.8605	0.0369	0.1275	0.0875	0.0074	-0.0870	0.9207	0.3670
180.000	1.7833	0.0000	0.0001	0.0001	0.0000	-0.0001	1.0000	0.0001
