0.000	5.0687	0.0000	0.0000	0.0000	0.0000	0.0000	1.0000	0.0000
5.000	5.0916	0.0062	-0.0185	0.0163	-0.0002	-0.0167	0.9800	-0.1979
10.000	5.1609	0.0247	-0.0384	0.0300	-0.0011	-0.0331	0.9214	-0.3856
15.000	5.2782	0.0543	-0.0610	0.0387	-0.0031	-0.0487	0.8280	-0.5540
20.000	5.4457	0.0937	-0.0865	0.0411	-0.0068	-0.0630	0.7058	-0.6951
25.000	5.6656	0.1408	-0.1144	0.0368	-0.0130	-0.0755	0.5627	-0.8037
30.000	5.9384	0.1929	-0.1435	0.0264	-0.0219	-0.0856	0.4073	-0.8770
35.000	6.2630	0.2475	-0.1722	0.0113	-0.0337	-0.0929	0.2481	-0.9154
40.000	6.6351	0.3021	-0.1986	-0.0068	-0.0479	-0.0971	0.0928	-0.9214
45.000	7.0467	0.3544	-0.2212	-0.0260	-0.0640	-0.0981	-0.0527	-0.8998
50.000	7.4863	0.4029	-0.2390	-0.0447	-0.0810	-0.0962	-0.1844	-0.8560
55.000	7.9382	0.4465	-0.2515	-0.0617	-0.0981	-0.0915	-0.3004	-0.7956
60.000	8.3836	0.4850	-0.2585	-0.0763	-0.1145	-0.0846	-0.3999	-0.7236
65.000	8.8013	0.5182	-0.2604	-0.0882	-0.1296	-0.0759	-0.4835	-0.6443
70.000	9.1688	0.5465	-0.2578	-0.0972	-0.1427	-0.0658	-0.5523	-0.5609
75.000	9.4641	0.5704	-0.2511	-0.1035	-0.1534	-0.0549	-0.6077	-0.4759
80.000	9.6668	0.5904	-0.2409	-0.1074	-0.1616	-0.0435	-0.6512	-0.3909
85.000	9.7601	0.6072	-0.2278	-0.1090	-0.1670	-0.0322	-0.6842	-0.3070
90.000	9.7317	0.6213	-0.2120	-0.1086	-0.1697	-0.0212	-0.7079	-0.2246
95.000	9.5751	0.6332	-0.1937	-0.1062	-0.1694	-0.0110	-0.7233	-0.1441
100.000	9.2899	0.6432	-0.1730	-0.1019	-0.1663	-0.0020	-0.7313	-0.0656
105.000	8.8818	0.6515	-0.1498	-0.0955	-0.1605	0.0053	-0.7323	0.0112
110.000	8.3624	0.6583	-0.1239	-0.0871	-0.1520	0.0104	-0.7268	0.0865
115.000	7.7483	0.6634	-0.0948	-0.0763	-0.1411	0.0129	-0.7148	0.1605
120.000	7.0598	0.6666	-0.0621	-0.0629	-0.1279	0.0121	-0.6961	0.2339
125.000	6.3200	0.6674	-0.0253	-0.0465	-0.1127	0.0075	-0.6700	0.3072
130.000	5.5531	0.6650	0.0163	-0.0268	-0.0960	-0.0015	-0.6355	0.3810
135.000	4.7836	0.6582	0.0632	-0.0033	-0.0783	-0.0156	-0.5904	0.4560
140.000	4.0346	0.6449	0.1159	0.0240	-0.0601	-0.0352	-0.5315	0.5328
145.000	3.3275	0.6225	0.1745	0.0553	-0.0424	-0.0605	-0.4537	0.6113
150.000	2.6810	0.5870	0.2379	0.0900	-0.0259	-0.0910	-0.3492	0.6900
155.000	2.1106	0.5324	0.3026	0.1263	-0.0119	-0.1248	-0.2065	0.7632
160.000	1.6290	0.4516	0.3597	0.1596	-0.0014	-0.1573	-0.0108	0.8169
165.000	1.2456	0.3381	0.3899	0.1799	0.0042	-0.1780	0.2509	0.8194
170.000	0.9674	0.1959	0.3583	0.1695	0.0047	-0.1686	0.5691	0.7139
175.000	0.7987	0.0598	0.2259	0.1083	0.0019	-0.1082	0.8691	0.4359
180.000	0.7422	0.0000	0.0001	0.0002	0.0000	-0.0002	1.0000	0.0001
