0.000	8.3245	0.0000	0.0000	0.0000	0.0000	0.0000	1.0000	0.0000
5.000	8.4084	0.0091	-0.0492	0.0136	-0.0035	-0.0137	0.9695	-0.2399
10.000	8.6579	0.0352	-0.0955	0.0252	-0.0134	-0.0254	0.8823	-0.4593
15.000	9.0665	0.0748	-0.1363	0.0333	-0.0282	-0.0339	0.7501	-0.6421
20.000	9.6235	0.1237	-0.1702	0.0371	-0.0457	-0.0383	0.5883	-0.7794
25.000	10.3140	0.1772	-0.1966	0.0367	-0.0640	-0.0385	0.4123	-0.8693
30.000	11.1191	0.2317	-0.2157	0.0328	-0.0814	-0.0351	0.2354	-0.9152
35.000	12.0159	0.2844	-0.2282	0.0262	-0.0966	-0.0287	0.0667	-0.9236
40.000	12.9783	0.3336	-0.2349	0.0181	-0.1089	-0.0203	-0.0879	-0.9021
45.000	13.9771	0.3784	-0.2366	0.0095	-0.1181	-0.0105	-0.2255	-0.8579
50.000	14.9807	0.4185	-0.2339	0.0010	-0.1241	-0.0002	-0.3451	-0.7973
55.000	15.9559	0.4540	-0.2277	-0.0067	-0.1269	0.0103	-0.4472	-0.7252
60.000	16.8692	0.4851	-0.2182	-0.0131	-0.1269	0.0203	-0.5329	-0.6456
65.000	17.6874	0.5121	-0.2061	-0.0179	-0.1242	0.0297	-0.6035	-0.5613
70.000	18.3791	0.5356	-0.1914	-0.0210	-0.1190	0.0379	-0.6605	-0.4745
75.000	18.9161	0.5556	-0.1745	-0.0222	-0.1116	0.0449	-0.7053	-0.3865
80.000	19.2743	0.5727	-0.1555	-0.0214	-0.1022	0.0503	-0.7392	-0.2983
85.000	19.4352	0.5870	-0.1344	-0.0186	-0.0910	0.0539	-0.7631	-0.2103
90.000	19.3870	0.5986	-0.1113	-0.0138	-0.0781	0.0556	-0.7779	-0.1230
95.000	19.1245	0.6077	-0.0863	-0.0070	-0.0639	0.0549	-0.7842	-0.0364
100.000	18.6505	0.6141	-0.0592	0.0018	-0.0486	0.0518	-0.7822	0.0497
105.000	17.9751	0.6179	-0.0300	0.0126	-0.0323	0.0459	-0.7720	0.1352
110.000	17.1156	0.6187	0.0015	0.0253	-0.0155	0.0370	-0.7534	0.2206
115.000	16.0958	0.6161	0.0351	0.0401	0.0016	0.0248	-0.7257	0.3059
120.000	14.9452	0.6096	0.0711	0.0568	0.0184	0.0092	-0.6878	0.3912
125.000	13.6975	0.5985	0.1092	0.0754	0.0344	-0.0100	-0.6381	0.4765
130.000	12.3895	0.5816	0.1492	0.0956	0.0490	-0.0325	-0.5745	0.5614
135.000	11.0598	0.5576	0.1904	0.1170	0.0614	-0.0582	-0.4940	0.6444
140.000	9.7468	0.5250	0.2318	0.1389	0.0706	-0.0862	-0.3927	0.7234
145.000	8.4884	0.4817	0.2711	0.1601	0.0758	-0.1152	-0.2663	0.7938
150.000	7.3198	0.4257	0.3049	0.1784	0.0758	-0.1425	-0.1102	0.8482
155.000	6.2732	0.3558	0.3274	0.1905	0.0698	-0.1644	0.0788	0.8743
160.000	5.3771	0.2724	0.3304	0.1916	0.0577	-0.1751	0.2989	0.8544
165.000	4.6549	0.1805	0.3036	0.1758	0.0405	-0.1673	0.5377	0.7664
170.000	4.1255	0.0918	0.2380	0.1377	0.0214	-0.1347	0.7657	0.5907
175.000	3.8025	0.0251	0.1323	0.0765	0.0060	-0.0761	0.9360	0.3251
180.000	3.6938	0.0000	0.0001	0.0001	0.0000	-0.0001	1.0000	0.0001
