0.000	12.5235	0.0000	0.0000	0.0000	0.0000	0.0000	1.0000	0.0000
5.000	12.6731	0.0101	-0.0473	-0.0048	-0.0016	0.0049	0.9664	-0.2524
10.000	13.1169	0.0388	-0.0901	-0.0091	-0.0062	0.0099	0.8711	-0.4811
15.000	13.8402	0.0816	-0.1249	-0.0125	-0.0129	0.0149	0.7287	-0.6682
20.000	14.8192	0.1331	-0.1499	-0.0147	-0.0204	0.0200	0.5576	-0.8052
25.000	16.0218	0.1878	-0.1651	-0.0157	-0.0277	0.0251	0.3752	-0.8919
30.000	17.4084	0.2419	-0.1715	-0.0156	-0.0340	0.0301	0.1952	-0.9339
35.000	18.9338	0.2925	-0.1703	-0.0143	-0.0387	0.0348	0.0264	-0.9393
40.000	20.5479	0.3383	-0.1632	-0.0121	-0.0417	0.0392	-0.1266	-0.9164
45.000	22.1983	0.3787	-0.1514	-0.0089	-0.0427	0.0430	-0.2619	-0.8726
50.000	23.8311	0.4138	-0.1360	-0.0048	-0.0418	0.0462	-0.3795	-0.8139
55.000	25.3933	0.4438	-0.1177	0.0002	-0.0391	0.0486	-0.4804	-0.7447
60.000	26.8343	0.4691	-0.0972	0.0060	-0.0347	0.0503	-0.5659	-0.6683
65.000	28.1073	0.4903	-0.0747	0.0127	-0.0288	0.0509	-0.6374	-0.5869
70.000	29.1709	0.5076	-0.0505	0.0202	-0.0214	0.0504	-0.6964	-0.5021
75.000	29.9904	0.5215	-0.0248	0.0286	-0.0128	0.0487	-0.7440	-0.4149
80.000	30.5388	0.5322	0.0024	0.0379	-0.0031	0.0456	-0.7810	-0.3259
85.000	30.7979	0.5399	0.0310	0.0480	0.0075	0.0409	-0.8079	-0.2353
90.000	30.7581	0.5447	0.0610	0.0589	0.0189	0.0344	-0.8252	-0.1434
95.000	30.4195	0.5467	0.0926	0.0707	0.0308	0.0260	-0.8327	-0.0502
100.000	29.7913	0.5456	0.1256	0.0834	0.0429	0.0156	-0.8303	0.0443
105.000	28.8916	0.5414	0.1600	0.0967	0.0550	0.0029	-0.8173	0.1400
110.000	27.7465	0.5337	0.1956	0.1107	0.0666	-0.0119	-0.7928	0.2367
115.000	26.3898	0.5223	0.2323	0.1252	0.0774	-0.0291	-0.7554	0.3339
120.000	24.8611	0.5065	0.2696	0.1400	0.0869	-0.0483	-0.7035	0.4309
125.000	23.2050	0.4858	0.3068	0.1548	0.0945	-0.0693	-0.6349	0.5263
130.000	21.4697	0.4595	0.3429	0.1691	0.0997	-0.0915	-0.5475	0.6179
135.000	19.7050	0.4269	0.3762	0.1821	0.1017	-0.1140	-0.4385	0.7026
140.000	17.9612	0.3873	0.4044	0.1928	0.1001	-0.1355	-0.3059	0.7756
145.000	16.2876	0.3403	0.4244	0.1999	0.0943	-0.1542	-0.1482	0.8303
150.000	14.7310	0.2861	0.4320	0.2014	0.0841	-0.1674	0.0340	0.8578
155.000	13.3346	0.2259	0.4221	0.1952	0.0697	-0.1722	0.2367	0.8476
160.000	12.1365	0.1627	0.3892	0.1789	0.0522	-0.1654	0.4502	0.7882
165.000	11.1695	0.1013	0.3292	0.1506	0.0335	-0.1442	0.6576	0.6706
170.000	10.4596	0.0487	0.2406	0.1097	0.0165	-0.1076	0.8353	0.4921
175.000	10.0259	0.0128	0.1275	0.0580	0.0044	-0.0577	0.9567	0.2614
180.000	9.8800	0.0000	0.0000	0.0000	0.0000	0.0000	1.0000	0.0000
