0.000	10.5729	0.0000	0.0000	0.0000	0.0000	0.0000	1.0000	0.0000
5.000	10.6945	0.0100	-0.0491	0.0076	-0.0031	-0.0076	0.9671	-0.2492
10.000	11.0555	0.0383	-0.0944	0.0141	-0.0116	-0.0139	0.8738	-0.4753
15.000	11.6450	0.0809	-0.1329	0.0184	-0.0243	-0.0178	0.7338	-0.6609
20.000	12.4447	0.1324	-0.1632	0.0203	-0.0390	-0.0190	0.5648	-0.7971
25.000	13.4299	0.1876	-0.1848	0.0198	-0.0541	-0.0174	0.3841	-0.8833
30.000	14.5700	0.2426	-0.1986	0.0175	-0.0680	-0.0135	0.2050	-0.9248
35.000	15.8292	0.2946	-0.2055	0.0139	-0.0798	-0.0078	0.0365	-0.9292
40.000	17.1678	0.3422	-0.2068	0.0097	-0.0891	-0.0010	-0.1162	-0.9049
45.000	18.5427	0.3846	-0.2034	0.0055	-0.0955	0.0065	-0.2511	-0.8593
50.000	19.9094	0.4219	-0.1963	0.0016	-0.0992	0.0141	-0.3681	-0.7987
55.000	21.2227	0.4543	-0.1861	-0.0015	-0.1002	0.0216	-0.4680	-0.7277
60.000	22.4384	0.4821	-0.1733	-0.0036	-0.0988	0.0285	-0.5521	-0.6497
65.000	23.5148	0.5059	-0.1582	-0.0045	-0.0951	0.0347	-0.6220	-0.5674
70.000	24.4136	0.5260	-0.1410	-0.0040	-0.0894	0.0398	-0.6791	-0.4824
75.000	25.1019	0.5428	-0.1220	-0.0021	-0.0818	0.0438	-0.7247	-0.3958
80.000	25.5529	0.5567	-0.1011	0.0012	-0.0725	0.0462	-0.7599	-0.3083
85.000	25.7473	0.5677	-0.0783	0.0061	-0.0617	0.0471	-0.7855	-0.2204
90.000	25.6739	0.5761	-0.0537	0.0126	-0.0496	0.0461	-0.8021	-0.1322
95.000	25.3300	0.5819	-0.0271	0.0206	-0.0364	0.0430	-0.8100	-0.0437
100.000	24.7217	0.5850	0.0014	0.0302	-0.0223	0.0376	-0.8092	0.0452
105.000	23.8641	0.5852	0.0319	0.0414	-0.0076	0.0297	-0.7995	0.1345
110.000	22.7800	0.5824	0.0644	0.0541	0.0073	0.0192	-0.7803	0.2244
115.000	21.4998	0.5760	0.0989	0.0682	0.0220	0.0058	-0.7506	0.3149
120.000	20.0601	0.5656	0.1352	0.0838	0.0362	-0.0105	-0.7090	0.4058
125.000	18.5022	0.5504	0.1732	0.1004	0.0493	-0.0296	-0.6536	0.4966
130.000	16.8712	0.5294	0.2121	0.1179	0.0606	-0.0513	-0.5820	0.5862
135.000	15.2140	0.5016	0.2510	0.1358	0.0695	-0.0751	-0.4911	0.6724
140.000	13.5778	0.4656	0.2882	0.1530	0.0751	-0.0999	-0.3775	0.7520
145.000	12.0088	0.4201	0.3212	0.1683	0.0767	-0.1241	-0.2374	0.8192
150.000	10.5507	0.3641	0.3460	0.1796	0.0734	-0.1453	-0.0681	0.8654
155.000	9.2438	0.2974	0.3569	0.1841	0.0650	-0.1598	0.1306	0.8782
160.000	8.1236	0.2219	0.3466	0.1780	0.0517	-0.1630	0.3530	0.8417
165.000	7.2200	0.1432	0.3072	0.1573	0.0350	-0.1499	0.5837	0.7386
170.000	6.5572	0.0710	0.2335	0.1193	0.0179	-0.1168	0.7938	0.5573
175.000	6.1524	0.0191	0.1270	0.0648	0.0049	-0.0645	0.9447	0.3019
180.000	6.0162	0.0000	0.0000	0.0001	0.0000	-0.0001	1.0000	0.0001
