0.000	12.6446	0.0000	0.0000	0.0000	0.0000	0.0000	1.0000	0.0000
5.000	12.7977	0.0106	-0.0325	-0.0045	0.0004	0.0042	0.9661	-0.2557
10.000	13.2515	0.0408	-0.0630	-0.0102	0.0015	0.0080	0.8702	-0.4869
15.000	13.9899	0.0856	-0.0898	-0.0178	0.0033	0.0109	0.7270	-0.6755
20.000	14.9871	0.1393	-0.1119	-0.0272	0.0057	0.0126	0.5551	-0.8127
25.000	16.2084	0.1961	-0.1286	-0.0378	0.0086	0.0131	0.3722	-0.8987
30.000	17.6120	0.2518	-0.1397	-0.0487	0.0119	0.0123	0.1916	-0.9394
35.000	19.1507	0.3036	-0.1450	-0.0588	0.0154	0.0103	0.0221	-0.9431
40.000	20.7737	0.3502	-0.1448	-0.0672	0.0189	0.0070	-0.1316	-0.9183
45.000	22.4283	0.3910	-0.1394	-0.0732	0.0223	0.0026	-0.2676	-0.8723
50.000	24.0620	0.4260	-0.1289	-0.0766	0.0253	-0.0028	-0.3860	-0.8112
55.000	25.6237	0.4557	-0.1140	-0.0770	0.0278	-0.0092	-0.4875	-0.7394
60.000	27.0654	0.4805	-0.0949	-0.0746	0.0297	-0.0164	-0.5733	-0.6602
65.000	28.3429	0.5007	-0.0723	-0.0697	0.0308	-0.0244	-0.6447	-0.5759
70.000	29.4171	0.5170	-0.0466	-0.0625	0.0312	-0.0329	-0.7029	-0.4882
75.000	30.2550	0.5296	-0.0185	-0.0535	0.0309	-0.0419	-0.7489	-0.3981
80.000	30.8301	0.5388	0.0116	-0.0430	0.0300	-0.0512	-0.7837	-0.3063
85.000	31.1231	0.5448	0.0433	-0.0316	0.0284	-0.0608	-0.8077	-0.2133
90.000	31.1229	0.5477	0.0762	-0.0195	0.0264	-0.0706	-0.8213	-0.1195
95.000	30.8266	0.5476	0.1100	-0.0068	0.0242	-0.0806	-0.8248	-0.0249
100.000	30.2402	0.5445	0.1445	0.0061	0.0219	-0.0906	-0.8180	0.0702
105.000	29.3785	0.5381	0.1798	0.0194	0.0196	-0.1007	-0.8003	0.1656
110.000	28.2653	0.5282	0.2158	0.0331	0.0175	-0.1108	-0.7712	0.2612
115.000	26.9323	0.5145	0.2524	0.0472	0.0158	-0.1210	-0.7293	0.3563
120.000	25.4186	0.4966	0.2894	0.0619	0.0143	-0.1311	-0.6733	0.4503
125.000	23.7697	0.4739	0.3264	0.0771	0.0133	-0.1411	-0.6011	0.5417
130.000	22.0350	0.4459	0.3625	0.0926	0.0125	-0.1505	-0.5106	0.6283
135.000	20.2670	0.4119	0.3962	0.1081	0.0119	-0.1589	-0.3996	0.7071
140.000	18.5185	0.3714	0.4253	0.1227	0.0113	-0.1656	-0.2658	0.7733
145.000	16.8410	0.3242	0.4462	0.1350	0.0106	-0.1695	-0.1084	0.8206
150.000	15.2831	0.2707	0.4543	0.1432	0.0096	-0.1690	0.0718	0.8408
155.000	13.8883	0.2122	0.4441	0.1448	0.0081	-0.1624	0.2703	0.8241
160.000	12.6947	0.1517	0.4097	0.1374	0.0062	-0.1478	0.4771	0.7606
165.000	11.7337	0.0938	0.3464	0.1187	0.0041	-0.1236	0.6760	0.6426
170.000	11.0299	0.0448	0.2531	0.0880	0.0020	-0.0896	0.8449	0.4689
175.000	10.6006	0.0117	0.1340	0.0471	0.0005	-0.0473	0.9593	0.2481
180.000	10.4563	0.0000	0.0000	0.0000	0.0000	0.0000	1.0000	0.0000
