0.000	1.4131	0.0000	0.0000	0.0000	0.0000	0.0000	1.0000	0.0000
5.000	1.4247	0.0038	0.0214	0.0024	-0.0002	-0.0024	0.9714	-0.2364
10.000	1.4592	0.0147	0.0424	0.0049	-0.0008	-0.0044	0.8891	-0.4555
15.000	1.5155	0.0312	0.0628	0.0075	-0.0017	-0.0059	0.7623	-0.6434
20.000	1.5918	0.0516	0.0825	0.0103	-0.0025	-0.0067	0.6038	-0.7912
25.000	1.6860	0.0738	0.1015	0.0133	-0.0032	-0.0069	0.4269	-0.8956
30.000	1.7953	0.0961	0.1198	0.0164	-0.0035	-0.0064	0.2433	-0.9578
35.000	1.9167	0.1173	0.1378	0.0198	-0.0034	-0.0056	0.0625	-0.9817
40.000	2.0472	0.1365	0.1555	0.0233	-0.0027	-0.0045	-0.1091	-0.9725
45.000	2.1835	0.1532	0.1732	0.0270	-0.0014	-0.0033	-0.2672	-0.9359
50.000	2.3222	0.1672	0.1909	0.0308	0.0003	-0.0022	-0.4095	-0.8768
55.000	2.4604	0.1786	0.2087	0.0346	0.0025	-0.0013	-0.5347	-0.7999
60.000	2.5948	0.1873	0.2267	0.0384	0.0051	-0.0007	-0.6424	-0.7087
65.000	2.7226	0.1934	0.2448	0.0421	0.0081	-0.0004	-0.7326	-0.6064
70.000	2.8411	0.1972	0.2630	0.0457	0.0113	-0.0007	-0.8053	-0.4954
75.000	2.9478	0.1987	0.2812	0.0491	0.0147	-0.0014	-0.8608	-0.3778
80.000	3.0407	0.1980	0.2992	0.0523	0.0182	-0.0026	-0.8992	-0.2553
85.000	3.1181	0.1954	0.3170	0.0552	0.0216	-0.0043	-0.9204	-0.1294
90.000	3.1786	0.1909	0.3343	0.0577	0.0249	-0.0066	-0.9244	-0.0017
95.000	3.2216	0.1847	0.3508	0.0599	0.0279	-0.0093	-0.9108	0.1265
100.000	3.2469	0.1769	0.3662	0.0616	0.0306	-0.0124	-0.8793	0.2534
105.000	3.2548	0.1676	0.3802	0.0629	0.0328	-0.0159	-0.8293	0.3772
110.000	3.2463	0.1570	0.3921	0.0637	0.0344	-0.0196	-0.7605	0.4957
115.000	3.2228	0.1453	0.4014	0.0639	0.0352	-0.0235	-0.6727	0.6062
120.000	3.1861	0.1327	0.4075	0.0635	0.0353	-0.0273	-0.5660	0.7057
125.000	3.1385	0.1192	0.4095	0.0624	0.0345	-0.0309	-0.4411	0.7908
130.000	3.0824	0.1051	0.4065	0.0606	0.0327	-0.0340	-0.2994	0.8576
135.000	3.0204	0.0906	0.3978	0.0580	0.0302	-0.0364	-0.1432	0.9023
140.000	2.9554	0.0760	0.3824	0.0546	0.0268	-0.0378	0.0240	0.9210
145.000	2.8899	0.0615	0.3597	0.0504	0.0228	-0.0380	0.1973	0.9102
150.000	2.8268	0.0476	0.3292	0.0452	0.0184	-0.0368	0.3709	0.8673
155.000	2.7685	0.0346	0.2905	0.0393	0.0138	-0.0340	0.5375	0.7910
160.000	2.7173	0.0231	0.2440	0.0325	0.0095	-0.0297	0.6894	0.6817
165.000	2.6752	0.0134	0.1903	0.0251	0.0056	-0.0238	0.8184	0.5421
170.000	2.6439	0.0061	0.1305	0.0170	0.0026	-0.0167	0.9170	0.3769
175.000	2.6247	0.0015	0.0664	0.0086	0.0007	-0.0086	0.9789	0.1933
180.000	2.6181	0.0000	0.0000	0.0000	0.0000	0.0000	1.0000	0.0000
