0.000	10.9752	0.0000	0.0000	0.0000	0.0000	0.0000	1.0000	0.0000
5.000	11.1040	0.0101	-0.0485	0.0068	-0.0030	-0.0068	0.9668	-0.2508
10.000	11.4862	0.0387	-0.0931	0.0125	-0.0113	-0.0123	0.8724	-0.4781
15.000	12.1099	0.0817	-0.1309	0.0163	-0.0235	-0.0156	0.7311	-0.6642
20.000	12.9555	0.1334	-0.1602	0.0179	-0.0377	-0.0163	0.5610	-0.8003
25.000	13.9965	0.1888	-0.1809	0.0175	-0.0521	-0.0145	0.3794	-0.8860
30.000	15.2000	0.2438	-0.1937	0.0155	-0.0654	-0.0106	0.1999	-0.9268
35.000	16.5279	0.2956	-0.1996	0.0124	-0.0766	-0.0051	0.0314	-0.9306
40.000	17.9376	0.3427	-0.2000	0.0089	-0.0853	0.0014	-0.1211	-0.9059
45.000	19.3838	0.3847	-0.1958	0.0054	-0.0913	0.0085	-0.2557	-0.8602
50.000	20.8193	0.4214	-0.1880	0.0023	-0.0946	0.0157	-0.3724	-0.7995
55.000	22.1968	0.4532	-0.1771	-0.0001	-0.0953	0.0227	-0.4720	-0.7286
60.000	23.4702	0.4805	-0.1638	-0.0015	-0.0937	0.0292	-0.5559	-0.6509
65.000	24.5960	0.5037	-0.1482	-0.0017	-0.0898	0.0348	-0.6258	-0.5687
70.000	25.5350	0.5232	-0.1306	-0.0007	-0.0840	0.0395	-0.6830	-0.4839
75.000	26.2533	0.5394	-0.1112	0.0017	-0.0764	0.0429	-0.7288	-0.3974
80.000	26.7238	0.5526	-0.0900	0.0055	-0.0672	0.0450	-0.7642	-0.3100
85.000	26.9270	0.5630	-0.0669	0.0107	-0.0565	0.0454	-0.7900	-0.2219
90.000	26.8520	0.5708	-0.0421	0.0174	-0.0445	0.0440	-0.8069	-0.1333
95.000	26.4965	0.5759	-0.0153	0.0256	-0.0316	0.0406	-0.8150	-0.0443
100.000	25.8676	0.5783	0.0133	0.0353	-0.0178	0.0349	-0.8143	0.0452
105.000	24.9809	0.5779	0.0439	0.0464	-0.0035	0.0267	-0.8045	0.1354
110.000	23.8605	0.5744	0.0765	0.0590	0.0110	0.0160	-0.7850	0.2263
115.000	22.5379	0.5673	0.1110	0.0729	0.0254	0.0025	-0.7547	0.3178
120.000	21.0508	0.5561	0.1472	0.0881	0.0390	-0.0138	-0.7122	0.4098
125.000	19.4420	0.5401	0.1848	0.1042	0.0515	-0.0327	-0.6555	0.5016
130.000	17.7578	0.5185	0.2233	0.1211	0.0622	-0.0541	-0.5821	0.5919
135.000	16.0465	0.4900	0.2614	0.1381	0.0704	-0.0773	-0.4891	0.6786
140.000	14.3568	0.4535	0.2976	0.1543	0.0754	-0.1014	-0.3729	0.7580
145.000	12.7363	0.4078	0.3291	0.1684	0.0763	-0.1246	-0.2303	0.8242
150.000	11.2303	0.3521	0.3519	0.1784	0.0725	-0.1445	-0.0587	0.8686
155.000	9.8801	0.2863	0.3604	0.1815	0.0637	-0.1577	0.1414	0.8787
160.000	8.7226	0.2127	0.3477	0.1743	0.0503	-0.1597	0.3637	0.8390
165.000	7.7888	0.1365	0.3063	0.1530	0.0338	-0.1458	0.5923	0.7333
170.000	7.1037	0.0674	0.2316	0.1154	0.0173	-0.1130	0.7989	0.5512
175.000	6.6853	0.0181	0.1255	0.0625	0.0047	-0.0622	0.9462	0.2978
180.000	6.5445	0.0000	0.0000	0.0001	0.0000	-0.0001	1.0000	0.0001
