0.000	2.2456	0.0000	0.0000	0.0000	0.0000	0.0000	1.0000	0.0000
5.000	2.2665	0.0051	0.0078	0.0009	-0.0003	-0.0008	0.9696	-0.2445
10.000	2.3284	0.0198	0.0161	0.0021	-0.0010	-0.0015	0.8824	-0.4698
15.000	2.4296	0.0421	0.0252	0.0037	-0.0020	-0.0018	0.7493	-0.6605
20.000	2.5668	0.0695	0.0354	0.0060	-0.0032	-0.0017	0.5847	-0.8075
25.000	2.7360	0.0994	0.0469	0.0089	-0.0041	-0.0012	0.4035	-0.9084
30.000	2.9322	0.1295	0.0597	0.0123	-0.0046	-0.0004	0.2182	-0.9655
35.000	3.1497	0.1581	0.0738	0.0162	-0.0046	0.0007	0.0382	-0.9840
40.000	3.3826	0.1842	0.0890	0.0205	-0.0040	0.0018	-0.1303	-0.9703
45.000	3.6244	0.2070	0.1054	0.0251	-0.0027	0.0028	-0.2839	-0.9306
50.000	3.8690	0.2263	0.1228	0.0299	-0.0006	0.0037	-0.4207	-0.8704
55.000	4.1101	0.2420	0.1412	0.0348	0.0021	0.0043	-0.5404	-0.7942
60.000	4.3418	0.2542	0.1603	0.0398	0.0054	0.0045	-0.6430	-0.7055
65.000	4.5585	0.2632	0.1801	0.0448	0.0093	0.0042	-0.7290	-0.6073
70.000	4.7552	0.2690	0.2006	0.0498	0.0136	0.0034	-0.7988	-0.5016
75.000	4.9276	0.2720	0.2215	0.0547	0.0182	0.0018	-0.8529	-0.3900
80.000	5.0720	0.2723	0.2427	0.0595	0.0229	-0.0003	-0.8915	-0.2741
85.000	5.1857	0.2703	0.2641	0.0641	0.0277	-0.0033	-0.9146	-0.1548
90.000	5.2667	0.2660	0.2855	0.0685	0.0323	-0.0069	-0.9221	-0.0333
95.000	5.3142	0.2595	0.3066	0.0726	0.0366	-0.0112	-0.9135	0.0893
100.000	5.3284	0.2511	0.3270	0.0763	0.0405	-0.0162	-0.8883	0.2118
105.000	5.3103	0.2408	0.3465	0.0796	0.0437	-0.0217	-0.8458	0.3325
110.000	5.2620	0.2285	0.3643	0.0824	0.0462	-0.0276	-0.7853	0.4497
115.000	5.1865	0.2144	0.3799	0.0844	0.0477	-0.0337	-0.7062	0.5610
120.000	5.0874	0.1985	0.3926	0.0857	0.0483	-0.0399	-0.6080	0.6635
125.000	4.9690	0.1809	0.4014	0.0861	0.0476	-0.0457	-0.4908	0.7539
130.000	4.8362	0.1618	0.4052	0.0853	0.0457	-0.0510	-0.3552	0.8283
135.000	4.6941	0.1413	0.4030	0.0834	0.0426	-0.0552	-0.2029	0.8824
140.000	4.5478	0.1200	0.3936	0.0801	0.0384	-0.0579	-0.0366	0.9116
145.000	4.4029	0.0983	0.3758	0.0753	0.0331	-0.0588	0.1393	0.9115
150.000	4.2645	0.0768	0.3487	0.0689	0.0270	-0.0575	0.3189	0.8784
155.000	4.1375	0.0563	0.3118	0.0608	0.0206	-0.0536	0.4947	0.8095
160.000	4.0266	0.0378	0.2648	0.0511	0.0143	-0.0472	0.6578	0.7042
165.000	3.9358	0.0221	0.2084	0.0399	0.0085	-0.0381	0.7985	0.5644
170.000	3.8684	0.0101	0.1440	0.0274	0.0040	-0.0268	0.9074	0.3948
175.000	3.8269	0.0026	0.0736	0.0139	0.0010	-0.0139	0.9764	0.2032
180.000	3.8129	0.0000	0.0000	0.0000	0.0000	0.0000	1.0000	0.0000
