0.000	11.5875	0.0000	0.0000	0.0000	0.0000	0.0000	1.0000	0.0000
5.000	11.7253	0.0096	-0.0391	-0.0049	-0.0012	0.0050	0.9662	-0.2548
10.000	12.1340	0.0370	-0.0740	-0.0091	-0.0046	0.0099	0.8702	-0.4857
15.000	12.8006	0.0778	-0.1019	-0.0122	-0.0096	0.0147	0.7265	-0.6750
20.000	13.7038	0.1268	-0.1212	-0.0138	-0.0151	0.0194	0.5536	-0.8138
25.000	14.8142	0.1789	-0.1317	-0.0140	-0.0203	0.0238	0.3692	-0.9020
30.000	16.0964	0.2303	-0.1344	-0.0128	-0.0247	0.0279	0.1868	-0.9449
35.000	17.5089	0.2782	-0.1305	-0.0104	-0.0277	0.0317	0.0155	-0.9506
40.000	19.0064	0.3213	-0.1214	-0.0070	-0.0292	0.0350	-0.1401	-0.9276
45.000	20.5409	0.3592	-0.1083	-0.0026	-0.0292	0.0378	-0.2779	-0.8830
50.000	22.0635	0.3917	-0.0920	0.0025	-0.0276	0.0400	-0.3979	-0.8231
55.000	23.5261	0.4193	-0.0733	0.0084	-0.0244	0.0415	-0.5010	-0.7521
60.000	24.8830	0.4422	-0.0525	0.0150	-0.0200	0.0421	-0.5885	-0.6733
65.000	26.0921	0.4609	-0.0301	0.0223	-0.0142	0.0419	-0.6619	-0.5891
70.000	27.1166	0.4759	-0.0061	0.0301	-0.0074	0.0406	-0.7223	-0.5010
75.000	27.9258	0.4874	0.0193	0.0386	0.0005	0.0381	-0.7708	-0.4099
80.000	28.4961	0.4956	0.0461	0.0477	0.0092	0.0344	-0.8082	-0.3164
85.000	28.8112	0.5009	0.0741	0.0573	0.0186	0.0292	-0.8348	-0.2209
90.000	28.8628	0.5031	0.1033	0.0675	0.0285	0.0224	-0.8510	-0.1237
95.000	28.6504	0.5024	0.1337	0.0782	0.0387	0.0140	-0.8564	-0.0248
100.000	28.1813	0.4987	0.1652	0.0893	0.0488	0.0038	-0.8508	0.0754
105.000	27.4702	0.4918	0.1975	0.1008	0.0587	-0.0081	-0.8333	0.1768
110.000	26.5389	0.4816	0.2305	0.1125	0.0680	-0.0218	-0.8029	0.2789
115.000	25.4155	0.4676	0.2638	0.1242	0.0762	-0.0371	-0.7583	0.3809
120.000	24.1339	0.4495	0.2968	0.1359	0.0831	-0.0538	-0.6976	0.4815
125.000	22.7322	0.4269	0.3287	0.1470	0.0880	-0.0716	-0.6191	0.5789
130.000	21.2524	0.3993	0.3583	0.1571	0.0907	-0.0898	-0.5207	0.6704
135.000	19.7382	0.3663	0.3841	0.1657	0.0905	-0.1076	-0.4006	0.7520
140.000	18.2346	0.3277	0.4038	0.1717	0.0871	-0.1237	-0.2575	0.8185
145.000	16.7858	0.2835	0.4144	0.1742	0.0802	-0.1365	-0.0915	0.8630
150.000	15.4339	0.2343	0.4126	0.1718	0.0700	-0.1443	0.0951	0.8773
155.000	14.2182	0.1817	0.3944	0.1629	0.0568	-0.1446	0.2963	0.8521
160.000	13.1733	0.1285	0.3561	0.1462	0.0416	-0.1356	0.5014	0.7788
165.000	12.3288	0.0786	0.2954	0.1207	0.0262	-0.1157	0.6943	0.6518
170.000	11.7084	0.0373	0.2126	0.0865	0.0127	-0.0850	0.8549	0.4719
175.000	11.3291	0.0097	0.1115	0.0453	0.0033	-0.0451	0.9622	0.2483
180.000	11.2015	0.0000	0.0000	0.0000	0.0000	0.0000	1.0000	0.0000
