0.000	6.1195	0.0000	0.0000	0.0000	0.0000	0.0000	1.0000	0.0000
5.000	6.1688	0.0077	-0.0440	0.0234	-0.0039	-0.0235	0.9728	-0.2271
10.000	6.3161	0.0299	-0.0865	0.0439	-0.0149	-0.0446	0.8945	-0.4373
15.000	6.5590	0.0645	-0.1262	0.0588	-0.0318	-0.0613	0.7736	-0.6166
20.000	6.8935	0.1083	-0.1620	0.0670	-0.0524	-0.0722	0.6222	-0.7559
25.000	7.3136	0.1579	-0.1930	0.0681	-0.0748	-0.0769	0.4535	-0.8517
30.000	7.8110	0.2100	-0.2189	0.0629	-0.0969	-0.0759	0.2795	-0.9048
35.000	8.3750	0.2622	-0.2393	0.0528	-0.1173	-0.0698	0.1099	-0.9198
40.000	8.9921	0.3125	-0.2545	0.0392	-0.1347	-0.0597	-0.0483	-0.9028
45.000	9.6461	0.3597	-0.2644	0.0238	-0.1486	-0.0469	-0.1910	-0.8605
50.000	10.3178	0.4031	-0.2696	0.0079	-0.1586	-0.0324	-0.3159	-0.7993
55.000	10.9858	0.4424	-0.2703	-0.0073	-0.1649	-0.0171	-0.4225	-0.7248
60.000	11.6266	0.4777	-0.2669	-0.0210	-0.1674	-0.0018	-0.5115	-0.6414
65.000	12.2157	0.5090	-0.2599	-0.0327	-0.1666	0.0129	-0.5839	-0.5529
70.000	12.7285	0.5366	-0.2496	-0.0419	-0.1626	0.0264	-0.6412	-0.4618
75.000	13.1412	0.5608	-0.2364	-0.0486	-0.1559	0.0384	-0.6850	-0.3701
80.000	13.4327	0.5819	-0.2207	-0.0526	-0.1467	0.0486	-0.7167	-0.2791
85.000	13.5852	0.6001	-0.2025	-0.0539	-0.1354	0.0568	-0.7378	-0.1895
90.000	13.5855	0.6156	-0.1821	-0.0526	-0.1221	0.0628	-0.7493	-0.1019
95.000	13.4263	0.6285	-0.1595	-0.0487	-0.1072	0.0663	-0.7522	-0.0164
100.000	13.1063	0.6388	-0.1349	-0.0422	-0.0909	0.0671	-0.7471	0.0672
105.000	12.6305	0.6466	-0.1082	-0.0332	-0.0733	0.0650	-0.7345	0.1489
110.000	12.0106	0.6516	-0.0793	-0.0216	-0.0548	0.0597	-0.7145	0.2291
115.000	11.2638	0.6535	-0.0482	-0.0075	-0.0357	0.0510	-0.6869	0.3083
120.000	10.4124	0.6518	-0.0147	0.0091	-0.0164	0.0385	-0.6510	0.3867
125.000	9.4827	0.6458	0.0212	0.0283	0.0028	0.0220	-0.6057	0.4647
130.000	8.5036	0.6345	0.0596	0.0500	0.0212	0.0013	-0.5493	0.5424
135.000	7.5055	0.6164	0.1003	0.0740	0.0380	-0.0236	-0.4792	0.6195
140.000	6.5187	0.5897	0.1427	0.0999	0.0524	-0.0525	-0.3919	0.6949
145.000	5.5728	0.5517	0.1855	0.1268	0.0631	-0.0844	-0.2825	0.7658
150.000	4.6951	0.4995	0.2262	0.1528	0.0688	-0.1174	-0.1450	0.8265
155.000	3.9100	0.4298	0.2602	0.1749	0.0682	-0.1478	0.0268	0.8666
160.000	3.2388	0.3407	0.2795	0.1875	0.0601	-0.1694	0.2367	0.8676
165.000	2.6987	0.2345	0.2721	0.1824	0.0448	-0.1727	0.4789	0.8019
170.000	2.3034	0.1239	0.2244	0.1505	0.0250	-0.1470	0.7265	0.6379
175.000	2.0624	0.0349	0.1294	0.0868	0.0073	-0.0863	0.9233	0.3601
180.000	1.9814	0.0000	0.0001	0.0001	0.0000	-0.0001	1.0000	0.0001
