0.000	0.1711	0.0000	0.0000	0.0000	0.0000	0.0000	1.0000	0.0000
5.000	0.1717	0.0006	0.0563	0.0041	-0.0003	-0.0041	0.9814	-0.1837
10.000	0.1732	0.0024	0.1113	0.0081	-0.0011	-0.0080	0.9266	-0.3592
15.000	0.1757	0.0051	0.1640	0.0117	-0.0024	-0.0114	0.8389	-0.5190
20.000	0.1792	0.0085	0.2133	0.0148	-0.0041	-0.0142	0.7232	-0.6568
25.000	0.1835	0.0121	0.2586	0.0172	-0.0060	-0.0162	0.5857	-0.7681
30.000	0.1886	0.0157	0.2996	0.0191	-0.0081	-0.0174	0.4328	-0.8501
35.000	0.1942	0.0188	0.3360	0.0203	-0.0101	-0.0178	0.2711	-0.9018
40.000	0.2003	0.0214	0.3679	0.0209	-0.0120	-0.0174	0.1067	-0.9235
45.000	0.2068	0.0232	0.3956	0.0209	-0.0138	-0.0165	-0.0552	-0.9165
50.000	0.2134	0.0241	0.4193	0.0204	-0.0152	-0.0150	-0.2099	-0.8829
55.000	0.2201	0.0242	0.4393	0.0196	-0.0164	-0.0131	-0.3537	-0.8254
60.000	0.2266	0.0235	0.4561	0.0183	-0.0173	-0.0110	-0.4836	-0.7466
65.000	0.2329	0.0222	0.4699	0.0169	-0.0178	-0.0086	-0.5972	-0.6496
70.000	0.2389	0.0202	0.4810	0.0152	-0.0181	-0.0062	-0.6925	-0.5371
75.000	0.2445	0.0178	0.4896	0.0133	-0.0180	-0.0037	-0.7680	-0.4123
80.000	0.2495	0.0151	0.4957	0.0113	-0.0176	-0.0013	-0.8226	-0.2780
85.000	0.2539	0.0122	0.4994	0.0092	-0.0170	0.0009	-0.8552	-0.1372
90.000	0.2577	0.0093	0.5009	0.0071	-0.0162	0.0030	-0.8653	0.0069
95.000	0.2608	0.0064	0.4999	0.0051	-0.0152	0.0049	-0.8526	0.1512
100.000	0.2632	0.0037	0.4965	0.0030	-0.0140	0.0065	-0.8171	0.2925
105.000	0.2649	0.0012	0.4906	0.0011	-0.0128	0.0079	-0.7592	0.4275
110.000	0.2659	-0.0010	0.4818	-0.0007	-0.0114	0.0090	-0.6796	0.5529
115.000	0.2662	-0.0028	0.4702	-0.0024	-0.0101	0.0097	-0.5797	0.6654
120.000	0.2660	-0.0042	0.4554	-0.0038	-0.0087	0.0102	-0.4611	0.7615
125.000	0.2652	-0.0051	0.4372	-0.0050	-0.0074	0.0105	-0.3262	0.8380
130.000	0.2640	-0.0055	0.4154	-0.0059	-0.0061	0.0104	-0.1780	0.8919
135.000	0.2624	-0.0056	0.3899	-0.0065	-0.0049	0.0101	-0.0202	0.9206
140.000	0.2606	-0.0052	0.3603	-0.0068	-0.0039	0.0095	0.1430	0.9217
145.000	0.2587	-0.0046	0.3268	-0.0068	-0.0029	0.0087	0.3066	0.8939
150.000	0.2568	-0.0038	0.2893	-0.0065	-0.0021	0.0078	0.4650	0.8367
155.000	0.2549	-0.0029	0.2479	-0.0059	-0.0015	0.0067	0.6125	0.7506
160.000	0.2533	-0.0020	0.2031	-0.0051	-0.0009	0.0055	0.7431	0.6376
165.000	0.2519	-0.0012	0.1552	-0.0040	-0.0005	0.0042	0.8514	0.5010
170.000	0.2509	-0.0006	0.1049	-0.0028	-0.0002	0.0028	0.9326	0.3452
175.000	0.2502	-0.0001	0.0529	-0.0014	-0.0001	0.0014	0.9830	0.1761
180.000	0.2500	0.0000	0.0000	-0.0001	0.0000	0.0001	1.0000	0.0000
