0.000	1.3611	0.0000	0.0000	0.0000	0.0000	0.0000	1.0000	0.0000
5.000	1.3709	0.0043	0.0233	0.0066	-0.0005	-0.0065	0.9755	-0.2185
10.000	1.4000	0.0167	0.0460	0.0130	-0.0020	-0.0126	0.9048	-0.4231
15.000	1.4473	0.0359	0.0676	0.0189	-0.0041	-0.0176	0.7947	-0.6022
20.000	1.5114	0.0597	0.0877	0.0244	-0.0068	-0.0215	0.6552	-0.7480
25.000	1.5901	0.0861	0.1064	0.0293	-0.0096	-0.0241	0.4968	-0.8571
30.000	1.6810	0.1132	0.1237	0.0337	-0.0122	-0.0254	0.3292	-0.9294
35.000	1.7814	0.1395	0.1399	0.0377	-0.0146	-0.0256	0.1602	-0.9674
40.000	1.8881	0.1638	0.1554	0.0413	-0.0164	-0.0250	-0.0042	-0.9746
45.000	1.9984	0.1855	0.1703	0.0447	-0.0176	-0.0237	-0.1599	-0.9550
50.000	2.1091	0.2042	0.1851	0.0478	-0.0182	-0.0219	-0.3044	-0.9126
55.000	2.2177	0.2199	0.1999	0.0507	-0.0181	-0.0199	-0.4360	-0.8506
60.000	2.3214	0.2323	0.2148	0.0534	-0.0173	-0.0178	-0.5535	-0.7718
65.000	2.4182	0.2417	0.2299	0.0560	-0.0159	-0.0158	-0.6562	-0.6788
70.000	2.5061	0.2482	0.2452	0.0584	-0.0140	-0.0141	-0.7432	-0.5736
75.000	2.5838	0.2519	0.2607	0.0606	-0.0115	-0.0127	-0.8138	-0.4579
80.000	2.6501	0.2529	0.2761	0.0625	-0.0086	-0.0118	-0.8673	-0.3337
85.000	2.7042	0.2514	0.2912	0.0641	-0.0055	-0.0113	-0.9027	-0.2027
90.000	2.7458	0.2475	0.3059	0.0654	-0.0021	-0.0114	-0.9191	-0.0669
95.000	2.7747	0.2412	0.3198	0.0662	0.0013	-0.0121	-0.9158	0.0716
100.000	2.7913	0.2327	0.3324	0.0665	0.0046	-0.0133	-0.8918	0.2104
105.000	2.7960	0.2221	0.3435	0.0662	0.0077	-0.0150	-0.8466	0.3466
110.000	2.7895	0.2095	0.3524	0.0654	0.0104	-0.0171	-0.7798	0.4772
115.000	2.7727	0.1951	0.3586	0.0641	0.0127	-0.0196	-0.6915	0.5989
120.000	2.7470	0.1790	0.3617	0.0621	0.0144	-0.0221	-0.5824	0.7079
125.000	2.7137	0.1614	0.3609	0.0595	0.0154	-0.0246	-0.4538	0.8003
130.000	2.6743	0.1428	0.3557	0.0563	0.0157	-0.0268	-0.3076	0.8722
135.000	2.6306	0.1233	0.3455	0.0525	0.0153	-0.0286	-0.1469	0.9195
140.000	2.5844	0.1034	0.3297	0.0481	0.0142	-0.0296	0.0241	0.9388
145.000	2.5377	0.0836	0.3079	0.0433	0.0125	-0.0297	0.2004	0.9268
150.000	2.4924	0.0646	0.2799	0.0380	0.0104	-0.0288	0.3756	0.8814
155.000	2.4502	0.0468	0.2455	0.0323	0.0080	-0.0266	0.5426	0.8021
160.000	2.4131	0.0311	0.2051	0.0263	0.0056	-0.0232	0.6938	0.6897
165.000	2.3824	0.0180	0.1593	0.0200	0.0033	-0.0186	0.8215	0.5473
170.000	2.3596	0.0082	0.1089	0.0134	0.0016	-0.0130	0.9185	0.3799
175.000	2.3455	0.0021	0.0553	0.0067	0.0004	-0.0067	0.9793	0.1947
180.000	2.3407	-0.0000	0.0000	-0.0000	0.0000	0.0000	1.0000	0.0000
