0.000	4.7814	0.0000	0.0000	0.0000	0.0000	0.0000	1.0000	0.0000
5.000	4.7939	0.0039	0.0055	0.0432	-0.0012	-0.0438	0.9807	-0.1950
10.000	4.8330	0.0157	0.0072	0.0810	-0.0049	-0.0855	0.9238	-0.3815
15.000	4.9029	0.0358	0.0020	0.1086	-0.0110	-0.1232	0.8317	-0.5509
20.000	5.0101	0.0647	-0.0122	0.1227	-0.0194	-0.1552	0.7091	-0.6953
25.000	5.1612	0.1021	-0.0356	0.1218	-0.0299	-0.1799	0.5628	-0.8082
30.000	5.3624	0.1473	-0.0668	0.1063	-0.0420	-0.1968	0.4016	-0.8851
35.000	5.6172	0.1984	-0.1030	0.0790	-0.0553	-0.2056	0.2351	-0.9250
40.000	5.9251	0.2531	-0.1407	0.0437	-0.0691	-0.2072	0.0726	-0.9301
45.000	6.2813	0.3088	-0.1764	0.0047	-0.0829	-0.2027	-0.0783	-0.9052
50.000	6.6756	0.3629	-0.2074	-0.0340	-0.0963	-0.1939	-0.2128	-0.8569
55.000	7.0928	0.4136	-0.2319	-0.0695	-0.1089	-0.1822	-0.3283	-0.7919
60.000	7.5135	0.4596	-0.2491	-0.0999	-0.1205	-0.1689	-0.4248	-0.7164
65.000	7.9154	0.5002	-0.2593	-0.1245	-0.1310	-0.1551	-0.5033	-0.6353
70.000	8.2749	0.5354	-0.2631	-0.1434	-0.1404	-0.1413	-0.5660	-0.5520
75.000	8.5692	0.5654	-0.2613	-0.1569	-0.1487	-0.1281	-0.6151	-0.4689
80.000	8.7774	0.5906	-0.2550	-0.1657	-0.1558	-0.1156	-0.6527	-0.3872
85.000	8.8830	0.6116	-0.2451	-0.1708	-0.1619	-0.1038	-0.6808	-0.3076
90.000	8.8744	0.6290	-0.2321	-0.1727	-0.1668	-0.0928	-0.7007	-0.2300
95.000	8.7459	0.6432	-0.2168	-0.1720	-0.1705	-0.0826	-0.7135	-0.1545
100.000	8.4977	0.6546	-0.1994	-0.1692	-0.1730	-0.0731	-0.7201	-0.0805
105.000	8.1358	0.6637	-0.1801	-0.1645	-0.1741	-0.0643	-0.7209	-0.0078
110.000	7.6712	0.6705	-0.1589	-0.1581	-0.1738	-0.0564	-0.7160	0.0641
115.000	7.1190	0.6752	-0.1355	-0.1498	-0.1720	-0.0496	-0.7055	0.1357
120.000	6.4971	0.6776	-0.1096	-0.1396	-0.1686	-0.0440	-0.6891	0.2075
125.000	5.8256	0.6775	-0.0808	-0.1272	-0.1636	-0.0400	-0.6663	0.2799
130.000	5.1255	0.6743	-0.0485	-0.1123	-0.1571	-0.0379	-0.6360	0.3536
135.000	4.4179	0.6670	-0.0120	-0.0947	-0.1490	-0.0381	-0.5965	0.4295
140.000	3.7235	0.6543	0.0291	-0.0740	-0.1393	-0.0409	-0.5450	0.5084
145.000	3.0619	0.6336	0.0754	-0.0501	-0.1281	-0.0465	-0.4771	0.5909
150.000	2.4510	0.6016	0.1268	-0.0229	-0.1151	-0.0551	-0.3854	0.6766
155.000	1.9069	0.5524	0.1817	0.0070	-0.1001	-0.0662	-0.2584	0.7620
160.000	1.4431	0.4781	0.2351	0.0375	-0.0822	-0.0782	-0.0787	0.8357
165.000	1.0708	0.3689	0.2737	0.0636	-0.0606	-0.0870	0.1740	0.8669
170.000	0.7989	0.2226	0.2688	0.0742	-0.0353	-0.0836	0.5044	0.7880
175.000	0.6332	0.0708	0.1791	0.0536	-0.0110	-0.0551	0.8430	0.5019
180.000	0.5776	0.0000	0.0001	0.0002	0.0000	-0.0002	1.0000	0.0001
