0.000	4.5735	0.0000	0.0000	0.0000	0.0000	0.0000	1.0000	0.0000
5.000	4.6315	0.0089	-0.0092	0.0044	-0.0012	-0.0043	0.9645	-0.2639
10.000	4.8036	0.0340	-0.0168	0.0086	-0.0046	-0.0079	0.8640	-0.5021
15.000	5.0842	0.0712	-0.0216	0.0125	-0.0095	-0.0104	0.7143	-0.6958
20.000	5.4641	0.1153	-0.0231	0.0161	-0.0150	-0.0116	0.5355	-0.8363
25.000	5.9308	0.1615	-0.0210	0.0194	-0.0203	-0.0116	0.3459	-0.9239
30.000	6.4692	0.2063	-0.0159	0.0225	-0.0250	-0.0105	0.1597	-0.9651
35.000	7.0621	0.2474	-0.0082	0.0255	-0.0285	-0.0087	-0.0144	-0.9686
40.000	7.6906	0.2837	0.0018	0.0284	-0.0308	-0.0066	-0.1720	-0.9433
45.000	8.3352	0.3147	0.0135	0.0314	-0.0318	-0.0042	-0.3113	-0.8966
50.000	8.9760	0.3406	0.0268	0.0345	-0.0315	-0.0020	-0.4327	-0.8344
55.000	9.5937	0.3617	0.0414	0.0378	-0.0300	0.0000	-0.5372	-0.7612
60.000	10.1700	0.3785	0.0571	0.0413	-0.0274	0.0016	-0.6262	-0.6800
65.000	10.6885	0.3912	0.0740	0.0450	-0.0239	0.0027	-0.7010	-0.5929
70.000	11.1347	0.4005	0.0920	0.0490	-0.0196	0.0031	-0.7628	-0.5013
75.000	11.4967	0.4064	0.1110	0.0532	-0.0145	0.0027	-0.8125	-0.4061
80.000	11.7653	0.4094	0.1310	0.0577	-0.0088	0.0016	-0.8507	-0.3078
85.000	11.9344	0.4096	0.1520	0.0624	-0.0026	-0.0005	-0.8776	-0.2067
90.000	12.0009	0.4071	0.1740	0.0672	0.0038	-0.0036	-0.8932	-0.1032
95.000	11.9647	0.4020	0.1968	0.0723	0.0105	-0.0076	-0.8970	0.0027
100.000	11.8288	0.3943	0.2204	0.0775	0.0171	-0.0127	-0.8884	0.1104
105.000	11.5989	0.3840	0.2444	0.0827	0.0234	-0.0188	-0.8664	0.2195
110.000	11.2834	0.3709	0.2686	0.0878	0.0294	-0.0259	-0.8296	0.3290
115.000	10.8931	0.3550	0.2924	0.0927	0.0346	-0.0338	-0.7766	0.4377
120.000	10.4405	0.3360	0.3153	0.0972	0.0389	-0.0424	-0.7058	0.5437
125.000	9.9401	0.3139	0.3363	0.1011	0.0420	-0.0513	-0.6156	0.6444
130.000	9.4075	0.2885	0.3544	0.1041	0.0437	-0.0602	-0.5043	0.7363
135.000	8.8590	0.2597	0.3680	0.1058	0.0438	-0.0685	-0.3712	0.8148
140.000	8.3112	0.2278	0.3753	0.1059	0.0421	-0.0755	-0.2163	0.8742
145.000	7.7809	0.1930	0.3741	0.1039	0.0385	-0.0804	-0.0412	0.9077
150.000	7.2839	0.1561	0.3621	0.0991	0.0333	-0.0822	0.1498	0.9077
155.000	6.8352	0.1185	0.3370	0.0910	0.0267	-0.0801	0.3493	0.8669
160.000	6.4482	0.0821	0.2969	0.0794	0.0193	-0.0731	0.5463	0.7793
165.000	6.1345	0.0493	0.2411	0.0639	0.0120	-0.0611	0.7259	0.6424
170.000	5.9034	0.0231	0.1706	0.0450	0.0057	-0.0441	0.8715	0.4593
175.000	5.7620	0.0059	0.0885	0.0232	0.0015	-0.0231	0.9668	0.2398
180.000	5.7144	0.0000	0.0000	0.0000	0.0000	0.0000	1.0000	0.0000
