0.000	5.3309	0.0000	0.0000	0.0000	0.0000	0.0000	1.0000	0.0000
5.000	5.3886	0.0076	-0.0162	-0.0019	-0.0006	0.0020	0.9672	-0.2532
10.000	5.5599	0.0294	-0.0302	-0.0034	-0.0023	0.0041	0.8739	-0.4843
15.000	5.8397	0.0621	-0.0401	-0.0040	-0.0047	0.0064	0.7329	-0.6762
20.000	6.2195	0.1016	-0.0452	-0.0035	-0.0074	0.0088	0.5614	-0.8200
25.000	6.6878	0.1438	-0.0451	-0.0019	-0.0097	0.0112	0.3761	-0.9141
30.000	7.2303	0.1857	-0.0403	0.0008	-0.0113	0.0137	0.1903	-0.9630
35.000	7.8308	0.2248	-0.0314	0.0044	-0.0120	0.0160	0.0134	-0.9736
40.000	8.4712	0.2601	-0.0192	0.0088	-0.0117	0.0180	-0.1491	-0.9536
45.000	9.1323	0.2908	-0.0043	0.0139	-0.0103	0.0197	-0.2946	-0.9101
50.000	9.7948	0.3170	0.0128	0.0195	-0.0079	0.0209	-0.4225	-0.8490
55.000	10.4392	0.3387	0.0317	0.0256	-0.0045	0.0215	-0.5331	-0.7747
60.000	11.0471	0.3563	0.0521	0.0321	-0.0002	0.0213	-0.6274	-0.6908
65.000	11.6018	0.3701	0.0738	0.0389	0.0048	0.0205	-0.7064	-0.5997
70.000	12.0881	0.3803	0.0966	0.0460	0.0104	0.0187	-0.7711	-0.5030
75.000	12.4935	0.3873	0.1205	0.0532	0.0166	0.0161	-0.8223	-0.4020
80.000	12.8082	0.3912	0.1453	0.0606	0.0231	0.0124	-0.8605	-0.2974
85.000	13.0252	0.3921	0.1709	0.0681	0.0299	0.0077	-0.8858	-0.1900
90.000	13.1405	0.3902	0.1972	0.0757	0.0368	0.0018	-0.8982	-0.0803
95.000	13.1532	0.3855	0.2240	0.0832	0.0436	-0.0051	-0.8974	0.0312
100.000	13.0653	0.3779	0.2510	0.0905	0.0501	-0.0131	-0.8826	0.1438
105.000	12.8816	0.3675	0.2779	0.0977	0.0560	-0.0221	-0.8531	0.2566
110.000	12.6097	0.3542	0.3042	0.1045	0.0612	-0.0319	-0.8077	0.3684
115.000	12.2596	0.3379	0.3294	0.1107	0.0652	-0.0425	-0.7453	0.4775
120.000	11.8433	0.3185	0.3526	0.1163	0.0679	-0.0535	-0.6647	0.5818
125.000	11.3749	0.2960	0.3730	0.1208	0.0689	-0.0644	-0.5646	0.6784
130.000	10.8699	0.2703	0.3892	0.1239	0.0681	-0.0749	-0.4445	0.7636
135.000	10.3447	0.2416	0.3997	0.1253	0.0653	-0.0842	-0.3041	0.8329
140.000	9.8163	0.2101	0.4028	0.1245	0.0604	-0.0915	-0.1447	0.8810
145.000	9.3017	0.1763	0.3966	0.1211	0.0534	-0.0959	0.0310	0.9018
150.000	8.8173	0.1412	0.3789	0.1144	0.0448	-0.0966	0.2181	0.8892
155.000	8.3785	0.1061	0.3481	0.1041	0.0349	-0.0927	0.4087	0.8376
160.000	7.9991	0.0727	0.3030	0.0898	0.0247	-0.0834	0.5924	0.7433
165.000	7.6911	0.0433	0.2434	0.0717	0.0151	-0.0688	0.7563	0.6059
170.000	7.4641	0.0201	0.1707	0.0501	0.0071	-0.0492	0.8866	0.4294
175.000	7.3249	0.0052	0.0881	0.0258	0.0018	-0.0256	0.9708	0.2229
180.000	7.2781	0.0000	0.0000	0.0000	0.0000	0.0000	1.0000	0.0000
