0.000	12.6912	0.0000	0.0000	0.0000	0.0000	0.0000	1.0000	0.0000
5.000	12.8482	0.0107	-0.0316	-0.0008	-0.0003	0.0006	0.9657	-0.2573
10.000	13.3137	0.0411	-0.0612	-0.0030	-0.0010	0.0011	0.8688	-0.4897
15.000	14.0715	0.0863	-0.0872	-0.0073	-0.0020	0.0015	0.7243	-0.6786
20.000	15.0954	0.1402	-0.1085	-0.0138	-0.0029	0.0017	0.5512	-0.8154
25.000	16.3503	0.1971	-0.1247	-0.0220	-0.0036	0.0017	0.3676	-0.9005
30.000	17.7935	0.2529	-0.1356	-0.0310	-0.0038	0.0012	0.1868	-0.9401
35.000	19.3765	0.3047	-0.1413	-0.0398	-0.0035	0.0004	0.0176	-0.9426
40.000	21.0468	0.3511	-0.1420	-0.0476	-0.0026	-0.0009	-0.1354	-0.9168
45.000	22.7499	0.3918	-0.1380	-0.0536	-0.0014	-0.0026	-0.2707	-0.8701
50.000	24.4310	0.4267	-0.1296	-0.0573	0.0001	-0.0050	-0.3882	-0.8085
55.000	26.0367	0.4562	-0.1171	-0.0586	0.0019	-0.0078	-0.4889	-0.7365
60.000	27.5168	0.4809	-0.1008	-0.0574	0.0037	-0.0113	-0.5741	-0.6574
65.000	28.8256	0.5011	-0.0811	-0.0538	0.0057	-0.0153	-0.6452	-0.5732
70.000	29.9227	0.5174	-0.0584	-0.0479	0.0076	-0.0198	-0.7034	-0.4857
75.000	30.7744	0.5301	-0.0331	-0.0400	0.0095	-0.0249	-0.7497	-0.3959
80.000	31.3541	0.5396	-0.0054	-0.0304	0.0114	-0.0306	-0.7849	-0.3043
85.000	31.6434	0.5459	0.0241	-0.0195	0.0134	-0.0369	-0.8097	-0.2114
90.000	31.6318	0.5492	0.0553	-0.0075	0.0153	-0.0438	-0.8243	-0.1175
95.000	31.3179	0.5496	0.0878	0.0054	0.0173	-0.0513	-0.8288	-0.0227
100.000	30.7090	0.5469	0.1215	0.0189	0.0194	-0.0595	-0.8229	0.0728
105.000	29.8212	0.5411	0.1561	0.0330	0.0216	-0.0684	-0.8064	0.1690
110.000	28.6790	0.5319	0.1915	0.0475	0.0239	-0.0780	-0.7782	0.2654
115.000	27.3150	0.5189	0.2275	0.0624	0.0262	-0.0884	-0.7373	0.3617
120.000	25.7685	0.5017	0.2637	0.0775	0.0284	-0.0994	-0.6821	0.4570
125.000	24.0847	0.4798	0.2996	0.0927	0.0303	-0.1109	-0.6108	0.5499
130.000	22.3132	0.4524	0.3343	0.1077	0.0318	-0.1226	-0.5211	0.6384
135.000	20.5060	0.4190	0.3663	0.1219	0.0326	-0.1339	-0.4108	0.7192
140.000	18.7162	0.3789	0.3936	0.1346	0.0323	-0.1440	-0.2778	0.7878
145.000	16.9958	0.3319	0.4130	0.1446	0.0308	-0.1516	-0.1209	0.8376
150.000	15.3943	0.2782	0.4205	0.1501	0.0278	-0.1551	0.0593	0.8602
155.000	13.9570	0.2190	0.4110	0.1492	0.0234	-0.1524	0.2585	0.8455
160.000	12.7240	0.1572	0.3791	0.1395	0.0177	-0.1413	0.4672	0.7826
165.000	11.7290	0.0976	0.3207	0.1192	0.0115	-0.1201	0.6689	0.6632
170.000	10.9989	0.0468	0.2344	0.0878	0.0057	-0.0881	0.8410	0.4852
175.000	10.5530	0.0123	0.1242	0.0467	0.0015	-0.0468	0.9583	0.2572
180.000	10.4031	0.0000	0.0000	0.0000	0.0000	0.0000	1.0000	0.0000
