0.000	4.8651	0.0000	0.0000	0.0000	0.0000	0.0000	1.0000	0.0000
5.000	4.8746	0.0037	0.0061	0.0379	-0.0002	-0.0385	0.9825	-0.1858
10.000	4.9052	0.0149	0.0084	0.0705	-0.0010	-0.0753	0.9306	-0.3646
15.000	4.9622	0.0345	0.0035	0.0934	-0.0025	-0.1087	0.8460	-0.5291
20.000	5.0535	0.0629	-0.0105	0.1032	-0.0050	-0.1373	0.7321	-0.6721
25.000	5.1881	0.1006	-0.0339	0.0986	-0.0087	-0.1600	0.5944	-0.7871
30.000	5.3738	0.1467	-0.0652	0.0802	-0.0140	-0.1761	0.4407	-0.8691
35.000	5.6157	0.1995	-0.1015	0.0509	-0.0209	-0.1856	0.2800	-0.9161
40.000	5.9145	0.2564	-0.1389	0.0147	-0.0294	-0.1893	0.1213	-0.9294
45.000	6.2655	0.3144	-0.1737	-0.0240	-0.0392	-0.1883	-0.0275	-0.9131
50.000	6.6580	0.3707	-0.2033	-0.0612	-0.0502	-0.1841	-0.1614	-0.8732
55.000	7.0756	0.4229	-0.2258	-0.0943	-0.0620	-0.1779	-0.2778	-0.8163
60.000	7.4973	0.4697	-0.2410	-0.1218	-0.0744	-0.1708	-0.3763	-0.7482
65.000	7.8992	0.5105	-0.2492	-0.1435	-0.0870	-0.1636	-0.4580	-0.6737
70.000	8.2565	0.5451	-0.2512	-0.1596	-0.0998	-0.1565	-0.5248	-0.5961
75.000	8.5453	0.5739	-0.2482	-0.1709	-0.1125	-0.1497	-0.5790	-0.5176
80.000	8.7451	0.5975	-0.2413	-0.1785	-0.1249	-0.1433	-0.6225	-0.4394
85.000	8.8401	0.6165	-0.2315	-0.1831	-0.1370	-0.1371	-0.6568	-0.3618
90.000	8.8204	0.6317	-0.2193	-0.1856	-0.1486	-0.1309	-0.6832	-0.2851
95.000	8.6822	0.6437	-0.2053	-0.1865	-0.1594	-0.1247	-0.7026	-0.2090
100.000	8.4276	0.6530	-0.1897	-0.1859	-0.1692	-0.1183	-0.7154	-0.1333
105.000	8.0642	0.6601	-0.1724	-0.1841	-0.1778	-0.1116	-0.7218	-0.0578
110.000	7.6034	0.6653	-0.1533	-0.1809	-0.1850	-0.1048	-0.7219	0.0175
115.000	7.0599	0.6687	-0.1318	-0.1760	-0.1905	-0.0980	-0.7155	0.0929
120.000	6.4506	0.6702	-0.1074	-0.1689	-0.1940	-0.0915	-0.7025	0.1684
125.000	5.7935	0.6696	-0.0793	-0.1593	-0.1955	-0.0856	-0.6823	0.2443
130.000	5.1075	0.6664	-0.0468	-0.1464	-0.1948	-0.0806	-0.6540	0.3208
135.000	4.4118	0.6596	-0.0088	-0.1298	-0.1918	-0.0771	-0.6164	0.3987
140.000	3.7255	0.6479	0.0354	-0.1090	-0.1863	-0.0755	-0.5670	0.4786
145.000	3.0675	0.6289	0.0865	-0.0836	-0.1780	-0.0760	-0.5015	0.5613
150.000	2.4557	0.5992	0.1448	-0.0535	-0.1664	-0.0790	-0.4129	0.6469
155.000	1.9069	0.5532	0.2086	-0.0192	-0.1505	-0.0841	-0.2896	0.7330
160.000	1.4361	0.4825	0.2728	0.0172	-0.1286	-0.0901	-0.1139	0.8096
165.000	1.0562	0.3766	0.3222	0.0506	-0.0986	-0.0937	0.1375	0.8482
170.000	0.7774	0.2308	0.3221	0.0688	-0.0596	-0.0865	0.4747	0.7819
175.000	0.6071	0.0745	0.2184	0.0534	-0.0191	-0.0562	0.8309	0.5056
180.000	0.5498	0.0000	0.0001	0.0002	0.0000	-0.0002	1.0000	0.0001
