0.000	5.2219	0.0000	0.0000	0.0000	0.0000	0.0000	1.0000	0.0000
5.000	5.2367	0.0043	0.0010	0.0327	-0.0002	-0.0333	0.9811	-0.1933
10.000	5.2828	0.0175	-0.0015	0.0604	-0.0009	-0.0649	0.9252	-0.3783
15.000	5.3651	0.0399	-0.0103	0.0787	-0.0021	-0.0934	0.8348	-0.5466
20.000	5.4910	0.0716	-0.0270	0.0848	-0.0041	-0.1174	0.7146	-0.6905
25.000	5.6681	0.1124	-0.0516	0.0776	-0.0072	-0.1359	0.5714	-0.8036
30.000	5.9029	0.1609	-0.0822	0.0584	-0.0114	-0.1488	0.4137	-0.8817
35.000	6.1989	0.2151	-0.1160	0.0299	-0.0169	-0.1562	0.2512	-0.9238
40.000	6.5549	0.2722	-0.1495	-0.0039	-0.0236	-0.1590	0.0927	-0.9323
45.000	6.9641	0.3293	-0.1796	-0.0390	-0.0315	-0.1583	-0.0546	-0.9120
50.000	7.4134	0.3840	-0.2039	-0.0720	-0.0405	-0.1552	-0.1862	-0.8694
55.000	7.8844	0.4342	-0.2214	-0.1007	-0.0502	-0.1509	-0.3000	-0.8107
60.000	8.3541	0.4789	-0.2319	-0.1240	-0.0606	-0.1462	-0.3962	-0.7418
65.000	8.7968	0.5176	-0.2357	-0.1417	-0.0714	-0.1415	-0.4760	-0.6671
70.000	9.1861	0.5503	-0.2339	-0.1543	-0.0825	-0.1371	-0.5414	-0.5896
75.000	9.4972	0.5774	-0.2275	-0.1626	-0.0937	-0.1332	-0.5945	-0.5113
80.000	9.7089	0.5995	-0.2174	-0.1674	-0.1049	-0.1295	-0.6372	-0.4331
85.000	9.8053	0.6172	-0.2046	-0.1696	-0.1159	-0.1260	-0.6710	-0.3556
90.000	9.7766	0.6312	-0.1897	-0.1699	-0.1265	-0.1225	-0.6970	-0.2786
95.000	9.6195	0.6420	-0.1730	-0.1687	-0.1365	-0.1190	-0.7161	-0.2021
100.000	9.3369	0.6502	-0.1547	-0.1662	-0.1457	-0.1152	-0.7285	-0.1257
105.000	8.9371	0.6561	-0.1348	-0.1626	-0.1538	-0.1113	-0.7344	-0.0492
110.000	8.4327	0.6600	-0.1128	-0.1576	-0.1606	-0.1072	-0.7338	0.0274
115.000	7.8397	0.6619	-0.0885	-0.1509	-0.1657	-0.1033	-0.7265	0.1045
120.000	7.1759	0.6618	-0.0611	-0.1421	-0.1691	-0.0996	-0.7120	0.1820
125.000	6.4607	0.6593	-0.0299	-0.1307	-0.1705	-0.0966	-0.6895	0.2601
130.000	5.7143	0.6538	0.0060	-0.1160	-0.1698	-0.0947	-0.6581	0.3392
135.000	4.9572	0.6443	0.0473	-0.0975	-0.1668	-0.0942	-0.6159	0.4196
140.000	4.2101	0.6293	0.0949	-0.0748	-0.1613	-0.0956	-0.5600	0.5018
145.000	3.4931	0.6063	0.1490	-0.0475	-0.1532	-0.0991	-0.4857	0.5859
150.000	2.8260	0.5718	0.2092	-0.0159	-0.1418	-0.1048	-0.3856	0.6707
155.000	2.2269	0.5203	0.2728	0.0190	-0.1265	-0.1120	-0.2481	0.7518
160.000	1.7124	0.4446	0.3321	0.0544	-0.1060	-0.1188	-0.0571	0.8163
165.000	1.2969	0.3371	0.3692	0.0832	-0.0789	-0.1202	0.2042	0.8334
170.000	0.9916	0.1989	0.3485	0.0923	-0.0459	-0.1069	0.5331	0.7415
175.000	0.8050	0.0618	0.2249	0.0645	-0.0141	-0.0668	0.8554	0.4620
180.000	0.7422	0.0000	0.0001	0.0002	0.0000	-0.0002	1.0000	0.0001
