0.000	0.3592	0.0000	0.0000	0.0000	0.0000	0.0000	1.0000	0.0000
5.000	0.3608	0.0020	0.0447	0.0085	-0.0005	-0.0085	0.9807	-0.1906
10.000	0.3654	0.0076	0.0881	0.0167	-0.0019	-0.0165	0.9239	-0.3721
15.000	0.3729	0.0165	0.1294	0.0242	-0.0042	-0.0238	0.8337	-0.5367
20.000	0.3831	0.0279	0.1677	0.0309	-0.0071	-0.0299	0.7154	-0.6778
25.000	0.3957	0.0408	0.2025	0.0366	-0.0105	-0.0347	0.5757	-0.7911
30.000	0.4105	0.0543	0.2337	0.0412	-0.0142	-0.0382	0.4215	-0.8745
35.000	0.4270	0.0678	0.2612	0.0447	-0.0178	-0.0404	0.2593	-0.9274
40.000	0.4448	0.0804	0.2853	0.0472	-0.0214	-0.0413	0.0949	-0.9504
45.000	0.4635	0.0917	0.3063	0.0488	-0.0248	-0.0411	-0.0670	-0.9452
50.000	0.4828	0.1014	0.3245	0.0494	-0.0278	-0.0399	-0.2221	-0.9139
55.000	0.5022	0.1092	0.3403	0.0493	-0.0303	-0.0379	-0.3673	-0.8587
60.000	0.5214	0.1150	0.3539	0.0484	-0.0324	-0.0353	-0.4996	-0.7823
65.000	0.5402	0.1189	0.3656	0.0470	-0.0340	-0.0322	-0.6168	-0.6869
70.000	0.5582	0.1209	0.3754	0.0450	-0.0350	-0.0287	-0.7167	-0.5751
75.000	0.5753	0.1211	0.3835	0.0425	-0.0355	-0.0250	-0.7976	-0.4495
80.000	0.5912	0.1196	0.3899	0.0395	-0.0355	-0.0212	-0.8577	-0.3129
85.000	0.6058	0.1166	0.3945	0.0363	-0.0350	-0.0174	-0.8957	-0.1682
90.000	0.6191	0.1123	0.3972	0.0327	-0.0341	-0.0138	-0.9105	-0.0185
95.000	0.6310	0.1069	0.3980	0.0290	-0.0327	-0.0102	-0.9012	0.1327
100.000	0.6413	0.1005	0.3967	0.0251	-0.0310	-0.0070	-0.8676	0.2817
105.000	0.6502	0.0933	0.3930	0.0212	-0.0289	-0.0040	-0.8098	0.4249
110.000	0.6576	0.0856	0.3869	0.0173	-0.0266	-0.0014	-0.7286	0.5583
115.000	0.6636	0.0773	0.3782	0.0135	-0.0241	0.0009	-0.6252	0.6780
120.000	0.6682	0.0688	0.3667	0.0099	-0.0214	0.0027	-0.5018	0.7801
125.000	0.6715	0.0602	0.3522	0.0066	-0.0187	0.0042	-0.3611	0.8611
130.000	0.6736	0.0516	0.3347	0.0037	-0.0160	0.0052	-0.2066	0.9178
135.000	0.6746	0.0433	0.3139	0.0011	-0.0134	0.0059	-0.0425	0.9474
140.000	0.6747	0.0353	0.2899	-0.0009	-0.0109	0.0062	0.1265	0.9479
145.000	0.6742	0.0278	0.2626	-0.0024	-0.0085	0.0062	0.2951	0.9182
150.000	0.6731	0.0209	0.2322	-0.0033	-0.0064	0.0059	0.4575	0.8581
155.000	0.6717	0.0148	0.1988	-0.0038	-0.0045	0.0054	0.6079	0.7685
160.000	0.6703	0.0097	0.1627	-0.0037	-0.0029	0.0046	0.7406	0.6518
165.000	0.6690	0.0055	0.1242	-0.0032	-0.0017	0.0036	0.8502	0.5115
170.000	0.6679	0.0025	0.0839	-0.0024	-0.0007	0.0025	0.9322	0.3521
175.000	0.6672	0.0006	0.0423	-0.0012	-0.0002	0.0013	0.9828	0.1795
180.000	0.6669	-0.0000	0.0000	-0.0000	0.0000	0.0000	1.0000	0.0000
