0.000	0.3766	0.0000	0.0000	0.0000	0.0000	0.0000	1.0000	0.0000
5.000	0.3787	0.0019	0.0547	0.0070	-0.0003	-0.0069	0.9767	-0.2073
10.000	0.3849	0.0075	0.1075	0.0136	-0.0014	-0.0135	0.9090	-0.4025
15.000	0.3951	0.0162	0.1569	0.0197	-0.0029	-0.0193	0.8027	-0.5752
20.000	0.4091	0.0272	0.2016	0.0250	-0.0049	-0.0241	0.6660	-0.7177
25.000	0.4263	0.0395	0.2412	0.0295	-0.0071	-0.0278	0.5085	-0.8256
30.000	0.4464	0.0522	0.2754	0.0331	-0.0094	-0.0303	0.3396	-0.8979
35.000	0.4688	0.0646	0.3046	0.0358	-0.0116	-0.0318	0.1674	-0.9355
40.000	0.4930	0.0760	0.3291	0.0377	-0.0136	-0.0323	-0.0013	-0.9413
45.000	0.5184	0.0860	0.3497	0.0389	-0.0153	-0.0321	-0.1616	-0.9189
50.000	0.5443	0.0943	0.3670	0.0395	-0.0167	-0.0311	-0.3099	-0.8722
55.000	0.5702	0.1009	0.3815	0.0396	-0.0177	-0.0297	-0.4437	-0.8049
60.000	0.5954	0.1056	0.3938	0.0392	-0.0184	-0.0279	-0.5614	-0.7204
65.000	0.6193	0.1086	0.4043	0.0384	-0.0188	-0.0259	-0.6622	-0.6218
70.000	0.6415	0.1098	0.4133	0.0373	-0.0188	-0.0237	-0.7453	-0.5119
75.000	0.6615	0.1095	0.4211	0.0359	-0.0185	-0.0215	-0.8104	-0.3929
80.000	0.6789	0.1077	0.4277	0.0343	-0.0179	-0.0193	-0.8571	-0.2671
85.000	0.6933	0.1046	0.4333	0.0325	-0.0171	-0.0171	-0.8850	-0.1364
90.000	0.7047	0.1004	0.4377	0.0305	-0.0161	-0.0151	-0.8937	-0.0029
95.000	0.7128	0.0952	0.4409	0.0284	-0.0150	-0.0132	-0.8830	0.1314
100.000	0.7177	0.0893	0.4427	0.0262	-0.0137	-0.0114	-0.8524	0.2644
105.000	0.7194	0.0826	0.4427	0.0238	-0.0124	-0.0098	-0.8017	0.3935
110.000	0.7182	0.0755	0.4408	0.0215	-0.0110	-0.0084	-0.7308	0.5160
115.000	0.7142	0.0681	0.4364	0.0191	-0.0096	-0.0072	-0.6399	0.6290
120.000	0.7079	0.0604	0.4292	0.0167	-0.0082	-0.0062	-0.5298	0.7291
125.000	0.6996	0.0528	0.4186	0.0144	-0.0069	-0.0053	-0.4017	0.8129
130.000	0.6897	0.0452	0.4042	0.0121	-0.0057	-0.0045	-0.2576	0.8765
135.000	0.6787	0.0378	0.3854	0.0100	-0.0046	-0.0039	-0.1005	0.9165
140.000	0.6671	0.0307	0.3618	0.0080	-0.0035	-0.0033	0.0657	0.9295
145.000	0.6555	0.0242	0.3331	0.0063	-0.0027	-0.0029	0.2360	0.9126
150.000	0.6442	0.0182	0.2990	0.0048	-0.0019	-0.0025	0.4046	0.8641
155.000	0.6337	0.0129	0.2595	0.0035	-0.0013	-0.0021	0.5646	0.7834
160.000	0.6245	0.0084	0.2149	0.0024	-0.0008	-0.0017	0.7090	0.6716
165.000	0.6170	0.0048	0.1657	0.0016	-0.0005	-0.0013	0.8306	0.5317
170.000	0.6114	0.0022	0.1128	0.0010	-0.0002	-0.0009	0.9228	0.3685
175.000	0.6079	0.0005	0.0571	0.0004	0.0000	-0.0004	0.9804	0.1886
180.000	0.6067	0.0000	0.0000	0.0000	0.0000	0.0000	1.0000	0.0000
