0.000	0.0130	0.0000	0.0000	0.0000	0.0000	0.0000	1.0000	0.0000
5.000	0.0131	-0.0017	0.0583	-0.0022	-0.0002	0.0022	0.9721	-0.2271
10.000	0.0132	-0.0065	0.1147	-0.0044	-0.0006	0.0044	0.8907	-0.4398
15.000	0.0135	-0.0142	0.1673	-0.0066	-0.0013	0.0066	0.7623	-0.6251
20.000	0.0140	-0.0241	0.2146	-0.0086	-0.0022	0.0086	0.5965	-0.7730
25.000	0.0145	-0.0356	0.2558	-0.0105	-0.0032	0.0105	0.4050	-0.8771
30.000	0.0151	-0.0480	0.2903	-0.0123	-0.0044	0.0123	0.1999	-0.9346
35.000	0.0159	-0.0605	0.3181	-0.0140	-0.0055	0.0140	-0.0074	-0.9461
40.000	0.0167	-0.0727	0.3393	-0.0155	-0.0065	0.0155	-0.2068	-0.9148
45.000	0.0177	-0.0840	0.3544	-0.0168	-0.0075	0.0169	-0.3901	-0.8456
50.000	0.0187	-0.0940	0.3642	-0.0180	-0.0084	0.0181	-0.5513	-0.7447
55.000	0.0198	-0.1025	0.3691	-0.0191	-0.0090	0.0191	-0.6859	-0.6187
60.000	0.0209	-0.1092	0.3699	-0.0200	-0.0096	0.0200	-0.7915	-0.4741
65.000	0.0221	-0.1142	0.3672	-0.0207	-0.0100	0.0208	-0.8668	-0.3172
70.000	0.0234	-0.1174	0.3616	-0.0213	-0.0102	0.0214	-0.9120	-0.1538
75.000	0.0247	-0.1187	0.3535	-0.0218	-0.0102	0.0219	-0.9278	0.0107
80.000	0.0260	-0.1184	0.3434	-0.0221	-0.0101	0.0222	-0.9157	0.1718
85.000	0.0274	-0.1164	0.3316	-0.0222	-0.0099	0.0223	-0.8778	0.3254
90.000	0.0287	-0.1130	0.3184	-0.0222	-0.0095	0.0223	-0.8165	0.4681
95.000	0.0301	-0.1082	0.3042	-0.0221	-0.0090	0.0221	-0.7345	0.5968
100.000	0.0314	-0.1023	0.2890	-0.0217	-0.0085	0.0218	-0.6347	0.7093
105.000	0.0327	-0.0954	0.2731	-0.0213	-0.0079	0.0213	-0.5202	0.8035
110.000	0.0340	-0.0877	0.2566	-0.0206	-0.0072	0.0207	-0.3940	0.8782
115.000	0.0353	-0.0794	0.2395	-0.0199	-0.0065	0.0199	-0.2593	0.9322
120.000	0.0365	-0.0707	0.2221	-0.0190	-0.0057	0.0190	-0.1193	0.9651
125.000	0.0376	-0.0619	0.2044	-0.0179	-0.0050	0.0179	0.0230	0.9766
130.000	0.0387	-0.0530	0.1864	-0.0167	-0.0042	0.0168	0.1645	0.9672
135.000	0.0397	-0.0443	0.1682	-0.0154	-0.0035	0.0155	0.3023	0.9372
140.000	0.0407	-0.0360	0.1498	-0.0140	-0.0029	0.0140	0.4337	0.8878
145.000	0.0415	-0.0283	0.1313	-0.0125	-0.0022	0.0125	0.5561	0.8202
150.000	0.0422	-0.0212	0.1127	-0.0109	-0.0017	0.0109	0.6673	0.7359
155.000	0.0429	-0.0150	0.0940	-0.0092	-0.0012	0.0092	0.7650	0.6369
160.000	0.0434	-0.0097	0.0753	-0.0075	-0.0008	0.0075	0.8475	0.5253
165.000	0.0438	-0.0055	0.0565	-0.0056	-0.0004	0.0056	0.9133	0.4033
170.000	0.0441	-0.0025	0.0377	-0.0038	-0.0002	0.0038	0.9612	0.2733
175.000	0.0443	-0.0006	0.0188	-0.0019	0.0000	0.0019	0.9902	0.1380
180.000	0.0444	0.0000	0.0000	0.0000	0.0000	0.0000	1.0000	0.0000
