0.000	10.1271	0.0000	0.0000	0.0000	0.0000	0.0000	1.0000	0.0000
5.000	10.2410	0.0098	-0.0495	0.0086	-0.0032	-0.0086	0.9676	-0.2475
10.000	10.5794	0.0378	-0.0953	0.0159	-0.0120	-0.0158	0.8753	-0.4723
15.000	11.1320	0.0799	-0.1345	0.0208	-0.0251	-0.0204	0.7367	-0.6574
20.000	11.8822	0.1310	-0.1656	0.0230	-0.0405	-0.0220	0.5691	-0.7937
25.000	12.8073	0.1861	-0.1883	0.0225	-0.0562	-0.0207	0.3892	-0.8806
30.000	13.8791	0.2411	-0.2030	0.0199	-0.0707	-0.0168	0.2105	-0.9227
35.000	15.0643	0.2933	-0.2110	0.0158	-0.0832	-0.0110	0.0421	-0.9278
40.000	16.3260	0.3412	-0.2132	0.0109	-0.0930	-0.0038	-0.1109	-0.9040
45.000	17.6240	0.3842	-0.2107	0.0059	-0.0999	0.0041	-0.2463	-0.8587
50.000	18.9163	0.4220	-0.2043	0.0012	-0.1040	0.0122	-0.3636	-0.7981
55.000	20.1602	0.4549	-0.1948	-0.0027	-0.1053	0.0202	-0.4638	-0.7269
60.000	21.3137	0.4834	-0.1826	-0.0056	-0.1041	0.0276	-0.5482	-0.6488
65.000	22.3368	0.5078	-0.1680	-0.0072	-0.1005	0.0343	-0.6182	-0.5662
70.000	23.1925	0.5286	-0.1514	-0.0074	-0.0949	0.0400	-0.6752	-0.4809
75.000	23.8489	0.5460	-0.1327	-0.0061	-0.0873	0.0444	-0.7207	-0.3941
80.000	24.2797	0.5605	-0.1121	-0.0032	-0.0779	0.0473	-0.7556	-0.3066
85.000	24.4656	0.5722	-0.0897	0.0013	-0.0670	0.0486	-0.7809	-0.2188
90.000	24.3953	0.5812	-0.0653	0.0075	-0.0547	0.0481	-0.7972	-0.1309
95.000	24.0656	0.5876	-0.0390	0.0154	-0.0413	0.0454	-0.8049	-0.0428
100.000	23.4819	0.5914	-0.0108	0.0249	-0.0270	0.0404	-0.8040	0.0454
105.000	22.6582	0.5923	0.0196	0.0360	-0.0120	0.0328	-0.7943	0.1339
110.000	21.6163	0.5902	0.0520	0.0488	0.0033	0.0225	-0.7753	0.2229
115.000	20.3853	0.5846	0.0865	0.0632	0.0185	0.0092	-0.7462	0.3123
120.000	19.0004	0.5749	0.1229	0.0791	0.0333	-0.0070	-0.7055	0.4022
125.000	17.5016	0.5605	0.1611	0.0963	0.0470	-0.0263	-0.6514	0.4919
130.000	15.9322	0.5402	0.2004	0.1144	0.0590	-0.0483	-0.5815	0.5806
135.000	14.3376	0.5131	0.2400	0.1331	0.0685	-0.0725	-0.4927	0.6664
140.000	12.7634	0.4776	0.2783	0.1514	0.0749	-0.0981	-0.3815	0.7460
145.000	11.2541	0.4324	0.3128	0.1679	0.0771	-0.1234	-0.2440	0.8141
150.000	9.8518	0.3762	0.3395	0.1806	0.0744	-0.1459	-0.0771	0.8620
155.000	8.5952	0.3086	0.3527	0.1865	0.0664	-0.1618	0.1200	0.8776
160.000	7.5183	0.2314	0.3449	0.1817	0.0532	-0.1663	0.3424	0.8442
165.000	6.6499	0.1500	0.3078	0.1616	0.0362	-0.1540	0.5749	0.7439
170.000	6.0130	0.0748	0.2352	0.1233	0.0187	-0.1207	0.7886	0.5634
175.000	5.6240	0.0201	0.1284	0.0673	0.0051	-0.0669	0.9431	0.3061
180.000	5.4932	0.0000	0.0000	0.0001	0.0000	-0.0001	1.0000	0.0001
