0.000	0.8928	0.0000	0.0000	0.0000	0.0000	0.0000	1.0000	0.0000
5.000	0.8992	0.0043	0.0353	0.0068	-0.0001	-0.0068	0.9739	-0.2241
10.000	0.9182	0.0168	0.0694	0.0133	-0.0005	-0.0132	0.8985	-0.4331
15.000	0.9491	0.0359	0.1015	0.0191	-0.0010	-0.0189	0.7815	-0.6146
20.000	0.9907	0.0594	0.1310	0.0241	-0.0017	-0.0238	0.6335	-0.7602
25.000	1.0418	0.0851	0.1579	0.0283	-0.0023	-0.0276	0.4662	-0.8664
30.000	1.1006	0.1110	0.1822	0.0317	-0.0028	-0.0306	0.2899	-0.9330
35.000	1.1653	0.1357	0.2043	0.0346	-0.0032	-0.0327	0.1133	-0.9629
40.000	1.2341	0.1580	0.2248	0.0369	-0.0035	-0.0342	-0.0571	-0.9599
45.000	1.3052	0.1773	0.2440	0.0389	-0.0035	-0.0351	-0.2170	-0.9285
50.000	1.3768	0.1935	0.2624	0.0408	-0.0034	-0.0357	-0.3632	-0.8730
55.000	1.4474	0.2065	0.2801	0.0425	-0.0030	-0.0360	-0.4938	-0.7972
60.000	1.5156	0.2163	0.2974	0.0441	-0.0025	-0.0362	-0.6074	-0.7046
65.000	1.5802	0.2232	0.3144	0.0458	-0.0018	-0.0363	-0.7030	-0.5982
70.000	1.6400	0.2275	0.3309	0.0474	-0.0010	-0.0363	-0.7801	-0.4808
75.000	1.6942	0.2292	0.3470	0.0490	-0.0001	-0.0365	-0.8380	-0.3548
80.000	1.7420	0.2285	0.3624	0.0504	0.0009	-0.0367	-0.8764	-0.2228
85.000	1.7827	0.2256	0.3769	0.0517	0.0020	-0.0370	-0.8949	-0.0870
90.000	1.8161	0.2206	0.3903	0.0528	0.0031	-0.0374	-0.8932	0.0502
95.000	1.8417	0.2136	0.4023	0.0537	0.0042	-0.0379	-0.8713	0.1864
100.000	1.8595	0.2046	0.4126	0.0542	0.0052	-0.0385	-0.8292	0.3191
105.000	1.8698	0.1937	0.4206	0.0543	0.0061	-0.0390	-0.7670	0.4457
110.000	1.8728	0.1810	0.4259	0.0540	0.0070	-0.0395	-0.6852	0.5636
115.000	1.8693	0.1668	0.4281	0.0532	0.0076	-0.0398	-0.5845	0.6696
120.000	1.8602	0.1512	0.4265	0.0520	0.0080	-0.0399	-0.4662	0.7609
125.000	1.8463	0.1345	0.4206	0.0502	0.0082	-0.0397	-0.3320	0.8341
130.000	1.8290	0.1171	0.4097	0.0479	0.0081	-0.0391	-0.1845	0.8860
135.000	1.8094	0.0993	0.3935	0.0451	0.0077	-0.0379	-0.0269	0.9139
140.000	1.7887	0.0818	0.3713	0.0417	0.0070	-0.0362	0.1365	0.9150
145.000	1.7680	0.0649	0.3430	0.0378	0.0061	-0.0338	0.3007	0.8877
150.000	1.7483	0.0491	0.3085	0.0334	0.0050	-0.0307	0.4602	0.8311
155.000	1.7305	0.0349	0.2680	0.0286	0.0038	-0.0269	0.6089	0.7459
160.000	1.7151	0.0228	0.2219	0.0233	0.0026	-0.0224	0.7407	0.6337
165.000	1.7028	0.0130	0.1710	0.0178	0.0016	-0.0174	0.8501	0.4979
170.000	1.6938	0.0058	0.1162	0.0120	0.0007	-0.0119	0.9320	0.3432
175.000	1.6883	0.0015	0.0588	0.0060	0.0002	-0.0060	0.9828	0.1750
180.000	1.6864	0.0000	0.0000	0.0000	0.0000	0.0000	1.0000	0.0000
