0.000	4.1285	0.0000	0.0000	0.0000	0.0000	0.0000	1.0000	0.0000
5.000	4.1500	0.0054	-0.0295	0.0436	-0.0044	-0.0438	0.9777	-0.2078
10.000	4.2150	0.0213	-0.0600	0.0825	-0.0171	-0.0843	0.9124	-0.4035
15.000	4.3242	0.0470	-0.0921	0.1128	-0.0371	-0.1184	0.8090	-0.5763
20.000	4.4787	0.0812	-0.1258	0.1318	-0.0625	-0.1440	0.6747	-0.7177
25.000	4.6795	0.1224	-0.1606	0.1383	-0.0913	-0.1598	0.5187	-0.8218
30.000	4.9269	0.1685	-0.1954	0.1326	-0.1211	-0.1656	0.3510	-0.8864
35.000	5.2200	0.2177	-0.2285	0.1164	-0.1500	-0.1620	0.1809	-0.9124
40.000	5.5558	0.2680	-0.2585	0.0923	-0.1761	-0.1503	0.0170	-0.9033
45.000	5.9291	0.3178	-0.2840	0.0633	-0.1982	-0.1325	-0.1343	-0.8646
50.000	6.3315	0.3658	-0.3043	0.0320	-0.2156	-0.1103	-0.2687	-0.8024
55.000	6.7518	0.4110	-0.3187	0.0010	-0.2279	-0.0856	-0.3838	-0.7232
60.000	7.1756	0.4527	-0.3273	-0.0280	-0.2353	-0.0600	-0.4789	-0.6327
65.000	7.5858	0.4907	-0.3305	-0.0538	-0.2382	-0.0347	-0.5548	-0.5359
70.000	7.9636	0.5248	-0.3286	-0.0755	-0.2368	-0.0106	-0.6127	-0.4366
75.000	8.2894	0.5553	-0.3224	-0.0931	-0.2318	0.0118	-0.6546	-0.3376
80.000	8.5440	0.5822	-0.3125	-0.1063	-0.2237	0.0319	-0.6824	-0.2408
85.000	8.7099	0.6059	-0.2994	-0.1155	-0.2128	0.0495	-0.6979	-0.1475
90.000	8.7728	0.6265	-0.2837	-0.1208	-0.1995	0.0645	-0.7030	-0.0582
95.000	8.7226	0.6444	-0.2657	-0.1226	-0.1842	0.0767	-0.6990	0.0267
100.000	8.5543	0.6596	-0.2458	-0.1210	-0.1672	0.0859	-0.6873	0.1073
105.000	8.2684	0.6723	-0.2240	-0.1163	-0.1486	0.0921	-0.6686	0.1840
110.000	7.8710	0.6824	-0.2004	-0.1087	-0.1288	0.0950	-0.6437	0.2570
115.000	7.3736	0.6899	-0.1751	-0.0982	-0.1078	0.0944	-0.6129	0.3270
120.000	6.7923	0.6944	-0.1478	-0.0848	-0.0862	0.0899	-0.5762	0.3946
125.000	6.1467	0.6953	-0.1186	-0.0686	-0.0641	0.0813	-0.5333	0.4604
130.000	5.4591	0.6920	-0.0870	-0.0493	-0.0420	0.0682	-0.4834	0.5253
135.000	4.7530	0.6830	-0.0530	-0.0270	-0.0205	0.0502	-0.4247	0.5900
140.000	4.0520	0.6666	-0.0164	-0.0016	-0.0004	0.0272	-0.3547	0.6549
145.000	3.3786	0.6399	0.0227	0.0268	0.0173	-0.0008	-0.2693	0.7197
150.000	2.7535	0.5991	0.0635	0.0573	0.0315	-0.0332	-0.1620	0.7823
155.000	2.1949	0.5385	0.1041	0.0884	0.0406	-0.0682	-0.0241	0.8367
160.000	1.7180	0.4515	0.1399	0.1162	0.0429	-0.1013	0.1557	0.8682
165.000	1.3351	0.3332	0.1614	0.1328	0.0370	-0.1240	0.3853	0.8458
170.000	1.0552	0.1900	0.1526	0.1251	0.0233	-0.1216	0.6531	0.7173
175.000	0.8848	0.0571	0.0970	0.0794	0.0074	-0.0789	0.8963	0.4289
180.000	0.8276	0.0000	0.0001	0.0001	0.0000	-0.0001	1.0000	0.0001
