0.000	0.9945	0.0000	0.0000	0.0000	0.0000	0.0000	1.0000	0.0000
5.000	1.0009	0.0036	0.0302	0.0076	-0.0005	-0.0076	0.9771	-0.2105
10.000	1.0197	0.0141	0.0595	0.0150	-0.0020	-0.0146	0.9107	-0.4086
15.000	1.0504	0.0302	0.0872	0.0218	-0.0042	-0.0207	0.8066	-0.5839
20.000	1.0920	0.0505	0.1128	0.0280	-0.0070	-0.0255	0.6734	-0.7289
25.000	1.1432	0.0732	0.1361	0.0334	-0.0100	-0.0289	0.5205	-0.8399
30.000	1.2025	0.0966	0.1572	0.0381	-0.0130	-0.0310	0.3567	-0.9160
35.000	1.2680	0.1195	0.1764	0.0422	-0.0157	-0.0318	0.1896	-0.9587
40.000	1.3381	0.1408	0.1940	0.0457	-0.0181	-0.0316	0.0251	-0.9709
45.000	1.4107	0.1598	0.2103	0.0486	-0.0199	-0.0305	-0.1325	-0.9559
50.000	1.4840	0.1763	0.2257	0.0511	-0.0211	-0.0288	-0.2801	-0.9170
55.000	1.5564	0.1899	0.2405	0.0532	-0.0218	-0.0267	-0.4157	-0.8573
60.000	1.6262	0.2006	0.2548	0.0550	-0.0217	-0.0243	-0.5375	-0.7796
65.000	1.6920	0.2086	0.2688	0.0565	-0.0211	-0.0219	-0.6445	-0.6863
70.000	1.7526	0.2138	0.2826	0.0576	-0.0200	-0.0195	-0.7356	-0.5796
75.000	1.8072	0.2165	0.2960	0.0584	-0.0183	-0.0174	-0.8096	-0.4614
80.000	1.8549	0.2166	0.3089	0.0589	-0.0162	-0.0155	-0.8656	-0.3338
85.000	1.8954	0.2145	0.3213	0.0590	-0.0138	-0.0140	-0.9024	-0.1988
90.000	1.9284	0.2102	0.3327	0.0587	-0.0111	-0.0129	-0.9191	-0.0588
95.000	1.9537	0.2038	0.3431	0.0580	-0.0083	-0.0123	-0.9148	0.0838
100.000	1.9715	0.1955	0.3519	0.0568	-0.0055	-0.0121	-0.8887	0.2263
105.000	1.9819	0.1854	0.3589	0.0552	-0.0027	-0.0124	-0.8403	0.3654
110.000	1.9854	0.1738	0.3636	0.0531	-0.0002	-0.0130	-0.7696	0.4979
115.000	1.9825	0.1607	0.3656	0.0506	0.0020	-0.0138	-0.6770	0.6201
120.000	1.9738	0.1464	0.3644	0.0478	0.0039	-0.0149	-0.5635	0.7282
125.000	1.9601	0.1310	0.3595	0.0445	0.0053	-0.0161	-0.4308	0.8183
130.000	1.9423	0.1150	0.3505	0.0410	0.0062	-0.0171	-0.2815	0.8866
135.000	1.9215	0.0985	0.3369	0.0372	0.0066	-0.0179	-0.1189	0.9293
140.000	1.8986	0.0820	0.3183	0.0332	0.0065	-0.0183	0.0524	0.9434
145.000	1.8747	0.0659	0.2946	0.0291	0.0059	-0.0183	0.2272	0.9261
150.000	1.8511	0.0505	0.2655	0.0249	0.0051	-0.0175	0.3993	0.8762
155.000	1.8288	0.0364	0.2312	0.0206	0.0040	-0.0161	0.5619	0.7935
160.000	1.8090	0.0240	0.1919	0.0164	0.0028	-0.0140	0.7078	0.6794
165.000	1.7924	0.0139	0.1483	0.0123	0.0017	-0.0112	0.8302	0.5372
170.000	1.7800	0.0063	0.1010	0.0081	0.0008	-0.0078	0.9227	0.3720
175.000	1.7723	0.0016	0.0512	0.0041	0.0002	-0.0040	0.9804	0.1903
180.000	1.7697	-0.0000	0.0000	-0.0000	0.0000	0.0000	1.0000	0.0000
