0.000	6.5556	0.0000	0.0000	0.0000	0.0000	0.0000	1.0000	0.0000
5.000	6.5925	0.0065	-0.0130	0.0189	-0.0001	-0.0194	0.9766	-0.2147
10.000	6.7043	0.0257	-0.0282	0.0334	-0.0002	-0.0375	0.9082	-0.4164
15.000	6.8936	0.0566	-0.0470	0.0402	-0.0006	-0.0532	0.8005	-0.5937
20.000	7.1638	0.0978	-0.0699	0.0375	-0.0011	-0.0657	0.6622	-0.7376
25.000	7.5175	0.1470	-0.0958	0.0253	-0.0020	-0.0749	0.5039	-0.8428
30.000	7.9549	0.2015	-0.1230	0.0055	-0.0033	-0.0809	0.3367	-0.9079
35.000	8.4719	0.2584	-0.1491	-0.0193	-0.0051	-0.0844	0.1709	-0.9354
40.000	9.0594	0.3150	-0.1717	-0.0458	-0.0076	-0.0860	0.0143	-0.9305
45.000	9.7022	0.3690	-0.1892	-0.0712	-0.0108	-0.0866	-0.1277	-0.8996
50.000	10.3788	0.4187	-0.2005	-0.0933	-0.0147	-0.0869	-0.2523	-0.8496
55.000	11.0628	0.4631	-0.2053	-0.1111	-0.0195	-0.0872	-0.3590	-0.7866
60.000	11.7238	0.5018	-0.2041	-0.1240	-0.0250	-0.0880	-0.4488	-0.7156
65.000	12.3300	0.5349	-0.1973	-0.1323	-0.0313	-0.0894	-0.5233	-0.6401
70.000	12.8497	0.5624	-0.1860	-0.1365	-0.0382	-0.0912	-0.5844	-0.5625
75.000	13.2547	0.5850	-0.1710	-0.1373	-0.0456	-0.0936	-0.6341	-0.4842
80.000	13.5213	0.6030	-0.1530	-0.1355	-0.0534	-0.0962	-0.6741	-0.4060
85.000	13.6328	0.6171	-0.1328	-0.1317	-0.0614	-0.0990	-0.7055	-0.3279
90.000	13.5793	0.6278	-0.1108	-0.1265	-0.0694	-0.1018	-0.7294	-0.2499
95.000	13.3592	0.6354	-0.0872	-0.1202	-0.0771	-0.1046	-0.7461	-0.1718
100.000	12.9773	0.6403	-0.0621	-0.1130	-0.0844	-0.1072	-0.7560	-0.0933
105.000	12.4451	0.6428	-0.0354	-0.1048	-0.0909	-0.1098	-0.7590	-0.0142
110.000	11.7788	0.6429	-0.0067	-0.0955	-0.0965	-0.1124	-0.7546	0.0659
115.000	10.9986	0.6406	0.0244	-0.0847	-0.1007	-0.1151	-0.7424	0.1469
120.000	10.1271	0.6356	0.0586	-0.0718	-0.1035	-0.1183	-0.7215	0.2290
125.000	9.1889	0.6275	0.0965	-0.0565	-0.1047	-0.1222	-0.6905	0.3122
130.000	8.2098	0.6153	0.1387	-0.0381	-0.1040	-0.1270	-0.6477	0.3964
135.000	7.2160	0.5980	0.1857	-0.0164	-0.1015	-0.1331	-0.5903	0.4813
140.000	6.2342	0.5738	0.2374	0.0090	-0.0969	-0.1406	-0.5147	0.5661
145.000	5.2908	0.5402	0.2927	0.0376	-0.0902	-0.1492	-0.4154	0.6488
150.000	4.4115	0.4941	0.3491	0.0685	-0.0811	-0.1582	-0.2852	0.7250
155.000	3.6206	0.4317	0.4004	0.0991	-0.0695	-0.1659	-0.1151	0.7858
160.000	2.9402	0.3493	0.4349	0.1244	-0.0551	-0.1684	0.1031	0.8138
165.000	2.3897	0.2468	0.4326	0.1360	-0.0382	-0.1596	0.3695	0.7791
170.000	1.9847	0.1341	0.3662	0.1221	-0.0204	-0.1308	0.6588	0.6413
175.000	1.7369	0.0386	0.2160	0.0744	-0.0058	-0.0757	0.9019	0.3719
180.000	1.6535	0.0000	0.0001	0.0001	0.0000	-0.0001	1.0000	0.0001
