0.000	0.5667	0.0000	0.0000	0.0000	0.0000	0.0000	1.0000	0.0000
5.000	0.5707	0.0029	0.0493	0.0079	-0.0004	-0.0079	0.9741	-0.2205
10.000	0.5825	0.0114	0.0966	0.0154	-0.0015	-0.0152	0.8993	-0.4265
15.000	0.6018	0.0245	0.1403	0.0223	-0.0032	-0.0216	0.7829	-0.6056
20.000	0.6280	0.0408	0.1795	0.0283	-0.0052	-0.0268	0.6356	-0.7498
25.000	0.6605	0.0589	0.2136	0.0334	-0.0075	-0.0307	0.4689	-0.8551
30.000	0.6983	0.0773	0.2427	0.0374	-0.0097	-0.0333	0.2935	-0.9215
35.000	0.7404	0.0951	0.2673	0.0406	-0.0117	-0.0347	0.1182	-0.9518
40.000	0.7857	0.1113	0.2880	0.0430	-0.0134	-0.0351	-0.0505	-0.9500
45.000	0.8330	0.1254	0.3055	0.0447	-0.0148	-0.0347	-0.2080	-0.9210
50.000	0.8810	0.1373	0.3205	0.0459	-0.0157	-0.0336	-0.3516	-0.8692
55.000	0.9287	0.1467	0.3336	0.0465	-0.0163	-0.0322	-0.4795	-0.7988
60.000	0.9747	0.1536	0.3453	0.0467	-0.0164	-0.0304	-0.5910	-0.7133
65.000	1.0181	0.1582	0.3559	0.0467	-0.0162	-0.0286	-0.6858	-0.6157
70.000	1.0578	0.1606	0.3657	0.0463	-0.0156	-0.0267	-0.7638	-0.5082
75.000	1.0930	0.1609	0.3748	0.0456	-0.0147	-0.0248	-0.8249	-0.3931
80.000	1.1230	0.1594	0.3834	0.0448	-0.0135	-0.0230	-0.8689	-0.2719
85.000	1.1473	0.1562	0.3914	0.0437	-0.0122	-0.0214	-0.8957	-0.1463
90.000	1.1654	0.1514	0.3988	0.0425	-0.0107	-0.0200	-0.9050	-0.0178
95.000	1.1772	0.1454	0.4054	0.0411	-0.0091	-0.0188	-0.8962	0.1118
100.000	1.1827	0.1381	0.4110	0.0395	-0.0075	-0.0178	-0.8690	0.2409
105.000	1.1821	0.1298	0.4153	0.0377	-0.0059	-0.0171	-0.8227	0.3673
110.000	1.1758	0.1206	0.4178	0.0358	-0.0043	-0.0165	-0.7570	0.4886
115.000	1.1644	0.1107	0.4182	0.0337	-0.0029	-0.0160	-0.6718	0.6021
120.000	1.1484	0.1001	0.4158	0.0315	-0.0017	-0.0157	-0.5670	0.7045
125.000	1.1287	0.0891	0.4102	0.0292	-0.0006	-0.0155	-0.4436	0.7923
130.000	1.1062	0.0778	0.4005	0.0268	0.0003	-0.0152	-0.3029	0.8616
135.000	1.0818	0.0664	0.3861	0.0243	0.0009	-0.0149	-0.1473	0.9084
140.000	1.0564	0.0552	0.3665	0.0216	0.0012	-0.0144	0.0196	0.9287
145.000	1.0312	0.0442	0.3409	0.0190	0.0014	-0.0136	0.1930	0.9191
150.000	1.0070	0.0339	0.3090	0.0163	0.0013	-0.0126	0.3670	0.8768
155.000	0.9847	0.0244	0.2706	0.0136	0.0011	-0.0113	0.5343	0.8004
160.000	0.9652	0.0161	0.2259	0.0108	0.0009	-0.0096	0.6871	0.6904
165.000	0.9492	0.0093	0.1753	0.0081	0.0005	-0.0076	0.8170	0.5493
170.000	0.9374	0.0042	0.1198	0.0054	0.0003	-0.0052	0.9163	0.3822
175.000	0.9301	0.0011	0.0608	0.0027	0.0001	-0.0027	0.9787	0.1961
180.000	0.9276	0.0000	0.0000	0.0000	0.0000	0.0000	1.0000	0.0000
