0.000	8.8905	0.0000	0.0000	0.0000	0.0000	0.0000	1.0000	0.0000
5.000	8.9693	0.0088	-0.0257	0.0062	0.0001	-0.0067	0.9714	-0.2357
10.000	9.2047	0.0343	-0.0516	0.0093	0.0006	-0.0127	0.8893	-0.4530
15.000	9.5941	0.0738	-0.0778	0.0070	0.0013	-0.0178	0.7635	-0.6366
20.000	10.1322	0.1235	-0.1036	-0.0014	0.0022	-0.0217	0.6075	-0.7775
25.000	10.8102	0.1792	-0.1278	-0.0152	0.0034	-0.0246	0.4359	-0.8724
30.000	11.6151	0.2372	-0.1491	-0.0327	0.0047	-0.0268	0.2616	-0.9238
35.000	12.5283	0.2943	-0.1663	-0.0517	0.0059	-0.0287	0.0943	-0.9374
40.000	13.5257	0.3481	-0.1781	-0.0701	0.0068	-0.0308	-0.0595	-0.9206
45.000	14.5773	0.3974	-0.1842	-0.0862	0.0073	-0.0333	-0.1962	-0.8808
50.000	15.6480	0.4413	-0.1844	-0.0988	0.0072	-0.0366	-0.3150	-0.8249
55.000	16.6991	0.4795	-0.1788	-0.1075	0.0063	-0.0407	-0.4161	-0.7581
60.000	17.6895	0.5122	-0.1681	-0.1121	0.0047	-0.0455	-0.5011	-0.6846
65.000	18.5786	0.5397	-0.1529	-0.1131	0.0022	-0.0511	-0.5716	-0.6073
70.000	19.3281	0.5622	-0.1339	-0.1108	-0.0011	-0.0574	-0.6295	-0.5279
75.000	19.9045	0.5804	-0.1118	-0.1059	-0.0051	-0.0641	-0.6763	-0.4476
80.000	20.2809	0.5947	-0.0873	-0.0991	-0.0098	-0.0711	-0.7133	-0.3668
85.000	20.4384	0.6053	-0.0609	-0.0907	-0.0149	-0.0783	-0.7417	-0.2858
90.000	20.3670	0.6127	-0.0330	-0.0813	-0.0202	-0.0856	-0.7619	-0.2045
95.000	20.0656	0.6171	-0.0037	-0.0711	-0.0256	-0.0930	-0.7745	-0.1227
100.000	19.5413	0.6187	0.0269	-0.0603	-0.0308	-0.1003	-0.7794	-0.0401
105.000	18.8093	0.6176	0.0590	-0.0487	-0.0356	-0.1076	-0.7764	0.0434
110.000	17.8908	0.6136	0.0927	-0.0362	-0.0397	-0.1151	-0.7649	0.1280
115.000	16.8125	0.6067	0.1285	-0.0225	-0.0430	-0.1227	-0.7439	0.2137
120.000	15.6052	0.5963	0.1668	-0.0073	-0.0452	-0.1307	-0.7123	0.3004
125.000	14.3027	0.5819	0.2077	0.0099	-0.0462	-0.1392	-0.6682	0.3877
130.000	12.9409	0.5626	0.2516	0.0294	-0.0460	-0.1483	-0.6093	0.4751
135.000	11.5571	0.5372	0.2979	0.0511	-0.0445	-0.1578	-0.5325	0.5610
140.000	10.1890	0.5043	0.3457	0.0748	-0.0417	-0.1675	-0.4340	0.6432
145.000	8.8740	0.4618	0.3922	0.0995	-0.0377	-0.1767	-0.3089	0.7174
150.000	7.6484	0.4080	0.4331	0.1234	-0.0326	-0.1838	-0.1525	0.7766
155.000	6.5462	0.3412	0.4606	0.1430	-0.0265	-0.1863	0.0392	0.8092
160.000	5.5983	0.2618	0.4632	0.1533	-0.0198	-0.1805	0.2649	0.7983
165.000	4.8316	0.1740	0.4258	0.1476	-0.0128	-0.1615	0.5126	0.7220
170.000	4.2677	0.0888	0.3346	0.1197	-0.0064	-0.1245	0.7517	0.5603
175.000	3.9228	0.0244	0.1865	0.0680	-0.0017	-0.0686	0.9320	0.3098
180.000	3.8067	0.0000	0.0001	0.0001	0.0000	-0.0001	1.0000	0.0001
