0.000	9.2131	0.0000	0.0000	0.0000	0.0000	0.0000	1.0000	0.0000
5.000	9.3116	0.0095	-0.0498	0.0109	-0.0033	-0.0109	0.9685	-0.2438
10.000	9.6044	0.0366	-0.0961	0.0202	-0.0128	-0.0202	0.8787	-0.4660
15.000	10.0831	0.0776	-0.1364	0.0265	-0.0267	-0.0266	0.7431	-0.6499
20.000	10.7341	0.1278	-0.1690	0.0294	-0.0432	-0.0294	0.5782	-0.7867
25.000	11.5388	0.1822	-0.1936	0.0289	-0.0602	-0.0287	0.4002	-0.8749
30.000	12.4736	0.2370	-0.2105	0.0256	-0.0762	-0.0250	0.2224	-0.9189
35.000	13.5107	0.2895	-0.2206	0.0204	-0.0899	-0.0188	0.0539	-0.9255
40.000	14.6186	0.3381	-0.2249	0.0140	-0.1009	-0.0110	-0.0998	-0.9028
45.000	15.7628	0.3820	-0.2243	0.0072	-0.1089	-0.0022	-0.2361	-0.8580
50.000	16.9067	0.4210	-0.2197	0.0008	-0.1139	0.0070	-0.3545	-0.7974
55.000	18.0124	0.4552	-0.2117	-0.0050	-0.1159	0.0161	-0.4556	-0.7258
60.000	19.0422	0.4849	-0.2008	-0.0095	-0.1152	0.0247	-0.5405	-0.6470
65.000	19.9596	0.5107	-0.1874	-0.0127	-0.1120	0.0326	-0.6107	-0.5637
70.000	20.7305	0.5327	-0.1717	-0.0142	-0.1065	0.0394	-0.6677	-0.4777
75.000	21.3247	0.5515	-0.1539	-0.0141	-0.0990	0.0450	-0.7128	-0.3905
80.000	21.7171	0.5672	-0.1340	-0.0122	-0.0896	0.0491	-0.7472	-0.3027
85.000	21.8888	0.5802	-0.1123	-0.0085	-0.0785	0.0515	-0.7719	-0.2150
90.000	21.8280	0.5905	-0.0885	-0.0030	-0.0659	0.0519	-0.7875	-0.1274
95.000	21.5307	0.5982	-0.0628	0.0044	-0.0521	0.0502	-0.7946	-0.0402
100.000	21.0008	0.6033	-0.0350	0.0136	-0.0373	0.0460	-0.7932	0.0469
105.000	20.2504	0.6057	-0.0052	0.0247	-0.0216	0.0392	-0.7834	0.1339
110.000	19.2989	0.6050	0.0269	0.0376	-0.0055	0.0295	-0.7648	0.2210
115.000	18.1729	0.6009	0.0611	0.0522	0.0107	0.0166	-0.7365	0.3084
120.000	16.9046	0.5928	0.0974	0.0687	0.0265	0.0006	-0.6973	0.3960
125.000	15.5310	0.5800	0.1357	0.0867	0.0413	-0.0187	-0.6456	0.4836
130.000	14.0922	0.5614	0.1756	0.1060	0.0547	-0.0411	-0.5790	0.5704
135.000	12.6300	0.5357	0.2163	0.1262	0.0657	-0.0662	-0.4944	0.6550
140.000	11.1866	0.5015	0.2564	0.1464	0.0735	-0.0932	-0.3881	0.7345
145.000	9.8030	0.4571	0.2935	0.1653	0.0771	-0.1204	-0.2561	0.8039
150.000	8.5180	0.4008	0.3239	0.1809	0.0757	-0.1454	-0.0943	0.8552
155.000	7.3669	0.3318	0.3418	0.1899	0.0686	-0.1643	0.0992	0.8761
160.000	6.3808	0.2514	0.3393	0.1878	0.0558	-0.1718	0.3208	0.8494
165.000	5.5859	0.1647	0.3070	0.1696	0.0385	-0.1615	0.5567	0.7549
170.000	5.0030	0.0828	0.2375	0.1310	0.0201	-0.1282	0.7776	0.5765
175.000	4.6472	0.0225	0.1308	0.0721	0.0056	-0.0717	0.9397	0.3151
180.000	4.5275	0.0000	0.0001	0.0001	0.0000	-0.0001	1.0000	0.0001
