0.000	5.3750	0.0000	0.0000	0.0000	0.0000	0.0000	1.0000	0.0000
5.000	5.4350	0.0087	-0.0142	-0.0027	0.0003	0.0026	0.9675	-0.2523
10.000	5.6122	0.0334	-0.0270	-0.0056	0.0011	0.0048	0.8752	-0.4819
15.000	5.8987	0.0701	-0.0371	-0.0089	0.0025	0.0063	0.7363	-0.6720
20.000	6.2821	0.1136	-0.0437	-0.0125	0.0044	0.0070	0.5680	-0.8141
25.000	6.7463	0.1594	-0.0465	-0.0161	0.0067	0.0068	0.3863	-0.9074
30.000	7.2728	0.2039	-0.0454	-0.0195	0.0094	0.0057	0.2040	-0.9566
35.000	7.8419	0.2447	-0.0404	-0.0221	0.0124	0.0038	0.0294	-0.9685
40.000	8.4338	0.2807	-0.0318	-0.0236	0.0156	0.0011	-0.1325	-0.9502
45.000	9.0299	0.3116	-0.0195	-0.0239	0.0189	-0.0022	-0.2793	-0.9081
50.000	9.6129	0.3374	-0.0040	-0.0226	0.0221	-0.0062	-0.4101	-0.8473
55.000	10.1679	0.3586	0.0147	-0.0198	0.0252	-0.0107	-0.5245	-0.7718
60.000	10.6817	0.3756	0.0363	-0.0155	0.0281	-0.0158	-0.6229	-0.6847
65.000	11.1436	0.3888	0.0604	-0.0097	0.0307	-0.0214	-0.7055	-0.5884
70.000	11.5443	0.3985	0.0866	-0.0027	0.0329	-0.0275	-0.7725	-0.4849
75.000	11.8761	0.4052	0.1145	0.0054	0.0348	-0.0339	-0.8240	-0.3759
80.000	12.1328	0.4089	0.1437	0.0142	0.0362	-0.0407	-0.8604	-0.2629
85.000	12.3091	0.4098	0.1737	0.0236	0.0373	-0.0478	-0.8815	-0.1473
90.000	12.4013	0.4078	0.2042	0.0333	0.0381	-0.0551	-0.8875	-0.0302
95.000	12.4076	0.4029	0.2348	0.0430	0.0385	-0.0625	-0.8783	0.0872
100.000	12.3279	0.3949	0.2649	0.0527	0.0387	-0.0701	-0.8536	0.2037
105.000	12.1652	0.3837	0.2944	0.0621	0.0387	-0.0776	-0.8132	0.3181
110.000	11.9248	0.3691	0.3226	0.0712	0.0384	-0.0850	-0.7564	0.4290
115.000	11.6154	0.3508	0.3489	0.0798	0.0379	-0.0921	-0.6826	0.5345
120.000	11.2483	0.3290	0.3727	0.0877	0.0370	-0.0986	-0.5911	0.6325
125.000	10.8373	0.3034	0.3929	0.0947	0.0358	-0.1044	-0.4815	0.7201
130.000	10.3978	0.2743	0.4083	0.1005	0.0340	-0.1089	-0.3535	0.7938
135.000	9.9463	0.2421	0.4172	0.1046	0.0316	-0.1117	-0.2081	0.8494
140.000	9.4988	0.2073	0.4179	0.1065	0.0285	-0.1124	-0.0471	0.8821
145.000	9.0708	0.1710	0.4085	0.1057	0.0248	-0.1103	0.1257	0.8868
150.000	8.6759	0.1344	0.3872	0.1016	0.0205	-0.1049	0.3046	0.8592
155.000	8.3253	0.0990	0.3525	0.0936	0.0158	-0.0958	0.4818	0.7957
160.000	8.0283	0.0666	0.3041	0.0816	0.0110	-0.0828	0.6479	0.6950
165.000	7.7914	0.0390	0.2422	0.0655	0.0067	-0.0661	0.7921	0.5588
170.000	7.6194	0.0178	0.1688	0.0459	0.0031	-0.0461	0.9043	0.3917
175.000	7.5151	0.0045	0.0867	0.0237	0.0008	-0.0237	0.9755	0.2019
180.000	7.4802	0.0000	0.0000	0.0000	0.0000	0.0000	1.0000	0.0000
