0.000	12.0446	0.0000	0.0000	0.0000	0.0000	0.0000	1.0000	0.0000
5.000	12.1984	0.0104	-0.0414	0.0034	-0.0024	-0.0034	0.9649	-0.2592
10.000	12.6547	0.0399	-0.0789	0.0064	-0.0089	-0.0059	0.8656	-0.4928
15.000	13.3982	0.0837	-0.1095	0.0085	-0.0185	-0.0070	0.7180	-0.6821
20.000	14.4041	0.1358	-0.1320	0.0097	-0.0295	-0.0065	0.5420	-0.8183
25.000	15.6390	0.1906	-0.1462	0.0101	-0.0404	-0.0043	0.3560	-0.9022
30.000	17.0620	0.2442	-0.1530	0.0100	-0.0502	-0.0009	0.1740	-0.9403
35.000	18.6261	0.2939	-0.1537	0.0096	-0.0582	0.0034	0.0046	-0.9416
40.000	20.2800	0.3383	-0.1495	0.0093	-0.0641	0.0082	-0.1479	-0.9150
45.000	21.9695	0.3771	-0.1413	0.0093	-0.0678	0.0133	-0.2820	-0.8681
50.000	23.6397	0.4105	-0.1301	0.0097	-0.0693	0.0182	-0.3980	-0.8069
55.000	25.2364	0.4387	-0.1164	0.0108	-0.0687	0.0229	-0.4972	-0.7359
60.000	26.7080	0.4624	-0.1007	0.0126	-0.0662	0.0269	-0.5811	-0.6583
65.000	28.0071	0.4819	-0.0831	0.0153	-0.0619	0.0302	-0.6514	-0.5763
70.000	29.0919	0.4977	-0.0640	0.0188	-0.0560	0.0326	-0.7093	-0.4911
75.000	29.9275	0.5102	-0.0432	0.0232	-0.0487	0.0338	-0.7561	-0.4039
80.000	30.4867	0.5197	-0.0210	0.0285	-0.0401	0.0338	-0.7927	-0.3149
85.000	30.7511	0.5264	0.0028	0.0348	-0.0305	0.0323	-0.8196	-0.2246
90.000	30.7115	0.5303	0.0281	0.0420	-0.0199	0.0292	-0.8372	-0.1329
95.000	30.3681	0.5316	0.0550	0.0502	-0.0087	0.0244	-0.8454	-0.0399
100.000	29.7301	0.5300	0.0835	0.0593	0.0030	0.0176	-0.8440	0.0545
105.000	28.8161	0.5256	0.1136	0.0692	0.0149	0.0087	-0.8323	0.1502
110.000	27.6527	0.5179	0.1451	0.0800	0.0266	-0.0022	-0.8095	0.2472
115.000	26.2739	0.5068	0.1780	0.0914	0.0378	-0.0153	-0.7740	0.3451
120.000	24.7200	0.4916	0.2118	0.1034	0.0481	-0.0303	-0.7243	0.4432
125.000	23.0364	0.4718	0.2460	0.1157	0.0569	-0.0472	-0.6581	0.5402
130.000	21.2717	0.4467	0.2796	0.1279	0.0639	-0.0654	-0.5729	0.6341
135.000	19.4767	0.4156	0.3114	0.1394	0.0683	-0.0843	-0.4662	0.7215
140.000	17.7027	0.3778	0.3394	0.1494	0.0697	-0.1027	-0.3352	0.7979
145.000	15.9997	0.3328	0.3605	0.1567	0.0677	-0.1192	-0.1782	0.8563
150.000	14.4154	0.2807	0.3710	0.1597	0.0618	-0.1316	0.0048	0.8876
155.000	12.9938	0.2225	0.3662	0.1564	0.0523	-0.1372	0.2102	0.8804
160.000	11.7741	0.1608	0.3409	0.1447	0.0398	-0.1334	0.4284	0.8222
165.000	10.7895	0.1005	0.2906	0.1228	0.0259	-0.1174	0.6425	0.7024
170.000	10.0666	0.0485	0.2137	0.0901	0.0128	-0.0883	0.8274	0.5173
175.000	9.6250	0.0128	0.1137	0.0478	0.0034	-0.0476	0.9545	0.2754
180.000	9.4764	0.0000	0.0000	0.0000	0.0000	0.0000	1.0000	0.0000
