0.000	6.2586	0.0000	0.0000	0.0000	0.0000	0.0000	1.0000	0.0000
5.000	6.2992	0.0077	-0.0276	0.0090	-0.0005	-0.0093	0.9764	-0.2142
10.000	6.4211	0.0301	-0.0554	0.0159	-0.0023	-0.0183	0.9077	-0.4147
15.000	6.6238	0.0653	-0.0833	0.0192	-0.0054	-0.0268	0.8004	-0.5898
20.000	6.9060	0.1107	-0.1109	0.0179	-0.0101	-0.0344	0.6636	-0.7308
25.000	7.2654	0.1628	-0.1375	0.0121	-0.0165	-0.0408	0.5081	-0.8334
30.000	7.6973	0.2184	-0.1621	0.0026	-0.0247	-0.0458	0.3445	-0.8970
35.000	8.1942	0.2744	-0.1835	-0.0095	-0.0345	-0.0493	0.1818	-0.9244
40.000	8.7454	0.3286	-0.2010	-0.0228	-0.0455	-0.0510	0.0272	-0.9202
45.000	9.3364	0.3790	-0.2139	-0.0360	-0.0572	-0.0510	-0.1145	-0.8904
50.000	9.9489	0.4248	-0.2220	-0.0481	-0.0691	-0.0494	-0.2408	-0.8411
55.000	10.5614	0.4653	-0.2251	-0.0583	-0.0806	-0.0464	-0.3506	-0.7776
60.000	11.1497	0.5006	-0.2236	-0.0664	-0.0913	-0.0422	-0.4442	-0.7046
65.000	11.6879	0.5308	-0.2179	-0.0720	-0.1008	-0.0372	-0.5225	-0.6256
70.000	12.1500	0.5563	-0.2083	-0.0753	-0.1087	-0.0315	-0.5870	-0.5435
75.000	12.5113	0.5778	-0.1953	-0.0764	-0.1147	-0.0255	-0.6391	-0.4600
80.000	12.7501	0.5956	-0.1794	-0.0754	-0.1188	-0.0195	-0.6801	-0.3764
85.000	12.8488	0.6103	-0.1607	-0.0725	-0.1207	-0.0138	-0.7113	-0.2935
90.000	12.7954	0.6224	-0.1396	-0.0679	-0.1203	-0.0088	-0.7338	-0.2115
95.000	12.5845	0.6320	-0.1160	-0.0615	-0.1178	-0.0047	-0.7483	-0.1307
100.000	12.2174	0.6395	-0.0900	-0.0534	-0.1129	-0.0021	-0.7552	-0.0509
105.000	11.7020	0.6450	-0.0614	-0.0435	-0.1059	-0.0012	-0.7550	0.0282
110.000	11.0528	0.6484	-0.0300	-0.0317	-0.0969	-0.0026	-0.7476	0.1067
115.000	10.2895	0.6495	0.0047	-0.0177	-0.0859	-0.0066	-0.7326	0.1852
120.000	9.4361	0.6479	0.0428	-0.0014	-0.0734	-0.0138	-0.7093	0.2640
125.000	8.5197	0.6428	0.0848	0.0174	-0.0595	-0.0246	-0.6766	0.3435
130.000	7.5688	0.6334	0.1311	0.0390	-0.0448	-0.0395	-0.6324	0.4239
135.000	6.6125	0.6181	0.1816	0.0635	-0.0299	-0.0587	-0.5740	0.5052
140.000	5.6788	0.5950	0.2359	0.0905	-0.0154	-0.0821	-0.4972	0.5868
145.000	4.7937	0.5614	0.2929	0.1196	-0.0022	-0.1093	-0.3966	0.6664
150.000	3.9807	0.5138	0.3494	0.1492	0.0086	-0.1386	-0.2646	0.7395
155.000	3.2601	0.4483	0.3990	0.1761	0.0159	-0.1667	-0.0926	0.7964
160.000	2.6489	0.3614	0.4300	0.1945	0.0187	-0.1876	0.1265	0.8190
165.000	2.1603	0.2538	0.4234	0.1949	0.0165	-0.1909	0.3908	0.7777
170.000	1.8044	0.1368	0.3545	0.1651	0.0103	-0.1636	0.6733	0.6346
175.000	1.5882	0.0392	0.2072	0.0972	0.0032	-0.0970	0.9068	0.3652
180.000	1.5156	0.0000	0.0001	0.0001	0.0000	-0.0001	1.0000	0.0001
