0.000	12.1263	0.0000	0.0000	0.0000	0.0000	0.0000	1.0000	0.0000
5.000	12.2701	0.0105	-0.0318	0.0014	-0.0004	-0.0017	0.9665	-0.2545
10.000	12.6969	0.0404	-0.0620	0.0010	-0.0015	-0.0032	0.8715	-0.4848
15.000	13.3934	0.0851	-0.0893	-0.0024	-0.0030	-0.0044	0.7293	-0.6730
20.000	14.3378	0.1389	-0.1125	-0.0090	-0.0046	-0.0052	0.5583	-0.8102
25.000	15.5003	0.1963	-0.1312	-0.0183	-0.0059	-0.0059	0.3760	-0.8962
30.000	16.8441	0.2530	-0.1448	-0.0290	-0.0068	-0.0064	0.1959	-0.9367
35.000	18.3264	0.3063	-0.1534	-0.0400	-0.0072	-0.0071	0.0272	-0.9399
40.000	19.8996	0.3546	-0.1569	-0.0502	-0.0070	-0.0080	-0.1255	-0.9145
45.000	21.5128	0.3972	-0.1555	-0.0586	-0.0065	-0.0093	-0.2603	-0.8681
50.000	23.1136	0.4341	-0.1494	-0.0645	-0.0056	-0.0110	-0.3770	-0.8069
55.000	24.6496	0.4657	-0.1389	-0.0678	-0.0044	-0.0133	-0.4766	-0.7356
60.000	26.0703	0.4923	-0.1243	-0.0682	-0.0031	-0.0161	-0.5606	-0.6575
65.000	27.3284	0.5143	-0.1061	-0.0659	-0.0018	-0.0196	-0.6305	-0.5751
70.000	28.3817	0.5323	-0.0847	-0.0611	-0.0004	-0.0236	-0.6876	-0.4898
75.000	29.1945	0.5466	-0.0604	-0.0540	0.0010	-0.0281	-0.7331	-0.4028
80.000	29.7383	0.5575	-0.0337	-0.0451	0.0024	-0.0333	-0.7681	-0.3146
85.000	29.9931	0.5653	-0.0049	-0.0346	0.0038	-0.0391	-0.7932	-0.2255
90.000	29.9480	0.5701	0.0256	-0.0229	0.0053	-0.0454	-0.8089	-0.1357
95.000	29.6013	0.5720	0.0577	-0.0101	0.0070	-0.0525	-0.8154	-0.0451
100.000	28.9605	0.5709	0.0911	0.0035	0.0088	-0.0602	-0.8124	0.0461
105.000	28.0426	0.5667	0.1257	0.0178	0.0108	-0.0687	-0.7997	0.1381
110.000	26.8729	0.5593	0.1615	0.0328	0.0131	-0.0780	-0.7764	0.2307
115.000	25.4845	0.5482	0.1983	0.0483	0.0155	-0.0882	-0.7414	0.3237
120.000	23.9172	0.5330	0.2359	0.0645	0.0180	-0.0992	-0.6933	0.4166
125.000	22.2161	0.5130	0.2741	0.0811	0.0205	-0.1110	-0.6301	0.5084
130.000	20.4305	0.4876	0.3120	0.0980	0.0228	-0.1233	-0.5494	0.5974
135.000	18.6119	0.4558	0.3484	0.1147	0.0245	-0.1357	-0.4485	0.6810
140.000	16.8126	0.4168	0.3814	0.1304	0.0254	-0.1473	-0.3246	0.7550
145.000	15.0840	0.3698	0.4080	0.1439	0.0253	-0.1570	-0.1751	0.8134
150.000	13.4751	0.3145	0.4236	0.1534	0.0237	-0.1629	0.0007	0.8474
155.000	12.0310	0.2516	0.4224	0.1563	0.0206	-0.1626	0.2006	0.8459
160.000	10.7918	0.1837	0.3976	0.1497	0.0161	-0.1534	0.4164	0.7959
165.000	9.7914	0.1159	0.3427	0.1308	0.0107	-0.1325	0.6317	0.6852
170.000	9.0571	0.0564	0.2545	0.0980	0.0054	-0.0986	0.8208	0.5082
175.000	8.6085	0.0149	0.1363	0.0528	0.0015	-0.0529	0.9525	0.2719
180.000	8.4575	0.0000	0.0000	0.0001	0.0000	-0.0001	1.0000	0.0000
