0.000	1.7214	0.0000	0.0000	0.0000	0.0000	0.0000	1.0000	0.0000
5.000	1.7363	0.0059	0.0160	0.0039	0.0000	-0.0039	0.9715	-0.2366
10.000	1.7805	0.0229	0.0318	0.0075	0.0001	-0.0076	0.8895	-0.4553
15.000	1.8522	0.0485	0.0472	0.0106	0.0002	-0.0110	0.7637	-0.6420
20.000	1.9484	0.0795	0.0621	0.0130	0.0005	-0.0140	0.6073	-0.7880
25.000	2.0655	0.1129	0.0768	0.0150	0.0009	-0.0165	0.4335	-0.8907
30.000	2.1991	0.1459	0.0915	0.0165	0.0016	-0.0186	0.2538	-0.9518
35.000	2.3448	0.1767	0.1066	0.0180	0.0025	-0.0205	0.0767	-0.9754
40.000	2.4978	0.2041	0.1222	0.0194	0.0036	-0.0222	-0.0918	-0.9669
45.000	2.6539	0.2277	0.1387	0.0211	0.0049	-0.0238	-0.2480	-0.9313
50.000	2.8090	0.2472	0.1561	0.0232	0.0063	-0.0254	-0.3896	-0.8732
55.000	2.9596	0.2629	0.1747	0.0257	0.0079	-0.0270	-0.5153	-0.7967
60.000	3.1025	0.2749	0.1942	0.0287	0.0095	-0.0288	-0.6243	-0.7049
65.000	3.2352	0.2837	0.2146	0.0322	0.0111	-0.0307	-0.7161	-0.6006
70.000	3.3554	0.2894	0.2357	0.0361	0.0128	-0.0328	-0.7901	-0.4864
75.000	3.4614	0.2923	0.2572	0.0402	0.0144	-0.0351	-0.8460	-0.3645
80.000	3.5516	0.2926	0.2789	0.0445	0.0159	-0.0377	-0.8836	-0.2370
85.000	3.6248	0.2903	0.3004	0.0489	0.0174	-0.0404	-0.9026	-0.1060
90.000	3.6799	0.2857	0.3213	0.0532	0.0187	-0.0433	-0.9028	0.0265
95.000	3.7165	0.2785	0.3413	0.0573	0.0199	-0.0463	-0.8841	0.1584
100.000	3.7344	0.2689	0.3598	0.0610	0.0209	-0.0494	-0.8463	0.2877
105.000	3.7340	0.2569	0.3766	0.0643	0.0217	-0.0524	-0.7895	0.4121
110.000	3.7165	0.2424	0.3908	0.0670	0.0222	-0.0553	-0.7138	0.5292
115.000	3.6836	0.2255	0.4021	0.0691	0.0224	-0.0579	-0.6193	0.6363
120.000	3.6374	0.2065	0.4095	0.0704	0.0223	-0.0601	-0.5068	0.7305
125.000	3.5809	0.1856	0.4124	0.0708	0.0216	-0.0617	-0.3774	0.8086
130.000	3.5170	0.1632	0.4099	0.0702	0.0206	-0.0624	-0.2330	0.8670
135.000	3.4492	0.1399	0.4010	0.0685	0.0190	-0.0621	-0.0763	0.9024
140.000	3.3804	0.1162	0.3851	0.0656	0.0169	-0.0606	0.0887	0.9114
145.000	3.3138	0.0930	0.3615	0.0613	0.0145	-0.0577	0.2571	0.8915
150.000	3.2519	0.0709	0.3298	0.0558	0.0117	-0.0534	0.4230	0.8411
155.000	3.1969	0.0508	0.2900	0.0490	0.0089	-0.0475	0.5796	0.7599
160.000	3.1502	0.0333	0.2427	0.0409	0.0061	-0.0401	0.7200	0.6493
165.000	3.1130	0.0191	0.1886	0.0317	0.0036	-0.0314	0.8375	0.5126
170.000	3.0860	0.0086	0.1290	0.0217	0.0017	-0.0216	0.9261	0.3544
175.000	3.0697	0.0022	0.0655	0.0110	0.0004	-0.0110	0.9813	0.1811
180.000	3.0642	0.0000	0.0000	0.0000	0.0000	0.0000	1.0000	0.0000
