0.000	0.3363	0.0000	0.0000	0.0000	0.0000	0.0000	1.0000	0.0000
5.000	0.3380	0.0022	0.0542	0.0068	-0.0002	-0.0068	0.9768	-0.2073
10.000	0.3432	0.0087	0.1066	0.0134	-0.0009	-0.0133	0.9090	-0.4028
15.000	0.3517	0.0188	0.1557	0.0194	-0.0018	-0.0192	0.8022	-0.5760
20.000	0.3632	0.0316	0.2005	0.0247	-0.0031	-0.0243	0.6644	-0.7193
25.000	0.3775	0.0461	0.2403	0.0292	-0.0046	-0.0284	0.5048	-0.8279
30.000	0.3943	0.0613	0.2748	0.0329	-0.0061	-0.0316	0.3326	-0.9001
35.000	0.4130	0.0763	0.3043	0.0357	-0.0077	-0.0339	0.1562	-0.9366
40.000	0.4333	0.0904	0.3292	0.0377	-0.0091	-0.0352	-0.0174	-0.9398
45.000	0.4548	0.1031	0.3499	0.0391	-0.0105	-0.0359	-0.1826	-0.9131
50.000	0.4768	0.1140	0.3671	0.0398	-0.0116	-0.0359	-0.3354	-0.8602
55.000	0.4990	0.1230	0.3812	0.0401	-0.0126	-0.0354	-0.4728	-0.7850
60.000	0.5209	0.1300	0.3928	0.0399	-0.0134	-0.0345	-0.5927	-0.6912
65.000	0.5421	0.1349	0.4022	0.0393	-0.0140	-0.0333	-0.6938	-0.5821
70.000	0.5622	0.1378	0.4097	0.0385	-0.0144	-0.0318	-0.7751	-0.4610
75.000	0.5807	0.1389	0.4155	0.0373	-0.0146	-0.0302	-0.8360	-0.3308
80.000	0.5976	0.1383	0.4198	0.0359	-0.0146	-0.0285	-0.8759	-0.1942
85.000	0.6124	0.1360	0.4226	0.0344	-0.0143	-0.0267	-0.8946	-0.0539
90.000	0.6252	0.1322	0.4238	0.0326	-0.0140	-0.0249	-0.8919	0.0875
95.000	0.6357	0.1271	0.4234	0.0307	-0.0134	-0.0230	-0.8679	0.2273
100.000	0.6439	0.1207	0.4212	0.0287	-0.0127	-0.0213	-0.8226	0.3627
105.000	0.6499	0.1133	0.4171	0.0266	-0.0119	-0.0195	-0.7566	0.4909
110.000	0.6538	0.1049	0.4108	0.0244	-0.0110	-0.0178	-0.6705	0.6090
115.000	0.6557	0.0958	0.4020	0.0222	-0.0100	-0.0162	-0.5656	0.7138
120.000	0.6559	0.0861	0.3905	0.0199	-0.0090	-0.0146	-0.4435	0.8022
125.000	0.6545	0.0761	0.3761	0.0177	-0.0079	-0.0131	-0.3064	0.8712
130.000	0.6519	0.0658	0.3584	0.0155	-0.0068	-0.0117	-0.1572	0.9179
135.000	0.6483	0.0556	0.3372	0.0134	-0.0057	-0.0103	0.0005	0.9398
140.000	0.6441	0.0456	0.3124	0.0114	-0.0047	-0.0090	0.1624	0.9349
145.000	0.6395	0.0361	0.2839	0.0095	-0.0037	-0.0078	0.3238	0.9018
150.000	0.6349	0.0273	0.2517	0.0077	-0.0028	-0.0066	0.4794	0.8403
155.000	0.6305	0.0195	0.2161	0.0061	-0.0020	-0.0054	0.6236	0.7511
160.000	0.6266	0.0127	0.1772	0.0047	-0.0013	-0.0043	0.7509	0.6361
165.000	0.6233	0.0073	0.1355	0.0034	-0.0007	-0.0032	0.8561	0.4986
170.000	0.6209	0.0033	0.0917	0.0022	-0.0003	-0.0021	0.9348	0.3431
175.000	0.6193	0.0008	0.0462	0.0011	-0.0001	-0.0011	0.9835	0.1748
180.000	0.6188	0.0000	0.0000	0.0000	0.0000	0.0000	1.0000	0.0000
