0.000	4.3758	0.0000	0.0000	0.0000	0.0000	0.0000	1.0000	0.0000
5.000	4.4230	0.0077	-0.0075	0.0009	-0.0006	-0.0009	0.9685	-0.2489
10.000	4.5630	0.0294	-0.0139	0.0019	-0.0022	-0.0015	0.8786	-0.4765
15.000	4.7908	0.0620	-0.0180	0.0031	-0.0045	-0.0017	0.7428	-0.6664
20.000	5.0984	0.1015	-0.0195	0.0046	-0.0072	-0.0013	0.5773	-0.8099
25.000	5.4749	0.1436	-0.0180	0.0064	-0.0097	-0.0005	0.3980	-0.9059
30.000	5.9075	0.1854	-0.0136	0.0086	-0.0117	0.0007	0.2173	-0.9582
35.000	6.3819	0.2245	-0.0064	0.0113	-0.0131	0.0022	0.0439	-0.9734
40.000	6.8827	0.2599	0.0033	0.0145	-0.0138	0.0037	-0.1168	-0.9585
45.000	7.3943	0.2909	0.0152	0.0182	-0.0135	0.0052	-0.2626	-0.9200
50.000	7.9014	0.3175	0.0293	0.0226	-0.0124	0.0065	-0.3924	-0.8630
55.000	8.3897	0.3397	0.0454	0.0275	-0.0105	0.0074	-0.5064	-0.7916
60.000	8.8458	0.3579	0.0632	0.0329	-0.0078	0.0079	-0.6050	-0.7091
65.000	9.2583	0.3724	0.0827	0.0388	-0.0044	0.0077	-0.6888	-0.6176
70.000	9.6173	0.3833	0.1038	0.0452	-0.0004	0.0069	-0.7584	-0.5188
75.000	9.9149	0.3910	0.1262	0.0519	0.0042	0.0052	-0.8139	-0.4140
80.000	10.1454	0.3956	0.1498	0.0588	0.0092	0.0027	-0.8555	-0.3042
85.000	10.3048	0.3971	0.1744	0.0659	0.0145	-0.0007	-0.8830	-0.1905
90.000	10.3914	0.3957	0.1996	0.0729	0.0199	-0.0051	-0.8961	-0.0736
95.000	10.4052	0.3913	0.2252	0.0799	0.0253	-0.0105	-0.8943	0.0453
100.000	10.3482	0.3839	0.2508	0.0866	0.0306	-0.0168	-0.8768	0.1652
105.000	10.2240	0.3734	0.2758	0.0928	0.0354	-0.0241	-0.8428	0.2846
110.000	10.0382	0.3597	0.2999	0.0985	0.0397	-0.0320	-0.7914	0.4018
115.000	9.7976	0.3427	0.3222	0.1034	0.0431	-0.0405	-0.7218	0.5147
120.000	9.5106	0.3224	0.3421	0.1073	0.0455	-0.0493	-0.6332	0.6206
125.000	9.1868	0.2986	0.3585	0.1101	0.0467	-0.0580	-0.5251	0.7163
130.000	8.8368	0.2716	0.3704	0.1114	0.0465	-0.0661	-0.3976	0.7980
135.000	8.4719	0.2415	0.3763	0.1110	0.0447	-0.0731	-0.2515	0.8613
140.000	8.1039	0.2087	0.3750	0.1087	0.0414	-0.0783	-0.0888	0.9010
145.000	7.7446	0.1740	0.3650	0.1040	0.0367	-0.0810	0.0869	0.9121
150.000	7.4056	0.1384	0.3447	0.0968	0.0307	-0.0806	0.2702	0.8894
155.000	7.0977	0.1032	0.3132	0.0868	0.0239	-0.0765	0.4532	0.8288
160.000	6.8310	0.0702	0.2698	0.0739	0.0168	-0.0682	0.6263	0.7284
165.000	6.6140	0.0416	0.2148	0.0584	0.0102	-0.0558	0.7782	0.5888
170.000	6.4538	0.0192	0.1497	0.0404	0.0048	-0.0396	0.8974	0.4146
175.000	6.3555	0.0049	0.0769	0.0207	0.0012	-0.0206	0.9737	0.2143
180.000	6.3224	-0.0000	0.0000	0.0000	0.0000	-0.0000	1.0000	0.0000
