0.000	10.1786	0.0000	0.0000	0.0000	0.0000	0.0000	1.0000	0.0000
5.000	10.2809	0.0096	-0.0294	0.0021	0.0002	-0.0025	0.9695	-0.2430
10.000	10.5857	0.0372	-0.0583	0.0016	0.0009	-0.0047	0.8824	-0.4653
15.000	11.0867	0.0793	-0.0860	-0.0032	0.0020	-0.0066	0.7502	-0.6507
20.000	11.7733	0.1313	-0.1118	-0.0126	0.0035	-0.0081	0.5884	-0.7900
25.000	12.6298	0.1885	-0.1344	-0.0261	0.0053	-0.0095	0.4126	-0.8813
30.000	13.6348	0.2467	-0.1529	-0.0420	0.0074	-0.0109	0.2361	-0.9282
35.000	14.7616	0.3029	-0.1665	-0.0584	0.0095	-0.0127	0.0685	-0.9376
40.000	15.9775	0.3551	-0.1745	-0.0737	0.0114	-0.0152	-0.0845	-0.9173
45.000	17.2448	0.4021	-0.1767	-0.0865	0.0130	-0.0185	-0.2201	-0.8750
50.000	18.5216	0.4435	-0.1733	-0.0960	0.0140	-0.0227	-0.3375	-0.8172
55.000	19.7632	0.4793	-0.1645	-0.1018	0.0144	-0.0278	-0.4376	-0.7491
60.000	20.9241	0.5097	-0.1508	-0.1039	0.0140	-0.0338	-0.5218	-0.6743
65.000	21.9601	0.5350	-0.1329	-0.1026	0.0127	-0.0405	-0.5917	-0.5956
70.000	22.8302	0.5558	-0.1115	-0.0985	0.0106	-0.0478	-0.6489	-0.5147
75.000	23.4991	0.5724	-0.0872	-0.0920	0.0078	-0.0556	-0.6950	-0.4325
80.000	23.9385	0.5851	-0.0607	-0.0836	0.0043	-0.0638	-0.7311	-0.3497
85.000	24.1287	0.5945	-0.0323	-0.0740	0.0003	-0.0721	-0.7582	-0.2664
90.000	24.0590	0.6006	-0.0025	-0.0634	-0.0041	-0.0806	-0.7768	-0.1826
95.000	23.7283	0.6038	0.0285	-0.0521	-0.0086	-0.0892	-0.7872	-0.0982
100.000	23.1444	0.6041	0.0608	-0.0403	-0.0130	-0.0978	-0.7894	-0.0131
105.000	22.3235	0.6015	0.0943	-0.0278	-0.0170	-0.1064	-0.7830	0.0730
110.000	21.2889	0.5959	0.1294	-0.0145	-0.0206	-0.1151	-0.7675	0.1601
115.000	20.0705	0.5870	0.1662	-0.0003	-0.0234	-0.1240	-0.7418	0.2482
120.000	18.7030	0.5744	0.2050	0.0154	-0.0254	-0.1332	-0.7045	0.3369
125.000	17.2248	0.5576	0.2460	0.0326	-0.0264	-0.1427	-0.6537	0.4257
130.000	15.6775	0.5355	0.2889	0.0516	-0.0264	-0.1526	-0.5870	0.5137
135.000	14.1040	0.5072	0.3331	0.0723	-0.0254	-0.1625	-0.5013	0.5989
140.000	12.5482	0.4712	0.3770	0.0941	-0.0235	-0.1720	-0.3930	0.6783
145.000	11.0532	0.4263	0.4176	0.1160	-0.0208	-0.1802	-0.2580	0.7469
150.000	9.6606	0.3709	0.4500	0.1358	-0.0175	-0.1854	-0.0929	0.7969
155.000	8.4093	0.3047	0.4666	0.1502	-0.0138	-0.1853	0.1036	0.8165
160.000	7.3340	0.2291	0.4570	0.1546	-0.0099	-0.1763	0.3272	0.7901
165.000	6.4649	0.1489	0.4093	0.1436	-0.0061	-0.1544	0.5631	0.7000
170.000	5.8262	0.0744	0.3141	0.1131	-0.0029	-0.1167	0.7818	0.5326
175.000	5.4357	0.0201	0.1721	0.0629	-0.0008	-0.0634	0.9411	0.2903
180.000	5.3043	0.0000	0.0001	0.0001	0.0000	-0.0001	1.0000	0.0001
