0.000	6.0797	0.0000	0.0000	0.0000	0.0000	0.0000	1.0000	0.0000
5.000	6.1356	0.0091	-0.0528	0.0117	-0.0033	-0.0118	0.9716	-0.2303
10.000	6.3020	0.0351	-0.1026	0.0216	-0.0128	-0.0219	0.8903	-0.4420
15.000	6.5749	0.0751	-0.1472	0.0280	-0.0271	-0.0291	0.7662	-0.6203
20.000	6.9477	0.1249	-0.1848	0.0303	-0.0443	-0.0325	0.6131	-0.7564
25.000	7.4106	0.1803	-0.2149	0.0286	-0.0625	-0.0321	0.4454	-0.8478
30.000	7.9512	0.2373	-0.2374	0.0234	-0.0802	-0.0281	0.2754	-0.8971
35.000	8.5540	0.2933	-0.2528	0.0157	-0.0961	-0.0214	0.1124	-0.9099
40.000	9.2005	0.3463	-0.2619	0.0066	-0.1094	-0.0124	-0.0377	-0.8933
45.000	9.8698	0.3953	-0.2654	-0.0030	-0.1197	-0.0021	-0.1715	-0.8542
50.000	10.5389	0.4397	-0.2642	-0.0123	-0.1269	0.0089	-0.2879	-0.7987
55.000	11.1833	0.4796	-0.2590	-0.0206	-0.1309	0.0201	-0.3871	-0.7321
60.000	11.7782	0.5152	-0.2504	-0.0275	-0.1320	0.0311	-0.4701	-0.6583
65.000	12.2989	0.5467	-0.2388	-0.0328	-0.1302	0.0414	-0.5382	-0.5803
70.000	12.7226	0.5747	-0.2247	-0.0361	-0.1257	0.0507	-0.5931	-0.5005
75.000	13.0287	0.5994	-0.2083	-0.0375	-0.1189	0.0589	-0.6361	-0.4202
80.000	13.2003	0.6213	-0.1898	-0.0367	-0.1097	0.0655	-0.6686	-0.3405
85.000	13.2251	0.6406	-0.1692	-0.0338	-0.0984	0.0704	-0.6920	-0.2621
90.000	13.0956	0.6575	-0.1466	-0.0288	-0.0852	0.0733	-0.7071	-0.1853
95.000	12.8099	0.6723	-0.1220	-0.0214	-0.0702	0.0740	-0.7148	-0.1103
100.000	12.3721	0.6851	-0.0952	-0.0118	-0.0535	0.0719	-0.7158	-0.0369
105.000	11.7915	0.6957	-0.0661	0.0003	-0.0354	0.0669	-0.7104	0.0350
110.000	11.0833	0.7041	-0.0343	0.0150	-0.0161	0.0584	-0.6989	0.1057
115.000	10.2670	0.7101	0.0004	0.0324	0.0040	0.0461	-0.6811	0.1755
120.000	9.3662	0.7131	0.0383	0.0527	0.0247	0.0294	-0.6567	0.2451
125.000	8.4073	0.7126	0.0799	0.0761	0.0455	0.0078	-0.6248	0.3149
130.000	7.4185	0.7075	0.1255	0.1029	0.0656	-0.0192	-0.5839	0.3855
135.000	6.4283	0.6965	0.1755	0.1331	0.0843	-0.0520	-0.5318	0.4574
140.000	5.4645	0.6774	0.2298	0.1668	0.1005	-0.0908	-0.4649	0.5307
145.000	4.5533	0.6474	0.2877	0.2033	0.1127	-0.1351	-0.3780	0.6047
150.000	3.7182	0.6023	0.3472	0.2413	0.1191	-0.1834	-0.2638	0.6764
155.000	2.9793	0.5367	0.4033	0.2774	0.1176	-0.2320	-0.1120	0.7389
160.000	2.3535	0.4448	0.4452	0.3041	0.1055	-0.2727	0.0885	0.7766
165.000	1.8539	0.3231	0.4520	0.3074	0.0814	-0.2898	0.3435	0.7597
170.000	1.4904	0.1809	0.3921	0.2660	0.0475	-0.2592	0.6349	0.6417
175.000	1.2697	0.0535	0.2363	0.1601	0.0144	-0.1591	0.8925	0.3807
180.000	1.1957	0.0000	0.0001	0.0002	0.0000	-0.0002	1.0000	0.0001
