0.000	9.5062	0.0000	0.0000	0.0000	0.0000	0.0000	1.0000	0.0000
5.000	9.6000	0.0097	-0.0376	0.0004	-0.0009	-0.0006	0.9702	-0.2391
10.000	9.8789	0.0375	-0.0732	-0.0001	-0.0036	-0.0012	0.8850	-0.4582
15.000	10.3361	0.0799	-0.1051	-0.0022	-0.0078	-0.0016	0.7556	-0.6416
20.000	10.9598	0.1320	-0.1323	-0.0061	-0.0131	-0.0019	0.5969	-0.7802
25.000	11.7336	0.1889	-0.1540	-0.0116	-0.0191	-0.0019	0.4240	-0.8721
30.000	12.6363	0.2466	-0.1700	-0.0180	-0.0256	-0.0017	0.2498	-0.9206
35.000	13.6423	0.3020	-0.1804	-0.0245	-0.0320	-0.0013	0.0834	-0.9321
40.000	14.7217	0.3533	-0.1856	-0.0307	-0.0382	-0.0005	-0.0693	-0.9140
45.000	15.8411	0.3993	-0.1859	-0.0357	-0.0440	0.0004	-0.2057	-0.8735
50.000	16.9639	0.4399	-0.1816	-0.0393	-0.0491	0.0016	-0.3247	-0.8168
55.000	18.0522	0.4751	-0.1733	-0.0412	-0.0533	0.0028	-0.4268	-0.7490
60.000	19.0671	0.5051	-0.1614	-0.0413	-0.0566	0.0040	-0.5132	-0.6737
65.000	19.9708	0.5305	-0.1462	-0.0396	-0.0588	0.0051	-0.5853	-0.5939
70.000	20.7280	0.5517	-0.1280	-0.0362	-0.0598	0.0059	-0.6445	-0.5114
75.000	21.3073	0.5692	-0.1071	-0.0311	-0.0596	0.0062	-0.6922	-0.4276
80.000	21.6828	0.5833	-0.0837	-0.0246	-0.0581	0.0060	-0.7295	-0.3431
85.000	21.8352	0.5943	-0.0581	-0.0166	-0.0552	0.0048	-0.7575	-0.2584
90.000	21.7531	0.6026	-0.0302	-0.0073	-0.0511	0.0027	-0.7767	-0.1737
95.000	21.4331	0.6082	-0.0002	0.0033	-0.0456	-0.0008	-0.7875	-0.0888
100.000	20.8805	0.6111	0.0320	0.0152	-0.0388	-0.0058	-0.7901	-0.0037
105.000	20.1091	0.6113	0.0665	0.0282	-0.0310	-0.0126	-0.7841	0.0818
110.000	19.1401	0.6086	0.1032	0.0426	-0.0221	-0.0214	-0.7692	0.1681
115.000	18.0017	0.6025	0.1423	0.0583	-0.0125	-0.0326	-0.7442	0.2551
120.000	16.7276	0.5925	0.1837	0.0753	-0.0024	-0.0462	-0.7079	0.3429
125.000	15.3556	0.5779	0.2272	0.0935	0.0077	-0.0624	-0.6583	0.4312
130.000	13.9262	0.5576	0.2723	0.1128	0.0174	-0.0810	-0.5928	0.5190
135.000	12.4809	0.5305	0.3180	0.1328	0.0261	-0.1018	-0.5083	0.6047
140.000	11.0609	0.4949	0.3626	0.1525	0.0331	-0.1239	-0.4009	0.6853
145.000	9.7059	0.4493	0.4031	0.1708	0.0377	-0.1459	-0.2664	0.7557
150.000	8.4526	0.3923	0.4347	0.1854	0.0392	-0.1653	-0.1012	0.8078
155.000	7.3341	0.3231	0.4502	0.1932	0.0369	-0.1784	0.0961	0.8294
160.000	6.3791	0.2434	0.4399	0.1898	0.0308	-0.1804	0.3212	0.8041
165.000	5.6113	0.1585	0.3929	0.1702	0.0216	-0.1654	0.5590	0.7135
170.000	5.0495	0.0793	0.3008	0.1307	0.0114	-0.1291	0.7798	0.5436
175.000	4.7071	0.0214	0.1645	0.0716	0.0032	-0.0714	0.9405	0.2965
180.000	4.5920	0.0000	0.0001	0.0001	0.0000	-0.0001	1.0000	0.0001
