0.000	12.0575	0.0000	0.0000	0.0000	0.0000	0.0000	1.0000	0.0000
5.000	12.2013	0.0098	-0.0414	-0.0050	-0.0013	0.0051	0.9662	-0.2543
10.000	12.6281	0.0375	-0.0785	-0.0094	-0.0050	0.0102	0.8703	-0.4848
15.000	13.3239	0.0790	-0.1082	-0.0126	-0.0103	0.0151	0.7268	-0.6736
20.000	14.2664	0.1287	-0.1290	-0.0144	-0.0163	0.0200	0.5542	-0.8119
25.000	15.4250	0.1816	-0.1407	-0.0148	-0.0220	0.0246	0.3703	-0.8996
30.000	16.7622	0.2337	-0.1442	-0.0139	-0.0268	0.0289	0.1885	-0.9422
35.000	18.2347	0.2823	-0.1409	-0.0117	-0.0303	0.0329	0.0177	-0.9478
40.000	19.7950	0.3262	-0.1322	-0.0085	-0.0321	0.0364	-0.1371	-0.9247
45.000	21.3928	0.3647	-0.1193	-0.0043	-0.0323	0.0394	-0.2742	-0.8803
50.000	22.9769	0.3980	-0.1032	0.0007	-0.0308	0.0418	-0.3936	-0.8206
55.000	24.4968	0.4261	-0.0845	0.0064	-0.0278	0.0435	-0.4961	-0.7500
60.000	25.9046	0.4497	-0.0638	0.0128	-0.0233	0.0443	-0.5830	-0.6719
65.000	27.1561	0.4690	-0.0413	0.0200	-0.0175	0.0443	-0.6559	-0.5884
70.000	28.2126	0.4845	-0.0172	0.0278	-0.0106	0.0431	-0.7159	-0.5012
75.000	29.0420	0.4966	0.0083	0.0363	-0.0025	0.0408	-0.7642	-0.4111
80.000	29.6191	0.5055	0.0352	0.0455	0.0065	0.0371	-0.8015	-0.3187
85.000	29.9271	0.5113	0.0634	0.0553	0.0162	0.0320	-0.8282	-0.2245
90.000	29.9572	0.5141	0.0929	0.0657	0.0264	0.0253	-0.8447	-0.1287
95.000	29.7090	0.5140	0.1237	0.0767	0.0371	0.0168	-0.8507	-0.0312
100.000	29.1905	0.5109	0.1555	0.0882	0.0477	0.0065	-0.8460	0.0676
105.000	28.4175	0.5046	0.1884	0.1002	0.0582	-0.0056	-0.8297	0.1676
110.000	27.4134	0.4949	0.2221	0.1124	0.0680	-0.0197	-0.8008	0.2684
115.000	26.2082	0.4815	0.2562	0.1249	0.0769	-0.0355	-0.7580	0.3693
120.000	24.8377	0.4638	0.2903	0.1373	0.0844	-0.0529	-0.6996	0.4691
125.000	23.3426	0.4416	0.3235	0.1492	0.0900	-0.0715	-0.6236	0.5662
130.000	21.7672	0.4142	0.3547	0.1603	0.0931	-0.0907	-0.5279	0.6579
135.000	20.1578	0.3812	0.3823	0.1699	0.0934	-0.1096	-0.4104	0.7404
140.000	18.5617	0.3421	0.4041	0.1770	0.0903	-0.1269	-0.2698	0.8087
145.000	17.0252	0.2971	0.4170	0.1805	0.0836	-0.1411	-0.1056	0.8558
150.000	15.5929	0.2466	0.4174	0.1789	0.0733	-0.1500	0.0802	0.8733
155.000	14.3056	0.1920	0.4011	0.1706	0.0597	-0.1513	0.2821	0.8517
160.000	13.1998	0.1363	0.3640	0.1538	0.0440	-0.1426	0.4894	0.7815
165.000	12.3064	0.0838	0.3033	0.1276	0.0278	-0.1223	0.6859	0.6566
170.000	11.6502	0.0398	0.2191	0.0918	0.0135	-0.0901	0.8504	0.4768
175.000	11.2492	0.0104	0.1152	0.0482	0.0036	-0.0479	0.9609	0.2514
180.000	11.1143	0.0000	0.0000	0.0000	0.0000	0.0000	1.0000	0.0000
