0.000	12.4188	0.0000	0.0000	0.0000	0.0000	0.0000	1.0000	0.0000
5.000	12.5686	0.0106	-0.0319	0.0005	-0.0004	-0.0008	0.9662	-0.2556
10.000	13.0130	0.0407	-0.0621	-0.0005	-0.0013	-0.0015	0.8704	-0.4867
15.000	13.7376	0.0857	-0.0890	-0.0043	-0.0026	-0.0021	0.7273	-0.6751
20.000	14.7189	0.1396	-0.1117	-0.0109	-0.0040	-0.0026	0.5555	-0.8121
25.000	15.9248	0.1970	-0.1296	-0.0199	-0.0051	-0.0030	0.3726	-0.8977
30.000	17.3163	0.2534	-0.1423	-0.0300	-0.0057	-0.0035	0.1923	-0.9378
35.000	18.8481	0.3063	-0.1499	-0.0403	-0.0058	-0.0042	0.0235	-0.9406
40.000	20.4703	0.3539	-0.1524	-0.0496	-0.0055	-0.0052	-0.1293	-0.9150
45.000	22.1303	0.3959	-0.1501	-0.0572	-0.0046	-0.0067	-0.2641	-0.8684
50.000	23.7744	0.4322	-0.1432	-0.0623	-0.0035	-0.0086	-0.3809	-0.8071
55.000	25.3493	0.4630	-0.1319	-0.0649	-0.0021	-0.0111	-0.4809	-0.7356
60.000	26.8039	0.4889	-0.1168	-0.0647	-0.0006	-0.0142	-0.5652	-0.6572
65.000	28.0911	0.5104	-0.0980	-0.0619	0.0009	-0.0179	-0.6354	-0.5742
70.000	29.1690	0.5278	-0.0761	-0.0567	0.0025	-0.0221	-0.6928	-0.4883
75.000	30.0020	0.5416	-0.0514	-0.0493	0.0041	-0.0269	-0.7386	-0.4004
80.000	30.5622	0.5520	-0.0243	-0.0402	0.0057	-0.0323	-0.7736	-0.3111
85.000	30.8298	0.5593	0.0047	-0.0295	0.0073	-0.0382	-0.7986	-0.2208
90.000	30.7941	0.5636	0.0355	-0.0176	0.0089	-0.0448	-0.8140	-0.1297
95.000	30.4534	0.5649	0.0678	-0.0048	0.0107	-0.0520	-0.8198	-0.0379
100.000	29.8154	0.5633	0.1013	0.0088	0.0127	-0.0600	-0.8159	0.0548
105.000	28.8967	0.5586	0.1360	0.0231	0.0148	-0.0686	-0.8019	0.1481
110.000	27.7229	0.5506	0.1717	0.0380	0.0170	-0.0781	-0.7771	0.2419
115.000	26.3271	0.5389	0.2083	0.0533	0.0194	-0.0884	-0.7403	0.3360
120.000	24.7494	0.5230	0.2456	0.0692	0.0218	-0.0995	-0.6899	0.4297
125.000	23.0354	0.5023	0.2830	0.0854	0.0241	-0.1112	-0.6241	0.5220
130.000	21.2349	0.4762	0.3199	0.1016	0.0261	-0.1234	-0.5404	0.6109
135.000	19.4003	0.4438	0.3550	0.1176	0.0275	-0.1354	-0.4364	0.6937
140.000	17.5845	0.4044	0.3862	0.1323	0.0281	-0.1466	-0.3094	0.7661
145.000	15.8398	0.3572	0.4104	0.1447	0.0274	-0.1556	-0.1573	0.8217
150.000	14.2157	0.3023	0.4232	0.1528	0.0253	-0.1607	0.0202	0.8520
155.000	12.7581	0.2405	0.4192	0.1543	0.0217	-0.1596	0.2201	0.8461
160.000	11.5073	0.1746	0.3919	0.1466	0.0168	-0.1496	0.4337	0.7916
165.000	10.4978	0.1096	0.3356	0.1271	0.0111	-0.1285	0.6445	0.6779
170.000	9.7567	0.0531	0.2478	0.0947	0.0055	-0.0952	0.8278	0.5004
175.000	9.3041	0.0140	0.1322	0.0508	0.0015	-0.0509	0.9545	0.2669
180.000	9.1518	0.0000	0.0000	0.0001	0.0000	-0.0001	1.0000	0.0000
