0.000	10.9518	0.0000	0.0000	0.0000	0.0000	0.0000	1.0000	0.0000
5.000	11.0793	0.0103	-0.0547	-0.0030	-0.0022	0.0031	0.9672	-0.2476
10.000	11.4577	0.0397	-0.1045	-0.0059	-0.0083	0.0065	0.8743	-0.4723
15.000	12.0747	0.0837	-0.1458	-0.0086	-0.0171	0.0104	0.7350	-0.6566
20.000	12.9104	0.1369	-0.1767	-0.0111	-0.0273	0.0151	0.5674	-0.7920
25.000	13.9376	0.1937	-0.1970	-0.0131	-0.0375	0.0203	0.3883	-0.8782
30.000	15.1228	0.2502	-0.2077	-0.0146	-0.0466	0.0260	0.2112	-0.9203
35.000	16.4273	0.3035	-0.2103	-0.0153	-0.0539	0.0319	0.0449	-0.9263
40.000	17.8079	0.3521	-0.2063	-0.0153	-0.0590	0.0377	-0.1058	-0.9042
45.000	19.2187	0.3954	-0.1971	-0.0143	-0.0619	0.0432	-0.2390	-0.8615
50.000	20.6125	0.4333	-0.1840	-0.0124	-0.0625	0.0483	-0.3545	-0.8041
55.000	21.9421	0.4662	-0.1676	-0.0094	-0.0609	0.0527	-0.4534	-0.7366
60.000	23.1620	0.4944	-0.1487	-0.0054	-0.0572	0.0563	-0.5370	-0.6623
65.000	24.2297	0.5185	-0.1275	-0.0003	-0.0517	0.0588	-0.6067	-0.5837
70.000	25.1076	0.5388	-0.1045	0.0059	-0.0444	0.0601	-0.6641	-0.5022
75.000	25.7639	0.5557	-0.0797	0.0132	-0.0355	0.0600	-0.7104	-0.4189
80.000	26.1737	0.5696	-0.0531	0.0217	-0.0252	0.0583	-0.7465	-0.3346
85.000	26.3202	0.5806	-0.0248	0.0313	-0.0135	0.0548	-0.7732	-0.2494
90.000	26.1948	0.5889	0.0052	0.0422	-0.0007	0.0494	-0.7911	-0.1636
95.000	25.7979	0.5944	0.0370	0.0544	0.0130	0.0417	-0.8002	-0.0771
100.000	25.1383	0.5972	0.0707	0.0679	0.0274	0.0317	-0.8007	0.0102
105.000	24.2332	0.5970	0.1063	0.0827	0.0422	0.0191	-0.7920	0.0983
110.000	23.1077	0.5936	0.1438	0.0988	0.0569	0.0037	-0.7736	0.1873
115.000	21.7933	0.5864	0.1831	0.1162	0.0711	-0.0147	-0.7443	0.2772
120.000	20.3277	0.5750	0.2242	0.1347	0.0844	-0.0359	-0.7026	0.3678
125.000	18.7527	0.5585	0.2665	0.1541	0.0961	-0.0600	-0.6466	0.4583
130.000	17.1130	0.5359	0.3093	0.1739	0.1054	-0.0865	-0.5736	0.5475
135.000	15.4549	0.5063	0.3514	0.1934	0.1116	-0.1147	-0.4807	0.6332
140.000	13.8248	0.4683	0.3907	0.2116	0.1137	-0.1434	-0.3645	0.7117
145.000	12.2676	0.4207	0.4240	0.2267	0.1109	-0.1705	-0.2216	0.7773
150.000	10.8254	0.3626	0.4464	0.2364	0.1024	-0.1931	-0.0498	0.8215
155.000	9.5365	0.2943	0.4515	0.2371	0.0880	-0.2068	0.1501	0.8323
160.000	8.4345	0.2181	0.4310	0.2249	0.0682	-0.2064	0.3716	0.7950
165.000	7.5477	0.1397	0.3764	0.1955	0.0452	-0.1865	0.5983	0.6944
170.000	6.8981	0.0688	0.2827	0.1464	0.0228	-0.1433	0.8023	0.5215
175.000	6.5019	0.0184	0.1526	0.0789	0.0062	-0.0785	0.9472	0.2815
180.000	6.3687	0.0000	0.0000	0.0001	0.0000	-0.0001	1.0000	0.0000
