0.000	11.7607	0.0000	0.0000	0.0000	0.0000	0.0000	1.0000	0.0000
5.000	11.8973	0.0104	-0.0315	0.0024	-0.0004	-0.0027	0.9669	-0.2532
10.000	12.3032	0.0399	-0.0616	0.0027	-0.0017	-0.0050	0.8727	-0.4826
15.000	12.9662	0.0843	-0.0890	-0.0002	-0.0033	-0.0069	0.7316	-0.6706
20.000	13.8665	0.1378	-0.1128	-0.0067	-0.0052	-0.0083	0.5616	-0.8080
25.000	14.9766	0.1952	-0.1322	-0.0163	-0.0068	-0.0092	0.3798	-0.8946
30.000	16.2624	0.2522	-0.1468	-0.0276	-0.0079	-0.0098	0.2001	-0.9356
35.000	17.6838	0.3059	-0.1564	-0.0394	-0.0086	-0.0105	0.0314	-0.9393
40.000	19.1959	0.3547	-0.1609	-0.0504	-0.0088	-0.0112	-0.1214	-0.9143
45.000	20.7499	0.3980	-0.1604	-0.0597	-0.0084	-0.0123	-0.2561	-0.8681
50.000	22.2953	0.4356	-0.1552	-0.0665	-0.0078	-0.0138	-0.3727	-0.8071
55.000	23.7810	0.4679	-0.1455	-0.0705	-0.0069	-0.0158	-0.4722	-0.7360
60.000	25.1571	0.4951	-0.1316	-0.0715	-0.0058	-0.0184	-0.5560	-0.6582
65.000	26.3770	0.5178	-0.1140	-0.0698	-0.0047	-0.0215	-0.6255	-0.5762
70.000	27.3985	0.5363	-0.0931	-0.0654	-0.0036	-0.0253	-0.6824	-0.4916
75.000	28.1858	0.5512	-0.0692	-0.0587	-0.0024	-0.0296	-0.7278	-0.4053
80.000	28.7102	0.5626	-0.0429	-0.0501	-0.0012	-0.0345	-0.7627	-0.3181
85.000	28.9517	0.5709	-0.0145	-0.0398	0.0000	-0.0400	-0.7880	-0.2301
90.000	28.8991	0.5762	0.0157	-0.0282	0.0014	-0.0461	-0.8040	-0.1415
95.000	28.5507	0.5785	0.0475	-0.0156	0.0029	-0.0529	-0.8110	-0.0523
100.000	27.9140	0.5780	0.0807	-0.0021	0.0046	-0.0604	-0.8089	0.0377
105.000	27.0057	0.5744	0.1152	0.0123	0.0066	-0.0687	-0.7973	0.1283
110.000	25.8510	0.5675	0.1510	0.0273	0.0088	-0.0778	-0.7755	0.2197
115.000	24.4825	0.5571	0.1880	0.0430	0.0113	-0.0878	-0.7424	0.3117
120.000	22.9395	0.5426	0.2259	0.0594	0.0139	-0.0988	-0.6965	0.4037
125.000	21.2663	0.5234	0.2646	0.0764	0.0166	-0.1105	-0.6359	0.4950
130.000	19.5111	0.4987	0.3034	0.0938	0.0191	-0.1230	-0.5581	0.5841
135.000	17.7244	0.4676	0.3412	0.1113	0.0211	-0.1356	-0.4602	0.6683
140.000	15.9572	0.4291	0.3760	0.1279	0.0225	-0.1477	-0.3394	0.7439
145.000	14.2597	0.3823	0.4048	0.1427	0.0228	-0.1580	-0.1926	0.8048
150.000	12.6799	0.3267	0.4231	0.1535	0.0218	-0.1647	-0.0186	0.8425
155.000	11.2620	0.2628	0.4249	0.1578	0.0192	-0.1654	0.1810	0.8455
160.000	10.0451	0.1929	0.4028	0.1525	0.0152	-0.1569	0.3989	0.7999
165.000	9.0627	0.1225	0.3495	0.1342	0.0102	-0.1364	0.6186	0.6925
170.000	8.3415	0.0599	0.2610	0.1013	0.0052	-0.1020	0.8135	0.5161
175.000	7.9009	0.0159	0.1404	0.0548	0.0014	-0.0549	0.9504	0.2771
180.000	7.7526	0.0000	0.0000	0.0001	0.0000	-0.0001	1.0000	0.0000
