0.000	10.5093	0.0000	0.0000	0.0000	0.0000	0.0000	1.0000	0.0000
5.000	10.6391	0.0099	-0.0300	-0.0026	-0.0009	0.0026	0.9656	-0.2580
10.000	11.0238	0.0380	-0.0571	-0.0051	-0.0033	0.0052	0.8683	-0.4912
15.000	11.6499	0.0798	-0.0793	-0.0074	-0.0067	0.0078	0.7232	-0.6814
20.000	12.4954	0.1297	-0.0954	-0.0092	-0.0107	0.0103	0.5494	-0.8198
25.000	13.5308	0.1823	-0.1051	-0.0106	-0.0145	0.0127	0.3647	-0.9069
30.000	14.7207	0.2339	-0.1090	-0.0112	-0.0179	0.0149	0.1826	-0.9485
35.000	16.0248	0.2817	-0.1076	-0.0110	-0.0204	0.0169	0.0119	-0.9531
40.000	17.4000	0.3247	-0.1018	-0.0099	-0.0221	0.0186	-0.1430	-0.9290
45.000	18.8014	0.3623	-0.0921	-0.0077	-0.0227	0.0200	-0.2804	-0.8836
50.000	20.1848	0.3945	-0.0790	-0.0044	-0.0223	0.0210	-0.4003	-0.8228
55.000	21.5073	0.4218	-0.0631	-0.0001	-0.0209	0.0215	-0.5036	-0.7507
60.000	22.7290	0.4446	-0.0445	0.0053	-0.0186	0.0213	-0.5914	-0.6707
65.000	23.8140	0.4632	-0.0235	0.0117	-0.0154	0.0204	-0.6652	-0.5847
70.000	24.7315	0.4781	-0.0004	0.0191	-0.0115	0.0188	-0.7258	-0.4945
75.000	25.4561	0.4896	0.0248	0.0274	-0.0068	0.0162	-0.7743	-0.4008
80.000	25.9685	0.4978	0.0517	0.0364	-0.0014	0.0125	-0.8111	-0.3045
85.000	26.2558	0.5030	0.0803	0.0460	0.0045	0.0078	-0.8367	-0.2060
90.000	26.3117	0.5052	0.1104	0.0562	0.0108	0.0018	-0.8512	-0.1057
95.000	26.1366	0.5043	0.1418	0.0668	0.0175	-0.0054	-0.8542	-0.0038
100.000	25.7372	0.5002	0.1742	0.0777	0.0243	-0.0140	-0.8455	0.0993
105.000	25.1267	0.4929	0.2073	0.0888	0.0310	-0.0239	-0.8241	0.2031
110.000	24.3241	0.4819	0.2408	0.0999	0.0375	-0.0351	-0.7892	0.3070
115.000	23.3538	0.4671	0.2743	0.1107	0.0434	-0.0475	-0.7394	0.4098
120.000	22.2451	0.4480	0.3069	0.1212	0.0484	-0.0609	-0.6733	0.5103
125.000	21.0310	0.4243	0.3378	0.1309	0.0523	-0.0749	-0.5891	0.6063
130.000	19.7476	0.3955	0.3658	0.1395	0.0547	-0.0890	-0.4854	0.6948
135.000	18.4329	0.3613	0.3891	0.1463	0.0553	-0.1025	-0.3606	0.7719
140.000	17.1257	0.3216	0.4057	0.1506	0.0537	-0.1143	-0.2142	0.8324
145.000	15.8644	0.2767	0.4127	0.1517	0.0497	-0.1231	-0.0470	0.8696
150.000	14.6860	0.2273	0.4072	0.1483	0.0436	-0.1274	0.1380	0.8760
155.000	13.6248	0.1751	0.3856	0.1394	0.0354	-0.1256	0.3345	0.8433
160.000	12.7115	0.1230	0.3451	0.1240	0.0260	-0.1160	0.5318	0.7643
165.000	11.9725	0.0748	0.2841	0.1016	0.0163	-0.0979	0.7148	0.6350
170.000	11.4290	0.0353	0.2031	0.0724	0.0079	-0.0712	0.8653	0.4569
175.000	11.0965	0.0092	0.1061	0.0377	0.0021	-0.0376	0.9650	0.2396
180.000	10.9846	-0.0000	0.0000	0.0000	0.0000	-0.0000	1.0000	0.0000
