0.000	10.8310	0.0000	0.0000	0.0000	0.0000	0.0000	1.0000	0.0000
5.000	10.9477	0.0101	-0.0386	-0.0012	-0.0010	0.0011	0.9685	-0.2456
10.000	11.2945	0.0390	-0.0748	-0.0031	-0.0038	0.0022	0.8789	-0.4694
15.000	11.8615	0.0825	-0.1064	-0.0060	-0.0080	0.0033	0.7438	-0.6547
20.000	12.6321	0.1355	-0.1322	-0.0100	-0.0132	0.0044	0.5796	-0.7926
25.000	13.5838	0.1927	-0.1518	-0.0148	-0.0189	0.0055	0.4026	-0.8818
30.000	14.6880	0.2500	-0.1651	-0.0200	-0.0246	0.0067	0.2259	-0.9268
35.000	15.9111	0.3044	-0.1724	-0.0249	-0.0301	0.0078	0.0587	-0.9348
40.000	17.2151	0.3542	-0.1745	-0.0290	-0.0350	0.0089	-0.0939	-0.9137
45.000	18.5585	0.3986	-0.1717	-0.0320	-0.0392	0.0101	-0.2292	-0.8709
50.000	19.8976	0.4374	-0.1647	-0.0336	-0.0426	0.0111	-0.3471	-0.8126
55.000	21.1875	0.4708	-0.1538	-0.0335	-0.0451	0.0120	-0.4480	-0.7436
60.000	22.3839	0.4992	-0.1396	-0.0319	-0.0466	0.0126	-0.5333	-0.6675
65.000	23.4448	0.5231	-0.1223	-0.0286	-0.0471	0.0129	-0.6045	-0.5868
70.000	24.3315	0.5430	-0.1022	-0.0237	-0.0465	0.0127	-0.6630	-0.5034
75.000	25.0102	0.5591	-0.0796	-0.0173	-0.0448	0.0118	-0.7100	-0.4184
80.000	25.4539	0.5720	-0.0546	-0.0097	-0.0420	0.0102	-0.7467	-0.3325
85.000	25.6429	0.5818	-0.0275	-0.0007	-0.0381	0.0077	-0.7737	-0.2460
90.000	25.5659	0.5888	0.0017	0.0094	-0.0331	0.0040	-0.7918	-0.1590
95.000	25.2208	0.5930	0.0330	0.0206	-0.0271	-0.0011	-0.8011	-0.0716
100.000	24.6141	0.5944	0.0662	0.0329	-0.0201	-0.0076	-0.8017	0.0163
105.000	23.7616	0.5929	0.1015	0.0462	-0.0123	-0.0160	-0.7930	0.1050
110.000	22.6869	0.5882	0.1387	0.0606	-0.0038	-0.0262	-0.7746	0.1945
115.000	21.4211	0.5799	0.1778	0.0759	0.0051	-0.0385	-0.7452	0.2847
120.000	20.0013	0.5674	0.2186	0.0921	0.0141	-0.0530	-0.7034	0.3754
125.000	18.4691	0.5502	0.2607	0.1090	0.0228	-0.0696	-0.6471	0.4660
130.000	16.8693	0.5271	0.3034	0.1265	0.0307	-0.0880	-0.5738	0.5551
135.000	15.2482	0.4972	0.3454	0.1438	0.0373	-0.1079	-0.4804	0.6406
140.000	13.6521	0.4592	0.3847	0.1603	0.0420	-0.1281	-0.3636	0.7186
145.000	12.1254	0.4119	0.4181	0.1744	0.0441	-0.1472	-0.2202	0.7835
150.000	10.7104	0.3546	0.4407	0.1841	0.0432	-0.1628	-0.0479	0.8266
155.000	9.4450	0.2874	0.4461	0.1867	0.0387	-0.1716	0.1524	0.8361
160.000	8.3625	0.2127	0.4260	0.1787	0.0311	-0.1693	0.3738	0.7974
165.000	7.4910	0.1360	0.3722	0.1563	0.0211	-0.1517	0.6001	0.6956
170.000	6.8525	0.0670	0.2795	0.1176	0.0108	-0.1160	0.8034	0.5218
175.000	6.4629	0.0179	0.1509	0.0635	0.0030	-0.0633	0.9475	0.2814
180.000	6.3320	0.0000	0.0000	0.0001	0.0000	-0.0001	1.0000	0.0001
