0.000	5.2647	0.0000	0.0000	0.0000	0.0000	0.0000	1.0000	0.0000
5.000	5.3016	0.0068	-0.0398	0.0302	-0.0041	-0.0304	0.9746	-0.2201
10.000	5.4123	0.0268	-0.0789	0.0568	-0.0159	-0.0579	0.9011	-0.4251
15.000	5.5958	0.0582	-0.1166	0.0768	-0.0341	-0.0802	0.7865	-0.6022
20.000	5.8503	0.0986	-0.1522	0.0885	-0.0567	-0.0957	0.6413	-0.7425
25.000	6.1730	0.1453	-0.1850	0.0912	-0.0815	-0.1038	0.4770	-0.8415
30.000	6.5594	0.1955	-0.2141	0.0857	-0.1064	-0.1046	0.3050	-0.8989
35.000	7.0032	0.2468	-0.2388	0.0734	-0.1297	-0.0989	0.1352	-0.9179
40.000	7.4955	0.2974	-0.2588	0.0564	-0.1500	-0.0880	-0.0252	-0.9038
45.000	8.0248	0.3456	-0.2739	0.0365	-0.1665	-0.0733	-0.1709	-0.8629
50.000	8.5769	0.3908	-0.2839	0.0156	-0.1789	-0.0561	-0.2992	-0.8014
55.000	9.1344	0.4323	-0.2890	-0.0047	-0.1869	-0.0377	-0.4088	-0.7254
60.000	9.6780	0.4699	-0.2896	-0.0235	-0.1909	-0.0190	-0.5000	-0.6396
65.000	10.1863	0.5037	-0.2860	-0.0399	-0.1910	-0.0010	-0.5736	-0.5483
70.000	10.6369	0.5337	-0.2786	-0.0534	-0.1878	0.0159	-0.6312	-0.4543
75.000	11.0082	0.5602	-0.2679	-0.0637	-0.1815	0.0311	-0.6744	-0.3601
80.000	11.2796	0.5835	-0.2543	-0.0710	-0.1726	0.0444	-0.7048	-0.2671
85.000	11.4336	0.6038	-0.2381	-0.0750	-0.1614	0.0556	-0.7241	-0.1762
90.000	11.4567	0.6212	-0.2194	-0.0761	-0.1481	0.0644	-0.7334	-0.0880
95.000	11.3406	0.6359	-0.1986	-0.0741	-0.1331	0.0707	-0.7341	-0.0027
100.000	11.0826	0.6481	-0.1757	-0.0693	-0.1166	0.0742	-0.7269	0.0798
105.000	10.6860	0.6577	-0.1507	-0.0616	-0.0987	0.0748	-0.7124	0.1598
110.000	10.1602	0.6647	-0.1237	-0.0512	-0.0797	0.0722	-0.6911	0.2375
115.000	9.5201	0.6687	-0.0944	-0.0381	-0.0599	0.0661	-0.6627	0.3134
120.000	8.7853	0.6693	-0.0628	-0.0222	-0.0396	0.0562	-0.6271	0.3880
125.000	7.9791	0.6660	-0.0288	-0.0035	-0.0192	0.0422	-0.5833	0.4619
130.000	7.1275	0.6576	0.0077	0.0181	0.0008	0.0237	-0.5298	0.5353
135.000	6.2574	0.6429	0.0469	0.0423	0.0196	0.0006	-0.4646	0.6084
140.000	5.3963	0.6198	0.0883	0.0690	0.0364	-0.0271	-0.3841	0.6806
145.000	4.5702	0.5856	0.1311	0.0976	0.0500	-0.0589	-0.2838	0.7502
150.000	3.8036	0.5370	0.1736	0.1265	0.0590	-0.0931	-0.1572	0.8128
155.000	3.1179	0.4695	0.2120	0.1531	0.0619	-0.1268	0.0033	0.8591
160.000	2.5318	0.3797	0.2390	0.1720	0.0572	-0.1539	0.2043	0.8715
165.000	2.0605	0.2677	0.2429	0.1746	0.0444	-0.1646	0.4448	0.8203
170.000	1.7155	0.1449	0.2078	0.1494	0.0256	-0.1457	0.7017	0.6663
175.000	1.5053	0.0417	0.1231	0.0885	0.0077	-0.0880	0.9147	0.3828
180.000	1.4346	0.0000	0.0001	0.0001	0.0000	-0.0001	1.0000	0.0001
