0.000	0.4297	0.0000	0.0000	0.0000	0.0000	0.0000	1.0000	0.0000
5.000	0.4320	0.0027	0.0507	0.0073	-0.0002	-0.0073	0.9763	-0.2101
10.000	0.4391	0.0105	0.0998	0.0143	-0.0008	-0.0142	0.9075	-0.4080
15.000	0.4506	0.0225	0.1458	0.0207	-0.0018	-0.0204	0.7992	-0.5827
20.000	0.4663	0.0378	0.1877	0.0263	-0.0030	-0.0258	0.6598	-0.7266
25.000	0.4858	0.0551	0.2248	0.0311	-0.0044	-0.0302	0.4990	-0.8351
30.000	0.5085	0.0731	0.2572	0.0351	-0.0059	-0.0335	0.3263	-0.9067
35.000	0.5339	0.0907	0.2850	0.0381	-0.0073	-0.0359	0.1500	-0.9424
40.000	0.5614	0.1073	0.3086	0.0404	-0.0087	-0.0374	-0.0229	-0.9449
45.000	0.5902	0.1221	0.3285	0.0421	-0.0099	-0.0381	-0.1871	-0.9178
50.000	0.6199	0.1349	0.3454	0.0431	-0.0109	-0.0382	-0.3387	-0.8649
55.000	0.6496	0.1454	0.3597	0.0437	-0.0118	-0.0378	-0.4750	-0.7901
60.000	0.6787	0.1536	0.3718	0.0438	-0.0124	-0.0370	-0.5939	-0.6970
65.000	0.7068	0.1594	0.3820	0.0436	-0.0129	-0.0359	-0.6944	-0.5890
70.000	0.7333	0.1630	0.3907	0.0430	-0.0131	-0.0346	-0.7754	-0.4691
75.000	0.7577	0.1645	0.3979	0.0422	-0.0131	-0.0331	-0.8363	-0.3401
80.000	0.7796	0.1640	0.4038	0.0412	-0.0130	-0.0316	-0.8767	-0.2047
85.000	0.7988	0.1616	0.4084	0.0399	-0.0127	-0.0300	-0.8963	-0.0653
90.000	0.8150	0.1574	0.4115	0.0385	-0.0122	-0.0284	-0.8948	0.0753
95.000	0.8282	0.1517	0.4131	0.0368	-0.0115	-0.0268	-0.8722	0.2147
100.000	0.8382	0.1445	0.4130	0.0350	-0.0108	-0.0252	-0.8285	0.3502
105.000	0.8452	0.1360	0.4109	0.0330	-0.0099	-0.0237	-0.7641	0.4788
110.000	0.8494	0.1264	0.4066	0.0309	-0.0090	-0.0222	-0.6796	0.5977
115.000	0.8508	0.1158	0.3998	0.0287	-0.0081	-0.0207	-0.5760	0.7038
120.000	0.8499	0.1044	0.3901	0.0264	-0.0071	-0.0193	-0.4549	0.7939
125.000	0.8470	0.0925	0.3773	0.0240	-0.0061	-0.0179	-0.3185	0.8648
130.000	0.8424	0.0803	0.3610	0.0215	-0.0051	-0.0164	-0.1695	0.9136
135.000	0.8367	0.0681	0.3410	0.0191	-0.0042	-0.0150	-0.0114	0.9376
140.000	0.8301	0.0560	0.3171	0.0167	-0.0034	-0.0135	0.1514	0.9346
145.000	0.8232	0.0445	0.2891	0.0143	-0.0026	-0.0120	0.3141	0.9032
150.000	0.8163	0.0337	0.2571	0.0120	-0.0019	-0.0105	0.4713	0.8430
155.000	0.8098	0.0241	0.2212	0.0098	-0.0013	-0.0089	0.6174	0.7545
160.000	0.8040	0.0158	0.1818	0.0077	-0.0008	-0.0072	0.7466	0.6398
165.000	0.7993	0.0090	0.1393	0.0057	-0.0005	-0.0054	0.8535	0.5020
170.000	0.7957	0.0041	0.0943	0.0037	-0.0002	-0.0037	0.9336	0.3456
175.000	0.7935	0.0010	0.0476	0.0018	-0.0001	-0.0018	0.9832	0.1762
180.000	0.7927	0.0000	0.0000	0.0000	0.0000	0.0000	1.0000	0.0000
