0.000	8.1199	0.0000	0.0000	0.0000	0.0000	0.0000	1.0000	0.0000
5.000	8.1847	0.0082	-0.0226	0.0094	0.0001	-0.0099	0.9728	-0.2303
10.000	8.3790	0.0321	-0.0460	0.0153	0.0003	-0.0190	0.8944	-0.4436
15.000	8.7019	0.0694	-0.0706	0.0152	0.0008	-0.0266	0.7734	-0.6258
20.000	9.1513	0.1171	-0.0960	0.0079	0.0013	-0.0325	0.6219	-0.7676
25.000	9.7222	0.1714	-0.1210	-0.0058	0.0020	-0.0367	0.4536	-0.8654
30.000	10.4062	0.2288	-0.1441	-0.0242	0.0026	-0.0397	0.2809	-0.9203
35.000	11.1898	0.2861	-0.1637	-0.0450	0.0031	-0.0418	0.1139	-0.9373
40.000	12.0536	0.3410	-0.1784	-0.0656	0.0032	-0.0437	-0.0405	-0.9234
45.000	12.9726	0.3917	-0.1874	-0.0841	0.0028	-0.0457	-0.1785	-0.8858
50.000	13.9160	0.4372	-0.1904	-0.0991	0.0018	-0.0482	-0.2985	-0.8313
55.000	14.8487	0.4771	-0.1874	-0.1100	0.0000	-0.0514	-0.4009	-0.7655
60.000	15.7330	0.5115	-0.1790	-0.1167	-0.0026	-0.0553	-0.4869	-0.6927
65.000	16.5309	0.5404	-0.1658	-0.1193	-0.0060	-0.0600	-0.5582	-0.6161
70.000	17.2059	0.5643	-0.1487	-0.1186	-0.0102	-0.0652	-0.6167	-0.5374
75.000	17.7260	0.5836	-0.1283	-0.1151	-0.0151	-0.0710	-0.6642	-0.4580
80.000	18.0654	0.5989	-0.1054	-0.1094	-0.0206	-0.0770	-0.7020	-0.3783
85.000	18.2058	0.6104	-0.0805	-0.1021	-0.0265	-0.0832	-0.7312	-0.2985
90.000	18.1374	0.6187	-0.0540	-0.0937	-0.0325	-0.0895	-0.7525	-0.2184
95.000	17.8588	0.6240	-0.0261	-0.0844	-0.0386	-0.0958	-0.7664	-0.1380
100.000	17.3770	0.6265	0.0031	-0.0744	-0.0444	-0.1021	-0.7729	-0.0568
105.000	16.7057	0.6263	0.0339	-0.0636	-0.0496	-0.1083	-0.7719	0.0252
110.000	15.8650	0.6235	0.0665	-0.0519	-0.0541	-0.1147	-0.7627	0.1083
115.000	14.8794	0.6179	0.1013	-0.0388	-0.0577	-0.1212	-0.7446	0.1926
120.000	13.7772	0.6090	0.1388	-0.0240	-0.0600	-0.1282	-0.7163	0.2780
125.000	12.5892	0.5963	0.1794	-0.0070	-0.0611	-0.1357	-0.6763	0.3643
130.000	11.3480	0.5790	0.2233	0.0124	-0.0607	-0.1439	-0.6223	0.4510
135.000	10.0871	0.5558	0.2705	0.0345	-0.0589	-0.1528	-0.5513	0.5370
140.000	8.8408	0.5251	0.3201	0.0591	-0.0555	-0.1623	-0.4593	0.6205
145.000	7.6428	0.4847	0.3700	0.0854	-0.0507	-0.1717	-0.3413	0.6978
150.000	6.5260	0.4325	0.4161	0.1117	-0.0444	-0.1798	-0.1914	0.7625
155.000	5.5214	0.3662	0.4508	0.1348	-0.0367	-0.1841	-0.0044	0.8035
160.000	4.6571	0.2850	0.4621	0.1493	-0.0279	-0.1807	0.2212	0.8032
165.000	3.9578	0.1925	0.4332	0.1478	-0.0184	-0.1640	0.4757	0.7373
170.000	3.4434	0.0997	0.3466	0.1227	-0.0094	-0.1284	0.7289	0.5806
175.000	3.1286	0.0277	0.1957	0.0708	-0.0026	-0.0716	0.9249	0.3247
180.000	3.0227	0.0000	0.0001	0.0001	0.0000	-0.0001	1.0000	0.0001
