0.000	9.2450	0.0000	0.0000	0.0000	0.0000	0.0000	1.0000	0.0000
5.000	9.3570	0.0100	-0.0258	-0.0051	0.0004	0.0049	0.9660	-0.2570
10.000	9.6883	0.0382	-0.0496	-0.0107	0.0015	0.0093	0.8698	-0.4895
15.000	10.2247	0.0799	-0.0695	-0.0169	0.0033	0.0125	0.7261	-0.6794
20.000	10.9440	0.1293	-0.0846	-0.0236	0.0057	0.0145	0.5537	-0.8184
25.000	11.8170	0.1811	-0.0944	-0.0305	0.0087	0.0150	0.3698	-0.9067
30.000	12.8100	0.2312	-0.0989	-0.0369	0.0120	0.0142	0.1875	-0.9501
35.000	13.8864	0.2773	-0.0984	-0.0424	0.0156	0.0121	0.0152	-0.9564
40.000	15.0087	0.3180	-0.0931	-0.0464	0.0194	0.0089	-0.1425	-0.9336
45.000	16.1406	0.3531	-0.0834	-0.0486	0.0231	0.0048	-0.2837	-0.8886
50.000	17.2480	0.3829	-0.0694	-0.0487	0.0267	-0.0003	-0.4080	-0.8269
55.000	18.2997	0.4075	-0.0516	-0.0467	0.0299	-0.0061	-0.5158	-0.7526
60.000	19.2683	0.4277	-0.0303	-0.0426	0.0328	-0.0126	-0.6078	-0.6688
65.000	20.1298	0.4439	-0.0060	-0.0365	0.0351	-0.0198	-0.6847	-0.5778
70.000	20.8637	0.4564	0.0209	-0.0287	0.0369	-0.0274	-0.7471	-0.4815
75.000	21.4529	0.4655	0.0500	-0.0196	0.0382	-0.0356	-0.7958	-0.3810
80.000	21.8833	0.4716	0.0807	-0.0093	0.0388	-0.0441	-0.8310	-0.2777
85.000	22.1441	0.4747	0.1127	0.0017	0.0390	-0.0529	-0.8532	-0.1724
90.000	22.2282	0.4748	0.1456	0.0132	0.0388	-0.0619	-0.8625	-0.0658
95.000	22.1324	0.4718	0.1789	0.0250	0.0383	-0.0710	-0.8589	0.0413
100.000	21.8584	0.4657	0.2124	0.0369	0.0376	-0.0803	-0.8423	0.1484
105.000	21.4131	0.4562	0.2459	0.0488	0.0367	-0.0896	-0.8121	0.2546
110.000	20.8093	0.4431	0.2790	0.0606	0.0358	-0.0988	-0.7677	0.3592
115.000	20.0654	0.4261	0.3114	0.0724	0.0348	-0.1078	-0.7081	0.4610
120.000	19.2053	0.4049	0.3424	0.0838	0.0337	-0.1165	-0.6319	0.5583
125.000	18.2574	0.3793	0.3712	0.0949	0.0325	-0.1245	-0.5380	0.6491
130.000	17.2535	0.3491	0.3966	0.1052	0.0310	-0.1315	-0.4251	0.7301
135.000	16.2271	0.3143	0.4168	0.1142	0.0291	-0.1368	-0.2924	0.7972
140.000	15.2120	0.2751	0.4295	0.1211	0.0267	-0.1398	-0.1402	0.8453
145.000	14.2404	0.2323	0.4320	0.1250	0.0236	-0.1397	0.0295	0.8684
150.000	13.3414	0.1870	0.4212	0.1247	0.0200	-0.1354	0.2124	0.8598
155.000	12.5408	0.1411	0.3941	0.1190	0.0157	-0.1261	0.4012	0.8135
160.000	11.8594	0.0971	0.3485	0.1070	0.0113	-0.1111	0.5852	0.7251
165.000	11.3137	0.0580	0.2836	0.0883	0.0070	-0.0901	0.7509	0.5932
170.000	10.9159	0.0269	0.2009	0.0631	0.0033	-0.0637	0.8838	0.4216
175.000	10.6741	0.0069	0.1043	0.0330	0.0009	-0.0330	0.9701	0.2192
180.000	10.5929	0.0000	0.0000	0.0000	0.0000	0.0000	1.0000	0.0000
