0.000	8.5851	0.0000	0.0000	0.0000	0.0000	0.0000	1.0000	0.0000
5.000	8.6842	0.0089	-0.0287	-0.0037	-0.0009	0.0038	0.9663	-0.2555
10.000	8.9783	0.0340	-0.0541	-0.0068	-0.0034	0.0076	0.8708	-0.4875
15.000	9.4581	0.0715	-0.0738	-0.0088	-0.0070	0.0113	0.7273	-0.6785
20.000	10.1085	0.1167	-0.0865	-0.0094	-0.0109	0.0150	0.5541	-0.8195
25.000	10.9089	0.1648	-0.0922	-0.0088	-0.0146	0.0185	0.3684	-0.9100
30.000	11.8344	0.2121	-0.0914	-0.0068	-0.0174	0.0219	0.1840	-0.9550
35.000	12.8558	0.2563	-0.0851	-0.0037	-0.0191	0.0249	0.0100	-0.9623
40.000	13.9413	0.2960	-0.0745	0.0004	-0.0196	0.0276	-0.1486	-0.9400
45.000	15.0573	0.3306	-0.0604	0.0054	-0.0187	0.0297	-0.2897	-0.8955
50.000	16.1696	0.3603	-0.0436	0.0110	-0.0165	0.0313	-0.4130	-0.8346
55.000	17.2444	0.3851	-0.0247	0.0172	-0.0131	0.0321	-0.5192	-0.7620
60.000	18.2494	0.4055	-0.0040	0.0239	-0.0086	0.0322	-0.6096	-0.6808
65.000	19.1549	0.4218	0.0182	0.0311	-0.0032	0.0314	-0.6853	-0.5934
70.000	19.9350	0.4344	0.0417	0.0387	0.0032	0.0297	-0.7475	-0.5014
75.000	20.5676	0.4436	0.0665	0.0467	0.0102	0.0269	-0.7972	-0.4057
80.000	21.0357	0.4496	0.0923	0.0551	0.0179	0.0229	-0.8349	-0.3072
85.000	21.3274	0.4526	0.1193	0.0639	0.0260	0.0177	-0.8611	-0.2062
90.000	21.4363	0.4527	0.1473	0.0729	0.0343	0.0111	-0.8757	-0.1031
95.000	21.3615	0.4498	0.1761	0.0821	0.0428	0.0032	-0.8784	0.0017
100.000	21.1076	0.4440	0.2055	0.0915	0.0510	-0.0060	-0.8688	0.1079
105.000	20.6842	0.4350	0.2355	0.1010	0.0588	-0.0167	-0.8459	0.2150
110.000	20.1059	0.4229	0.2655	0.1104	0.0659	-0.0286	-0.8087	0.3221
115.000	19.3916	0.4073	0.2951	0.1195	0.0719	-0.0417	-0.7558	0.4280
120.000	18.5642	0.3880	0.3236	0.1281	0.0765	-0.0555	-0.6856	0.5311
125.000	17.6495	0.3648	0.3501	0.1359	0.0793	-0.0699	-0.5967	0.6289
130.000	16.6759	0.3375	0.3733	0.1425	0.0800	-0.0841	-0.4875	0.7183
135.000	15.6732	0.3058	0.3917	0.1472	0.0782	-0.0974	-0.3570	0.7948
140.000	14.6721	0.2699	0.4031	0.1495	0.0738	-0.1087	-0.2050	0.8531
145.000	13.7029	0.2301	0.4050	0.1484	0.0667	-0.1169	-0.0331	0.8865
150.000	12.7950	0.1873	0.3949	0.1432	0.0570	-0.1205	0.1550	0.8875
155.000	11.9757	0.1430	0.3698	0.1330	0.0453	-0.1181	0.3521	0.8488
160.000	11.2693	0.0996	0.3276	0.1169	0.0326	-0.1085	0.5473	0.7643
165.000	10.6971	0.0601	0.2672	0.0948	0.0202	-0.0909	0.7261	0.6310
170.000	10.2758	0.0282	0.1897	0.0671	0.0096	-0.0658	0.8713	0.4517
175.000	10.0180	0.0073	0.0986	0.0348	0.0025	-0.0346	0.9667	0.2360
180.000	9.9311	0.0000	0.0000	0.0000	0.0000	0.0000	1.0000	0.0000
