0.000	9.3053	0.0000	0.0000	0.0000	0.0000	0.0000	1.0000	0.0000
5.000	9.3916	0.0091	-0.0270	0.0047	0.0002	-0.0052	0.9708	-0.2383
10.000	9.6493	0.0353	-0.0541	0.0065	0.0007	-0.0099	0.8869	-0.4573
15.000	10.0746	0.0758	-0.0809	0.0033	0.0015	-0.0138	0.7588	-0.6416
20.000	10.6605	0.1263	-0.1068	-0.0055	0.0027	-0.0168	0.6008	-0.7819
25.000	11.3960	0.1827	-0.1305	-0.0192	0.0041	-0.0191	0.4277	-0.8756
30.000	12.2656	0.2408	-0.1509	-0.0362	0.0056	-0.0210	0.2526	-0.9254
35.000	13.2480	0.2976	-0.1668	-0.0544	0.0071	-0.0229	0.0852	-0.9374
40.000	14.3164	0.3510	-0.1774	-0.0717	0.0084	-0.0251	-0.0683	-0.9193
45.000	15.4382	0.3995	-0.1821	-0.0866	0.0093	-0.0279	-0.2045	-0.8787
50.000	16.5763	0.4426	-0.1810	-0.0982	0.0096	-0.0315	-0.3228	-0.8221
55.000	17.6897	0.4800	-0.1743	-0.1058	0.0092	-0.0360	-0.4235	-0.7548
60.000	18.7360	0.5119	-0.1625	-0.1096	0.0080	-0.0412	-0.5081	-0.6809
65.000	19.6732	0.5386	-0.1463	-0.1097	0.0059	-0.0473	-0.5783	-0.6032
70.000	20.4621	0.5606	-0.1265	-0.1068	0.0031	-0.0539	-0.6359	-0.5233
75.000	21.0685	0.5782	-0.1036	-0.1013	-0.0006	-0.0610	-0.6824	-0.4425
80.000	21.4650	0.5919	-0.0784	-0.0939	-0.0048	-0.0685	-0.7192	-0.3611
85.000	21.6325	0.6021	-0.0513	-0.0851	-0.0095	-0.0761	-0.7471	-0.2794
90.000	21.5608	0.6091	-0.0227	-0.0753	-0.0146	-0.0839	-0.7668	-0.1974
95.000	21.2486	0.6131	0.0072	-0.0647	-0.0196	-0.0916	-0.7787	-0.1148
100.000	20.7035	0.6142	0.0384	-0.0534	-0.0246	-0.0994	-0.7827	-0.0314
105.000	19.9410	0.6126	0.0710	-0.0415	-0.0291	-0.1073	-0.7786	0.0529
110.000	18.9831	0.6081	0.1053	-0.0288	-0.0330	-0.1152	-0.7658	0.1383
115.000	17.8575	0.6005	0.1415	-0.0148	-0.0361	-0.1233	-0.7433	0.2248
120.000	16.5963	0.5894	0.1800	0.0006	-0.0383	-0.1318	-0.7099	0.3122
125.000	15.2350	0.5742	0.2210	0.0179	-0.0393	-0.1406	-0.6637	0.4000
130.000	13.8111	0.5539	0.2647	0.0372	-0.0391	-0.1500	-0.6022	0.4876
135.000	12.3638	0.5275	0.3104	0.0586	-0.0378	-0.1597	-0.5225	0.5734
140.000	10.9329	0.4935	0.3570	0.0818	-0.0353	-0.1695	-0.4207	0.6548
145.000	9.5576	0.4501	0.4017	0.1056	-0.0317	-0.1783	-0.2923	0.7273
150.000	8.2760	0.3957	0.4399	0.1282	-0.0272	-0.1849	-0.1328	0.7835
155.000	7.1238	0.3290	0.4637	0.1461	-0.0220	-0.1865	0.0608	0.8119
160.000	6.1331	0.2507	0.4621	0.1543	-0.0162	-0.1796	0.2860	0.7957
165.000	5.3319	0.1653	0.4209	0.1468	-0.0103	-0.1595	0.5300	0.7145
170.000	4.7428	0.0838	0.3280	0.1178	-0.0051	-0.1221	0.7622	0.5507
175.000	4.3825	0.0229	0.1817	0.0664	-0.0014	-0.0670	0.9352	0.3030
180.000	4.2612	0.0000	0.0001	0.0001	0.0000	-0.0001	1.0000	0.0001
