0.000	10.3940	0.0000	0.0000	0.0000	0.0000	0.0000	1.0000	0.0000
5.000	10.5030	0.0100	-0.0384	-0.0008	-0.0010	0.0006	0.9691	-0.2436
10.000	10.8271	0.0386	-0.0745	-0.0022	-0.0037	0.0012	0.8808	-0.4659
15.000	11.3573	0.0818	-0.1064	-0.0050	-0.0079	0.0019	0.7475	-0.6506
20.000	12.0788	0.1345	-0.1327	-0.0090	-0.0132	0.0026	0.5850	-0.7886
25.000	12.9709	0.1918	-0.1530	-0.0140	-0.0190	0.0034	0.4093	-0.8787
30.000	14.0079	0.2492	-0.1672	-0.0196	-0.0250	0.0042	0.2334	-0.9248
35.000	15.1585	0.3040	-0.1756	-0.0250	-0.0307	0.0051	0.0664	-0.9338
40.000	16.3877	0.3543	-0.1786	-0.0298	-0.0361	0.0062	-0.0861	-0.9136
45.000	17.6565	0.3993	-0.1768	-0.0335	-0.0408	0.0072	-0.2218	-0.8715
50.000	18.9236	0.4386	-0.1706	-0.0357	-0.0447	0.0083	-0.3399	-0.8137
55.000	20.1465	0.4726	-0.1606	-0.0363	-0.0477	0.0093	-0.4412	-0.7451
60.000	21.2826	0.5016	-0.1470	-0.0351	-0.0498	0.0101	-0.5268	-0.6693
65.000	22.2911	0.5260	-0.1304	-0.0323	-0.0508	0.0106	-0.5982	-0.5889
70.000	23.1344	0.5463	-0.1109	-0.0279	-0.0507	0.0107	-0.6568	-0.5059
75.000	23.7796	0.5629	-0.0888	-0.0219	-0.0495	0.0102	-0.7040	-0.4213
80.000	24.1999	0.5762	-0.0643	-0.0146	-0.0471	0.0090	-0.7409	-0.3359
85.000	24.3757	0.5864	-0.0377	-0.0059	-0.0436	0.0069	-0.7683	-0.2501
90.000	24.2956	0.5938	-0.0088	0.0040	-0.0388	0.0036	-0.7867	-0.1640
95.000	23.9570	0.5985	0.0221	0.0150	-0.0329	-0.0009	-0.7965	-0.0775
100.000	23.3663	0.6004	0.0550	0.0272	-0.0260	-0.0070	-0.7978	0.0095
105.000	22.5383	0.5994	0.0901	0.0405	-0.0182	-0.0149	-0.7901	0.0970
110.000	21.4961	0.5954	0.1272	0.0549	-0.0096	-0.0247	-0.7729	0.1854
115.000	20.2697	0.5878	0.1664	0.0703	-0.0004	-0.0367	-0.7450	0.2745
120.000	18.8953	0.5762	0.2075	0.0869	0.0089	-0.0509	-0.7051	0.3643
125.000	17.4133	0.5597	0.2501	0.1043	0.0181	-0.0674	-0.6511	0.4541
130.000	15.8670	0.5376	0.2937	0.1224	0.0266	-0.0860	-0.5804	0.5429
135.000	14.3014	0.5085	0.3371	0.1406	0.0339	-0.1062	-0.4900	0.6285
140.000	12.7609	0.4712	0.3782	0.1582	0.0393	-0.1271	-0.3763	0.7076
145.000	11.2887	0.4244	0.4140	0.1737	0.0423	-0.1472	-0.2357	0.7744
150.000	9.9251	0.3670	0.4396	0.1850	0.0420	-0.1641	-0.0656	0.8206
155.000	8.7064	0.2990	0.4482	0.1893	0.0383	-0.1742	0.1339	0.8341
160.000	7.6646	0.2226	0.4311	0.1826	0.0311	-0.1732	0.3568	0.7998
165.000	6.8262	0.1432	0.3793	0.1611	0.0213	-0.1564	0.5870	0.7015
170.000	6.2122	0.0708	0.2866	0.1219	0.0110	-0.1203	0.7959	0.5288
175.000	5.8377	0.0190	0.1554	0.0662	0.0030	-0.0659	0.9453	0.2862
180.000	5.7118	0.0000	0.0001	0.0001	0.0000	-0.0001	1.0000	0.0001
