0.000	1.1156	0.0000	0.0000	0.0000	0.0000	0.0000	1.0000	0.0000
5.000	1.1261	0.0050	0.0336	0.0083	-0.0005	-0.0082	0.9698	-0.2413
10.000	1.1572	0.0193	0.0658	0.0161	-0.0020	-0.0158	0.8834	-0.4636
15.000	1.2080	0.0408	0.0954	0.0233	-0.0042	-0.0221	0.7515	-0.6516
20.000	1.2770	0.0672	0.1218	0.0295	-0.0068	-0.0269	0.5885	-0.7965
25.000	1.3620	0.0957	0.1449	0.0347	-0.0095	-0.0302	0.4092	-0.8959
30.000	1.4607	0.1241	0.1650	0.0391	-0.0119	-0.0320	0.2261	-0.9522
35.000	1.5702	0.1507	0.1825	0.0426	-0.0140	-0.0327	0.0485	-0.9707
40.000	1.6872	0.1747	0.1980	0.0456	-0.0154	-0.0324	-0.1177	-0.9577
45.000	1.8087	0.1953	0.2121	0.0480	-0.0163	-0.0315	-0.2690	-0.9195
50.000	1.9312	0.2124	0.2252	0.0500	-0.0166	-0.0301	-0.4041	-0.8615
55.000	2.0514	0.2261	0.2378	0.0517	-0.0163	-0.0285	-0.5224	-0.7881
60.000	2.1662	0.2363	0.2501	0.0531	-0.0154	-0.0269	-0.6243	-0.7026
65.000	2.2728	0.2435	0.2624	0.0544	-0.0140	-0.0253	-0.7104	-0.6078
70.000	2.3685	0.2478	0.2748	0.0555	-0.0122	-0.0240	-0.7810	-0.5055
75.000	2.4510	0.2494	0.2874	0.0565	-0.0100	-0.0229	-0.8367	-0.3972
80.000	2.5187	0.2485	0.3002	0.0573	-0.0075	-0.0221	-0.8776	-0.2842
85.000	2.5701	0.2454	0.3131	0.0580	-0.0048	-0.0218	-0.9037	-0.1673
90.000	2.6044	0.2403	0.3260	0.0585	-0.0020	-0.0218	-0.9147	-0.0476
95.000	2.6214	0.2332	0.3388	0.0588	0.0008	-0.0223	-0.9101	0.0739
100.000	2.6213	0.2244	0.3512	0.0589	0.0036	-0.0231	-0.8893	0.1961
105.000	2.6046	0.2139	0.3628	0.0588	0.0062	-0.0244	-0.8513	0.3173
110.000	2.5727	0.2017	0.3733	0.0584	0.0085	-0.0259	-0.7954	0.4359
115.000	2.5270	0.1882	0.3821	0.0577	0.0104	-0.0277	-0.7206	0.5493
120.000	2.4697	0.1732	0.3886	0.0567	0.0120	-0.0295	-0.6264	0.6548
125.000	2.4029	0.1571	0.3919	0.0552	0.0130	-0.0313	-0.5126	0.7489
130.000	2.3291	0.1398	0.3912	0.0533	0.0134	-0.0329	-0.3795	0.8276
135.000	2.2511	0.1217	0.3855	0.0508	0.0132	-0.0341	-0.2286	0.8863
140.000	2.1716	0.1030	0.3737	0.0478	0.0124	-0.0347	-0.0624	0.9202
145.000	2.0934	0.0842	0.3548	0.0441	0.0111	-0.0344	0.1148	0.9244
150.000	2.0192	0.0657	0.3278	0.0397	0.0093	-0.0330	0.2972	0.8946
155.000	1.9516	0.0482	0.2921	0.0346	0.0073	-0.0304	0.4770	0.8276
160.000	1.8928	0.0323	0.2476	0.0288	0.0051	-0.0264	0.6449	0.7224
165.000	1.8448	0.0189	0.1946	0.0223	0.0031	-0.0212	0.7904	0.5806
170.000	1.8093	0.0086	0.1343	0.0152	0.0015	-0.0149	0.9035	0.4070
175.000	1.7875	0.0022	0.0686	0.0077	0.0004	-0.0077	0.9753	0.2098
180.000	1.7802	0.0000	0.0000	0.0000	0.0000	0.0000	1.0000	0.0000
