0.000	1.5133	0.0000	0.0000	0.0000	0.0000	0.0000	1.0000	0.0000
5.000	1.5289	0.0059	0.0249	0.0078	-0.0006	-0.0077	0.9682	-0.2487
10.000	1.5753	0.0228	0.0488	0.0152	-0.0024	-0.0147	0.8775	-0.4765
15.000	1.6511	0.0483	0.0710	0.0219	-0.0050	-0.0205	0.7400	-0.6671
20.000	1.7538	0.0790	0.0911	0.0278	-0.0080	-0.0247	0.5718	-0.8116
25.000	1.8805	0.1120	0.1092	0.0328	-0.0110	-0.0274	0.3886	-0.9081
30.000	2.0272	0.1445	0.1254	0.0371	-0.0136	-0.0286	0.2037	-0.9603
35.000	2.1895	0.1749	0.1403	0.0406	-0.0158	-0.0288	0.0262	-0.9745
40.000	2.3627	0.2019	0.1541	0.0437	-0.0172	-0.0281	-0.1383	-0.9577
45.000	2.5419	0.2251	0.1672	0.0464	-0.0179	-0.0269	-0.2868	-0.9166
50.000	2.7219	0.2444	0.1801	0.0487	-0.0179	-0.0254	-0.4184	-0.8569
55.000	2.8977	0.2597	0.1930	0.0509	-0.0172	-0.0237	-0.5331	-0.7829
60.000	3.0647	0.2714	0.2060	0.0529	-0.0158	-0.0222	-0.6315	-0.6980
65.000	3.2186	0.2797	0.2194	0.0549	-0.0139	-0.0209	-0.7144	-0.6047
70.000	3.3554	0.2849	0.2332	0.0567	-0.0115	-0.0198	-0.7825	-0.5049
75.000	3.4719	0.2872	0.2474	0.0584	-0.0086	-0.0192	-0.8364	-0.3996
80.000	3.5655	0.2868	0.2620	0.0601	-0.0055	-0.0190	-0.8764	-0.2901
85.000	3.6344	0.2841	0.2770	0.0617	-0.0021	-0.0192	-0.9026	-0.1770
90.000	3.6775	0.2791	0.2923	0.0632	0.0014	-0.0200	-0.9146	-0.0610
95.000	3.6944	0.2720	0.3077	0.0645	0.0049	-0.0213	-0.9120	0.0569
100.000	3.6855	0.2629	0.3229	0.0656	0.0083	-0.0232	-0.8941	0.1759
105.000	3.6520	0.2518	0.3377	0.0665	0.0114	-0.0254	-0.8599	0.2946
110.000	3.5957	0.2389	0.3517	0.0672	0.0143	-0.0281	-0.8084	0.4115
115.000	3.5191	0.2242	0.3641	0.0674	0.0167	-0.0311	-0.7385	0.5244
120.000	3.4252	0.2078	0.3745	0.0673	0.0185	-0.0342	-0.6494	0.6307
125.000	3.3174	0.1897	0.3820	0.0666	0.0196	-0.0373	-0.5405	0.7271
130.000	3.1997	0.1701	0.3855	0.0653	0.0200	-0.0401	-0.4116	0.8095
135.000	3.0760	0.1492	0.3839	0.0632	0.0196	-0.0424	-0.2638	0.8733
140.000	2.9507	0.1273	0.3760	0.0603	0.0184	-0.0438	-0.0989	0.9132
145.000	2.8278	0.1049	0.3606	0.0565	0.0164	-0.0441	0.0791	0.9240
150.000	2.7116	0.0825	0.3363	0.0515	0.0138	-0.0429	0.2646	0.9004
155.000	2.6059	0.0609	0.3023	0.0454	0.0108	-0.0400	0.4496	0.8385
160.000	2.5141	0.0411	0.2582	0.0382	0.0076	-0.0352	0.6242	0.7363
165.000	2.4393	0.0242	0.2042	0.0298	0.0046	-0.0285	0.7772	0.5947
170.000	2.3841	0.0111	0.1416	0.0205	0.0022	-0.0201	0.8971	0.4185
175.000	2.3502	0.0028	0.0725	0.0104	0.0006	-0.0104	0.9736	0.2162
180.000	2.3388	0.0000	0.0000	0.0000	0.0000	0.0000	1.0000	0.0000
