0.000	0.8054	0.0000	0.0000	0.0000	0.0000	0.0000	1.0000	0.0000
5.000	0.8121	0.0040	0.0422	0.0084	-0.0005	-0.0084	0.9717	-0.2323
10.000	0.8321	0.0155	0.0825	0.0165	-0.0017	-0.0162	0.8903	-0.4476
15.000	0.8647	0.0331	0.1196	0.0238	-0.0037	-0.0228	0.7651	-0.6319
20.000	0.9091	0.0547	0.1525	0.0301	-0.0060	-0.0281	0.6088	-0.7767
25.000	0.9638	0.0784	0.1809	0.0354	-0.0084	-0.0318	0.4347	-0.8788
30.000	1.0275	0.1021	0.2052	0.0397	-0.0107	-0.0340	0.2547	-0.9396
35.000	1.0981	0.1246	0.2258	0.0431	-0.0127	-0.0351	0.0778	-0.9633
40.000	1.1738	0.1449	0.2434	0.0458	-0.0143	-0.0351	-0.0897	-0.9552
45.000	1.2526	0.1625	0.2588	0.0478	-0.0154	-0.0344	-0.2439	-0.9209
50.000	1.3322	0.1771	0.2724	0.0494	-0.0159	-0.0331	-0.3828	-0.8654
55.000	1.4107	0.1886	0.2849	0.0505	-0.0160	-0.0315	-0.5054	-0.7932
60.000	1.4860	0.1972	0.2966	0.0513	-0.0156	-0.0298	-0.6115	-0.7076
65.000	1.5564	0.2029	0.3079	0.0518	-0.0147	-0.0280	-0.7014	-0.6113
70.000	1.6201	0.2062	0.3189	0.0522	-0.0135	-0.0263	-0.7753	-0.5065
75.000	1.6758	0.2070	0.3297	0.0523	-0.0119	-0.0248	-0.8333	-0.3949
80.000	1.7224	0.2057	0.3404	0.0523	-0.0101	-0.0235	-0.8756	-0.2780
85.000	1.7589	0.2025	0.3509	0.0520	-0.0081	-0.0225	-0.9019	-0.1569
90.000	1.7847	0.1975	0.3612	0.0516	-0.0060	-0.0218	-0.9119	-0.0329
95.000	1.7998	0.1908	0.3711	0.0510	-0.0039	-0.0214	-0.9052	0.0926
100.000	1.8041	0.1827	0.3802	0.0503	-0.0017	-0.0214	-0.8812	0.2182
105.000	1.7980	0.1733	0.3883	0.0493	0.0003	-0.0216	-0.8391	0.3421
110.000	1.7822	0.1626	0.3950	0.0481	0.0021	-0.0220	-0.7784	0.4620
115.000	1.7576	0.1508	0.3998	0.0466	0.0037	-0.0227	-0.6984	0.5756
120.000	1.7255	0.1381	0.4020	0.0449	0.0050	-0.0234	-0.5990	0.6797
125.000	1.6871	0.1244	0.4009	0.0429	0.0060	-0.0241	-0.4805	0.7708
130.000	1.6440	0.1100	0.3958	0.0406	0.0066	-0.0247	-0.3436	0.8451
135.000	1.5979	0.0952	0.3859	0.0380	0.0067	-0.0250	-0.1903	0.8981
140.000	1.5505	0.0800	0.3702	0.0351	0.0065	-0.0249	-0.0236	0.9255
145.000	1.5036	0.0650	0.3480	0.0318	0.0059	-0.0243	0.1520	0.9230
150.000	1.4588	0.0504	0.3186	0.0281	0.0050	-0.0230	0.3305	0.8871
155.000	1.4178	0.0367	0.2815	0.0241	0.0040	-0.0209	0.5045	0.8155
160.000	1.3820	0.0245	0.2368	0.0198	0.0028	-0.0180	0.6651	0.7078
165.000	1.3527	0.0142	0.1850	0.0151	0.0017	-0.0144	0.8032	0.5661
170.000	1.3310	0.0065	0.1271	0.0102	0.0008	-0.0100	0.9097	0.3954
175.000	1.3177	0.0016	0.0647	0.0052	0.0002	-0.0051	0.9770	0.2034
180.000	1.3132	0.0000	0.0000	0.0000	0.0000	0.0000	1.0000	0.0000
