0.000	9.9696	0.0000	0.0000	0.0000	0.0000	0.0000	1.0000	0.0000
5.000	10.0731	0.0096	-0.0287	0.0072	-0.0006	-0.0076	0.9687	-0.2464
10.000	10.3814	0.0371	-0.0568	0.0117	-0.0024	-0.0144	0.8793	-0.4713
15.000	10.8873	0.0790	-0.0838	0.0114	-0.0049	-0.0200	0.7441	-0.6579
20.000	11.5789	0.1305	-0.1087	0.0059	-0.0077	-0.0240	0.5792	-0.7969
25.000	12.4391	0.1869	-0.1308	-0.0044	-0.0106	-0.0265	0.4008	-0.8869
30.000	13.4453	0.2441	-0.1492	-0.0180	-0.0131	-0.0279	0.2225	-0.9317
35.000	14.5697	0.2991	-0.1632	-0.0330	-0.0152	-0.0285	0.0536	-0.9387
40.000	15.7791	0.3500	-0.1723	-0.0479	-0.0167	-0.0286	-0.0999	-0.9160
45.000	17.0358	0.3959	-0.1763	-0.0611	-0.0177	-0.0287	-0.2357	-0.8713
50.000	18.2987	0.4365	-0.1752	-0.0718	-0.0184	-0.0289	-0.3530	-0.8113
55.000	19.5244	0.4716	-0.1692	-0.0793	-0.0187	-0.0296	-0.4528	-0.7409
60.000	20.6689	0.5017	-0.1586	-0.0835	-0.0189	-0.0307	-0.5365	-0.6641
65.000	21.6897	0.5270	-0.1439	-0.0844	-0.0189	-0.0324	-0.6057	-0.5834
70.000	22.5475	0.5481	-0.1255	-0.0823	-0.0189	-0.0347	-0.6621	-0.5007
75.000	23.2080	0.5652	-0.1039	-0.0775	-0.0187	-0.0376	-0.7072	-0.4169
80.000	23.6433	0.5788	-0.0796	-0.0705	-0.0185	-0.0411	-0.7422	-0.3328
85.000	23.8338	0.5891	-0.0531	-0.0615	-0.0182	-0.0452	-0.7680	-0.2484
90.000	23.7680	0.5964	-0.0245	-0.0510	-0.0176	-0.0500	-0.7853	-0.1639
95.000	23.4437	0.6007	0.0058	-0.0392	-0.0167	-0.0554	-0.7944	-0.0791
100.000	22.8677	0.6023	0.0378	-0.0262	-0.0155	-0.0615	-0.7953	0.0062
105.000	22.0549	0.6009	0.0713	-0.0123	-0.0139	-0.0684	-0.7878	0.0922
110.000	21.0282	0.5965	0.1065	0.0026	-0.0117	-0.0763	-0.7712	0.1791
115.000	19.8170	0.5888	0.1433	0.0185	-0.0092	-0.0852	-0.7447	0.2669
120.000	18.4561	0.5772	0.1818	0.0355	-0.0062	-0.0952	-0.7068	0.3555
125.000	16.9845	0.5612	0.2220	0.0536	-0.0028	-0.1063	-0.6557	0.4444
130.000	15.4444	0.5398	0.2634	0.0727	0.0007	-0.1186	-0.5888	0.5327
135.000	13.8793	0.5119	0.3054	0.0927	0.0041	-0.1317	-0.5031	0.6186
140.000	12.3333	0.4763	0.3464	0.1128	0.0073	-0.1450	-0.3949	0.6991
145.000	10.8496	0.4313	0.3838	0.1320	0.0097	-0.1576	-0.2602	0.7691
150.000	9.4696	0.3758	0.4130	0.1483	0.0111	-0.1675	-0.0953	0.8204
155.000	8.2312	0.3091	0.4273	0.1589	0.0112	-0.1720	0.1011	0.8409
160.000	7.1686	0.2326	0.4176	0.1595	0.0098	-0.1674	0.3249	0.8144
165.000	6.3106	0.1514	0.3733	0.1454	0.0071	-0.1493	0.5613	0.7222
170.000	5.6806	0.0757	0.2860	0.1130	0.0038	-0.1143	0.7807	0.5501
175.000	5.2957	0.0205	0.1566	0.0624	0.0011	-0.0626	0.9408	0.3000
180.000	5.1662	0.0000	0.0001	0.0001	0.0000	-0.0001	1.0000	0.0001
