0.000	6.5564	0.0000	0.0000	0.0000	0.0000	0.0000	1.0000	0.0000
5.000	6.6419	0.0096	-0.0194	0.0033	-0.0015	-0.0033	0.9640	-0.2649
10.000	6.8954	0.0366	-0.0364	0.0066	-0.0056	-0.0059	0.8624	-0.5036
15.000	7.3085	0.0766	-0.0492	0.0096	-0.0115	-0.0075	0.7116	-0.6966
20.000	7.8674	0.1239	-0.0569	0.0123	-0.0182	-0.0078	0.5319	-0.8356
25.000	8.5535	0.1735	-0.0595	0.0149	-0.0248	-0.0070	0.3424	-0.9212
30.000	9.3441	0.2214	-0.0576	0.0174	-0.0305	-0.0052	0.1570	-0.9604
35.000	10.2136	0.2654	-0.0519	0.0198	-0.0349	-0.0028	-0.0156	-0.9622
40.000	11.1337	0.3041	-0.0431	0.0223	-0.0379	0.0000	-0.1712	-0.9356
45.000	12.0753	0.3375	-0.0320	0.0250	-0.0393	0.0028	-0.3083	-0.8883
50.000	13.0087	0.3654	-0.0188	0.0279	-0.0392	0.0056	-0.4274	-0.8262
55.000	13.9053	0.3884	-0.0041	0.0311	-0.0377	0.0080	-0.5296	-0.7537
60.000	14.7378	0.4069	0.0121	0.0346	-0.0350	0.0099	-0.6165	-0.6738
65.000	15.4817	0.4214	0.0296	0.0385	-0.0311	0.0112	-0.6896	-0.5886
70.000	16.1154	0.4322	0.0483	0.0428	-0.0262	0.0118	-0.7500	-0.4993
75.000	16.6215	0.4397	0.0682	0.0475	-0.0204	0.0115	-0.7988	-0.4069
80.000	16.9863	0.4442	0.0893	0.0526	-0.0138	0.0103	-0.8366	-0.3118
85.000	17.2009	0.4458	0.1116	0.0581	-0.0066	0.0080	-0.8638	-0.2142
90.000	17.2609	0.4447	0.1350	0.0639	0.0010	0.0045	-0.8803	-0.1143
95.000	17.1665	0.4410	0.1595	0.0701	0.0088	-0.0001	-0.8859	-0.0122
100.000	16.9226	0.4345	0.1850	0.0766	0.0168	-0.0060	-0.8798	0.0918
105.000	16.5381	0.4253	0.2113	0.0833	0.0245	-0.0132	-0.8612	0.1974
110.000	16.0261	0.4131	0.2382	0.0901	0.0318	-0.0217	-0.8288	0.3039
115.000	15.4029	0.3978	0.2651	0.0968	0.0384	-0.0313	-0.7811	0.4103
120.000	14.6882	0.3791	0.2916	0.1033	0.0441	-0.0418	-0.7163	0.5149
125.000	13.9037	0.3568	0.3168	0.1093	0.0484	-0.0530	-0.6325	0.6157
130.000	13.0733	0.3306	0.3395	0.1145	0.0511	-0.0644	-0.5280	0.7093
135.000	12.2216	0.3002	0.3582	0.1183	0.0518	-0.0753	-0.4012	0.7914
140.000	11.3740	0.2658	0.3710	0.1204	0.0504	-0.0850	-0.2514	0.8563
145.000	10.5554	0.2274	0.3754	0.1200	0.0468	-0.0924	-0.0796	0.8971
150.000	9.7898	0.1859	0.3686	0.1162	0.0409	-0.0962	0.1111	0.9054
155.000	9.0998	0.1426	0.3477	0.1084	0.0332	-0.0953	0.3138	0.8729
160.000	8.5055	0.0998	0.3102	0.0958	0.0243	-0.0883	0.5174	0.7918
165.000	8.0242	0.0605	0.2546	0.0781	0.0152	-0.0746	0.7062	0.6581
170.000	7.6700	0.0285	0.1817	0.0555	0.0073	-0.0544	0.8613	0.4737
175.000	7.4532	0.0074	0.0948	0.0288	0.0019	-0.0287	0.9640	0.2484
180.000	7.3802	0.0000	0.0000	0.0000	0.0000	0.0000	1.0000	0.0000
