0.000	0.4659	0.0000	0.0000	0.0000	0.0000	0.0000	1.0000	0.0000
5.000	0.4689	0.0024	0.0522	0.0075	-0.0004	-0.0075	0.9754	-0.2141
10.000	0.4776	0.0095	0.1026	0.0146	-0.0014	-0.0145	0.9040	-0.4149
15.000	0.4919	0.0203	0.1493	0.0212	-0.0030	-0.0206	0.7925	-0.5910
20.000	0.5113	0.0339	0.1914	0.0269	-0.0050	-0.0257	0.6503	-0.7344
25.000	0.5354	0.0491	0.2283	0.0317	-0.0072	-0.0295	0.4879	-0.8411
30.000	0.5635	0.0648	0.2600	0.0356	-0.0095	-0.0322	0.3155	-0.9104
35.000	0.5947	0.0799	0.2868	0.0386	-0.0116	-0.0336	0.1414	-0.9443
40.000	0.6284	0.0938	0.3093	0.0408	-0.0134	-0.0341	-0.0275	-0.9461
45.000	0.6637	0.1060	0.3282	0.0422	-0.0150	-0.0338	-0.1865	-0.9202
50.000	0.6996	0.1162	0.3442	0.0431	-0.0161	-0.0329	-0.3324	-0.8707
55.000	0.7354	0.1243	0.3579	0.0435	-0.0169	-0.0315	-0.4631	-0.8016
60.000	0.7700	0.1302	0.3697	0.0434	-0.0174	-0.0297	-0.5777	-0.7165
65.000	0.8028	0.1341	0.3802	0.0430	-0.0174	-0.0278	-0.6753	-0.6183
70.000	0.8330	0.1359	0.3895	0.0422	-0.0171	-0.0257	-0.7557	-0.5096
75.000	0.8600	0.1359	0.3979	0.0412	-0.0166	-0.0237	-0.8186	-0.3925
80.000	0.8832	0.1343	0.4054	0.0400	-0.0157	-0.0217	-0.8638	-0.2691
85.000	0.9023	0.1311	0.4122	0.0385	-0.0147	-0.0198	-0.8910	-0.1410
90.000	0.9169	0.1266	0.4181	0.0369	-0.0135	-0.0180	-0.9000	-0.0102
95.000	0.9268	0.1210	0.4230	0.0351	-0.0121	-0.0164	-0.8902	0.1217
100.000	0.9322	0.1143	0.4267	0.0331	-0.0107	-0.0150	-0.8613	0.2527
105.000	0.9331	0.1067	0.4289	0.0310	-0.0092	-0.0138	-0.8128	0.3804
110.000	0.9298	0.0985	0.4292	0.0288	-0.0078	-0.0128	-0.7446	0.5023
115.000	0.9227	0.0897	0.4272	0.0266	-0.0064	-0.0119	-0.6565	0.6156
120.000	0.9123	0.0805	0.4225	0.0242	-0.0051	-0.0112	-0.5491	0.7169
125.000	0.8990	0.0711	0.4144	0.0218	-0.0039	-0.0105	-0.4233	0.8028
130.000	0.8837	0.0615	0.4023	0.0195	-0.0029	-0.0100	-0.2809	0.8693
135.000	0.8669	0.0521	0.3858	0.0171	-0.0020	-0.0094	-0.1244	0.9128
140.000	0.8493	0.0429	0.3641	0.0148	-0.0013	-0.0088	0.0422	0.9295
145.000	0.8317	0.0341	0.3369	0.0125	-0.0008	-0.0082	0.2142	0.9162
150.000	0.8148	0.0259	0.3039	0.0104	-0.0004	-0.0074	0.3856	0.8708
155.000	0.7992	0.0185	0.2650	0.0084	-0.0002	-0.0065	0.5494	0.7922
160.000	0.7855	0.0122	0.2203	0.0065	-0.0001	-0.0055	0.6980	0.6812
165.000	0.7743	0.0070	0.1704	0.0047	0.0000	-0.0043	0.8238	0.5407
170.000	0.7659	0.0032	0.1162	0.0031	0.0000	-0.0029	0.9195	0.3754
175.000	0.7608	0.0008	0.0589	0.0015	0.0000	-0.0015	0.9796	0.1924
180.000	0.7590	0.0000	0.0000	0.0000	0.0000	0.0000	1.0000	0.0000
