0.000	10.6252	0.0000	0.0000	0.0000	0.0000	0.0000	1.0000	0.0000
5.000	10.7357	0.0098	-0.0303	0.0009	0.0002	-0.0013	0.9690	-0.2451
10.000	11.0647	0.0380	-0.0600	-0.0006	0.0010	-0.0024	0.8804	-0.4689
15.000	11.6048	0.0807	-0.0880	-0.0060	0.0022	-0.0034	0.7463	-0.6548
20.000	12.3431	0.1333	-0.1136	-0.0157	0.0039	-0.0043	0.5827	-0.7937
25.000	13.2614	0.1908	-0.1356	-0.0289	0.0059	-0.0053	0.4058	-0.8839
30.000	14.3355	0.2490	-0.1532	-0.0442	0.0082	-0.0065	0.2286	-0.9296
35.000	15.5355	0.3048	-0.1656	-0.0598	0.0105	-0.0084	0.0609	-0.9377
40.000	16.8258	0.3563	-0.1724	-0.0741	0.0127	-0.0110	-0.0920	-0.9165
45.000	18.1662	0.4026	-0.1735	-0.0859	0.0146	-0.0145	-0.2273	-0.8736
50.000	19.5123	0.4432	-0.1690	-0.0945	0.0160	-0.0189	-0.3445	-0.8152
55.000	20.8177	0.4782	-0.1592	-0.0994	0.0167	-0.0243	-0.4444	-0.7466
60.000	22.0356	0.5078	-0.1447	-0.1008	0.0166	-0.0305	-0.5285	-0.6714
65.000	23.1206	0.5325	-0.1260	-0.0989	0.0158	-0.0375	-0.5983	-0.5922
70.000	24.0313	0.5527	-0.1039	-0.0942	0.0140	-0.0452	-0.6555	-0.5106
75.000	24.7317	0.5687	-0.0790	-0.0872	0.0116	-0.0533	-0.7014	-0.4277
80.000	25.1934	0.5811	-0.0519	-0.0785	0.0084	-0.0617	-0.7373	-0.3441
85.000	25.3962	0.5900	-0.0230	-0.0685	0.0047	-0.0704	-0.7639	-0.2599
90.000	25.3293	0.5957	0.0074	-0.0576	0.0007	-0.0792	-0.7820	-0.1751
95.000	24.9916	0.5985	0.0389	-0.0461	-0.0035	-0.0880	-0.7916	-0.0897
100.000	24.3909	0.5983	0.0717	-0.0339	-0.0076	-0.0969	-0.7928	-0.0035
105.000	23.5436	0.5953	0.1056	-0.0212	-0.0114	-0.1059	-0.7853	0.0836
110.000	22.4738	0.5891	0.1410	-0.0078	-0.0148	-0.1149	-0.7683	0.1716
115.000	21.2121	0.5796	0.1780	0.0066	-0.0175	-0.1242	-0.7408	0.2604
120.000	19.7944	0.5663	0.2169	0.0223	-0.0194	-0.1337	-0.7015	0.3498
125.000	18.2610	0.5487	0.2576	0.0394	-0.0204	-0.1434	-0.6483	0.4391
130.000	16.6551	0.5257	0.3001	0.0582	-0.0205	-0.1534	-0.5789	0.5272
135.000	15.0217	0.4965	0.3433	0.0784	-0.0197	-0.1633	-0.4901	0.6120
140.000	13.4065	0.4597	0.3857	0.0995	-0.0181	-0.1726	-0.3785	0.6902
145.000	11.8547	0.4141	0.4241	0.1203	-0.0159	-0.1804	-0.2404	0.7567
150.000	10.4096	0.3585	0.4536	0.1386	-0.0131	-0.1850	-0.0727	0.8033
155.000	9.1114	0.2928	0.4666	0.1513	-0.0101	-0.1839	0.1249	0.8185
160.000	7.9964	0.2186	0.4533	0.1539	-0.0071	-0.1739	0.3472	0.7871
165.000	7.0955	0.1412	0.4027	0.1415	-0.0043	-0.1514	0.5788	0.6928
170.000	6.4336	0.0701	0.3068	0.1104	-0.0020	-0.1138	0.7909	0.5240
175.000	6.0290	0.0189	0.1673	0.0611	-0.0005	-0.0615	0.9438	0.2844
180.000	5.8928	0.0000	0.0001	0.0001	0.0000	-0.0001	1.0000	0.0001
