0.000	4.6610	0.0000	0.0000	0.0000	0.0000	0.0000	1.0000	0.0000
5.000	4.7104	0.0073	-0.0127	-0.0014	-0.0006	0.0015	0.9675	-0.2523
10.000	4.8570	0.0281	-0.0234	-0.0023	-0.0021	0.0031	0.8750	-0.4828
15.000	5.0966	0.0593	-0.0307	-0.0025	-0.0043	0.0049	0.7350	-0.6748
20.000	5.4218	0.0972	-0.0335	-0.0017	-0.0067	0.0069	0.5642	-0.8192
25.000	5.8230	0.1377	-0.0318	0.0002	-0.0087	0.0090	0.3791	-0.9144
30.000	6.2881	0.1779	-0.0259	0.0030	-0.0101	0.0113	0.1931	-0.9645
35.000	6.8033	0.2156	-0.0163	0.0066	-0.0106	0.0134	0.0156	-0.9761
40.000	7.3532	0.2495	-0.0036	0.0110	-0.0101	0.0153	-0.1480	-0.9569
45.000	7.9216	0.2790	0.0116	0.0161	-0.0086	0.0169	-0.2947	-0.9138
50.000	8.4921	0.3042	0.0287	0.0216	-0.0062	0.0180	-0.4239	-0.8527
55.000	9.0482	0.3250	0.0476	0.0276	-0.0028	0.0185	-0.5358	-0.7781
60.000	9.5743	0.3418	0.0678	0.0339	0.0013	0.0184	-0.6313	-0.6934
65.000	10.0560	0.3548	0.0893	0.0405	0.0061	0.0175	-0.7113	-0.6012
70.000	10.4806	0.3645	0.1119	0.0473	0.0115	0.0159	-0.7767	-0.5032
75.000	10.8372	0.3708	0.1354	0.0542	0.0174	0.0133	-0.8283	-0.4006
80.000	11.1175	0.3742	0.1599	0.0613	0.0237	0.0098	-0.8665	-0.2944
85.000	11.3153	0.3746	0.1850	0.0684	0.0301	0.0053	-0.8916	-0.1851
90.000	11.4271	0.3723	0.2107	0.0755	0.0366	-0.0003	-0.9033	-0.0736
95.000	11.4521	0.3672	0.2368	0.0825	0.0430	-0.0068	-0.9014	0.0398
100.000	11.3917	0.3593	0.2630	0.0893	0.0490	-0.0144	-0.8851	0.1540
105.000	11.2499	0.3486	0.2889	0.0959	0.0545	-0.0228	-0.8537	0.2682
110.000	11.0329	0.3352	0.3141	0.1020	0.0592	-0.0321	-0.8060	0.3810
115.000	10.7491	0.3189	0.3379	0.1075	0.0628	-0.0419	-0.7411	0.4907
120.000	10.4088	0.2997	0.3596	0.1122	0.0651	-0.0521	-0.6576	0.5950
125.000	10.0235	0.2776	0.3782	0.1159	0.0658	-0.0622	-0.5548	0.6909
130.000	9.6065	0.2527	0.3925	0.1183	0.0647	-0.0717	-0.4319	0.7748
135.000	9.1716	0.2250	0.4010	0.1190	0.0617	-0.0801	-0.2893	0.8419
140.000	8.7331	0.1949	0.4020	0.1176	0.0567	-0.0865	-0.1284	0.8872
145.000	8.3055	0.1629	0.3937	0.1137	0.0500	-0.0901	0.0479	0.9047
150.000	7.9025	0.1300	0.3744	0.1068	0.0417	-0.0903	0.2343	0.8886
155.000	7.5371	0.0973	0.3423	0.0967	0.0324	-0.0861	0.4229	0.8339
160.000	7.2211	0.0665	0.2966	0.0831	0.0228	-0.0772	0.6034	0.7375
165.000	6.9644	0.0395	0.2374	0.0661	0.0138	-0.0634	0.7636	0.5993
170.000	6.7752	0.0183	0.1661	0.0460	0.0065	-0.0452	0.8903	0.4237
175.000	6.6592	0.0047	0.0855	0.0236	0.0017	-0.0235	0.9718	0.2196
180.000	6.6201	0.0000	0.0000	0.0000	0.0000	0.0000	1.0000	0.0000
