0.000	3.1264	0.0000	0.0000	0.0000	0.0000	0.0000	1.0000	0.0000
5.000	3.1577	0.0074	-0.0007	0.0004	0.0002	-0.0005	0.9693	-0.2459
10.000	3.2505	0.0285	-0.0008	0.0006	0.0007	-0.0011	0.8815	-0.4714
15.000	3.4006	0.0600	0.0003	0.0004	0.0015	-0.0018	0.7483	-0.6606
20.000	3.6016	0.0978	0.0032	-0.0002	0.0026	-0.0028	0.5850	-0.8051
25.000	3.8451	0.1378	0.0080	-0.0010	0.0041	-0.0040	0.4065	-0.9031
30.000	4.1217	0.1769	0.0151	-0.0018	0.0060	-0.0055	0.2249	-0.9581
35.000	4.4213	0.2129	0.0245	-0.0023	0.0080	-0.0074	0.0486	-0.9755
40.000	4.7338	0.2448	0.0363	-0.0022	0.0103	-0.0095	-0.1169	-0.9617
45.000	5.0497	0.2721	0.0506	-0.0013	0.0128	-0.0119	-0.2685	-0.9225
50.000	5.3604	0.2948	0.0672	0.0006	0.0153	-0.0148	-0.4047	-0.8627
55.000	5.6582	0.3132	0.0860	0.0035	0.0178	-0.0179	-0.5249	-0.7864
60.000	5.9369	0.3276	0.1070	0.0074	0.0203	-0.0215	-0.6287	-0.6965
65.000	6.1909	0.3384	0.1298	0.0123	0.0226	-0.0253	-0.7159	-0.5959
70.000	6.4160	0.3460	0.1541	0.0180	0.0247	-0.0296	-0.7865	-0.4866
75.000	6.6082	0.3506	0.1797	0.0245	0.0267	-0.0341	-0.8403	-0.3707
80.000	6.7645	0.3525	0.2060	0.0314	0.0284	-0.0389	-0.8772	-0.2499
85.000	6.8823	0.3516	0.2327	0.0386	0.0298	-0.0440	-0.8972	-0.1260
90.000	6.9596	0.3481	0.2594	0.0459	0.0310	-0.0493	-0.9002	-0.0005
95.000	6.9955	0.3417	0.2856	0.0531	0.0320	-0.0548	-0.8859	0.1248
100.000	6.9896	0.3326	0.3110	0.0601	0.0327	-0.0603	-0.8543	0.2484
105.000	6.9432	0.3205	0.3350	0.0667	0.0332	-0.0657	-0.8052	0.3685
110.000	6.8588	0.3054	0.3570	0.0727	0.0334	-0.0710	-0.7382	0.4832
115.000	6.7403	0.2873	0.3766	0.0781	0.0332	-0.0760	-0.6531	0.5902
120.000	6.5931	0.2662	0.3927	0.0827	0.0326	-0.0804	-0.5500	0.6868
125.000	6.4239	0.2422	0.4046	0.0862	0.0315	-0.0840	-0.4290	0.7700
130.000	6.2399	0.2158	0.4109	0.0884	0.0298	-0.0865	-0.2913	0.8361
135.000	6.0489	0.1875	0.4106	0.0891	0.0276	-0.0876	-0.1386	0.8812
140.000	5.8586	0.1580	0.4024	0.0880	0.0247	-0.0869	0.0259	0.9012
145.000	5.6761	0.1281	0.3849	0.0848	0.0212	-0.0840	0.1976	0.8922
150.000	5.5077	0.0990	0.3574	0.0792	0.0173	-0.0787	0.3704	0.8515
155.000	5.3583	0.0717	0.3193	0.0712	0.0131	-0.0709	0.5370	0.7774
160.000	5.2321	0.0475	0.2708	0.0607	0.0091	-0.0605	0.6891	0.6705
165.000	5.1316	0.0275	0.2127	0.0478	0.0054	-0.0478	0.8183	0.5333
170.000	5.0588	0.0125	0.1467	0.0331	0.0025	-0.0331	0.9170	0.3708
175.000	5.0148	0.0032	0.0748	0.0169	0.0006	-0.0169	0.9789	0.1902
180.000	5.0001	0.0000	0.0000	0.0000	0.0000	0.0000	1.0000	0.0000
