0.000	7.4339	0.0000	0.0000	0.0000	0.0000	0.0000	1.0000	0.0000
5.000	7.4864	0.0075	-0.0190	0.0130	0.0000	-0.0135	0.9743	-0.2243
10.000	7.6442	0.0296	-0.0394	0.0221	0.0001	-0.0259	0.8998	-0.4333
15.000	7.9082	0.0646	-0.0620	0.0244	0.0002	-0.0364	0.7839	-0.6138
20.000	8.2786	0.1098	-0.0867	0.0187	0.0004	-0.0447	0.6374	-0.7566
25.000	8.7541	0.1624	-0.1123	0.0053	0.0005	-0.0507	0.4728	-0.8573
30.000	9.3299	0.2188	-0.1371	-0.0139	0.0004	-0.0546	0.3021	-0.9161
35.000	9.9969	0.2762	-0.1593	-0.0363	0.0000	-0.0571	0.1354	-0.9370
40.000	10.7402	0.3319	-0.1770	-0.0592	-0.0008	-0.0588	-0.0199	-0.9264
45.000	11.5390	0.3839	-0.1892	-0.0803	-0.0022	-0.0602	-0.1593	-0.8912
50.000	12.3666	0.4311	-0.1952	-0.0980	-0.0043	-0.0619	-0.2809	-0.8383
55.000	13.1914	0.4729	-0.1951	-0.1114	-0.0072	-0.0641	-0.3848	-0.7736
60.000	13.9790	0.5089	-0.1893	-0.1203	-0.0108	-0.0669	-0.4721	-0.7016
65.000	14.6937	0.5394	-0.1785	-0.1250	-0.0153	-0.0704	-0.5445	-0.6255
70.000	15.3011	0.5647	-0.1635	-0.1261	-0.0205	-0.0745	-0.6039	-0.5474
75.000	15.7708	0.5852	-0.1450	-0.1241	-0.0263	-0.0790	-0.6522	-0.4686
80.000	16.0778	0.6016	-0.1240	-0.1198	-0.0327	-0.0839	-0.6908	-0.3896
85.000	16.2044	0.6141	-0.1008	-0.1138	-0.0394	-0.0889	-0.7209	-0.3107
90.000	16.1409	0.6233	-0.0759	-0.1065	-0.0462	-0.0940	-0.7433	-0.2317
95.000	15.8860	0.6294	-0.0496	-0.0983	-0.0529	-0.0990	-0.7584	-0.1523
100.000	15.4457	0.6329	-0.0219	-0.0893	-0.0593	-0.1040	-0.7664	-0.0724
105.000	14.8329	0.6338	0.0074	-0.0794	-0.0650	-0.1090	-0.7671	0.0084
110.000	14.0661	0.6321	0.0386	-0.0685	-0.0699	-0.1140	-0.7600	0.0902
115.000	13.1680	0.6278	0.0722	-0.0562	-0.0738	-0.1192	-0.7445	0.1732
120.000	12.1643	0.6204	0.1086	-0.0420	-0.0763	-0.1248	-0.7194	0.2572
125.000	11.0833	0.6095	0.1484	-0.0256	-0.0774	-0.1311	-0.6832	0.3424
130.000	9.9544	0.5942	0.1920	-0.0064	-0.0769	-0.1382	-0.6338	0.4282
135.000	8.8081	0.5733	0.2395	0.0158	-0.0747	-0.1462	-0.5684	0.5140
140.000	7.6752	0.5450	0.2905	0.0410	-0.0708	-0.1552	-0.4829	0.5983
145.000	6.5864	0.5072	0.3431	0.0685	-0.0652	-0.1646	-0.3722	0.6782
150.000	5.5713	0.4570	0.3938	0.0970	-0.0578	-0.1733	-0.2296	0.7479
155.000	4.6580	0.3917	0.4355	0.1233	-0.0485	-0.1792	-0.0484	0.7970
160.000	3.8723	0.3095	0.4560	0.1421	-0.0375	-0.1782	0.1756	0.8078
165.000	3.2364	0.2126	0.4368	0.1455	-0.0252	-0.1644	0.4359	0.7533
170.000	2.7685	0.1121	0.3566	0.1241	-0.0131	-0.1308	0.7035	0.6029
175.000	2.4823	0.0315	0.2045	0.0730	-0.0036	-0.0739	0.9167	0.3416
180.000	2.3859	0.0000	0.0001	0.0001	0.0000	-0.0001	1.0000	0.0001
