0.000	5.0164	0.0000	0.0000	0.0000	0.0000	0.0000	1.0000	0.0000
5.000	5.0499	0.0065	-0.0380	0.0325	-0.0041	-0.0327	0.9753	-0.2175
10.000	5.1502	0.0257	-0.0758	0.0613	-0.0160	-0.0625	0.9035	-0.4206
15.000	5.3167	0.0559	-0.1127	0.0831	-0.0345	-0.0869	0.7912	-0.5969
20.000	5.5484	0.0950	-0.1482	0.0959	-0.0575	-0.1043	0.6482	-0.7375
25.000	5.8433	0.1406	-0.1815	0.0993	-0.0830	-0.1138	0.4856	-0.8376
30.000	6.1979	0.1900	-0.2117	0.0937	-0.1089	-0.1155	0.3145	-0.8965
35.000	6.6070	0.2409	-0.2381	0.0808	-0.1333	-0.1102	0.1446	-0.9171
40.000	7.0631	0.2914	-0.2600	0.0625	-0.1548	-0.0991	-0.0165	-0.9041
45.000	7.5561	0.3400	-0.2769	0.0411	-0.1724	-0.0838	-0.1633	-0.8637
50.000	8.0729	0.3857	-0.2888	0.0184	-0.1857	-0.0656	-0.2928	-0.8023
55.000	8.5978	0.4280	-0.2956	-0.0038	-0.1946	-0.0459	-0.4035	-0.7257
60.000	9.1123	0.4665	-0.2976	-0.0243	-0.1992	-0.0259	-0.4955	-0.6391
65.000	9.5961	0.5012	-0.2953	-0.0424	-0.1999	-0.0065	-0.5696	-0.5468
70.000	10.0279	0.5321	-0.2889	-0.0574	-0.1969	0.0118	-0.6273	-0.4519
75.000	10.3864	0.5595	-0.2791	-0.0691	-0.1908	0.0284	-0.6703	-0.3568
80.000	10.6517	0.5836	-0.2662	-0.0774	-0.1820	0.0429	-0.7003	-0.2630
85.000	10.8063	0.6045	-0.2506	-0.0825	-0.1708	0.0552	-0.7189	-0.1717
90.000	10.8369	0.6226	-0.2326	-0.0844	-0.1575	0.0650	-0.7276	-0.0833
95.000	10.7346	0.6380	-0.2124	-0.0831	-0.1425	0.0723	-0.7275	0.0019
100.000	10.4963	0.6508	-0.1900	-0.0790	-0.1259	0.0768	-0.7195	0.0840
105.000	10.1248	0.6610	-0.1657	-0.0719	-0.1080	0.0784	-0.7045	0.1633
110.000	9.6286	0.6686	-0.1393	-0.0621	-0.0889	0.0768	-0.6826	0.2401
115.000	9.0216	0.6733	-0.1108	-0.0494	-0.0690	0.0717	-0.6541	0.3149
120.000	8.3225	0.6747	-0.0800	-0.0339	-0.0485	0.0628	-0.6185	0.3882
125.000	7.5537	0.6722	-0.0467	-0.0156	-0.0278	0.0498	-0.5752	0.4605
130.000	6.7398	0.6649	-0.0110	0.0056	-0.0074	0.0322	-0.5228	0.5323
135.000	5.9073	0.6515	0.0274	0.0297	0.0120	0.0100	-0.4591	0.6039
140.000	5.0824	0.6298	0.0683	0.0565	0.0296	-0.0170	-0.3811	0.6749
145.000	4.2904	0.5973	0.1110	0.0854	0.0442	-0.0484	-0.2841	0.7438
150.000	3.5549	0.5503	0.1539	0.1152	0.0544	-0.0828	-0.1616	0.8068
155.000	2.8968	0.4842	0.1936	0.1433	0.0587	-0.1174	-0.0056	0.8552
160.000	2.3342	0.3947	0.2233	0.1645	0.0554	-0.1465	0.1916	0.8719
165.000	1.8816	0.2810	0.2313	0.1702	0.0438	-0.1600	0.4309	0.8267
170.000	1.5504	0.1537	0.2012	0.1480	0.0257	-0.1442	0.6911	0.6772
175.000	1.3485	0.0446	0.1206	0.0888	0.0078	-0.0882	0.9109	0.3921
180.000	1.2807	0.0000	0.0001	0.0001	0.0000	-0.0001	1.0000	0.0001
