0.000	5.6162	0.0000	0.0000	0.0000	0.0000	0.0000	1.0000	0.0000
5.000	5.6371	0.0050	-0.0039	0.0278	-0.0002	-0.0284	0.9796	-0.2007
10.000	5.7017	0.0202	-0.0109	0.0508	-0.0007	-0.0552	0.9196	-0.3916
15.000	5.8142	0.0455	-0.0234	0.0649	-0.0016	-0.0790	0.8234	-0.5633
20.000	5.9808	0.0805	-0.0425	0.0676	-0.0032	-0.0987	0.6970	-0.7076
25.000	6.2080	0.1242	-0.0679	0.0584	-0.0055	-0.1137	0.5484	-0.8183
30.000	6.5005	0.1750	-0.0976	0.0386	-0.0086	-0.1239	0.3872	-0.8922
35.000	6.8598	0.2303	-0.1288	0.0112	-0.0128	-0.1296	0.2233	-0.9293
40.000	7.2823	0.2875	-0.1586	-0.0202	-0.0180	-0.1317	0.0652	-0.9331
45.000	7.7588	0.3436	-0.1841	-0.0519	-0.0241	-0.1314	-0.0803	-0.9091
50.000	8.2739	0.3967	-0.2038	-0.0810	-0.0312	-0.1295	-0.2095	-0.8637
55.000	8.8066	0.4449	-0.2166	-0.1057	-0.0391	-0.1269	-0.3209	-0.8035
60.000	9.3317	0.4875	-0.2227	-0.1251	-0.0477	-0.1242	-0.4148	-0.7339
65.000	9.8216	0.5242	-0.2227	-0.1393	-0.0568	-0.1218	-0.4927	-0.6589
70.000	10.2483	0.5551	-0.2174	-0.1488	-0.0664	-0.1199	-0.5566	-0.5815
75.000	10.5860	0.5806	-0.2078	-0.1543	-0.0762	-0.1183	-0.6086	-0.5033
80.000	10.8126	0.6013	-0.1948	-0.1566	-0.0862	-0.1170	-0.6504	-0.4252
85.000	10.9121	0.6177	-0.1793	-0.1566	-0.0961	-0.1159	-0.6835	-0.3477
90.000	10.8747	0.6306	-0.1618	-0.1548	-0.1058	-0.1148	-0.7090	-0.2705
95.000	10.6976	0.6403	-0.1426	-0.1517	-0.1151	-0.1137	-0.7274	-0.1935
100.000	10.3845	0.6473	-0.1219	-0.1475	-0.1236	-0.1123	-0.7392	-0.1164
105.000	9.9447	0.6520	-0.0994	-0.1422	-0.1312	-0.1108	-0.7444	-0.0391
110.000	9.3919	0.6546	-0.0750	-0.1356	-0.1376	-0.1093	-0.7429	0.0388
115.000	8.7432	0.6551	-0.0481	-0.1274	-0.1424	-0.1078	-0.7342	0.1172
120.000	8.0180	0.6534	-0.0181	-0.1170	-0.1456	-0.1067	-0.7178	0.1964
125.000	7.2371	0.6490	0.0158	-0.1040	-0.1469	-0.1063	-0.6928	0.2765
130.000	6.4222	0.6413	0.0544	-0.0878	-0.1462	-0.1070	-0.6579	0.3577
135.000	5.5956	0.6291	0.0983	-0.0679	-0.1433	-0.1092	-0.6108	0.4400
140.000	4.7795	0.6109	0.1482	-0.0438	-0.1380	-0.1131	-0.5484	0.5237
145.000	3.9959	0.5841	0.2039	-0.0154	-0.1302	-0.1189	-0.4655	0.6081
150.000	3.2662	0.5452	0.2642	0.0167	-0.1194	-0.1265	-0.3545	0.6909
155.000	2.6105	0.4892	0.3253	0.0511	-0.1051	-0.1346	-0.2045	0.7659
160.000	2.0469	0.4100	0.3775	0.0839	-0.0863	-0.1407	-0.0016	0.8180
165.000	1.5913	0.3029	0.4011	0.1072	-0.0626	-0.1391	0.2649	0.8157
170.000	1.2564	0.1731	0.3623	0.1076	-0.0353	-0.1198	0.5820	0.7043
175.000	1.0516	0.0522	0.2253	0.0707	-0.0105	-0.0725	0.8744	0.4262
180.000	0.9826	0.0000	0.0001	0.0001	0.0000	-0.0001	1.0000	0.0001
