0.000	3.0345	0.0000	0.0000	0.0000	0.0000	0.0000	1.0000	0.0000
5.000	3.0641	0.0060	-0.0009	-0.0002	-0.0004	0.0003	0.9687	-0.2480
10.000	3.1521	0.0231	-0.0008	0.0000	-0.0013	0.0007	0.8793	-0.4758
15.000	3.2958	0.0491	0.0013	0.0009	-0.0027	0.0013	0.7431	-0.6674
20.000	3.4912	0.0808	0.0060	0.0026	-0.0042	0.0022	0.5756	-0.8137
25.000	3.7324	0.1154	0.0133	0.0052	-0.0055	0.0034	0.3924	-0.9124
30.000	4.0126	0.1500	0.0231	0.0085	-0.0062	0.0047	0.2064	-0.9666
35.000	4.3237	0.1828	0.0352	0.0125	-0.0064	0.0060	0.0271	-0.9822
40.000	4.6567	0.2126	0.0494	0.0170	-0.0057	0.0073	-0.1395	-0.9660
45.000	5.0023	0.2387	0.0652	0.0219	-0.0042	0.0083	-0.2902	-0.9246
50.000	5.3508	0.2607	0.0825	0.0271	-0.0020	0.0091	-0.4238	-0.8639
55.000	5.6929	0.2788	0.1010	0.0325	0.0011	0.0096	-0.5401	-0.7882
60.000	6.0194	0.2930	0.1207	0.0381	0.0048	0.0095	-0.6396	-0.7013
65.000	6.3219	0.3036	0.1413	0.0438	0.0091	0.0089	-0.7231	-0.6056
70.000	6.5930	0.3108	0.1628	0.0497	0.0139	0.0077	-0.7911	-0.5032
75.000	6.8263	0.3150	0.1850	0.0556	0.0191	0.0057	-0.8443	-0.3955
80.000	7.0167	0.3163	0.2078	0.0614	0.0245	0.0030	-0.8829	-0.2836
85.000	7.1605	0.3151	0.2311	0.0673	0.0299	-0.0005	-0.9070	-0.1685
90.000	7.2552	0.3113	0.2546	0.0729	0.0353	-0.0049	-0.9164	-0.0511
95.000	7.2999	0.3053	0.2780	0.0784	0.0404	-0.0102	-0.9107	0.0678
100.000	7.2952	0.2969	0.3012	0.0835	0.0451	-0.0162	-0.8893	0.1871
105.000	7.2429	0.2862	0.3235	0.0881	0.0491	-0.0229	-0.8514	0.3054
110.000	7.1463	0.2733	0.3447	0.0921	0.0524	-0.0303	-0.7963	0.4210
115.000	7.0099	0.2580	0.3639	0.0955	0.0546	-0.0380	-0.7230	0.5319
120.000	6.8394	0.2404	0.3804	0.0979	0.0557	-0.0458	-0.6308	0.6356
125.000	6.6414	0.2205	0.3933	0.0994	0.0555	-0.0534	-0.5194	0.7286
130.000	6.4233	0.1985	0.4015	0.0996	0.0538	-0.0604	-0.3887	0.8073
135.000	6.1931	0.1746	0.4036	0.0984	0.0506	-0.0662	-0.2400	0.8670
140.000	5.9588	0.1492	0.3983	0.0956	0.0459	-0.0702	-0.0753	0.9030
145.000	5.7288	0.1229	0.3842	0.0909	0.0399	-0.0720	0.1013	0.9102
150.000	5.5109	0.0966	0.3600	0.0841	0.0329	-0.0710	0.2843	0.8838
155.000	5.3126	0.0712	0.3247	0.0750	0.0253	-0.0668	0.4658	0.8204
160.000	5.1405	0.0480	0.2779	0.0636	0.0176	-0.0591	0.6362	0.7182
165.000	5.0004	0.0281	0.2202	0.0500	0.0106	-0.0480	0.7848	0.5787
170.000	4.8969	0.0129	0.1528	0.0345	0.0050	-0.0339	0.9007	0.4064
175.000	4.8335	0.0033	0.0783	0.0177	0.0013	-0.0176	0.9746	0.2098
180.000	4.8121	0.0000	0.0000	0.0000	0.0000	0.0000	1.0000	0.0000
