0.000	10.2617	0.0000	0.0000	0.0000	0.0000	0.0000	1.0000	0.0000
5.000	10.3822	0.0093	-0.0340	-0.0043	-0.0011	0.0044	0.9662	-0.2554
10.000	10.7399	0.0356	-0.0644	-0.0080	-0.0040	0.0088	0.8702	-0.4871
15.000	11.3234	0.0750	-0.0883	-0.0105	-0.0082	0.0131	0.7264	-0.6773
20.000	12.1141	0.1223	-0.1044	-0.0117	-0.0129	0.0172	0.5532	-0.8172
25.000	13.0870	0.1727	-0.1125	-0.0115	-0.0174	0.0212	0.3680	-0.9064
30.000	14.2111	0.2222	-0.1134	-0.0099	-0.0209	0.0248	0.1845	-0.9501
35.000	15.4507	0.2683	-0.1084	-0.0071	-0.0233	0.0282	0.0118	-0.9565
40.000	16.7666	0.3099	-0.0985	-0.0033	-0.0243	0.0312	-0.1452	-0.9336
45.000	18.1171	0.3462	-0.0849	0.0013	-0.0238	0.0337	-0.2845	-0.8890
50.000	19.4601	0.3773	-0.0684	0.0068	-0.0219	0.0355	-0.4061	-0.8285
55.000	20.7537	0.4035	-0.0496	0.0128	-0.0186	0.0367	-0.5106	-0.7566
60.000	21.9584	0.4251	-0.0289	0.0195	-0.0141	0.0372	-0.5994	-0.6767
65.000	23.0376	0.4427	-0.0066	0.0268	-0.0084	0.0367	-0.6738	-0.5910
70.000	23.9595	0.4564	0.0171	0.0345	-0.0018	0.0351	-0.7351	-0.5010
75.000	24.6972	0.4667	0.0422	0.0428	0.0058	0.0325	-0.7842	-0.4077
80.000	25.2301	0.4738	0.0685	0.0516	0.0140	0.0286	-0.8217	-0.3118
85.000	25.5440	0.4779	0.0960	0.0608	0.0227	0.0234	-0.8482	-0.2136
90.000	25.6313	0.4791	0.1246	0.0705	0.0318	0.0167	-0.8636	-0.1136
95.000	25.4914	0.4773	0.1542	0.0805	0.0411	0.0085	-0.8678	-0.0117
100.000	25.1300	0.4725	0.1847	0.0908	0.0502	-0.0013	-0.8602	0.0915
105.000	24.5596	0.4645	0.2159	0.1013	0.0590	-0.0126	-0.8402	0.1958
110.000	23.7985	0.4533	0.2475	0.1119	0.0671	-0.0254	-0.8065	0.3004
115.000	22.8705	0.4384	0.2790	0.1223	0.0742	-0.0396	-0.7578	0.4045
120.000	21.8041	0.4197	0.3098	0.1325	0.0798	-0.0549	-0.6924	0.5065
125.000	20.6319	0.3966	0.3391	0.1419	0.0837	-0.0709	-0.6087	0.6043
130.000	19.3895	0.3690	0.3656	0.1502	0.0853	-0.0871	-0.5049	0.6950
135.000	18.1144	0.3365	0.3877	0.1568	0.0843	-0.1025	-0.3794	0.7743
140.000	16.8449	0.2990	0.4032	0.1609	0.0803	-0.1162	-0.2317	0.8368
145.000	15.6190	0.2568	0.4094	0.1614	0.0733	-0.1266	-0.0625	0.8759
150.000	14.4732	0.2106	0.4033	0.1574	0.0633	-0.1321	0.1252	0.8836
155.000	13.4411	0.1621	0.3814	0.1477	0.0509	-0.1310	0.3246	0.8514
160.000	12.5529	0.1137	0.3411	0.1311	0.0370	-0.1216	0.5249	0.7722
165.000	11.8343	0.0691	0.2805	0.1073	0.0231	-0.1028	0.7107	0.6418
170.000	11.3059	0.0325	0.2004	0.0764	0.0111	-0.0749	0.8634	0.4619
175.000	10.9828	0.0084	0.1046	0.0398	0.0029	-0.0396	0.9645	0.2422
180.000	10.8740	0.0000	0.0000	0.0000	0.0000	0.0000	1.0000	0.0000
