0.000	4.8677	0.0000	0.0000	0.0000	0.0000	0.0000	1.0000	0.0000
5.000	4.8878	0.0059	-0.0164	0.0180	-0.0001	-0.0184	0.9807	-0.1945
10.000	4.9489	0.0235	-0.0346	0.0332	-0.0008	-0.0365	0.9241	-0.3795
15.000	5.0529	0.0520	-0.0558	0.0433	-0.0025	-0.0538	0.8335	-0.5463
20.000	5.2025	0.0901	-0.0807	0.0467	-0.0060	-0.0697	0.7143	-0.6873
25.000	5.4005	0.1359	-0.1087	0.0428	-0.0120	-0.0837	0.5739	-0.7969
30.000	5.6484	0.1872	-0.1387	0.0324	-0.0211	-0.0950	0.4203	-0.8721
35.000	5.9460	0.2414	-0.1689	0.0166	-0.0332	-0.1033	0.2620	-0.9127
40.000	6.2899	0.2959	-0.1973	-0.0025	-0.0481	-0.1081	0.1067	-0.9209
45.000	6.6733	0.3486	-0.2221	-0.0231	-0.0651	-0.1095	-0.0395	-0.9011
50.000	7.0857	0.3976	-0.2421	-0.0433	-0.0833	-0.1074	-0.1724	-0.8585
55.000	7.5124	0.4419	-0.2567	-0.0619	-0.1017	-0.1024	-0.2897	-0.7987
60.000	7.9355	0.4810	-0.2657	-0.0780	-0.1194	-0.0948	-0.3905	-0.7269
65.000	8.3345	0.5149	-0.2694	-0.0913	-0.1357	-0.0852	-0.4751	-0.6475
70.000	8.6876	0.5438	-0.2683	-0.1017	-0.1500	-0.0740	-0.5448	-0.5638
75.000	8.9732	0.5682	-0.2631	-0.1093	-0.1618	-0.0619	-0.6009	-0.4784
80.000	9.1711	0.5887	-0.2542	-0.1143	-0.1709	-0.0493	-0.6448	-0.3930
85.000	9.2647	0.6059	-0.2423	-0.1169	-0.1771	-0.0366	-0.6781	-0.3087
90.000	9.2415	0.6204	-0.2277	-0.1175	-0.1804	-0.0242	-0.7020	-0.2262
95.000	9.0949	0.6327	-0.2106	-0.1160	-0.1807	-0.0127	-0.7175	-0.1457
100.000	8.8241	0.6431	-0.1911	-0.1126	-0.1780	-0.0022	-0.7255	-0.0673
105.000	8.4346	0.6520	-0.1691	-0.1071	-0.1725	0.0065	-0.7266	0.0091
110.000	7.9373	0.6594	-0.1445	-0.0995	-0.1642	0.0132	-0.7212	0.0837
115.000	7.3483	0.6653	-0.1168	-0.0895	-0.1533	0.0172	-0.7095	0.1569
120.000	6.6874	0.6694	-0.0855	-0.0769	-0.1401	0.0180	-0.6914	0.2291
125.000	5.9770	0.6714	-0.0502	-0.0613	-0.1248	0.0149	-0.6664	0.3009
130.000	5.2406	0.6704	-0.0101	-0.0423	-0.1078	0.0074	-0.6335	0.3731
135.000	4.5019	0.6653	0.0354	-0.0195	-0.0896	-0.0052	-0.5909	0.4464
140.000	3.7834	0.6542	0.0870	0.0074	-0.0709	-0.0235	-0.5355	0.5217
145.000	3.1056	0.6344	0.1449	0.0385	-0.0523	-0.0477	-0.4625	0.5993
150.000	2.4864	0.6019	0.2084	0.0736	-0.0348	-0.0776	-0.3642	0.6781
155.000	1.9408	0.5506	0.2748	0.1111	-0.0195	-0.1118	-0.2289	0.7539
160.000	1.4805	0.4724	0.3364	0.1469	-0.0074	-0.1460	-0.0406	0.8138
165.000	1.1145	0.3592	0.3745	0.1717	0.0002	-0.1705	0.2172	0.8270
170.000	0.8490	0.2122	0.3534	0.1669	0.0026	-0.1663	0.5413	0.7330
175.000	0.6882	0.0659	0.2278	0.1093	0.0013	-0.1092	0.8582	0.4554
180.000	0.6344	0.0000	0.0001	0.0002	0.0000	-0.0002	1.0000	0.0001
