0.000	0.6504	0.0000	0.0000	0.0000	0.0000	0.0000	1.0000	0.0000
5.000	0.6544	0.0035	0.0430	0.0075	-0.0002	-0.0075	0.9754	-0.2160
10.000	0.6665	0.0137	0.0846	0.0146	-0.0008	-0.0145	0.9041	-0.4186
15.000	0.6861	0.0295	0.1236	0.0212	-0.0016	-0.0209	0.7925	-0.5965
20.000	0.7128	0.0493	0.1591	0.0269	-0.0027	-0.0263	0.6500	-0.7415
25.000	0.7458	0.0714	0.1907	0.0319	-0.0039	-0.0307	0.4867	-0.8495
30.000	0.7841	0.0942	0.2185	0.0359	-0.0051	-0.0340	0.3127	-0.9196
35.000	0.8268	0.1164	0.2428	0.0392	-0.0063	-0.0364	0.1365	-0.9534
40.000	0.8726	0.1370	0.2639	0.0418	-0.0073	-0.0379	-0.0353	-0.9542
45.000	0.9206	0.1553	0.2824	0.0438	-0.0082	-0.0388	-0.1976	-0.9260
50.000	0.9694	0.1710	0.2988	0.0453	-0.0089	-0.0390	-0.3470	-0.8726
55.000	1.0181	0.1839	0.3135	0.0465	-0.0094	-0.0388	-0.4810	-0.7982
60.000	1.0655	0.1939	0.3267	0.0473	-0.0097	-0.0383	-0.5980	-0.7062
65.000	1.1108	0.2011	0.3388	0.0478	-0.0097	-0.0375	-0.6970	-0.5997
70.000	1.1530	0.2057	0.3499	0.0481	-0.0096	-0.0367	-0.7772	-0.4817
75.000	1.1915	0.2077	0.3601	0.0482	-0.0093	-0.0357	-0.8380	-0.3547
80.000	1.2256	0.2074	0.3692	0.0480	-0.0088	-0.0347	-0.8790	-0.2212
85.000	1.2549	0.2048	0.3774	0.0477	-0.0081	-0.0337	-0.8998	-0.0837
90.000	1.2791	0.2001	0.3844	0.0471	-0.0074	-0.0327	-0.9001	0.0557
95.000	1.2980	0.1935	0.3900	0.0462	-0.0065	-0.0318	-0.8797	0.1942
100.000	1.3116	0.1850	0.3940	0.0451	-0.0056	-0.0309	-0.8385	0.3294
105.000	1.3201	0.1749	0.3960	0.0438	-0.0047	-0.0300	-0.7767	0.4586
110.000	1.3236	0.1632	0.3958	0.0422	-0.0037	-0.0292	-0.6948	0.5787
115.000	1.3228	0.1503	0.3930	0.0403	-0.0028	-0.0284	-0.5936	0.6866
120.000	1.3180	0.1362	0.3871	0.0382	-0.0020	-0.0275	-0.4744	0.7793
125.000	1.3099	0.1212	0.3778	0.0358	-0.0012	-0.0265	-0.3392	0.8533
130.000	1.2993	0.1057	0.3645	0.0331	-0.0006	-0.0253	-0.1906	0.9056
135.000	1.2869	0.0899	0.3470	0.0303	-0.0001	-0.0240	-0.0321	0.9332
140.000	1.2734	0.0743	0.3250	0.0273	0.0002	-0.0224	0.1321	0.9336
145.000	1.2595	0.0592	0.2983	0.0241	0.0004	-0.0206	0.2970	0.9052
150.000	1.2461	0.0450	0.2668	0.0208	0.0005	-0.0184	0.4571	0.8473
155.000	1.2336	0.0322	0.2307	0.0175	0.0004	-0.0160	0.6064	0.7603
160.000	1.2227	0.0211	0.1904	0.0140	0.0004	-0.0132	0.7389	0.6460
165.000	1.2137	0.0121	0.1464	0.0105	0.0002	-0.0102	0.8490	0.5077
170.000	1.2070	0.0055	0.0993	0.0070	0.0001	-0.0069	0.9315	0.3499
175.000	1.2029	0.0014	0.0502	0.0035	0.0000	-0.0035	0.9827	0.1785
180.000	1.2016	0.0000	0.0000	0.0000	0.0000	0.0000	1.0000	0.0000
