0.000	12.5262	0.0000	0.0000	0.0000	0.0000	0.0000	1.0000	0.0000
5.000	12.6758	0.0100	-0.0457	-0.0049	-0.0016	0.0050	0.9663	-0.2531
10.000	13.1199	0.0384	-0.0869	-0.0092	-0.0059	0.0100	0.8708	-0.4824
15.000	13.8439	0.0808	-0.1201	-0.0125	-0.0121	0.0150	0.7279	-0.6701
20.000	14.8240	0.1317	-0.1438	-0.0147	-0.0192	0.0201	0.5563	-0.8075
25.000	16.0282	0.1859	-0.1578	-0.0155	-0.0260	0.0250	0.3734	-0.8945
30.000	17.4170	0.2394	-0.1631	-0.0150	-0.0318	0.0298	0.1928	-0.9366
35.000	18.9453	0.2894	-0.1611	-0.0135	-0.0360	0.0343	0.0233	-0.9421
40.000	20.5631	0.3345	-0.1533	-0.0109	-0.0386	0.0384	-0.1303	-0.9191
45.000	22.2181	0.3744	-0.1411	-0.0073	-0.0392	0.0419	-0.2661	-0.8751
50.000	23.8565	0.4088	-0.1254	-0.0029	-0.0381	0.0448	-0.3843	-0.8161
55.000	25.4254	0.4382	-0.1069	0.0023	-0.0353	0.0470	-0.4856	-0.7465
60.000	26.8745	0.4630	-0.0862	0.0084	-0.0308	0.0484	-0.5716	-0.6695
65.000	28.1571	0.4835	-0.0637	0.0152	-0.0249	0.0488	-0.6436	-0.5875
70.000	29.2324	0.5003	-0.0396	0.0228	-0.0177	0.0480	-0.7029	-0.5019
75.000	30.0658	0.5136	-0.0139	0.0313	-0.0092	0.0461	-0.7507	-0.4138
80.000	30.6309	0.5237	0.0132	0.0405	0.0003	0.0428	-0.7878	-0.3237
85.000	30.9094	0.5307	0.0417	0.0505	0.0106	0.0379	-0.8147	-0.2319
90.000	30.8922	0.5349	0.0716	0.0613	0.0217	0.0313	-0.8318	-0.1387
95.000	30.5792	0.5361	0.1029	0.0729	0.0332	0.0229	-0.8389	-0.0441
100.000	29.9793	0.5344	0.1356	0.0852	0.0449	0.0125	-0.8357	0.0519
105.000	29.1100	0.5294	0.1696	0.0982	0.0565	0.0000	-0.8217	0.1490
110.000	27.9971	0.5211	0.2046	0.1116	0.0675	-0.0147	-0.7958	0.2471
115.000	26.6734	0.5089	0.2405	0.1255	0.0777	-0.0314	-0.7566	0.3456
120.000	25.1778	0.4925	0.2768	0.1396	0.0865	-0.0500	-0.7025	0.4437
125.000	23.5541	0.4712	0.3127	0.1534	0.0934	-0.0701	-0.6315	0.5397
130.000	21.8497	0.4445	0.3472	0.1666	0.0978	-0.0913	-0.5413	0.6315
135.000	20.1140	0.4117	0.3786	0.1784	0.0991	-0.1126	-0.4294	0.7156
140.000	18.3970	0.3722	0.4047	0.1879	0.0969	-0.1326	-0.2940	0.7871
145.000	16.7475	0.3258	0.4223	0.1936	0.0906	-0.1497	-0.1340	0.8393
150.000	15.2123	0.2727	0.4274	0.1939	0.0803	-0.1613	0.0497	0.8635
155.000	13.8343	0.2144	0.4153	0.1868	0.0661	-0.1648	0.2523	0.8493
160.000	12.6516	0.1536	0.3809	0.1701	0.0492	-0.1573	0.4638	0.7861
165.000	11.6968	0.0952	0.3205	0.1424	0.0314	-0.1363	0.6675	0.6659
170.000	10.9958	0.0456	0.2333	0.1032	0.0153	-0.1013	0.8406	0.4868
175.000	10.5675	0.0120	0.1233	0.0544	0.0041	-0.0542	0.9582	0.2579
180.000	10.4234	0.0000	0.0000	0.0000	0.0000	0.0000	1.0000	0.0000
