0.000	7.8702	0.0000	0.0000	0.0000	0.0000	0.0000	1.0000	0.0000
5.000	7.9366	0.0089	-0.0343	0.0036	-0.0008	-0.0038	0.9728	-0.2289
10.000	8.1349	0.0347	-0.0675	0.0057	-0.0032	-0.0075	0.8945	-0.4406
15.000	8.4613	0.0745	-0.0986	0.0054	-0.0070	-0.0108	0.7741	-0.6207
20.000	8.9097	0.1243	-0.1266	0.0021	-0.0123	-0.0137	0.6243	-0.7606
25.000	9.4709	0.1798	-0.1508	-0.0038	-0.0187	-0.0160	0.4583	-0.8569
30.000	10.1323	0.2372	-0.1706	-0.0117	-0.0260	-0.0176	0.2881	-0.9115
35.000	10.8777	0.2934	-0.1856	-0.0207	-0.0339	-0.0184	0.1231	-0.9291
40.000	11.6868	0.3463	-0.1956	-0.0298	-0.0421	-0.0185	-0.0304	-0.9163
45.000	12.5359	0.3944	-0.2008	-0.0380	-0.0502	-0.0178	-0.1687	-0.8799
50.000	13.3977	0.4373	-0.2013	-0.0449	-0.0579	-0.0164	-0.2904	-0.8260
55.000	14.2423	0.4748	-0.1973	-0.0500	-0.0650	-0.0145	-0.3952	-0.7599
60.000	15.0383	0.5071	-0.1893	-0.0531	-0.0712	-0.0122	-0.4841	-0.6857
65.000	15.7537	0.5346	-0.1776	-0.0542	-0.0762	-0.0097	-0.5584	-0.6066
70.000	16.3577	0.5577	-0.1627	-0.0532	-0.0799	-0.0071	-0.6194	-0.5247
75.000	16.8223	0.5769	-0.1448	-0.0504	-0.0821	-0.0047	-0.6687	-0.4415
80.000	17.1233	0.5926	-0.1243	-0.0459	-0.0827	-0.0026	-0.7074	-0.3581
85.000	17.2425	0.6053	-0.1013	-0.0398	-0.0816	-0.0012	-0.7367	-0.2748
90.000	17.1681	0.6152	-0.0759	-0.0321	-0.0789	-0.0007	-0.7574	-0.1920
95.000	16.8958	0.6227	-0.0483	-0.0229	-0.0744	-0.0014	-0.7700	-0.1096
100.000	16.4289	0.6277	-0.0182	-0.0123	-0.0683	-0.0035	-0.7749	-0.0274
105.000	15.7785	0.6302	0.0142	-0.0002	-0.0606	-0.0075	-0.7719	0.0548
110.000	14.9624	0.6302	0.0494	0.0136	-0.0514	-0.0137	-0.7609	0.1372
115.000	14.0047	0.6272	0.0873	0.0291	-0.0410	-0.0224	-0.7410	0.2203
120.000	12.9345	0.6208	0.1282	0.0464	-0.0297	-0.0340	-0.7112	0.3041
125.000	11.7842	0.6102	0.1722	0.0656	-0.0177	-0.0487	-0.6697	0.3888
130.000	10.5884	0.5944	0.2191	0.0867	-0.0057	-0.0666	-0.6141	0.4739
135.000	9.3825	0.5719	0.2684	0.1093	0.0059	-0.0876	-0.5414	0.5587
140.000	8.2011	0.5409	0.3188	0.1331	0.0162	-0.1113	-0.4472	0.6410
145.000	7.0770	0.4993	0.3680	0.1567	0.0245	-0.1365	-0.3265	0.7170
150.000	6.0404	0.4447	0.4114	0.1782	0.0297	-0.1609	-0.1736	0.7796
155.000	5.1180	0.3751	0.4418	0.1941	0.0311	-0.1807	0.0160	0.8172
160.000	4.3324	0.2903	0.4479	0.1989	0.0281	-0.1901	0.2423	0.8118
165.000	3.7024	0.1946	0.4147	0.1858	0.0211	-0.1811	0.4943	0.7397
170.000	3.2422	0.1001	0.3279	0.1478	0.0117	-0.1461	0.7408	0.5780
175.000	2.9621	0.0276	0.1835	0.0830	0.0034	-0.0828	0.9286	0.3213
180.000	2.8680	0.0000	0.0001	0.0001	0.0000	-0.0001	1.0000	0.0001
