0.000	12.1369	0.0000	0.0000	0.0000	0.0000	0.0000	1.0000	0.0000
5.000	12.2808	0.0103	-0.0504	-0.0044	-0.0018	0.0045	0.9667	-0.2508
10.000	12.7080	0.0394	-0.0962	-0.0084	-0.0070	0.0091	0.8722	-0.4779
15.000	13.4043	0.0829	-0.1338	-0.0117	-0.0145	0.0140	0.7309	-0.6639
20.000	14.3469	0.1353	-0.1615	-0.0141	-0.0230	0.0191	0.5610	-0.8002
25.000	15.5050	0.1911	-0.1790	-0.0156	-0.0314	0.0244	0.3799	-0.8865
30.000	16.8405	0.2463	-0.1873	-0.0161	-0.0388	0.0298	0.2010	-0.9283
35.000	18.3095	0.2981	-0.1879	-0.0156	-0.0445	0.0350	0.0333	-0.9337
40.000	19.8637	0.3451	-0.1820	-0.0141	-0.0483	0.0399	-0.1187	-0.9110
45.000	21.4519	0.3867	-0.1713	-0.0117	-0.0500	0.0443	-0.2530	-0.8676
50.000	23.0219	0.4229	-0.1566	-0.0083	-0.0496	0.0481	-0.3697	-0.8095
55.000	24.5216	0.4541	-0.1389	-0.0039	-0.0473	0.0513	-0.4696	-0.7410
60.000	25.9015	0.4806	-0.1187	0.0013	-0.0431	0.0535	-0.5542	-0.6656
65.000	27.1154	0.5029	-0.0965	0.0075	-0.0372	0.0548	-0.6250	-0.5855
70.000	28.1228	0.5215	-0.0725	0.0147	-0.0298	0.0549	-0.6833	-0.5022
75.000	28.8894	0.5366	-0.0469	0.0228	-0.0210	0.0538	-0.7303	-0.4168
80.000	29.3887	0.5485	-0.0198	0.0320	-0.0110	0.0511	-0.7670	-0.3298
85.000	29.6024	0.5575	0.0088	0.0421	0.0001	0.0468	-0.7939	-0.2415
90.000	29.5214	0.5637	0.0390	0.0532	0.0121	0.0407	-0.8115	-0.1522
95.000	29.1458	0.5670	0.0708	0.0653	0.0247	0.0325	-0.8199	-0.0617
100.000	28.4850	0.5674	0.1043	0.0784	0.0377	0.0221	-0.8188	0.0298
105.000	27.5571	0.5647	0.1394	0.0924	0.0508	0.0093	-0.8078	0.1224
110.000	26.3886	0.5587	0.1761	0.1074	0.0637	-0.0060	-0.7859	0.2160
115.000	25.0130	0.5488	0.2142	0.1231	0.0758	-0.0239	-0.7520	0.3104
120.000	23.4703	0.5345	0.2534	0.1395	0.0868	-0.0442	-0.7043	0.4049
125.000	21.8050	0.5153	0.2931	0.1562	0.0960	-0.0667	-0.6408	0.4986
130.000	20.0648	0.4902	0.3322	0.1727	0.1028	-0.0909	-0.5592	0.5896
135.000	18.2994	0.4584	0.3692	0.1883	0.1065	-0.1159	-0.4565	0.6752
140.000	16.5586	0.4190	0.4019	0.2019	0.1063	-0.1404	-0.3300	0.7508
145.000	14.8907	0.3713	0.4270	0.2120	0.1016	-0.1624	-0.1777	0.8102
150.000	13.3417	0.3151	0.4400	0.2165	0.0919	-0.1792	0.0011	0.8446
155.000	11.9538	0.2514	0.4352	0.2127	0.0774	-0.1872	0.2035	0.8427
160.000	10.7644	0.1830	0.4062	0.1975	0.0588	-0.1823	0.4206	0.7918
165.000	9.8050	0.1151	0.3474	0.1683	0.0382	-0.1610	0.6357	0.6804
170.000	9.1012	0.0558	0.2563	0.1239	0.0190	-0.1215	0.8233	0.5036
175.000	8.6713	0.0148	0.1367	0.0660	0.0051	-0.0657	0.9533	0.2691
180.000	8.5267	0.0000	0.0000	0.0001	0.0000	-0.0001	1.0000	0.0000
