0.000	12.1956	0.0000	0.0000	0.0000	0.0000	0.0000	1.0000	0.0000
5.000	12.3384	0.0104	-0.0379	-0.0026	-0.0010	0.0025	0.9668	-0.2524
10.000	12.7621	0.0398	-0.0728	-0.0054	-0.0038	0.0050	0.8727	-0.4811
15.000	13.4532	0.0838	-0.1026	-0.0087	-0.0079	0.0073	0.7318	-0.6685
20.000	14.3894	0.1368	-0.1258	-0.0123	-0.0128	0.0096	0.5621	-0.8059
25.000	15.5403	0.1934	-0.1421	-0.0159	-0.0179	0.0116	0.3809	-0.8928
30.000	16.8690	0.2493	-0.1518	-0.0194	-0.0227	0.0135	0.2016	-0.9348
35.000	18.3324	0.3017	-0.1556	-0.0222	-0.0269	0.0152	0.0332	-0.9398
40.000	19.8832	0.3493	-0.1542	-0.0240	-0.0304	0.0167	-0.1196	-0.9161
45.000	21.4711	0.3913	-0.1483	-0.0247	-0.0329	0.0180	-0.2547	-0.8714
50.000	23.0445	0.4277	-0.1383	-0.0241	-0.0345	0.0189	-0.3721	-0.8115
55.000	24.5523	0.4589	-0.1249	-0.0220	-0.0352	0.0195	-0.4727	-0.7412
60.000	25.9449	0.4852	-0.1083	-0.0185	-0.0348	0.0196	-0.5578	-0.6637
65.000	27.1767	0.5072	-0.0890	-0.0136	-0.0335	0.0192	-0.6288	-0.5815
70.000	28.2066	0.5252	-0.0671	-0.0073	-0.0313	0.0181	-0.6872	-0.4962
75.000	29.0000	0.5397	-0.0429	0.0002	-0.0281	0.0161	-0.7340	-0.4088
80.000	29.5296	0.5509	-0.0165	0.0088	-0.0240	0.0133	-0.7702	-0.3200
85.000	29.7761	0.5591	0.0119	0.0185	-0.0190	0.0094	-0.7964	-0.2300
90.000	29.7295	0.5644	0.0423	0.0292	-0.0132	0.0043	-0.8130	-0.1391
95.000	29.3887	0.5667	0.0744	0.0407	-0.0067	-0.0022	-0.8202	-0.0473
100.000	28.7618	0.5661	0.1082	0.0530	0.0005	-0.0101	-0.8176	0.0453
105.000	27.8660	0.5624	0.1436	0.0660	0.0081	-0.0197	-0.8048	0.1389
110.000	26.7268	0.5552	0.1805	0.0797	0.0159	-0.0310	-0.7810	0.2332
115.000	25.3772	0.5443	0.2185	0.0939	0.0237	-0.0441	-0.7448	0.3279
120.000	23.8565	0.5290	0.2574	0.1085	0.0313	-0.0589	-0.6948	0.4224
125.000	22.2092	0.5088	0.2965	0.1232	0.0381	-0.0752	-0.6289	0.5155
130.000	20.4831	0.4828	0.3347	0.1376	0.0438	-0.0927	-0.5448	0.6054
135.000	18.7282	0.4502	0.3707	0.1513	0.0479	-0.1106	-0.4397	0.6891
140.000	16.9947	0.4103	0.4020	0.1631	0.0499	-0.1280	-0.3112	0.7622
145.000	15.3319	0.3624	0.4256	0.1720	0.0492	-0.1432	-0.1575	0.8182
150.000	13.7862	0.3065	0.4369	0.1760	0.0457	-0.1542	0.0217	0.8484
155.000	12.4004	0.2436	0.4306	0.1731	0.0392	-0.1580	0.2228	0.8421
160.000	11.2123	0.1765	0.4004	0.1607	0.0302	-0.1517	0.4370	0.7871
165.000	10.2539	0.1106	0.3413	0.1368	0.0198	-0.1325	0.6474	0.6730
170.000	9.5507	0.0535	0.2510	0.1006	0.0099	-0.0992	0.8296	0.4961
175.000	9.1213	0.0141	0.1336	0.0535	0.0027	-0.0533	0.9550	0.2644
180.000	8.9768	0.0000	0.0000	0.0001	0.0000	-0.0001	1.0000	0.0000
