0.000	4.7233	0.0000	0.0000	0.0000	0.0000	0.0000	1.0000	0.0000
5.000	4.7748	0.0084	-0.0112	-0.0020	0.0003	0.0019	0.9679	-0.2510
10.000	4.9271	0.0323	-0.0211	-0.0042	0.0010	0.0034	0.8765	-0.4798
15.000	5.1732	0.0677	-0.0286	-0.0068	0.0023	0.0044	0.7389	-0.6698
20.000	5.5025	0.1099	-0.0331	-0.0096	0.0040	0.0048	0.5717	-0.8124
25.000	5.9013	0.1544	-0.0342	-0.0126	0.0062	0.0043	0.3906	-0.9069
30.000	6.3536	0.1976	-0.0317	-0.0152	0.0087	0.0032	0.2084	-0.9574
35.000	6.8425	0.2372	-0.0257	-0.0173	0.0115	0.0013	0.0333	-0.9706
40.000	7.3513	0.2722	-0.0163	-0.0184	0.0145	-0.0012	-0.1295	-0.9534
45.000	7.8638	0.3022	-0.0036	-0.0183	0.0176	-0.0044	-0.2775	-0.9120
50.000	8.3655	0.3273	0.0123	-0.0169	0.0207	-0.0081	-0.4096	-0.8513
55.000	8.8438	0.3477	0.0311	-0.0140	0.0237	-0.0123	-0.5255	-0.7756
60.000	9.2875	0.3640	0.0525	-0.0098	0.0265	-0.0170	-0.6252	-0.6877
65.000	9.6877	0.3766	0.0764	-0.0042	0.0291	-0.0222	-0.7089	-0.5903
70.000	10.0365	0.3859	0.1022	0.0026	0.0313	-0.0279	-0.7768	-0.4853
75.000	10.3275	0.3920	0.1297	0.0103	0.0332	-0.0339	-0.8289	-0.3746
80.000	10.5555	0.3952	0.1583	0.0187	0.0347	-0.0402	-0.8654	-0.2596
85.000	10.7160	0.3957	0.1877	0.0276	0.0360	-0.0469	-0.8862	-0.1418
90.000	10.8059	0.3933	0.2174	0.0368	0.0369	-0.0537	-0.8914	-0.0226
95.000	10.8234	0.3880	0.2471	0.0460	0.0375	-0.0607	-0.8810	0.0969
100.000	10.7687	0.3796	0.2762	0.0551	0.0378	-0.0678	-0.8545	0.2152
105.000	10.6438	0.3681	0.3045	0.0639	0.0379	-0.0748	-0.8119	0.3311
110.000	10.4534	0.3533	0.3313	0.0723	0.0378	-0.0818	-0.7525	0.4431
115.000	10.2045	0.3350	0.3561	0.0801	0.0373	-0.0883	-0.6758	0.5491
120.000	9.9069	0.3132	0.3781	0.0872	0.0365	-0.0944	-0.5812	0.6469
125.000	9.5719	0.2879	0.3964	0.0933	0.0353	-0.0996	-0.4686	0.7335
130.000	9.2126	0.2593	0.4095	0.0981	0.0335	-0.1036	-0.3379	0.8054
135.000	8.8427	0.2279	0.4161	0.1013	0.0311	-0.1060	-0.1903	0.8583
140.000	8.4759	0.1944	0.4144	0.1024	0.0280	-0.1062	-0.0282	0.8877
145.000	8.1249	0.1596	0.4028	0.1009	0.0242	-0.1038	0.1446	0.8889
150.000	7.8011	0.1249	0.3798	0.0962	0.0199	-0.0984	0.3221	0.8577
155.000	7.5139	0.0916	0.3441	0.0881	0.0153	-0.0895	0.4967	0.7912
160.000	7.2707	0.0614	0.2954	0.0763	0.0107	-0.0771	0.6591	0.6887
165.000	7.0769	0.0358	0.2344	0.0610	0.0064	-0.0614	0.7993	0.5520
170.000	6.9363	0.0163	0.1629	0.0426	0.0030	-0.0427	0.9078	0.3861
175.000	6.8511	0.0041	0.0835	0.0219	0.0008	-0.0219	0.9765	0.1988
180.000	6.8225	0.0000	0.0000	0.0000	0.0000	0.0000	1.0000	0.0000
