0.000	0.3255	0.0000	0.0000	0.0000	0.0000	0.0000	1.0000	0.0000
5.000	0.3270	-0.0005	0.0559	0.0004	-0.0003	-0.0004	0.9773	-0.2043
10.000	0.3315	-0.0018	0.1103	0.0009	-0.0011	-0.0007	0.9110	-0.3973
15.000	0.3389	-0.0038	0.1617	0.0014	-0.0023	-0.0008	0.8063	-0.5690
20.000	0.3491	-0.0062	0.2092	0.0018	-0.0038	-0.0006	0.6704	-0.7119
25.000	0.3617	-0.0089	0.2520	0.0022	-0.0053	-0.0001	0.5122	-0.8210
30.000	0.3766	-0.0116	0.2899	0.0025	-0.0069	0.0007	0.3407	-0.8943
35.000	0.3935	-0.0143	0.3230	0.0028	-0.0083	0.0019	0.1640	-0.9319
40.000	0.4120	-0.0172	0.3515	0.0028	-0.0094	0.0034	-0.0107	-0.9359
45.000	0.4318	-0.0201	0.3758	0.0027	-0.0102	0.0052	-0.1776	-0.9092
50.000	0.4527	-0.0233	0.3964	0.0023	-0.0108	0.0071	-0.3323	-0.8554
55.000	0.4742	-0.0269	0.4136	0.0018	-0.0110	0.0092	-0.4714	-0.7784
60.000	0.4960	-0.0307	0.4279	0.0011	-0.0110	0.0113	-0.5924	-0.6818
65.000	0.5177	-0.0348	0.4395	0.0002	-0.0108	0.0134	-0.6936	-0.5694
70.000	0.5391	-0.0388	0.4489	-0.0008	-0.0104	0.0155	-0.7740	-0.4446
75.000	0.5598	-0.0427	0.4560	-0.0019	-0.0099	0.0174	-0.8327	-0.3107
80.000	0.5795	-0.0461	0.4611	-0.0031	-0.0093	0.0191	-0.8692	-0.1708
85.000	0.5978	-0.0489	0.4643	-0.0043	-0.0086	0.0206	-0.8836	-0.0280
90.000	0.6146	-0.0508	0.4655	-0.0055	-0.0078	0.0218	-0.8758	0.1148
95.000	0.6297	-0.0519	0.4646	-0.0067	-0.0070	0.0227	-0.8462	0.2548
100.000	0.6429	-0.0520	0.4615	-0.0079	-0.0061	0.0232	-0.7952	0.3890
105.000	0.6542	-0.0512	0.4562	-0.0091	-0.0052	0.0234	-0.7238	0.5147
110.000	0.6636	-0.0497	0.4482	-0.0102	-0.0042	0.0233	-0.6329	0.6289
115.000	0.6712	-0.0474	0.4375	-0.0112	-0.0033	0.0229	-0.5242	0.7288
120.000	0.6771	-0.0447	0.4238	-0.0120	-0.0024	0.0222	-0.3996	0.8114
125.000	0.6815	-0.0414	0.4068	-0.0127	-0.0015	0.0212	-0.2615	0.8741
130.000	0.6846	-0.0378	0.3864	-0.0131	-0.0008	0.0200	-0.1130	0.9145
135.000	0.6865	-0.0337	0.3623	-0.0132	-0.0002	0.0186	0.0424	0.9304
140.000	0.6875	-0.0293	0.3345	-0.0130	0.0002	0.0170	0.2004	0.9203
145.000	0.6879	-0.0246	0.3030	-0.0125	0.0005	0.0153	0.3566	0.8834
150.000	0.6877	-0.0197	0.2678	-0.0116	0.0006	0.0134	0.5061	0.8196
155.000	0.6871	-0.0148	0.2292	-0.0103	0.0006	0.0114	0.6438	0.7299
160.000	0.6865	-0.0101	0.1875	-0.0087	0.0005	0.0093	0.7647	0.6164
165.000	0.6858	-0.0060	0.1432	-0.0068	0.0003	0.0071	0.8643	0.4821
170.000	0.6852	-0.0028	0.0967	-0.0047	0.0002	0.0048	0.9386	0.3312
175.000	0.6848	-0.0007	0.0487	-0.0024	0.0000	0.0024	0.9845	0.1686
180.000	0.6846	0.0000	0.0000	0.0000	0.0000	0.0000	1.0000	0.0000
