0.000	0.1750	0.0000	0.0000	0.0000	0.0000	0.0000	1.0000	0.0000
5.000	0.1757	0.0012	0.0681	0.0056	-0.0003	-0.0056	0.9782	-0.1964
10.000	0.1781	0.0045	0.1342	0.0110	-0.0010	-0.0110	0.9143	-0.3822
15.000	0.1819	0.0098	0.1965	0.0160	-0.0021	-0.0158	0.8132	-0.5478
20.000	0.1871	0.0165	0.2535	0.0203	-0.0036	-0.0200	0.6818	-0.6860
25.000	0.1935	0.0240	0.3045	0.0239	-0.0054	-0.0233	0.5285	-0.7921
30.000	0.2011	0.0319	0.3491	0.0267	-0.0072	-0.0258	0.3618	-0.8638
35.000	0.2096	0.0396	0.3873	0.0288	-0.0091	-0.0274	0.1898	-0.9013
40.000	0.2189	0.0468	0.4195	0.0301	-0.0110	-0.0283	0.0193	-0.9063
45.000	0.2287	0.0531	0.4462	0.0308	-0.0127	-0.0284	-0.1440	-0.8817
50.000	0.2388	0.0583	0.4680	0.0309	-0.0142	-0.0279	-0.2957	-0.8307
55.000	0.2491	0.0625	0.4856	0.0304	-0.0155	-0.0270	-0.4324	-0.7572
60.000	0.2593	0.0654	0.4994	0.0296	-0.0166	-0.0256	-0.5519	-0.6646
65.000	0.2692	0.0671	0.5100	0.0284	-0.0175	-0.0239	-0.6524	-0.5565
70.000	0.2787	0.0678	0.5179	0.0269	-0.0181	-0.0220	-0.7327	-0.4362
75.000	0.2876	0.0674	0.5232	0.0251	-0.0185	-0.0200	-0.7921	-0.3068
80.000	0.2958	0.0660	0.5262	0.0232	-0.0186	-0.0178	-0.8302	-0.1712
85.000	0.3032	0.0639	0.5270	0.0211	-0.0185	-0.0156	-0.8467	-0.0323
90.000	0.3097	0.0610	0.5257	0.0189	-0.0181	-0.0134	-0.8416	0.1071
95.000	0.3152	0.0576	0.5222	0.0166	-0.0176	-0.0112	-0.8150	0.2442
100.000	0.3197	0.0536	0.5164	0.0143	-0.0169	-0.0091	-0.7673	0.3763
105.000	0.3233	0.0493	0.5081	0.0121	-0.0159	-0.0072	-0.6992	0.5003
110.000	0.3259	0.0447	0.4973	0.0098	-0.0149	-0.0053	-0.6117	0.6135
115.000	0.3276	0.0399	0.4836	0.0077	-0.0137	-0.0036	-0.5063	0.7128
120.000	0.3285	0.0351	0.4668	0.0057	-0.0124	-0.0021	-0.3847	0.7955
125.000	0.3287	0.0303	0.4467	0.0039	-0.0110	-0.0008	-0.2494	0.8586
130.000	0.3283	0.0256	0.4231	0.0022	-0.0096	0.0003	-0.1033	0.8998
135.000	0.3274	0.0211	0.3958	0.0009	-0.0081	0.0011	0.0499	0.9167
140.000	0.3262	0.0169	0.3647	-0.0003	-0.0067	0.0018	0.2062	0.9078
145.000	0.3247	0.0131	0.3297	-0.0011	-0.0053	0.0022	0.3609	0.8722
150.000	0.3232	0.0097	0.2911	-0.0017	-0.0040	0.0024	0.5092	0.8098
155.000	0.3217	0.0068	0.2488	-0.0019	-0.0029	0.0024	0.6460	0.7216
160.000	0.3203	0.0044	0.2034	-0.0019	-0.0019	0.0021	0.7662	0.6096
165.000	0.3191	0.0025	0.1551	-0.0017	-0.0011	0.0018	0.8652	0.4769
170.000	0.3182	0.0011	0.1047	-0.0012	-0.0005	0.0013	0.9390	0.3276
175.000	0.3176	0.0003	0.0528	-0.0006	-0.0001	0.0006	0.9846	0.1668
180.000	0.3174	0.0000	0.0000	0.0000	0.0000	0.0000	1.0000	0.0000
