0.000	0.9285	0.0000	0.0000	0.0000	0.0000	0.0000	1.0000	0.0000
5.000	0.9349	0.0043	0.0347	0.0070	-0.0002	-0.0070	0.9745	-0.2218
10.000	0.9540	0.0168	0.0682	0.0136	-0.0006	-0.0135	0.9005	-0.4291
15.000	0.9852	0.0360	0.0997	0.0197	-0.0014	-0.0194	0.7855	-0.6098
20.000	1.0274	0.0598	0.1286	0.0250	-0.0022	-0.0244	0.6395	-0.7556
25.000	1.0794	0.0862	0.1545	0.0295	-0.0032	-0.0284	0.4737	-0.8627
30.000	1.1396	0.1132	0.1778	0.0333	-0.0041	-0.0315	0.2984	-0.9309
35.000	1.2063	0.1392	0.1986	0.0365	-0.0049	-0.0337	0.1223	-0.9625
40.000	1.2776	0.1630	0.2174	0.0391	-0.0055	-0.0352	-0.0483	-0.9613
45.000	1.3516	0.1841	0.2346	0.0413	-0.0060	-0.0361	-0.2087	-0.9316
50.000	1.4265	0.2020	0.2506	0.0432	-0.0063	-0.0365	-0.3558	-0.8777
55.000	1.5006	0.2166	0.2658	0.0448	-0.0063	-0.0366	-0.4875	-0.8034
60.000	1.5723	0.2280	0.2803	0.0463	-0.0061	-0.0364	-0.6025	-0.7122
65.000	1.6401	0.2363	0.2943	0.0477	-0.0058	-0.0362	-0.6999	-0.6072
70.000	1.7027	0.2416	0.3078	0.0490	-0.0052	-0.0358	-0.7791	-0.4909
75.000	1.7590	0.2441	0.3208	0.0501	-0.0045	-0.0355	-0.8396	-0.3659
80.000	1.8082	0.2439	0.3332	0.0511	-0.0036	-0.0352	-0.8808	-0.2344
85.000	1.8497	0.2413	0.3450	0.0519	-0.0026	-0.0350	-0.9025	-0.0987
90.000	1.8829	0.2363	0.3557	0.0525	-0.0015	-0.0348	-0.9042	0.0390
95.000	1.9077	0.2291	0.3654	0.0528	-0.0004	-0.0348	-0.8857	0.1764
100.000	1.9240	0.2198	0.3735	0.0528	0.0008	-0.0348	-0.8468	0.3109
105.000	1.9322	0.2085	0.3797	0.0525	0.0019	-0.0349	-0.7876	0.4399
110.000	1.9327	0.1954	0.3837	0.0518	0.0028	-0.0350	-0.7083	0.5607
115.000	1.9262	0.1806	0.3850	0.0506	0.0037	-0.0351	-0.6095	0.6700
120.000	1.9138	0.1643	0.3830	0.0491	0.0044	-0.0350	-0.4925	0.7648
125.000	1.8963	0.1469	0.3773	0.0470	0.0048	-0.0347	-0.3589	0.8416
130.000	1.8751	0.1286	0.3674	0.0446	0.0051	-0.0341	-0.2111	0.8971
135.000	1.8514	0.1098	0.3527	0.0416	0.0050	-0.0331	-0.0525	0.9281
140.000	1.8263	0.0911	0.3328	0.0383	0.0047	-0.0317	0.1127	0.9320
145.000	1.8012	0.0728	0.3076	0.0345	0.0042	-0.0297	0.2796	0.9068
150.000	1.7771	0.0556	0.2768	0.0303	0.0035	-0.0270	0.4424	0.8513
155.000	1.7551	0.0399	0.2407	0.0258	0.0027	-0.0238	0.5950	0.7659
160.000	1.7359	0.0262	0.1995	0.0210	0.0019	-0.0199	0.7309	0.6522
165.000	1.7203	0.0151	0.1539	0.0160	0.0011	-0.0155	0.8441	0.5135
170.000	1.7088	0.0068	0.1047	0.0108	0.0005	-0.0106	0.9292	0.3544
175.000	1.7017	0.0017	0.0530	0.0054	0.0001	-0.0054	0.9821	0.1809
180.000	1.6993	0.0000	0.0000	0.0000	0.0000	0.0000	1.0000	0.0000
