0.000	6.5632	0.0000	0.0000	0.0000	0.0000	0.0000	1.0000	0.0000
5.000	6.6053	0.0068	-0.0141	0.0235	-0.0010	-0.0240	0.9747	-0.2228
10.000	6.7322	0.0266	-0.0301	0.0426	-0.0039	-0.0463	0.9013	-0.4309
15.000	6.9448	0.0583	-0.0494	0.0537	-0.0084	-0.0654	0.7866	-0.6116
20.000	7.2442	0.0998	-0.0721	0.0550	-0.0141	-0.0804	0.6407	-0.7554
25.000	7.6300	0.1487	-0.0975	0.0464	-0.0206	-0.0909	0.4757	-0.8576
30.000	8.0995	0.2020	-0.1240	0.0296	-0.0275	-0.0970	0.3034	-0.9179
35.000	8.6463	0.2570	-0.1495	0.0071	-0.0343	-0.0993	0.1342	-0.9395
40.000	9.2591	0.3112	-0.1721	-0.0181	-0.0408	-0.0987	-0.0243	-0.9284
45.000	9.9220	0.3628	-0.1901	-0.0432	-0.0469	-0.0960	-0.1669	-0.8915
50.000	10.6137	0.4104	-0.2027	-0.0661	-0.0525	-0.0920	-0.2914	-0.8359
55.000	11.3085	0.4531	-0.2093	-0.0854	-0.0576	-0.0876	-0.3973	-0.7677
60.000	11.9778	0.4908	-0.2101	-0.1004	-0.0623	-0.0830	-0.4857	-0.6917
65.000	12.5913	0.5233	-0.2055	-0.1109	-0.0665	-0.0788	-0.5581	-0.6116
70.000	13.1188	0.5510	-0.1962	-0.1172	-0.0702	-0.0750	-0.6167	-0.5299
75.000	13.5330	0.5743	-0.1827	-0.1196	-0.0736	-0.0719	-0.6632	-0.4480
80.000	13.8102	0.5934	-0.1659	-0.1189	-0.0766	-0.0694	-0.6995	-0.3668
85.000	13.9326	0.6089	-0.1461	-0.1154	-0.0790	-0.0675	-0.7268	-0.2866
90.000	13.8891	0.6211	-0.1240	-0.1097	-0.0808	-0.0662	-0.7463	-0.2073
95.000	13.6756	0.6304	-0.0997	-0.1021	-0.0820	-0.0656	-0.7586	-0.1287
100.000	13.2954	0.6370	-0.0735	-0.0929	-0.0825	-0.0657	-0.7641	-0.0505
105.000	12.7583	0.6410	-0.0454	-0.0822	-0.0820	-0.0666	-0.7628	0.0277
110.000	12.0799	0.6424	-0.0152	-0.0700	-0.0806	-0.0685	-0.7547	0.1064
115.000	11.2807	0.6411	0.0173	-0.0563	-0.0781	-0.0716	-0.7390	0.1858
120.000	10.3848	0.6367	0.0525	-0.0408	-0.0746	-0.0760	-0.7150	0.2663
125.000	9.4190	0.6288	0.0906	-0.0233	-0.0700	-0.0821	-0.6813	0.3481
130.000	8.4113	0.6164	0.1321	-0.0036	-0.0645	-0.0900	-0.6358	0.4314
135.000	7.3907	0.5983	0.1770	0.0184	-0.0581	-0.1000	-0.5758	0.5158
140.000	6.3859	0.5729	0.2250	0.0427	-0.0509	-0.1120	-0.4973	0.6004
145.000	5.4244	0.5376	0.2751	0.0688	-0.0433	-0.1255	-0.3948	0.6830
150.000	4.5326	0.4895	0.3244	0.0955	-0.0353	-0.1397	-0.2612	0.7585
155.000	3.7343	0.4250	0.3673	0.1204	-0.0273	-0.1523	-0.0880	0.8168
160.000	3.0506	0.3411	0.3935	0.1388	-0.0195	-0.1592	0.1316	0.8397
165.000	2.4997	0.2386	0.3856	0.1430	-0.0122	-0.1537	0.3953	0.7968
170.000	2.0957	0.1282	0.3217	0.1233	-0.0060	-0.1272	0.6762	0.6495
175.000	1.8490	0.0366	0.1876	0.0733	-0.0016	-0.0738	0.9077	0.3735
180.000	1.7661	0.0000	0.0001	0.0001	0.0000	-0.0001	1.0000	0.0001
