0.000	0.8664	0.0000	0.0000	0.0000	0.0000	0.0000	1.0000	0.0000
5.000	0.8723	0.0022	0.0346	0.0026	-0.0002	-0.0026	0.9738	-0.2247
10.000	0.8897	0.0084	0.0683	0.0053	-0.0007	-0.0049	0.8979	-0.4348
15.000	0.9182	0.0181	0.1003	0.0080	-0.0014	-0.0068	0.7795	-0.6181
20.000	0.9572	0.0303	0.1303	0.0107	-0.0022	-0.0081	0.6290	-0.7659
25.000	1.0058	0.0437	0.1579	0.0135	-0.0029	-0.0088	0.4578	-0.8739
30.000	1.0626	0.0575	0.1832	0.0163	-0.0035	-0.0089	0.2769	-0.9416
35.000	1.1264	0.0708	0.2064	0.0191	-0.0037	-0.0085	0.0956	-0.9714
40.000	1.1956	0.0829	0.2276	0.0218	-0.0036	-0.0076	-0.0791	-0.9672
45.000	1.2687	0.0933	0.2473	0.0244	-0.0031	-0.0065	-0.2421	-0.9339
50.000	1.3439	0.1018	0.2657	0.0270	-0.0022	-0.0053	-0.3900	-0.8762
55.000	1.4196	0.1083	0.2831	0.0293	-0.0009	-0.0040	-0.5208	-0.7986
60.000	1.4941	0.1129	0.2996	0.0315	0.0007	-0.0028	-0.6336	-0.7050
65.000	1.5658	0.1155	0.3154	0.0335	0.0027	-0.0018	-0.7278	-0.5988
70.000	1.6335	0.1163	0.3306	0.0353	0.0049	-0.0010	-0.8033	-0.4828
75.000	1.6959	0.1156	0.3451	0.0369	0.0072	-0.0005	-0.8601	-0.3593
80.000	1.7519	0.1135	0.3590	0.0381	0.0096	-0.0004	-0.8980	-0.2305
85.000	1.8008	0.1101	0.3721	0.0392	0.0120	-0.0007	-0.9171	-0.0983
90.000	1.8419	0.1058	0.3841	0.0399	0.0143	-0.0014	-0.9173	0.0354
95.000	1.8748	0.1005	0.3950	0.0403	0.0163	-0.0024	-0.8982	0.1687
100.000	1.8994	0.0946	0.4042	0.0404	0.0181	-0.0038	-0.8598	0.2995
105.000	1.9157	0.0881	0.4116	0.0402	0.0195	-0.0054	-0.8018	0.4256
110.000	1.9240	0.0810	0.4166	0.0396	0.0205	-0.0073	-0.7244	0.5443
115.000	1.9248	0.0737	0.4187	0.0387	0.0210	-0.0093	-0.6279	0.6527
120.000	1.9186	0.0660	0.4174	0.0374	0.0209	-0.0114	-0.5132	0.7476
125.000	1.9065	0.0582	0.4120	0.0357	0.0204	-0.0133	-0.3815	0.8258
130.000	1.8893	0.0503	0.4021	0.0337	0.0192	-0.0150	-0.2352	0.8837
135.000	1.8683	0.0425	0.3871	0.0314	0.0176	-0.0163	-0.0772	0.9180
140.000	1.8447	0.0349	0.3664	0.0287	0.0156	-0.0171	0.0886	0.9257
145.000	1.8198	0.0276	0.3397	0.0257	0.0132	-0.0173	0.2572	0.9044
150.000	1.7949	0.0209	0.3067	0.0225	0.0105	-0.0168	0.4229	0.8525
155.000	1.7713	0.0149	0.2675	0.0191	0.0079	-0.0156	0.5792	0.7700
160.000	1.7501	0.0098	0.2223	0.0155	0.0054	-0.0136	0.7194	0.6580
165.000	1.7325	0.0056	0.1719	0.0117	0.0032	-0.0109	0.8370	0.5195
170.000	1.7193	0.0025	0.1172	0.0079	0.0015	-0.0076	0.9258	0.3594
175.000	1.7111	0.0006	0.0594	0.0040	0.0004	-0.0039	0.9812	0.1837
180.000	1.7083	0.0000	0.0000	0.0000	0.0000	0.0000	1.0000	0.0000
