0.000	0.6060	0.0000	0.0000	0.0000	0.0000	0.0000	1.0000	0.0000
5.000	0.6097	0.0011	0.0439	0.0023	-0.0002	-0.0022	0.9750	-0.2178
10.000	0.6206	0.0042	0.0866	0.0045	-0.0008	-0.0042	0.9024	-0.4222
15.000	0.6385	0.0090	0.1268	0.0068	-0.0018	-0.0058	0.7887	-0.6015
20.000	0.6628	0.0152	0.1638	0.0090	-0.0028	-0.0068	0.6434	-0.7477
25.000	0.6930	0.0222	0.1973	0.0112	-0.0039	-0.0073	0.4770	-0.8562
30.000	0.7282	0.0296	0.2273	0.0133	-0.0047	-0.0072	0.2997	-0.9261
35.000	0.7676	0.0367	0.2540	0.0152	-0.0053	-0.0066	0.1202	-0.9591
40.000	0.8105	0.0432	0.2777	0.0170	-0.0055	-0.0057	-0.0544	-0.9583
45.000	0.8558	0.0487	0.2988	0.0186	-0.0054	-0.0044	-0.2190	-0.9277
50.000	0.9028	0.0530	0.3178	0.0200	-0.0049	-0.0030	-0.3698	-0.8717
55.000	0.9506	0.0558	0.3350	0.0212	-0.0040	-0.0014	-0.5042	-0.7943
60.000	0.9983	0.0572	0.3506	0.0222	-0.0029	0.0001	-0.6205	-0.6995
65.000	1.0449	0.0574	0.3648	0.0230	-0.0016	0.0016	-0.7179	-0.5906
70.000	1.0898	0.0563	0.3777	0.0236	-0.0002	0.0029	-0.7956	-0.4709
75.000	1.1320	0.0544	0.3895	0.0241	0.0014	0.0039	-0.8533	-0.3431
80.000	1.1709	0.0518	0.4000	0.0243	0.0029	0.0048	-0.8910	-0.2097
85.000	1.2058	0.0487	0.4093	0.0244	0.0045	0.0053	-0.9084	-0.0731
90.000	1.2361	0.0453	0.4173	0.0243	0.0059	0.0055	-0.9056	0.0646
95.000	1.2616	0.0417	0.4237	0.0239	0.0073	0.0054	-0.8825	0.2010
100.000	1.2822	0.0380	0.4283	0.0233	0.0085	0.0050	-0.8391	0.3338
105.000	1.2978	0.0342	0.4308	0.0224	0.0095	0.0043	-0.7756	0.4605
110.000	1.3086	0.0302	0.4308	0.0213	0.0103	0.0033	-0.6925	0.5782
115.000	1.3150	0.0262	0.4278	0.0199	0.0109	0.0023	-0.5906	0.6839
120.000	1.3174	0.0220	0.4214	0.0184	0.0111	0.0011	-0.4713	0.7746
125.000	1.3163	0.0178	0.4113	0.0167	0.0111	-0.0001	-0.3364	0.8471
130.000	1.3122	0.0137	0.3969	0.0149	0.0107	-0.0013	-0.1886	0.8982
135.000	1.3056	0.0099	0.3779	0.0130	0.0101	-0.0023	-0.0312	0.9253
140.000	1.2971	0.0065	0.3541	0.0111	0.0091	-0.0030	0.1317	0.9259
145.000	1.2873	0.0038	0.3252	0.0093	0.0078	-0.0035	0.2954	0.8983
150.000	1.2767	0.0018	0.2912	0.0076	0.0064	-0.0038	0.4546	0.8417
155.000	1.2662	0.0005	0.2521	0.0060	0.0048	-0.0037	0.6036	0.7564
160.000	1.2563	-0.0002	0.2084	0.0046	0.0033	-0.0034	0.7363	0.6438
165.000	1.2477	-0.0003	0.1604	0.0033	0.0020	-0.0028	0.8470	0.5068
170.000	1.2411	-0.0002	0.1090	0.0021	0.0009	-0.0020	0.9305	0.3498
175.000	1.2369	-0.0001	0.0551	0.0010	0.0002	-0.0010	0.9824	0.1786
180.000	1.2355	0.0000	0.0000	0.0000	0.0000	0.0000	1.0000	0.0000
