0.000	1.2058	0.0000	0.0000	0.0000	0.0000	0.0000	1.0000	0.0000
5.000	1.2151	0.0033	0.0258	0.0026	-0.0002	-0.0025	0.9722	-0.2326
10.000	1.2427	0.0127	0.0510	0.0053	-0.0007	-0.0048	0.8920	-0.4489
15.000	1.2880	0.0271	0.0752	0.0080	-0.0015	-0.0065	0.7680	-0.6354
20.000	1.3494	0.0448	0.0983	0.0108	-0.0023	-0.0076	0.6121	-0.7834
25.000	1.4255	0.0642	0.1201	0.0138	-0.0029	-0.0080	0.4369	-0.8892
30.000	1.5141	0.0838	0.1407	0.0169	-0.0032	-0.0077	0.2540	-0.9533
35.000	1.6129	0.1025	0.1603	0.0201	-0.0032	-0.0071	0.0728	-0.9792
40.000	1.7194	0.1194	0.1791	0.0234	-0.0027	-0.0060	-0.1000	-0.9717
45.000	1.8310	0.1341	0.1974	0.0267	-0.0016	-0.0049	-0.2599	-0.9361
50.000	1.9450	0.1463	0.2153	0.0301	-0.0001	-0.0037	-0.4041	-0.8774
55.000	2.0588	0.1561	0.2330	0.0335	0.0018	-0.0027	-0.5312	-0.8002
60.000	2.1700	0.1634	0.2505	0.0368	0.0041	-0.0019	-0.6406	-0.7082
65.000	2.2762	0.1684	0.2679	0.0400	0.0067	-0.0014	-0.7321	-0.6045
70.000	2.3752	0.1713	0.2851	0.0431	0.0096	-0.0013	-0.8058	-0.4918
75.000	2.4650	0.1721	0.3022	0.0459	0.0126	-0.0017	-0.8617	-0.3723
80.000	2.5440	0.1709	0.3189	0.0484	0.0157	-0.0024	-0.8999	-0.2477
85.000	2.6109	0.1680	0.3352	0.0507	0.0188	-0.0037	-0.9205	-0.1197
90.000	2.6646	0.1635	0.3508	0.0526	0.0217	-0.0054	-0.9232	0.0101
95.000	2.7046	0.1575	0.3656	0.0541	0.0244	-0.0075	-0.9079	0.1400
100.000	2.7306	0.1502	0.3791	0.0553	0.0267	-0.0101	-0.8741	0.2683
105.000	2.7429	0.1416	0.3909	0.0560	0.0286	-0.0129	-0.8215	0.3929
110.000	2.7421	0.1321	0.4006	0.0562	0.0299	-0.0160	-0.7499	0.5116
115.000	2.7292	0.1216	0.4076	0.0560	0.0306	-0.0192	-0.6592	0.6216
120.000	2.7056	0.1104	0.4113	0.0552	0.0306	-0.0223	-0.5497	0.7198
125.000	2.6728	0.0987	0.4109	0.0538	0.0297	-0.0252	-0.4224	0.8027
130.000	2.6329	0.0866	0.4056	0.0518	0.0282	-0.0278	-0.2789	0.8668
135.000	2.5879	0.0743	0.3947	0.0492	0.0259	-0.0297	-0.1218	0.9081
140.000	2.5399	0.0621	0.3775	0.0459	0.0229	-0.0309	0.0452	0.9232
145.000	2.4911	0.0500	0.3534	0.0420	0.0194	-0.0310	0.2173	0.9088
150.000	2.4438	0.0386	0.3219	0.0375	0.0156	-0.0300	0.3884	0.8627
155.000	2.3999	0.0279	0.2829	0.0323	0.0117	-0.0277	0.5518	0.7841
160.000	2.3612	0.0185	0.2368	0.0266	0.0080	-0.0241	0.6998	0.6737
165.000	2.3294	0.0107	0.1841	0.0204	0.0047	-0.0193	0.8249	0.5343
170.000	2.3057	0.0049	0.1260	0.0138	0.0022	-0.0135	0.9201	0.3708
175.000	2.2912	0.0012	0.0640	0.0070	0.0006	-0.0070	0.9797	0.1900
180.000	2.2862	0.0000	0.0000	0.0000	0.0000	0.0000	1.0000	0.0000
