0.000	4.6318	0.0000	0.0000	0.0000	0.0000	0.0000	1.0000	0.0000
5.000	4.6660	0.0078	-0.0423	0.0253	-0.0038	-0.0255	0.9748	-0.2190
10.000	4.7681	0.0303	-0.0836	0.0474	-0.0147	-0.0485	0.9018	-0.4226
15.000	4.9366	0.0656	-0.1230	0.0636	-0.0315	-0.0670	0.7887	-0.5976
20.000	5.1691	0.1106	-0.1594	0.0724	-0.0524	-0.0797	0.6464	-0.7353
25.000	5.4617	0.1621	-0.1921	0.0734	-0.0753	-0.0861	0.4868	-0.8319
30.000	5.8084	0.2168	-0.2205	0.0673	-0.0984	-0.0863	0.3215	-0.8879
35.000	6.2015	0.2721	-0.2442	0.0554	-0.1201	-0.0811	0.1596	-0.9071
40.000	6.6307	0.3261	-0.2631	0.0395	-0.1393	-0.0716	0.0082	-0.8952
45.000	7.0835	0.3772	-0.2771	0.0212	-0.1552	-0.0588	-0.1284	-0.8587
50.000	7.5447	0.4248	-0.2864	0.0022	-0.1676	-0.0438	-0.2479	-0.8038
55.000	7.9975	0.4685	-0.2914	-0.0164	-0.1763	-0.0275	-0.3498	-0.7360
60.000	8.4235	0.5082	-0.2923	-0.0334	-0.1815	-0.0108	-0.4344	-0.6601
65.000	8.8036	0.5440	-0.2896	-0.0484	-0.1832	0.0058	-0.5030	-0.5796
70.000	9.1188	0.5763	-0.2838	-0.0609	-0.1819	0.0218	-0.5570	-0.4973
75.000	9.3517	0.6052	-0.2750	-0.0707	-0.1776	0.0368	-0.5982	-0.4151
80.000	9.4868	0.6313	-0.2637	-0.0776	-0.1708	0.0506	-0.6279	-0.3346
85.000	9.5121	0.6547	-0.2500	-0.0817	-0.1614	0.0627	-0.6479	-0.2566
90.000	9.4197	0.6758	-0.2342	-0.0829	-0.1498	0.0730	-0.6592	-0.1816
95.000	9.2062	0.6948	-0.2163	-0.0814	-0.1361	0.0813	-0.6632	-0.1099
100.000	8.8736	0.7120	-0.1963	-0.0772	-0.1204	0.0872	-0.6608	-0.0417
105.000	8.4286	0.7275	-0.1742	-0.0701	-0.1028	0.0903	-0.6528	0.0232
110.000	7.8829	0.7413	-0.1497	-0.0603	-0.0835	0.0903	-0.6398	0.0849
115.000	7.2525	0.7536	-0.1226	-0.0475	-0.0626	0.0867	-0.6222	0.1439
120.000	6.5566	0.7642	-0.0926	-0.0316	-0.0404	0.0788	-0.6003	0.2005
125.000	5.8169	0.7727	-0.0592	-0.0122	-0.0172	0.0661	-0.5742	0.2554
130.000	5.0562	0.7786	-0.0218	0.0111	0.0067	0.0478	-0.5434	0.3096
135.000	4.2973	0.7810	0.0204	0.0387	0.0306	0.0230	-0.5070	0.3641
140.000	3.5621	0.7785	0.0683	0.0714	0.0537	-0.0093	-0.4635	0.4203
145.000	2.8706	0.7686	0.1229	0.1099	0.0748	-0.0501	-0.4097	0.4798
150.000	2.2401	0.7476	0.1852	0.1548	0.0926	-0.1002	-0.3402	0.5444
155.000	1.6854	0.7090	0.2553	0.2063	0.1048	-0.1597	-0.2452	0.6149
160.000	1.2178	0.6418	0.3307	0.2623	0.1082	-0.2264	-0.1074	0.6878
165.000	0.8462	0.5283	0.3990	0.3132	0.0979	-0.2899	0.1014	0.7456
170.000	0.5768	0.3485	0.4205	0.3282	0.0689	-0.3176	0.4133	0.7300
175.000	0.4137	0.1224	0.3062	0.2382	0.0251	-0.2364	0.7953	0.5089
180.000	0.3590	0.0000	0.0002	0.0003	0.0000	-0.0003	1.0000	0.0001
