0.000	12.3654	0.0000	0.0000	0.0000	0.0000	0.0000	1.0000	0.0000
5.000	12.5126	0.0102	-0.0488	-0.0047	-0.0017	0.0048	0.9665	-0.2516
10.000	12.9495	0.0391	-0.0930	-0.0089	-0.0066	0.0097	0.8716	-0.4796
15.000	13.6616	0.0823	-0.1293	-0.0123	-0.0136	0.0147	0.7298	-0.6661
20.000	14.6255	0.1343	-0.1557	-0.0147	-0.0216	0.0199	0.5592	-0.8027
25.000	15.8094	0.1896	-0.1723	-0.0160	-0.0294	0.0251	0.3776	-0.8891
30.000	17.1745	0.2442	-0.1797	-0.0161	-0.0363	0.0303	0.1982	-0.9310
35.000	18.6759	0.2955	-0.1796	-0.0153	-0.0415	0.0353	0.0299	-0.9364
40.000	20.2644	0.3419	-0.1732	-0.0134	-0.0449	0.0399	-0.1225	-0.9136
45.000	21.8879	0.3830	-0.1620	-0.0105	-0.0462	0.0440	-0.2573	-0.8700
50.000	23.4933	0.4186	-0.1469	-0.0067	-0.0456	0.0475	-0.3744	-0.8116
55.000	25.0281	0.4492	-0.1289	-0.0020	-0.0431	0.0502	-0.4748	-0.7428
60.000	26.4418	0.4752	-0.1084	0.0035	-0.0388	0.0521	-0.5598	-0.6669
65.000	27.6882	0.4969	-0.0860	0.0100	-0.0329	0.0531	-0.6310	-0.5862
70.000	28.7259	0.5149	-0.0618	0.0174	-0.0255	0.0529	-0.6897	-0.5022
75.000	29.5204	0.5294	-0.0361	0.0258	-0.0168	0.0514	-0.7370	-0.4160
80.000	30.0450	0.5408	-0.0089	0.0350	-0.0069	0.0485	-0.7738	-0.3280
85.000	30.2810	0.5491	0.0198	0.0452	0.0040	0.0440	-0.8008	-0.2386
90.000	30.2194	0.5546	0.0500	0.0563	0.0157	0.0377	-0.8182	-0.1480
95.000	29.8599	0.5572	0.0817	0.0683	0.0279	0.0294	-0.8262	-0.0563
100.000	29.2120	0.5569	0.1149	0.0811	0.0405	0.0190	-0.8245	0.0367
105.000	28.2939	0.5535	0.1497	0.0948	0.0531	0.0062	-0.8126	0.1308
110.000	27.1320	0.5466	0.1860	0.1093	0.0653	-0.0090	-0.7894	0.2259
115.000	25.7603	0.5359	0.2235	0.1245	0.0768	-0.0265	-0.7538	0.3217
120.000	24.2186	0.5209	0.2618	0.1400	0.0870	-0.0464	-0.7041	0.4175
125.000	22.5518	0.5009	0.3003	0.1558	0.0955	-0.0682	-0.6381	0.5120
130.000	20.8080	0.4751	0.3380	0.1711	0.1015	-0.0915	-0.5536	0.6035
135.000	19.0370	0.4429	0.3732	0.1855	0.1044	-0.1154	-0.4478	0.6886
140.000	17.2890	0.4032	0.4037	0.1977	0.1035	-0.1385	-0.3182	0.7631
145.000	15.6130	0.3558	0.4263	0.2063	0.0982	-0.1589	-0.1631	0.8202
150.000	14.0552	0.3005	0.4365	0.2094	0.0883	-0.1739	0.0175	0.8513
155.000	12.6585	0.2385	0.4290	0.2044	0.0738	-0.1803	0.2201	0.8453
160.000	11.4608	0.1726	0.3979	0.1886	0.0557	-0.1743	0.4355	0.7901
165.000	10.4943	0.1080	0.3383	0.1598	0.0360	-0.1530	0.6468	0.6756
170.000	9.7849	0.0521	0.2484	0.1170	0.0178	-0.1148	0.8294	0.4979
175.000	9.3516	0.0137	0.1320	0.0621	0.0048	-0.0618	0.9550	0.2652
180.000	9.2058	0.0000	0.0000	0.0001	0.0000	-0.0001	1.0000	0.0000
