0.000	7.1345	0.0000	0.0000	0.0000	0.0000	0.0000	1.0000	0.0000
5.000	7.1998	0.0085	-0.0478	0.0178	-0.0037	-0.0179	0.9710	-0.2339
10.000	7.3940	0.0328	-0.0932	0.0332	-0.0142	-0.0336	0.8879	-0.4490
15.000	7.7129	0.0703	-0.1341	0.0442	-0.0301	-0.0455	0.7609	-0.6301
20.000	8.1491	0.1170	-0.1693	0.0498	-0.0492	-0.0526	0.6039	-0.7683
25.000	8.6924	0.1689	-0.1980	0.0500	-0.0695	-0.0547	0.4314	-0.8607
30.000	9.3294	0.2224	-0.2203	0.0455	-0.0891	-0.0522	0.2559	-0.9099
35.000	10.0437	0.2750	-0.2363	0.0373	-0.1067	-0.0459	0.0870	-0.9213
40.000	10.8159	0.3248	-0.2467	0.0268	-0.1214	-0.0367	-0.0691	-0.9019
45.000	11.6240	0.3708	-0.2520	0.0152	-0.1327	-0.0257	-0.2087	-0.8587
50.000	12.4434	0.4125	-0.2527	0.0034	-0.1405	-0.0135	-0.3306	-0.7980
55.000	13.2475	0.4498	-0.2496	-0.0076	-0.1449	-0.0010	-0.4347	-0.7249
60.000	14.0085	0.4828	-0.2429	-0.0173	-0.1461	0.0113	-0.5218	-0.6437
65.000	14.6982	0.5119	-0.2331	-0.0253	-0.1442	0.0229	-0.5933	-0.5576
70.000	15.2893	0.5373	-0.2206	-0.0312	-0.1396	0.0335	-0.6505	-0.4689
75.000	15.7560	0.5594	-0.2055	-0.0349	-0.1325	0.0428	-0.6949	-0.3793
80.000	16.0759	0.5784	-0.1880	-0.0364	-0.1232	0.0504	-0.7278	-0.2898
85.000	16.2308	0.5947	-0.1684	-0.0355	-0.1119	0.0561	-0.7505	-0.2011
90.000	16.2080	0.6082	-0.1466	-0.0323	-0.0988	0.0597	-0.7638	-0.1137
95.000	16.0009	0.6192	-0.1228	-0.0268	-0.0841	0.0610	-0.7685	-0.0276
100.000	15.6096	0.6277	-0.0968	-0.0190	-0.0682	0.0597	-0.7652	0.0571
105.000	15.0415	0.6335	-0.0687	-0.0089	-0.0512	0.0555	-0.7540	0.1408
110.000	14.3105	0.6364	-0.0384	0.0035	-0.0334	0.0481	-0.7349	0.2235
115.000	13.4368	0.6361	-0.0057	0.0182	-0.0153	0.0374	-0.7075	0.3057
120.000	12.4461	0.6320	0.0293	0.0351	0.0029	0.0230	-0.6709	0.3876
125.000	11.3683	0.6234	0.0667	0.0542	0.0204	0.0049	-0.6238	0.4694
130.000	10.2360	0.6092	0.1063	0.0754	0.0369	-0.0171	-0.5641	0.5508
135.000	9.0835	0.5880	0.1478	0.0984	0.0513	-0.0428	-0.4891	0.6312
140.000	7.9453	0.5580	0.1903	0.1225	0.0629	-0.0716	-0.3950	0.7087
145.000	6.8546	0.5170	0.2320	0.1466	0.0706	-0.1024	-0.2771	0.7799
150.000	5.8425	0.4623	0.2698	0.1688	0.0732	-0.1328	-0.1299	0.8379
155.000	4.9372	0.3919	0.2985	0.1858	0.0696	-0.1589	0.0513	0.8713
160.000	4.1628	0.3050	0.3097	0.1922	0.0591	-0.1747	0.2674	0.8616
165.000	3.5394	0.2057	0.2921	0.1810	0.0426	-0.1719	0.5090	0.7840
170.000	3.0830	0.1064	0.2342	0.1450	0.0231	-0.1418	0.7471	0.6132
175.000	2.8046	0.0295	0.1323	0.0819	0.0066	-0.0815	0.9301	0.3414
180.000	2.7110	0.0000	0.0001	0.0001	0.0000	-0.0001	1.0000	0.0001
