0.000	8.7604	0.0000	0.0000	0.0000	0.0000	0.0000	1.0000	0.0000
5.000	8.8514	0.0093	-0.0495	0.0123	-0.0034	-0.0123	0.9690	-0.2419
10.000	9.1219	0.0359	-0.0959	0.0227	-0.0131	-0.0228	0.8805	-0.4627
15.000	9.5645	0.0763	-0.1364	0.0299	-0.0275	-0.0302	0.7466	-0.6461
20.000	10.1673	0.1258	-0.1697	0.0332	-0.0445	-0.0338	0.5832	-0.7831
25.000	10.9133	0.1798	-0.1952	0.0327	-0.0621	-0.0335	0.4062	-0.8721
30.000	11.7816	0.2345	-0.2133	0.0291	-0.0788	-0.0299	0.2288	-0.9170
35.000	12.7468	0.2871	-0.2246	0.0232	-0.0933	-0.0236	0.0602	-0.9245
40.000	13.7802	0.3360	-0.2301	0.0159	-0.1049	-0.0155	-0.0939	-0.9024
45.000	14.8499	0.3803	-0.2306	0.0082	-0.1135	-0.0062	-0.2308	-0.8579
50.000	15.9220	0.4199	-0.2270	0.0007	-0.1189	0.0036	-0.3498	-0.7973
55.000	16.9609	0.4547	-0.2198	-0.0059	-0.1213	0.0133	-0.4514	-0.7255
60.000	17.9311	0.4852	-0.2096	-0.0114	-0.1209	0.0227	-0.5366	-0.6463
65.000	18.7975	0.5116	-0.1968	-0.0153	-0.1179	0.0313	-0.6070	-0.5625
70.000	19.5276	0.5343	-0.1816	-0.0176	-0.1126	0.0388	-0.6640	-0.4762
75.000	20.0921	0.5537	-0.1642	-0.0181	-0.1051	0.0451	-0.7090	-0.3886
80.000	20.4665	0.5701	-0.1447	-0.0167	-0.0957	0.0498	-0.7431	-0.3006
85.000	20.6321	0.5838	-0.1233	-0.0134	-0.0846	0.0528	-0.7675	-0.2128
90.000	20.5770	0.5947	-0.0999	-0.0082	-0.0719	0.0538	-0.7827	-0.1254
95.000	20.2968	0.6031	-0.0744	-0.0011	-0.0578	0.0526	-0.7894	-0.0385
100.000	19.7947	0.6089	-0.0470	0.0079	-0.0427	0.0489	-0.7877	0.0480
105.000	19.0819	0.6120	-0.0174	0.0188	-0.0268	0.0426	-0.7778	0.1343
110.000	18.1769	0.6120	0.0143	0.0317	-0.0103	0.0332	-0.7592	0.2205
115.000	17.1047	0.6087	0.0483	0.0464	0.0064	0.0207	-0.7312	0.3069
120.000	15.8961	0.6014	0.0844	0.0630	0.0227	0.0048	-0.6927	0.3933
125.000	14.5866	0.5894	0.1227	0.0813	0.0381	-0.0145	-0.6421	0.4798
130.000	13.2144	0.5716	0.1626	0.1011	0.0521	-0.0370	-0.5770	0.5657
135.000	11.8196	0.5468	0.2037	0.1219	0.0638	-0.0624	-0.4945	0.6496
140.000	10.4426	0.5134	0.2444	0.1430	0.0723	-0.0900	-0.3907	0.7288
145.000	9.1227	0.4695	0.2827	0.1631	0.0767	-0.1181	-0.2615	0.7988
150.000	7.8969	0.4133	0.3149	0.1800	0.0760	-0.1444	-0.1025	0.8517
155.000	6.7990	0.3438	0.3351	0.1906	0.0694	-0.1648	0.0888	0.8752
160.000	5.8586	0.2618	0.3353	0.1901	0.0569	-0.1738	0.3098	0.8519
165.000	5.1006	0.1725	0.3057	0.1730	0.0396	-0.1647	0.5472	0.7606
170.000	4.5449	0.0872	0.2381	0.1345	0.0208	-0.1317	0.7717	0.5835
175.000	4.2057	0.0238	0.1317	0.0744	0.0058	-0.0740	0.9379	0.3200
180.000	4.0916	0.0000	0.0001	0.0001	0.0000	-0.0001	1.0000	0.0001
