0.000	7.5811	0.0000	0.0000	0.0000	0.0000	0.0000	1.0000	0.0000
5.000	7.6722	0.0092	-0.0216	-0.0015	-0.0007	0.0016	0.9662	-0.2567
10.000	7.9421	0.0350	-0.0409	-0.0029	-0.0027	0.0032	0.8704	-0.4893
15.000	8.3811	0.0736	-0.0563	-0.0039	-0.0056	0.0049	0.7271	-0.6802
20.000	8.9735	0.1197	-0.0667	-0.0045	-0.0089	0.0068	0.5548	-0.8205
25.000	9.6987	0.1685	-0.0720	-0.0044	-0.0120	0.0087	0.3708	-0.9104
30.000	10.5314	0.2164	-0.0724	-0.0037	-0.0146	0.0107	0.1883	-0.9551
35.000	11.4435	0.2608	-0.0685	-0.0023	-0.0164	0.0126	0.0161	-0.9626
40.000	12.4049	0.3007	-0.0609	0.0001	-0.0174	0.0143	-0.1411	-0.9410
45.000	13.3848	0.3355	-0.0499	0.0032	-0.0173	0.0157	-0.2815	-0.8973
50.000	14.3527	0.3654	-0.0361	0.0073	-0.0164	0.0167	-0.4048	-0.8372
55.000	15.2799	0.3905	-0.0197	0.0122	-0.0145	0.0172	-0.5118	-0.7648
60.000	16.1395	0.4112	-0.0010	0.0180	-0.0118	0.0171	-0.6033	-0.6832
65.000	16.9080	0.4280	0.0198	0.0245	-0.0082	0.0164	-0.6804	-0.5947
70.000	17.5652	0.4411	0.0426	0.0318	-0.0040	0.0148	-0.7440	-0.5008
75.000	18.0947	0.4508	0.0671	0.0397	0.0009	0.0124	-0.7948	-0.4025
80.000	18.4842	0.4574	0.0931	0.0482	0.0063	0.0089	-0.8330	-0.3006
85.000	18.7259	0.4609	0.1206	0.0570	0.0121	0.0044	-0.8589	-0.1959
90.000	18.8157	0.4613	0.1492	0.0662	0.0182	-0.0012	-0.8724	-0.0887
95.000	18.7540	0.4587	0.1787	0.0755	0.0244	-0.0080	-0.8731	0.0203
100.000	18.5451	0.4529	0.2088	0.0848	0.0306	-0.0159	-0.8604	0.1304
105.000	18.1974	0.4438	0.2391	0.0940	0.0365	-0.0250	-0.8335	0.2409
110.000	17.7228	0.4313	0.2691	0.1029	0.0420	-0.0352	-0.7914	0.3506
115.000	17.1367	0.4150	0.2983	0.1113	0.0467	-0.0462	-0.7329	0.4580
120.000	16.4577	0.3947	0.3258	0.1189	0.0504	-0.0578	-0.6568	0.5612
125.000	15.7065	0.3703	0.3507	0.1255	0.0529	-0.0696	-0.5619	0.6575
130.000	14.9064	0.3414	0.3718	0.1306	0.0538	-0.0812	-0.4471	0.7436
135.000	14.0817	0.3082	0.3873	0.1339	0.0529	-0.0917	-0.3121	0.8150
140.000	13.2574	0.2707	0.3956	0.1347	0.0501	-0.1003	-0.1575	0.8666
145.000	12.4586	0.2296	0.3943	0.1325	0.0454	-0.1060	0.0147	0.8921
150.000	11.7095	0.1857	0.3812	0.1267	0.0388	-0.1076	0.2000	0.8850
155.000	11.0328	0.1409	0.3540	0.1165	0.0309	-0.1041	0.3911	0.8388
160.000	10.4490	0.0975	0.3111	0.1015	0.0222	-0.0945	0.5776	0.7490
165.000	9.9756	0.0585	0.2520	0.0817	0.0137	-0.0785	0.7460	0.6139
170.000	9.6269	0.0273	0.1779	0.0574	0.0065	-0.0564	0.8813	0.4370
175.000	9.4134	0.0070	0.0922	0.0297	0.0017	-0.0295	0.9694	0.2275
180.000	9.3414	-0.0000	0.0000	0.0000	0.0000	-0.0000	1.0000	0.0000
