0.000	2.0046	0.0000	0.0000	0.0000	0.0000	0.0000	1.0000	0.0000
5.000	2.0221	0.0063	0.0137	0.0041	-0.0001	-0.0041	0.9718	-0.2352
10.000	2.0739	0.0241	0.0272	0.0079	-0.0003	-0.0079	0.8908	-0.4529
15.000	2.1580	0.0511	0.0404	0.0112	-0.0006	-0.0114	0.7666	-0.6388
20.000	2.2713	0.0842	0.0533	0.0140	-0.0009	-0.0144	0.6118	-0.7847
25.000	2.4098	0.1198	0.0661	0.0163	-0.0011	-0.0169	0.4397	-0.8876
30.000	2.5686	0.1555	0.0789	0.0183	-0.0011	-0.0190	0.2616	-0.9493
35.000	2.7427	0.1890	0.0921	0.0201	-0.0010	-0.0206	0.0861	-0.9738
40.000	2.9264	0.2193	0.1058	0.0219	-0.0006	-0.0220	-0.0809	-0.9665
45.000	3.1145	0.2455	0.1202	0.0239	0.0001	-0.0232	-0.2358	-0.9326
50.000	3.3019	0.2676	0.1355	0.0262	0.0010	-0.0243	-0.3764	-0.8766
55.000	3.4840	0.2855	0.1517	0.0289	0.0021	-0.0253	-0.5015	-0.8026
60.000	3.6564	0.2995	0.1689	0.0320	0.0035	-0.0265	-0.6106	-0.7136
65.000	3.8157	0.3099	0.1870	0.0354	0.0050	-0.0277	-0.7030	-0.6125
70.000	3.9588	0.3168	0.2057	0.0392	0.0067	-0.0291	-0.7787	-0.5016
75.000	4.0831	0.3206	0.2251	0.0433	0.0084	-0.0307	-0.8372	-0.3827
80.000	4.1867	0.3214	0.2448	0.0475	0.0103	-0.0325	-0.8783	-0.2578
85.000	4.2680	0.3195	0.2645	0.0518	0.0123	-0.0345	-0.9015	-0.1288
90.000	4.3263	0.3147	0.2840	0.0560	0.0142	-0.0369	-0.9066	0.0026
95.000	4.3611	0.3073	0.3028	0.0600	0.0160	-0.0394	-0.8931	0.1344
100.000	4.3726	0.2973	0.3206	0.0637	0.0178	-0.0422	-0.8607	0.2645
105.000	4.3617	0.2847	0.3368	0.0669	0.0193	-0.0451	-0.8092	0.3909
110.000	4.3299	0.2695	0.3511	0.0696	0.0206	-0.0481	-0.7383	0.5110
115.000	4.2794	0.2519	0.3627	0.0716	0.0214	-0.0510	-0.6482	0.6220
120.000	4.2131	0.2319	0.3709	0.0728	0.0219	-0.0536	-0.5394	0.7209
125.000	4.1341	0.2098	0.3751	0.0731	0.0218	-0.0559	-0.4127	0.8042
130.000	4.0461	0.1859	0.3744	0.0724	0.0211	-0.0574	-0.2698	0.8683
135.000	3.9529	0.1608	0.3678	0.0705	0.0198	-0.0581	-0.1134	0.9095
140.000	3.8584	0.1350	0.3548	0.0674	0.0179	-0.0576	0.0528	0.9241
145.000	3.7662	0.1092	0.3345	0.0630	0.0154	-0.0557	0.2241	0.9092
150.000	3.6796	0.0842	0.3065	0.0573	0.0126	-0.0522	0.3943	0.8625
155.000	3.6015	0.0610	0.2707	0.0502	0.0096	-0.0470	0.5565	0.7833
160.000	3.5346	0.0404	0.2274	0.0419	0.0067	-0.0402	0.7033	0.6724
165.000	3.4806	0.0234	0.1773	0.0325	0.0040	-0.0317	0.8271	0.5329
170.000	3.4410	0.0106	0.1215	0.0222	0.0018	-0.0220	0.9212	0.3695
175.000	3.4169	0.0027	0.0618	0.0113	0.0005	-0.0112	0.9800	0.1892
180.000	3.4088	0.0000	0.0000	0.0000	0.0000	0.0000	1.0000	0.0000
