0.000	0.6794	0.0000	0.0000	0.0000	0.0000	0.0000	1.0000	0.0000
5.000	0.6847	0.0035	0.0459	0.0082	-0.0004	-0.0082	0.9729	-0.2266
10.000	0.7002	0.0135	0.0898	0.0160	-0.0016	-0.0158	0.8947	-0.4374
15.000	0.7256	0.0288	0.1303	0.0232	-0.0034	-0.0224	0.7738	-0.6193
20.000	0.7601	0.0478	0.1664	0.0294	-0.0055	-0.0276	0.6218	-0.7639
25.000	0.8027	0.0687	0.1977	0.0346	-0.0079	-0.0315	0.4512	-0.8676
30.000	0.8523	0.0898	0.2243	0.0388	-0.0101	-0.0339	0.2733	-0.9312
35.000	0.9075	0.1100	0.2468	0.0421	-0.0121	-0.0351	0.0970	-0.9581
40.000	0.9667	0.1284	0.2659	0.0447	-0.0137	-0.0353	-0.0712	-0.9531
45.000	1.0284	0.1443	0.2822	0.0466	-0.0149	-0.0348	-0.2271	-0.9212
50.000	1.0909	0.1576	0.2965	0.0479	-0.0157	-0.0336	-0.3683	-0.8675
55.000	1.1527	0.1681	0.3092	0.0488	-0.0159	-0.0321	-0.4934	-0.7961
60.000	1.2123	0.1759	0.3208	0.0493	-0.0158	-0.0304	-0.6022	-0.7104
65.000	1.2681	0.1811	0.3317	0.0496	-0.0152	-0.0286	-0.6944	-0.6134
70.000	1.3190	0.1840	0.3421	0.0496	-0.0143	-0.0268	-0.7703	-0.5073
75.000	1.3637	0.1846	0.3520	0.0493	-0.0131	-0.0251	-0.8297	-0.3940
80.000	1.4015	0.1831	0.3617	0.0489	-0.0116	-0.0236	-0.8728	-0.2749
85.000	1.4315	0.1799	0.3710	0.0482	-0.0100	-0.0223	-0.8993	-0.1516
90.000	1.4534	0.1750	0.3799	0.0474	-0.0082	-0.0212	-0.9089	-0.0255
95.000	1.4669	0.1686	0.3881	0.0464	-0.0063	-0.0204	-0.9012	0.1021
100.000	1.4721	0.1609	0.3955	0.0452	-0.0045	-0.0199	-0.8756	0.2294
105.000	1.4693	0.1519	0.4018	0.0438	-0.0027	-0.0196	-0.8315	0.3545
110.000	1.4589	0.1420	0.4065	0.0422	-0.0010	-0.0195	-0.7683	0.4752
115.000	1.4417	0.1310	0.4091	0.0404	0.0005	-0.0196	-0.6857	0.5887
120.000	1.4186	0.1193	0.4090	0.0385	0.0018	-0.0198	-0.5836	0.6920
125.000	1.3906	0.1069	0.4057	0.0363	0.0028	-0.0200	-0.4626	0.7816
130.000	1.3589	0.0940	0.3983	0.0339	0.0035	-0.0201	-0.3238	0.8535
135.000	1.3248	0.0808	0.3862	0.0313	0.0038	-0.0201	-0.1693	0.9034
140.000	1.2896	0.0676	0.3685	0.0285	0.0039	-0.0198	-0.0024	0.9274
145.000	1.2547	0.0545	0.3446	0.0254	0.0037	-0.0191	0.1722	0.9213
150.000	1.2213	0.0420	0.3139	0.0222	0.0032	-0.0179	0.3486	0.8822
155.000	1.1906	0.0305	0.2762	0.0188	0.0025	-0.0161	0.5193	0.8082
160.000	1.1638	0.0202	0.2314	0.0153	0.0018	-0.0138	0.6761	0.6993
165.000	1.1419	0.0117	0.1802	0.0116	0.0011	-0.0109	0.8101	0.5578
170.000	1.1256	0.0053	0.1235	0.0078	0.0005	-0.0076	0.9130	0.3888
175.000	1.1156	0.0013	0.0628	0.0039	0.0001	-0.0039	0.9778	0.1997
180.000	1.1122	0.0000	0.0000	0.0000	0.0000	0.0000	1.0000	0.0000
