0.000	7.2908	0.0000	0.0000	0.0000	0.0000	0.0000	1.0000	0.0000
5.000	7.3864	0.0098	-0.0225	0.0031	-0.0016	-0.0030	0.9640	-0.2649
10.000	7.6697	0.0374	-0.0423	0.0061	-0.0059	-0.0054	0.8622	-0.5033
15.000	8.1312	0.0781	-0.0574	0.0088	-0.0122	-0.0068	0.7113	-0.6961
20.000	8.7556	0.1264	-0.0670	0.0114	-0.0194	-0.0069	0.5317	-0.8346
25.000	9.5219	0.1769	-0.0710	0.0137	-0.0264	-0.0058	0.3424	-0.9197
30.000	10.4047	0.2257	-0.0701	0.0159	-0.0324	-0.0038	0.1573	-0.9584
35.000	11.3752	0.2705	-0.0651	0.0181	-0.0372	-0.0012	-0.0148	-0.9599
40.000	12.4018	0.3100	-0.0568	0.0204	-0.0404	0.0018	-0.1698	-0.9331
45.000	13.4516	0.3440	-0.0459	0.0229	-0.0420	0.0048	-0.3063	-0.8857
50.000	14.4916	0.3727	-0.0329	0.0256	-0.0420	0.0077	-0.4248	-0.8237
55.000	15.4894	0.3963	-0.0181	0.0287	-0.0406	0.0103	-0.5264	-0.7514
60.000	16.4147	0.4153	-0.0018	0.0322	-0.0378	0.0124	-0.6128	-0.6719
65.000	17.2397	0.4303	0.0158	0.0361	-0.0338	0.0138	-0.6854	-0.5872
70.000	17.9405	0.4416	0.0346	0.0404	-0.0287	0.0145	-0.7454	-0.4987
75.000	18.4972	0.4497	0.0548	0.0452	-0.0226	0.0143	-0.7940	-0.4071
80.000	18.8947	0.4546	0.0762	0.0504	-0.0158	0.0131	-0.8317	-0.3129
85.000	19.1230	0.4568	0.0988	0.0561	-0.0083	0.0108	-0.8590	-0.2163
90.000	19.1771	0.4562	0.1226	0.0623	-0.0003	0.0072	-0.8757	-0.1175
95.000	19.0575	0.4529	0.1475	0.0688	0.0079	0.0024	-0.8818	-0.0166
100.000	18.7697	0.4469	0.1736	0.0757	0.0163	-0.0037	-0.8765	0.0862
105.000	18.3238	0.4380	0.2005	0.0829	0.0245	-0.0112	-0.8589	0.1907
110.000	17.7347	0.4262	0.2281	0.0902	0.0323	-0.0200	-0.8278	0.2961
115.000	17.0209	0.4112	0.2560	0.0976	0.0394	-0.0301	-0.7817	0.4016
120.000	16.2046	0.3928	0.2836	0.1047	0.0455	-0.0413	-0.7188	0.5058
125.000	15.3106	0.3705	0.3100	0.1114	0.0503	-0.0532	-0.6372	0.6064
130.000	14.3655	0.3442	0.3341	0.1174	0.0533	-0.0654	-0.5349	0.7003
135.000	13.3974	0.3135	0.3545	0.1220	0.0543	-0.0772	-0.4103	0.7834
140.000	12.4347	0.2783	0.3690	0.1248	0.0531	-0.0878	-0.2624	0.8500
145.000	11.5057	0.2390	0.3753	0.1250	0.0495	-0.0961	-0.0919	0.8931
150.000	10.6373	0.1960	0.3703	0.1218	0.0434	-0.1007	0.0984	0.9042
155.000	9.8550	0.1509	0.3510	0.1142	0.0354	-0.1003	0.3019	0.8744
160.000	9.1814	0.1060	0.3144	0.1014	0.0260	-0.0934	0.5075	0.7957
165.000	8.6360	0.0644	0.2591	0.0830	0.0164	-0.0793	0.6993	0.6633
170.000	8.2347	0.0304	0.1854	0.0591	0.0079	-0.0579	0.8578	0.4785
175.000	7.9892	0.0079	0.0969	0.0308	0.0021	-0.0306	0.9630	0.2513
180.000	7.9065	0.0000	0.0000	0.0000	0.0000	0.0000	1.0000	0.0000
