0.000	11.8083	0.0000	0.0000	0.0000	0.0000	0.0000	1.0000	0.0000
5.000	11.9606	0.0104	-0.0397	0.0032	-0.0023	-0.0031	0.9646	-0.2604
10.000	12.4123	0.0399	-0.0755	0.0060	-0.0086	-0.0055	0.8647	-0.4949
15.000	13.1483	0.0836	-0.1046	0.0081	-0.0178	-0.0065	0.7163	-0.6846
20.000	14.1438	0.1355	-0.1257	0.0094	-0.0283	-0.0059	0.5395	-0.8210
25.000	15.3655	0.1901	-0.1388	0.0100	-0.0387	-0.0038	0.3530	-0.9048
30.000	16.7729	0.2432	-0.1446	0.0102	-0.0480	-0.0004	0.1706	-0.9427
35.000	18.3193	0.2924	-0.1445	0.0102	-0.0556	0.0037	0.0009	-0.9437
40.000	19.9539	0.3363	-0.1397	0.0103	-0.0611	0.0083	-0.1517	-0.9169
45.000	21.6232	0.3746	-0.1310	0.0107	-0.0644	0.0131	-0.2859	-0.8698
50.000	23.2729	0.4074	-0.1194	0.0115	-0.0656	0.0178	-0.4020	-0.8085
55.000	24.8499	0.4351	-0.1055	0.0130	-0.0648	0.0221	-0.5013	-0.7374
60.000	26.3036	0.4581	-0.0895	0.0151	-0.0622	0.0258	-0.5853	-0.6597
65.000	27.5875	0.4770	-0.0718	0.0180	-0.0578	0.0288	-0.6557	-0.5775
70.000	28.6610	0.4923	-0.0525	0.0218	-0.0520	0.0308	-0.7138	-0.4921
75.000	29.4901	0.5042	-0.0317	0.0263	-0.0448	0.0318	-0.7608	-0.4045
80.000	30.0485	0.5131	-0.0094	0.0318	-0.0364	0.0315	-0.7975	-0.3151
85.000	30.3186	0.5192	0.0144	0.0381	-0.0270	0.0298	-0.8245	-0.2242
90.000	30.2916	0.5225	0.0397	0.0452	-0.0167	0.0265	-0.8421	-0.1318
95.000	29.9677	0.5232	0.0664	0.0533	-0.0058	0.0215	-0.8502	-0.0380
100.000	29.3564	0.5210	0.0948	0.0621	0.0055	0.0147	-0.8485	0.0573
105.000	28.4757	0.5159	0.1246	0.0718	0.0169	0.0059	-0.8363	0.1541
110.000	27.3516	0.5077	0.1557	0.0821	0.0281	-0.0050	-0.8126	0.2521
115.000	26.0172	0.4959	0.1881	0.0931	0.0388	-0.0178	-0.7761	0.3510
120.000	24.5118	0.4801	0.2213	0.1045	0.0485	-0.0325	-0.7249	0.4500
125.000	22.8793	0.4598	0.2547	0.1161	0.0567	-0.0488	-0.6570	0.5476
130.000	21.1672	0.4344	0.2874	0.1275	0.0631	-0.0663	-0.5698	0.6418
135.000	19.4246	0.4031	0.3179	0.1381	0.0670	-0.0843	-0.4608	0.7291
140.000	17.7015	0.3654	0.3442	0.1471	0.0680	-0.1018	-0.3276	0.8046
145.000	16.0467	0.3208	0.3635	0.1534	0.0656	-0.1171	-0.1686	0.8614
150.000	14.5067	0.2696	0.3721	0.1554	0.0596	-0.1283	0.0158	0.8904
155.000	13.1243	0.2128	0.3652	0.1513	0.0501	-0.1330	0.2214	0.8803
160.000	11.9379	0.1532	0.3382	0.1393	0.0380	-0.1284	0.4385	0.8193
165.000	10.9798	0.0954	0.2869	0.1176	0.0246	-0.1125	0.6500	0.6976
170.000	10.2763	0.0459	0.2102	0.0859	0.0122	-0.0842	0.8315	0.5123
175.000	9.8465	0.0121	0.1116	0.0455	0.0032	-0.0453	0.9557	0.2723
180.000	9.7018	0.0000	0.0000	0.0000	0.0000	0.0000	1.0000	0.0000
