0.000	11.7752	0.0000	0.0000	0.0000	0.0000	0.0000	1.0000	0.0000
5.000	11.9141	0.0103	-0.0521	-0.0039	-0.0020	0.0040	0.9669	-0.2497
10.000	12.3263	0.0396	-0.0995	-0.0076	-0.0075	0.0083	0.8729	-0.4760
15.000	12.9983	0.0833	-0.1385	-0.0108	-0.0155	0.0129	0.7322	-0.6614
20.000	13.9081	0.1361	-0.1674	-0.0133	-0.0246	0.0179	0.5630	-0.7973
25.000	15.0260	0.1923	-0.1858	-0.0150	-0.0336	0.0233	0.3826	-0.8835
30.000	16.3153	0.2480	-0.1949	-0.0158	-0.0415	0.0288	0.2044	-0.9254
35.000	17.7338	0.3004	-0.1960	-0.0157	-0.0477	0.0343	0.0372	-0.9310
40.000	19.2345	0.3479	-0.1907	-0.0147	-0.0519	0.0395	-0.1143	-0.9086
45.000	20.7680	0.3901	-0.1803	-0.0127	-0.0539	0.0443	-0.2482	-0.8654
50.000	22.2834	0.4270	-0.1660	-0.0097	-0.0538	0.0486	-0.3644	-0.8076
55.000	23.7301	0.4587	-0.1487	-0.0058	-0.0517	0.0522	-0.4640	-0.7395
60.000	25.0597	0.4858	-0.1289	-0.0009	-0.0476	0.0548	-0.5482	-0.6645
65.000	26.2273	0.5087	-0.1070	0.0050	-0.0418	0.0565	-0.6186	-0.5850
70.000	27.1929	0.5278	-0.0833	0.0118	-0.0344	0.0570	-0.6766	-0.5023
75.000	27.9233	0.5435	-0.0580	0.0197	-0.0255	0.0561	-0.7234	-0.4177
80.000	28.3922	0.5561	-0.0311	0.0286	-0.0153	0.0537	-0.7599	-0.3316
85.000	28.5819	0.5658	-0.0025	0.0386	-0.0040	0.0497	-0.7868	-0.2445
90.000	28.4835	0.5727	0.0276	0.0497	0.0083	0.0437	-0.8046	-0.1564
95.000	28.0973	0.5767	0.0595	0.0619	0.0213	0.0357	-0.8133	-0.0673
100.000	27.4325	0.5779	0.0932	0.0752	0.0348	0.0253	-0.8128	0.0228
105.000	26.5070	0.5760	0.1286	0.0896	0.0485	0.0125	-0.8026	0.1138
110.000	25.3468	0.5708	0.1657	0.1051	0.0620	-0.0029	-0.7820	0.2059
115.000	23.9851	0.5618	0.2045	0.1215	0.0749	-0.0210	-0.7497	0.2988
120.000	22.4609	0.5485	0.2445	0.1387	0.0867	-0.0417	-0.7041	0.3920
125.000	20.8181	0.5301	0.2852	0.1564	0.0967	-0.0648	-0.6432	0.4847
130.000	19.1036	0.5058	0.3258	0.1741	0.1044	-0.0898	-0.5644	0.5752
135.000	17.3659	0.4746	0.3647	0.1911	0.1089	-0.1160	-0.4650	0.6609
140.000	15.6539	0.4356	0.3996	0.2062	0.1094	-0.1419	-0.3419	0.7376
145.000	14.0149	0.3878	0.4274	0.2179	0.1052	-0.1656	-0.1926	0.7993
150.000	12.4940	0.3308	0.4435	0.2240	0.0958	-0.1842	-0.0159	0.8371
155.000	11.1321	0.2655	0.4417	0.2214	0.0811	-0.1940	0.1858	0.8395
160.000	9.9657	0.1944	0.4152	0.2070	0.0621	-0.1905	0.4046	0.7930
165.000	9.0255	0.1230	0.3575	0.1774	0.0406	-0.1694	0.6236	0.6851
170.000	8.3360	0.0600	0.2652	0.1313	0.0203	-0.1286	0.8166	0.5094
175.000	7.9150	0.0159	0.1420	0.0701	0.0055	-0.0698	0.9513	0.2731
180.000	7.7735	0.0000	0.0000	0.0001	0.0000	-0.0001	1.0000	0.0000
