0.000	3.4802	0.0000	0.0000	0.0000	0.0000	0.0000	1.0000	0.0000
5.000	3.5153	0.0077	-0.0013	0.0012	0.0000	-0.0013	0.9697	-0.2442
10.000	3.6190	0.0295	-0.0020	0.0023	-0.0001	-0.0026	0.8831	-0.4683
15.000	3.7873	0.0623	-0.0015	0.0029	-0.0001	-0.0038	0.7516	-0.6567
20.000	4.0135	0.1018	0.0007	0.0031	-0.0001	-0.0051	0.5902	-0.8008
25.000	4.2889	0.1439	0.0047	0.0031	0.0002	-0.0064	0.4136	-0.8990
30.000	4.6033	0.1853	0.0108	0.0031	0.0008	-0.0077	0.2338	-0.9544
35.000	4.9458	0.2238	0.0191	0.0033	0.0016	-0.0091	0.0594	-0.9726
40.000	5.3050	0.2582	0.0294	0.0039	0.0027	-0.0106	-0.1042	-0.9600
45.000	5.6699	0.2878	0.0419	0.0052	0.0041	-0.0122	-0.2542	-0.9223
50.000	6.0298	0.3126	0.0565	0.0073	0.0058	-0.0139	-0.3890	-0.8646
55.000	6.3755	0.3329	0.0732	0.0102	0.0077	-0.0159	-0.5082	-0.7908
60.000	6.6985	0.3489	0.0917	0.0141	0.0097	-0.0181	-0.6117	-0.7040
65.000	6.9917	0.3610	0.1119	0.0188	0.0120	-0.0205	-0.6993	-0.6066
70.000	7.2492	0.3695	0.1336	0.0242	0.0143	-0.0233	-0.7712	-0.5007
75.000	7.4662	0.3747	0.1565	0.0303	0.0167	-0.0264	-0.8274	-0.3879
80.000	7.6389	0.3769	0.1804	0.0369	0.0192	-0.0299	-0.8675	-0.2700
85.000	7.7646	0.3761	0.2049	0.0438	0.0217	-0.0337	-0.8916	-0.1482
90.000	7.8416	0.3725	0.2297	0.0509	0.0241	-0.0379	-0.8992	-0.0241
95.000	7.8694	0.3659	0.2543	0.0579	0.0264	-0.0425	-0.8900	0.1009
100.000	7.8486	0.3565	0.2784	0.0648	0.0285	-0.0473	-0.8636	0.2252
105.000	7.7811	0.3440	0.3014	0.0712	0.0304	-0.0525	-0.8196	0.3470
110.000	7.6704	0.3286	0.3228	0.0772	0.0320	-0.0578	-0.7575	0.4643
115.000	7.5212	0.3101	0.3421	0.0824	0.0330	-0.0631	-0.6769	0.5748
120.000	7.3396	0.2886	0.3583	0.0867	0.0335	-0.0681	-0.5776	0.6757
125.000	7.1327	0.2641	0.3705	0.0899	0.0333	-0.0727	-0.4598	0.7637
130.000	6.9084	0.2370	0.3778	0.0917	0.0323	-0.0765	-0.3242	0.8351
135.000	6.6752	0.2076	0.3790	0.0920	0.0304	-0.0790	-0.1727	0.8859
140.000	6.4415	0.1765	0.3728	0.0904	0.0277	-0.0799	-0.0080	0.9115
145.000	6.2155	0.1446	0.3581	0.0867	0.0241	-0.0788	0.1654	0.9079
150.000	6.0047	0.1130	0.3338	0.0807	0.0199	-0.0751	0.3416	0.8715
155.000	5.8155	0.0828	0.2995	0.0723	0.0153	-0.0688	0.5132	0.8002
160.000	5.6536	0.0554	0.2550	0.0615	0.0106	-0.0595	0.6714	0.6937
165.000	5.5234	0.0323	0.2010	0.0484	0.0064	-0.0475	0.8071	0.5543
170.000	5.4281	0.0148	0.1390	0.0334	0.0030	-0.0332	0.9115	0.3868
175.000	5.3700	0.0037	0.0710	0.0171	0.0008	-0.0171	0.9775	0.1988
180.000	5.3505	0.0000	0.0000	0.0000	0.0000	0.0000	1.0000	0.0000
