0.000	9.0874	0.0000	0.0000	0.0000	0.0000	0.0000	1.0000	0.0000
5.000	9.1987	0.0096	-0.0262	-0.0022	-0.0008	0.0022	0.9658	-0.2578
10.000	9.5287	0.0367	-0.0497	-0.0042	-0.0030	0.0044	0.8689	-0.4911
15.000	10.0656	0.0771	-0.0687	-0.0059	-0.0062	0.0066	0.7243	-0.6817
20.000	10.7903	0.1252	-0.0821	-0.0071	-0.0098	0.0089	0.5508	-0.8210
25.000	11.6774	0.1761	-0.0897	-0.0078	-0.0133	0.0111	0.3662	-0.9092
30.000	12.6964	0.2259	-0.0919	-0.0077	-0.0162	0.0133	0.1838	-0.9520
35.000	13.8126	0.2722	-0.0893	-0.0069	-0.0184	0.0152	0.0123	-0.9577
40.000	14.9892	0.3137	-0.0825	-0.0051	-0.0196	0.0170	-0.1437	-0.9346
45.000	16.1882	0.3499	-0.0721	-0.0023	-0.0199	0.0184	-0.2824	-0.8899
50.000	17.3718	0.3810	-0.0586	0.0014	-0.0191	0.0193	-0.4038	-0.8292
55.000	18.5041	0.4072	-0.0423	0.0061	-0.0175	0.0198	-0.5087	-0.7569
60.000	19.5518	0.4289	-0.0235	0.0118	-0.0149	0.0197	-0.5982	-0.6761
65.000	20.4851	0.4466	-0.0026	0.0183	-0.0115	0.0188	-0.6735	-0.5889
70.000	21.2783	0.4606	0.0205	0.0257	-0.0073	0.0172	-0.7354	-0.4969
75.000	21.9109	0.4712	0.0454	0.0339	-0.0025	0.0146	-0.7849	-0.4010
80.000	22.3671	0.4786	0.0721	0.0427	0.0030	0.0110	-0.8223	-0.3020
85.000	22.6365	0.4829	0.1002	0.0520	0.0089	0.0063	-0.8480	-0.2005
90.000	22.7141	0.4842	0.1297	0.0617	0.0151	0.0005	-0.8619	-0.0969
95.000	22.6003	0.4824	0.1603	0.0718	0.0216	-0.0066	-0.8638	0.0085
100.000	22.3006	0.4774	0.1917	0.0820	0.0281	-0.0150	-0.8531	0.1150
105.000	21.8258	0.4692	0.2235	0.0922	0.0345	-0.0246	-0.8290	0.2220
110.000	21.1913	0.4574	0.2555	0.1022	0.0404	-0.0353	-0.7906	0.3288
115.000	20.4170	0.4417	0.2869	0.1119	0.0458	-0.0471	-0.7365	0.4340
120.000	19.5266	0.4219	0.3171	0.1209	0.0501	-0.0597	-0.6654	0.5359
125.000	18.5472	0.3977	0.3451	0.1291	0.0533	-0.0727	-0.5759	0.6321
130.000	17.5083	0.3687	0.3697	0.1359	0.0549	-0.0856	-0.4666	0.7196
135.000	16.4409	0.3348	0.3891	0.1408	0.0546	-0.0975	-0.3366	0.7940
140.000	15.3771	0.2961	0.4015	0.1433	0.0523	-0.1077	-0.1859	0.8502
145.000	14.3486	0.2529	0.4042	0.1426	0.0479	-0.1149	-0.0159	0.8816
150.000	13.3859	0.2061	0.3947	0.1378	0.0414	-0.1177	0.1695	0.8812
155.000	12.5177	0.1576	0.3700	0.1281	0.0333	-0.1149	0.3635	0.8415
160.000	11.7696	0.1098	0.3281	0.1128	0.0241	-0.1052	0.5554	0.7569
165.000	11.1637	0.0663	0.2678	0.0915	0.0150	-0.0881	0.7310	0.6244
170.000	10.7178	0.0311	0.1902	0.0648	0.0072	-0.0637	0.8737	0.4468
175.000	10.4449	0.0080	0.0989	0.0336	0.0019	-0.0335	0.9673	0.2334
180.000	10.3530	-0.0000	0.0000	0.0000	0.0000	-0.0000	1.0000	0.0000
