0.000	6.6134	0.0000	0.0000	0.0000	0.0000	0.0000	1.0000	0.0000
5.000	6.6777	0.0094	-0.0548	0.0085	-0.0032	-0.0085	0.9708	-0.2333
10.000	6.8689	0.0363	-0.1062	0.0155	-0.0123	-0.0156	0.8873	-0.4472
15.000	7.1820	0.0775	-0.1514	0.0198	-0.0258	-0.0202	0.7603	-0.6263
20.000	7.6086	0.1284	-0.1888	0.0209	-0.0421	-0.0216	0.6046	-0.7619
25.000	8.1370	0.1845	-0.2176	0.0188	-0.0591	-0.0199	0.4349	-0.8520
30.000	8.7519	0.2420	-0.2382	0.0142	-0.0754	-0.0153	0.2638	-0.8997
35.000	9.4350	0.2978	-0.2513	0.0078	-0.0897	-0.0085	0.1005	-0.9110
40.000	10.1648	0.3503	-0.2578	0.0004	-0.1015	0.0000	-0.0493	-0.8933
45.000	10.9171	0.3985	-0.2588	-0.0072	-0.1103	0.0095	-0.1825	-0.8536
50.000	11.6662	0.4421	-0.2552	-0.0143	-0.1161	0.0194	-0.2983	-0.7980
55.000	12.3848	0.4810	-0.2477	-0.0205	-0.1190	0.0293	-0.3970	-0.7315
60.000	13.0457	0.5155	-0.2370	-0.0253	-0.1190	0.0388	-0.4797	-0.6580
65.000	13.6224	0.5459	-0.2235	-0.0284	-0.1163	0.0476	-0.5478	-0.5804
70.000	14.0905	0.5728	-0.2076	-0.0298	-0.1112	0.0555	-0.6029	-0.5008
75.000	14.4286	0.5964	-0.1895	-0.0293	-0.1037	0.0621	-0.6464	-0.4205
80.000	14.6189	0.6171	-0.1693	-0.0268	-0.0941	0.0672	-0.6796	-0.3407
85.000	14.6488	0.6352	-0.1471	-0.0222	-0.0826	0.0705	-0.7037	-0.2617
90.000	14.5109	0.6508	-0.1229	-0.0156	-0.0692	0.0718	-0.7196	-0.1840
95.000	14.2036	0.6643	-0.0966	-0.0069	-0.0541	0.0707	-0.7280	-0.1077
100.000	13.7314	0.6755	-0.0681	0.0040	-0.0375	0.0669	-0.7295	-0.0326
105.000	13.1047	0.6844	-0.0372	0.0172	-0.0197	0.0600	-0.7244	0.0413
110.000	12.3396	0.6910	-0.0037	0.0327	-0.0009	0.0496	-0.7127	0.1145
115.000	11.4570	0.6949	0.0327	0.0508	0.0187	0.0354	-0.6942	0.1873
120.000	10.4824	0.6957	0.0723	0.0716	0.0385	0.0168	-0.6682	0.2601
125.000	9.4441	0.6925	0.1154	0.0952	0.0581	-0.0065	-0.6337	0.3335
130.000	8.3722	0.6844	0.1621	0.1218	0.0768	-0.0349	-0.5888	0.4079
135.000	7.2978	0.6698	0.2126	0.1513	0.0937	-0.0686	-0.5310	0.4834
140.000	6.2508	0.6466	0.2664	0.1835	0.1077	-0.1074	-0.4565	0.5595
145.000	5.2597	0.6120	0.3222	0.2175	0.1173	-0.1506	-0.3598	0.6348
150.000	4.3502	0.5623	0.3773	0.2515	0.1207	-0.1959	-0.2338	0.7050
155.000	3.5445	0.4929	0.4256	0.2814	0.1160	-0.2390	-0.0696	0.7614
160.000	2.8612	0.3997	0.4554	0.2997	0.1011	-0.2711	0.1406	0.7869
165.000	2.3152	0.2828	0.4472	0.2935	0.0756	-0.2779	0.3966	0.7523
170.000	1.9176	0.1536	0.3748	0.2456	0.0427	-0.2398	0.6740	0.6186
175.000	1.6760	0.0443	0.2196	0.1438	0.0126	-0.1430	0.9063	0.3584
180.000	1.5949	0.0000	0.0001	0.0001	0.0000	-0.0001	1.0000	0.0001
