0.000	0.2525	0.0000	0.0000	0.0000	0.0000	0.0000	1.0000	0.0000
5.000	0.2537	0.0017	0.0571	0.0061	-0.0002	-0.0061	0.9772	-0.2047
10.000	0.2573	0.0068	0.1125	0.0119	-0.0009	-0.0119	0.9104	-0.3980
15.000	0.2632	0.0148	0.1644	0.0173	-0.0019	-0.0172	0.8050	-0.5698
20.000	0.2713	0.0249	0.2119	0.0220	-0.0031	-0.0217	0.6685	-0.7124
25.000	0.2814	0.0364	0.2540	0.0260	-0.0046	-0.0254	0.5099	-0.8211
30.000	0.2931	0.0484	0.2906	0.0292	-0.0062	-0.0283	0.3381	-0.8938
35.000	0.3064	0.0604	0.3218	0.0316	-0.0078	-0.0302	0.1614	-0.9310
40.000	0.3207	0.0716	0.3478	0.0333	-0.0094	-0.0314	-0.0129	-0.9347
45.000	0.3359	0.0818	0.3693	0.0343	-0.0108	-0.0319	-0.1793	-0.9082
50.000	0.3516	0.0905	0.3868	0.0347	-0.0121	-0.0318	-0.3334	-0.8550
55.000	0.3675	0.0976	0.4008	0.0347	-0.0132	-0.0312	-0.4721	-0.7791
60.000	0.3832	0.1030	0.4119	0.0342	-0.0141	-0.0302	-0.5930	-0.6841
65.000	0.3985	0.1068	0.4205	0.0333	-0.0148	-0.0289	-0.6948	-0.5737
70.000	0.4130	0.1089	0.4269	0.0322	-0.0153	-0.0273	-0.7762	-0.4510
75.000	0.4266	0.1095	0.4314	0.0308	-0.0156	-0.0256	-0.8367	-0.3192
80.000	0.4389	0.1087	0.4340	0.0292	-0.0157	-0.0238	-0.8758	-0.1811
85.000	0.4500	0.1065	0.4350	0.0274	-0.0155	-0.0219	-0.8932	-0.0396
90.000	0.4596	0.1032	0.4343	0.0255	-0.0152	-0.0200	-0.8889	0.1027
95.000	0.4676	0.0988	0.4319	0.0235	-0.0148	-0.0180	-0.8630	0.2429
100.000	0.4741	0.0934	0.4277	0.0214	-0.0141	-0.0161	-0.8156	0.3783
105.000	0.4791	0.0872	0.4215	0.0193	-0.0134	-0.0143	-0.7475	0.5059
110.000	0.4825	0.0804	0.4132	0.0172	-0.0125	-0.0125	-0.6595	0.6228
115.000	0.4846	0.0730	0.4025	0.0151	-0.0115	-0.0109	-0.5528	0.7260
120.000	0.4854	0.0653	0.3892	0.0130	-0.0104	-0.0093	-0.4294	0.8123
125.000	0.4852	0.0574	0.3732	0.0110	-0.0092	-0.0079	-0.2915	0.8789
130.000	0.4840	0.0494	0.3541	0.0092	-0.0080	-0.0065	-0.1422	0.9230
135.000	0.4821	0.0415	0.3318	0.0075	-0.0068	-0.0054	0.0150	0.9423
140.000	0.4797	0.0339	0.3063	0.0059	-0.0056	-0.0043	0.1759	0.9349
145.000	0.4770	0.0268	0.2774	0.0046	-0.0044	-0.0034	0.3357	0.8998
150.000	0.4742	0.0202	0.2452	0.0034	-0.0034	-0.0026	0.4892	0.8367
155.000	0.4715	0.0143	0.2099	0.0025	-0.0024	-0.0020	0.6311	0.7466
160.000	0.4690	0.0093	0.1718	0.0017	-0.0016	-0.0014	0.7561	0.6314
165.000	0.4670	0.0053	0.1312	0.0011	-0.0009	-0.0010	0.8593	0.4944
170.000	0.4654	0.0024	0.0886	0.0007	-0.0004	-0.0006	0.9363	0.3399
175.000	0.4644	0.0006	0.0446	0.0003	-0.0001	-0.0003	0.9839	0.1731
180.000	0.4641	0.0000	0.0000	0.0000	0.0000	0.0000	1.0000	0.0000
