0.000	11.3441	0.0000	0.0000	0.0000	0.0000	0.0000	1.0000	0.0000
5.000	11.4729	0.0102	-0.0311	0.0034	-0.0005	-0.0037	0.9672	-0.2517
10.000	11.8557	0.0394	-0.0609	0.0047	-0.0018	-0.0071	0.8741	-0.4802
15.000	12.4815	0.0832	-0.0884	0.0023	-0.0037	-0.0097	0.7343	-0.6678
20.000	13.3326	0.1364	-0.1125	-0.0041	-0.0058	-0.0117	0.5653	-0.8056
25.000	14.3840	0.1937	-0.1326	-0.0139	-0.0077	-0.0129	0.3843	-0.8928
30.000	15.6046	0.2508	-0.1482	-0.0258	-0.0092	-0.0137	0.2048	-0.9346
35.000	16.9571	0.3049	-0.1588	-0.0384	-0.0101	-0.0143	0.0361	-0.9390
40.000	18.3993	0.3543	-0.1644	-0.0503	-0.0106	-0.0149	-0.1167	-0.9143
45.000	19.8852	0.3983	-0.1650	-0.0605	-0.0106	-0.0157	-0.2515	-0.8684
50.000	21.3663	0.4366	-0.1607	-0.0682	-0.0102	-0.0169	-0.3682	-0.8076
55.000	22.7932	0.4695	-0.1518	-0.0730	-0.0096	-0.0187	-0.4676	-0.7367
60.000	24.1171	0.4974	-0.1387	-0.0747	-0.0088	-0.0209	-0.5512	-0.6592
65.000	25.2921	0.5208	-0.1217	-0.0736	-0.0079	-0.0238	-0.6206	-0.5776
70.000	26.2765	0.5399	-0.1013	-0.0697	-0.0070	-0.0272	-0.6773	-0.4936
75.000	27.0345	0.5553	-0.0780	-0.0634	-0.0061	-0.0313	-0.7225	-0.4080
80.000	27.5377	0.5673	-0.0521	-0.0551	-0.0051	-0.0359	-0.7574	-0.3217
85.000	27.7657	0.5761	-0.0241	-0.0451	-0.0041	-0.0411	-0.7828	-0.2347
90.000	27.7075	0.5818	0.0058	-0.0337	-0.0029	-0.0470	-0.7992	-0.1472
95.000	27.3610	0.5847	0.0373	-0.0212	-0.0015	-0.0535	-0.8067	-0.0592
100.000	26.7339	0.5847	0.0702	-0.0078	0.0001	-0.0607	-0.8055	0.0295
105.000	25.8425	0.5816	0.1046	0.0065	0.0020	-0.0687	-0.7950	0.1189
110.000	24.7115	0.5754	0.1403	0.0215	0.0042	-0.0776	-0.7746	0.2091
115.000	23.3731	0.5656	0.1773	0.0374	0.0067	-0.0874	-0.7432	0.3000
120.000	21.8654	0.5518	0.2155	0.0540	0.0094	-0.0981	-0.6995	0.3912
125.000	20.2320	0.5334	0.2547	0.0713	0.0123	-0.1099	-0.6413	0.4819
130.000	18.5195	0.5094	0.2943	0.0892	0.0150	-0.1223	-0.5663	0.5709
135.000	16.7771	0.4791	0.3333	0.1074	0.0174	-0.1351	-0.4716	0.6558
140.000	15.0543	0.4412	0.3698	0.1250	0.0192	-0.1476	-0.3538	0.7328
145.000	13.3998	0.3947	0.4008	0.1408	0.0200	-0.1585	-0.2099	0.7961
150.000	11.8602	0.3389	0.4219	0.1531	0.0196	-0.1661	-0.0379	0.8374
155.000	10.4783	0.2741	0.4267	0.1589	0.0176	-0.1677	0.1613	0.8447
160.000	9.2923	0.2025	0.4075	0.1549	0.0142	-0.1601	0.3809	0.8038
165.000	8.3349	0.1293	0.3560	0.1375	0.0097	-0.1400	0.6049	0.6998
170.000	7.6319	0.0636	0.2675	0.1044	0.0050	-0.1053	0.8058	0.5242
175.000	7.2023	0.0170	0.1444	0.0568	0.0014	-0.0569	0.9482	0.2825
180.000	7.0578	0.0000	0.0000	0.0001	0.0000	-0.0001	1.0000	0.0001
