0.000	4.7797	0.0000	0.0000	0.0000	0.0000	0.0000	1.0000	0.0000
5.000	4.8099	0.0062	-0.0362	0.0350	-0.0042	-0.0352	0.9759	-0.2150
10.000	4.9004	0.0245	-0.0724	0.0661	-0.0162	-0.0674	0.9058	-0.4163
15.000	5.0510	0.0536	-0.1083	0.0898	-0.0350	-0.0941	0.7957	-0.5918
20.000	5.2614	0.0915	-0.1436	0.1040	-0.0585	-0.1133	0.6549	-0.7326
25.000	5.5302	0.1359	-0.1774	0.1080	-0.0848	-0.1243	0.4940	-0.8337
30.000	5.8550	0.1845	-0.2088	0.1024	-0.1116	-0.1269	0.3237	-0.8942
35.000	6.2318	0.2350	-0.2368	0.0887	-0.1371	-0.1220	0.1538	-0.9161
40.000	6.6543	0.2854	-0.2606	0.0691	-0.1597	-0.1108	-0.0080	-0.9042
45.000	7.1137	0.3344	-0.2795	0.0460	-0.1785	-0.0949	-0.1559	-0.8643
50.000	7.5982	0.3807	-0.2933	0.0214	-0.1928	-0.0757	-0.2866	-0.8028
55.000	8.0932	0.4237	-0.3019	-0.0028	-0.2026	-0.0549	-0.3984	-0.7256
60.000	8.5815	0.4630	-0.3054	-0.0252	-0.2079	-0.0335	-0.4912	-0.6382
65.000	9.0438	0.4986	-0.3043	-0.0450	-0.2090	-0.0126	-0.5658	-0.5448
70.000	9.4593	0.5304	-0.2991	-0.0616	-0.2064	0.0071	-0.6236	-0.4489
75.000	9.8073	0.5586	-0.2901	-0.0747	-0.2005	0.0250	-0.6664	-0.3528
80.000	10.0682	0.5834	-0.2780	-0.0842	-0.1918	0.0408	-0.6959	-0.2583
85.000	10.2247	0.6051	-0.2630	-0.0903	-0.1806	0.0544	-0.7138	-0.1665
90.000	10.2631	0.6239	-0.2456	-0.0930	-0.1674	0.0654	-0.7217	-0.0779
95.000	10.1744	0.6399	-0.2259	-0.0925	-0.1523	0.0737	-0.7207	0.0072
100.000	9.9550	0.6533	-0.2042	-0.0890	-0.1356	0.0793	-0.7119	0.0890
105.000	9.6068	0.6641	-0.1805	-0.0825	-0.1176	0.0819	-0.6961	0.1676
110.000	9.1379	0.6723	-0.1548	-0.0732	-0.0984	0.0813	-0.6737	0.2435
115.000	8.5614	0.6777	-0.1270	-0.0611	-0.0783	0.0773	-0.6447	0.3171
120.000	7.8951	0.6799	-0.0970	-0.0461	-0.0576	0.0694	-0.6091	0.3890
125.000	7.1606	0.6783	-0.0647	-0.0282	-0.0366	0.0574	-0.5661	0.4598
130.000	6.3818	0.6720	-0.0298	-0.0073	-0.0157	0.0409	-0.5145	0.5300
135.000	5.5842	0.6597	0.0077	0.0165	0.0042	0.0196	-0.4524	0.5999
140.000	4.7933	0.6395	0.0478	0.0431	0.0225	-0.0066	-0.3766	0.6695
145.000	4.0335	0.6085	0.0899	0.0722	0.0380	-0.0374	-0.2827	0.7376
150.000	3.3278	0.5631	0.1328	0.1025	0.0493	-0.0717	-0.1642	0.8008
155.000	2.6964	0.4983	0.1734	0.1317	0.0549	-0.1068	-0.0128	0.8511
160.000	2.1565	0.4093	0.2053	0.1550	0.0530	-0.1374	0.1804	0.8719
165.000	1.7222	0.2941	0.2171	0.1636	0.0427	-0.1536	0.4180	0.8325
170.000	1.4045	0.1626	0.1922	0.1448	0.0255	-0.1409	0.6810	0.6880
175.000	1.2108	0.0476	0.1167	0.0879	0.0078	-0.0873	0.9072	0.4015
180.000	1.1457	0.0000	0.0001	0.0001	0.0000	-0.0001	1.0000	0.0001
