0.000	5.5030	0.0000	0.0000	0.0000	0.0000	0.0000	1.0000	0.0000
5.000	5.5322	0.0068	-0.0224	0.0131	-0.0004	-0.0135	0.9786	-0.2045
10.000	5.6200	0.0269	-0.0457	0.0238	-0.0016	-0.0267	0.9160	-0.3976
15.000	5.7675	0.0589	-0.0707	0.0301	-0.0040	-0.0391	0.8169	-0.5688
20.000	5.9757	0.1008	-0.0972	0.0308	-0.0082	-0.0505	0.6888	-0.7101
25.000	6.2449	0.1501	-0.1248	0.0257	-0.0145	-0.0603	0.5405	-0.8164
30.000	6.5741	0.2038	-0.1521	0.0155	-0.0232	-0.0682	0.3816	-0.8859
35.000	6.9598	0.2591	-0.1778	0.0016	-0.0341	-0.0737	0.2209	-0.9197
40.000	7.3955	0.3136	-0.2005	-0.0145	-0.0470	-0.0768	0.0658	-0.9215
45.000	7.8708	0.3652	-0.2190	-0.0312	-0.0612	-0.0774	-0.0782	-0.8965
50.000	8.3717	0.4127	-0.2326	-0.0470	-0.0760	-0.0756	-0.2077	-0.8504
55.000	8.8806	0.4551	-0.2411	-0.0611	-0.0908	-0.0718	-0.3211	-0.7887
60.000	9.3766	0.4922	-0.2444	-0.0729	-0.1048	-0.0661	-0.4181	-0.7163
65.000	9.8367	0.5242	-0.2431	-0.0820	-0.1175	-0.0590	-0.4996	-0.6372
70.000	10.2374	0.5513	-0.2374	-0.0886	-0.1284	-0.0509	-0.5666	-0.5545
75.000	10.5555	0.5742	-0.2281	-0.0926	-0.1372	-0.0421	-0.6206	-0.4702
80.000	10.7701	0.5933	-0.2155	-0.0944	-0.1436	-0.0331	-0.6631	-0.3859
85.000	10.8642	0.6093	-0.2000	-0.0940	-0.1476	-0.0242	-0.6955	-0.3025
90.000	10.8257	0.6226	-0.1819	-0.0918	-0.1490	-0.0158	-0.7188	-0.2205
95.000	10.6484	0.6336	-0.1614	-0.0876	-0.1477	-0.0082	-0.7340	-0.1399
100.000	10.3326	0.6426	-0.1384	-0.0817	-0.1439	-0.0020	-0.7417	-0.0610
105.000	9.8848	0.6498	-0.1129	-0.0738	-0.1376	0.0025	-0.7425	0.0167
110.000	9.3176	0.6552	-0.0845	-0.0638	-0.1288	0.0049	-0.7364	0.0932
115.000	8.6488	0.6587	-0.0530	-0.0515	-0.1178	0.0045	-0.7235	0.1691
120.000	7.9000	0.6600	-0.0178	-0.0367	-0.1048	0.0009	-0.7032	0.2447
125.000	7.0958	0.6585	0.0215	-0.0191	-0.0901	-0.0065	-0.6748	0.3206
130.000	6.2620	0.6532	0.0655	0.0017	-0.0741	-0.0182	-0.6366	0.3973
135.000	5.4246	0.6429	0.1145	0.0260	-0.0574	-0.0347	-0.5864	0.4753
140.000	4.6085	0.6255	0.1687	0.0537	-0.0406	-0.0564	-0.5204	0.5545
145.000	3.8368	0.5983	0.2276	0.0846	-0.0246	-0.0830	-0.4332	0.6343
150.000	3.1298	0.5573	0.2893	0.1178	-0.0104	-0.1136	-0.3169	0.7115
155.000	2.5050	0.4974	0.3489	0.1509	0.0010	-0.1458	-0.1609	0.7788
160.000	1.9763	0.4128	0.3960	0.1783	0.0082	-0.1739	0.0466	0.8198
165.000	1.5547	0.3005	0.4105	0.1901	0.0104	-0.1872	0.3121	0.8030
170.000	1.2482	0.1684	0.3612	0.1704	0.0077	-0.1691	0.6168	0.6790
175.000	1.0623	0.0499	0.2196	0.1047	0.0026	-0.1045	0.8870	0.4032
180.000	1.0000	0.0000	0.0001	0.0002	0.0000	-0.0002	1.0000	0.0001
