0.000	12.3766	0.0000	0.0000	0.0000	0.0000	0.0000	1.0000	0.0000
5.000	12.5254	0.0103	-0.0364	-0.0029	-0.0010	0.0028	0.9663	-0.2548
10.000	12.9668	0.0397	-0.0699	-0.0059	-0.0037	0.0056	0.8706	-0.4854
15.000	13.6859	0.0834	-0.0980	-0.0091	-0.0076	0.0083	0.7277	-0.6737
20.000	14.6589	0.1359	-0.1194	-0.0123	-0.0123	0.0108	0.5561	-0.8111
25.000	15.8533	0.1917	-0.1340	-0.0153	-0.0170	0.0131	0.3733	-0.8976
30.000	17.2295	0.2465	-0.1421	-0.0179	-0.0213	0.0152	0.1931	-0.9388
35.000	18.7423	0.2978	-0.1443	-0.0198	-0.0250	0.0170	0.0240	-0.9431
40.000	20.3420	0.3441	-0.1414	-0.0207	-0.0279	0.0186	-0.1292	-0.9188
45.000	21.9766	0.3849	-0.1342	-0.0204	-0.0298	0.0199	-0.2646	-0.8735
50.000	23.5932	0.4201	-0.1231	-0.0188	-0.0307	0.0208	-0.3824	-0.8131
55.000	25.1398	0.4502	-0.1087	-0.0160	-0.0306	0.0213	-0.4833	-0.7422
60.000	26.5670	0.4755	-0.0914	-0.0117	-0.0296	0.0213	-0.5688	-0.6640
65.000	27.8294	0.4965	-0.0714	-0.0062	-0.0276	0.0206	-0.6402	-0.5808
70.000	28.8869	0.5137	-0.0489	0.0005	-0.0247	0.0192	-0.6989	-0.4942
75.000	29.7058	0.5273	-0.0242	0.0084	-0.0209	0.0170	-0.7460	-0.4052
80.000	30.2599	0.5377	0.0027	0.0173	-0.0163	0.0137	-0.7821	-0.3145
85.000	30.5314	0.5451	0.0314	0.0272	-0.0110	0.0094	-0.8080	-0.2224
90.000	30.5107	0.5495	0.0619	0.0378	-0.0049	0.0039	-0.8240	-0.1291
95.000	30.1974	0.5510	0.0941	0.0493	0.0018	-0.0030	-0.8299	-0.0347
100.000	29.5998	0.5494	0.1279	0.0614	0.0089	-0.0114	-0.8256	0.0607
105.000	28.7350	0.5446	0.1630	0.0740	0.0163	-0.0213	-0.8105	0.1569
110.000	27.6280	0.5363	0.1993	0.0872	0.0238	-0.0329	-0.7837	0.2538
115.000	26.3111	0.5242	0.2364	0.1006	0.0311	-0.0460	-0.7438	0.3508
120.000	24.8227	0.5077	0.2739	0.1142	0.0379	-0.0606	-0.6894	0.4471
125.000	23.2063	0.4863	0.3110	0.1276	0.0439	-0.0765	-0.6184	0.5412
130.000	21.5091	0.4592	0.3466	0.1405	0.0486	-0.0933	-0.5287	0.6310
135.000	19.7804	0.4258	0.3792	0.1522	0.0515	-0.1101	-0.4179	0.7132
140.000	18.0697	0.3855	0.4064	0.1619	0.0523	-0.1259	-0.2839	0.7831
145.000	16.4262	0.3379	0.4251	0.1683	0.0505	-0.1392	-0.1258	0.8341
150.000	14.8963	0.2834	0.4312	0.1699	0.0460	-0.1481	0.0557	0.8576
155.000	13.5229	0.2232	0.4199	0.1648	0.0388	-0.1499	0.2562	0.8435
160.000	12.3442	0.1602	0.3859	0.1511	0.0294	-0.1423	0.4659	0.7810
165.000	11.3925	0.0995	0.3253	0.1271	0.0190	-0.1229	0.6684	0.6619
170.000	10.6937	0.0477	0.2372	0.0925	0.0094	-0.0912	0.8409	0.4843
175.000	10.2667	0.0125	0.1255	0.0489	0.0025	-0.0487	0.9582	0.2567
180.000	10.1231	0.0000	0.0000	0.0000	0.0000	-0.0000	1.0000	0.0000
