0.000	8.6459	0.0000	0.0000	0.0000	0.0000	0.0000	1.0000	0.0000
5.000	8.7254	0.0088	-0.0250	0.0119	-0.0008	-0.0123	0.9705	-0.2397
10.000	8.9628	0.0341	-0.0502	0.0204	-0.0029	-0.0235	0.8858	-0.4600
15.000	9.3543	0.0732	-0.0755	0.0231	-0.0061	-0.0327	0.7564	-0.6451
20.000	9.8933	0.1222	-0.1005	0.0191	-0.0098	-0.0396	0.5968	-0.7858
25.000	10.5695	0.1768	-0.1242	0.0087	-0.0138	-0.0440	0.4219	-0.8793
30.000	11.3683	0.2334	-0.1455	-0.0063	-0.0175	-0.0463	0.2450	-0.9284
35.000	12.2703	0.2889	-0.1631	-0.0239	-0.0209	-0.0471	0.0759	-0.9392
40.000	13.2509	0.3412	-0.1762	-0.0420	-0.0238	-0.0468	-0.0789	-0.9194
45.000	14.2809	0.3891	-0.1843	-0.0587	-0.0262	-0.0460	-0.2163	-0.8767
50.000	15.3264	0.4319	-0.1870	-0.0729	-0.0281	-0.0450	-0.3353	-0.8177
55.000	16.3505	0.4694	-0.1844	-0.0837	-0.0297	-0.0443	-0.4363	-0.7479
60.000	17.3148	0.5018	-0.1770	-0.0908	-0.0310	-0.0439	-0.5209	-0.6715
65.000	18.1809	0.5293	-0.1650	-0.0944	-0.0322	-0.0441	-0.5906	-0.5914
70.000	18.9125	0.5524	-0.1490	-0.0945	-0.0332	-0.0449	-0.6472	-0.5095
75.000	19.4777	0.5714	-0.1297	-0.0916	-0.0340	-0.0463	-0.6925	-0.4269
80.000	19.8499	0.5867	-0.1074	-0.0862	-0.0347	-0.0483	-0.7278	-0.3443
85.000	20.0100	0.5986	-0.0827	-0.0786	-0.0351	-0.0508	-0.7541	-0.2619
90.000	19.9468	0.6075	-0.0558	-0.0693	-0.0352	-0.0540	-0.7722	-0.1797
95.000	19.6576	0.6134	-0.0271	-0.0585	-0.0350	-0.0579	-0.7825	-0.0975
100.000	19.1479	0.6166	0.0034	-0.0465	-0.0342	-0.0625	-0.7853	-0.0150
105.000	18.4311	0.6170	0.0356	-0.0333	-0.0329	-0.0679	-0.7803	0.0680
110.000	17.5275	0.6145	0.0697	-0.0189	-0.0310	-0.0743	-0.7671	0.1519
115.000	16.4632	0.6088	0.1057	-0.0033	-0.0284	-0.0818	-0.7448	0.2368
120.000	15.2694	0.5995	0.1438	0.0137	-0.0251	-0.0905	-0.7121	0.3227
125.000	13.9805	0.5861	0.1842	0.0321	-0.0213	-0.1006	-0.6673	0.4095
130.000	12.6333	0.5675	0.2266	0.0519	-0.0171	-0.1121	-0.6081	0.4967
135.000	11.2659	0.5425	0.2707	0.0732	-0.0126	-0.1249	-0.5312	0.5829
140.000	9.9166	0.5097	0.3153	0.0954	-0.0081	-0.1385	-0.4328	0.6658
145.000	8.6228	0.4672	0.3581	0.1175	-0.0039	-0.1522	-0.3080	0.7411
150.000	7.4201	0.4130	0.3951	0.1379	-0.0005	-0.1641	-0.1518	0.8015
155.000	6.3414	0.3456	0.4193	0.1533	0.0020	-0.1717	0.0396	0.8350
160.000	5.4161	0.2653	0.4205	0.1594	0.0031	-0.1707	0.2650	0.8239
165.000	4.6693	0.1764	0.3856	0.1500	0.0030	-0.1557	0.5126	0.7454
170.000	4.1210	0.0900	0.3024	0.1198	0.0019	-0.1217	0.7517	0.5787
175.000	3.7860	0.0247	0.1683	0.0674	0.0006	-0.0677	0.9320	0.3201
180.000	3.6733	0.0000	0.0001	0.0001	0.0000	-0.0001	1.0000	0.0001
