0.000	6.9094	0.0000	0.0000	0.0000	0.0000	0.0000	1.0000	0.0000
5.000	6.9782	0.0095	-0.0556	0.0071	-0.0031	-0.0071	0.9704	-0.2348
10.000	7.1826	0.0369	-0.1076	0.0128	-0.0120	-0.0129	0.8858	-0.4497
15.000	7.5171	0.0786	-0.1530	0.0161	-0.0252	-0.0163	0.7575	-0.6293
20.000	7.9726	0.1300	-0.1901	0.0167	-0.0409	-0.0168	0.6004	-0.7647
25.000	8.5361	0.1865	-0.2184	0.0145	-0.0573	-0.0145	0.4297	-0.8542
30.000	9.1912	0.2440	-0.2381	0.0101	-0.0729	-0.0096	0.2580	-0.9010
35.000	9.9177	0.2999	-0.2500	0.0042	-0.0865	-0.0027	0.0946	-0.9117
40.000	10.6928	0.3521	-0.2554	-0.0024	-0.0976	0.0056	-0.0550	-0.8934
45.000	11.4907	0.4000	-0.2552	-0.0091	-0.1058	0.0147	-0.1880	-0.8534
50.000	12.2840	0.4430	-0.2504	-0.0151	-0.1109	0.0241	-0.3035	-0.7977
55.000	13.0439	0.4813	-0.2419	-0.0202	-0.1132	0.0334	-0.4020	-0.7312
60.000	13.7420	0.5153	-0.2301	-0.0239	-0.1128	0.0422	-0.4846	-0.6579
65.000	14.3505	0.5451	-0.2157	-0.0261	-0.1097	0.0503	-0.5527	-0.5804
70.000	14.8442	0.5714	-0.1989	-0.0265	-0.1042	0.0574	-0.6080	-0.5009
75.000	15.2008	0.5944	-0.1799	-0.0251	-0.0965	0.0633	-0.6517	-0.4207
80.000	15.4024	0.6144	-0.1590	-0.0218	-0.0867	0.0676	-0.6852	-0.3407
85.000	15.4359	0.6319	-0.1360	-0.0166	-0.0750	0.0701	-0.7096	-0.2614
90.000	15.2939	0.6469	-0.1111	-0.0094	-0.0616	0.0706	-0.7259	-0.1833
95.000	14.9753	0.6597	-0.0841	-0.0001	-0.0465	0.0687	-0.7346	-0.1063
100.000	14.4848	0.6701	-0.0548	0.0113	-0.0300	0.0641	-0.7363	-0.0303
105.000	13.8334	0.6783	-0.0232	0.0250	-0.0123	0.0564	-0.7312	0.0447
110.000	13.0379	0.6840	0.0111	0.0409	0.0064	0.0452	-0.7193	0.1192
115.000	12.1203	0.6870	0.0482	0.0593	0.0256	0.0302	-0.7002	0.1935
120.000	11.1067	0.6865	0.0885	0.0802	0.0450	0.0110	-0.6732	0.2681
125.000	10.0264	0.6821	0.1322	0.1039	0.0640	-0.0130	-0.6372	0.3433
130.000	8.9108	0.6724	0.1793	0.1303	0.0819	-0.0418	-0.5902	0.4194
135.000	7.7917	0.6561	0.2298	0.1593	0.0979	-0.0757	-0.5295	0.4965
140.000	6.7004	0.6310	0.2832	0.1907	0.1107	-0.1143	-0.4511	0.5738
145.000	5.6665	0.5944	0.3379	0.2233	0.1189	-0.1565	-0.3497	0.6492
150.000	4.7168	0.5427	0.3906	0.2551	0.1209	-0.2001	-0.2182	0.7181
155.000	3.8747	0.4720	0.4349	0.2820	0.1147	-0.2403	-0.0487	0.7709
160.000	3.1599	0.3790	0.4590	0.2962	0.0986	-0.2685	0.1651	0.7902
165.000	2.5882	0.2649	0.4442	0.2859	0.0726	-0.2709	0.4205	0.7475
170.000	2.1716	0.1421	0.3669	0.2357	0.0404	-0.2303	0.6907	0.6075
175.000	1.9183	0.0405	0.2125	0.1364	0.0118	-0.1356	0.9121	0.3485
180.000	1.8334	0.0000	0.0001	0.0001	0.0000	-0.0001	1.0000	0.0001
