0.000	2.3626	0.0000	0.0000	0.0000	0.0000	0.0000	1.0000	0.0000
5.000	2.3836	0.0058	0.0092	0.0041	-0.0005	-0.0040	0.9722	-0.2339
10.000	2.4457	0.0224	0.0185	0.0081	-0.0020	-0.0076	0.8924	-0.4504
15.000	2.5469	0.0476	0.0280	0.0120	-0.0041	-0.0105	0.7699	-0.6358
20.000	2.6837	0.0786	0.0377	0.0157	-0.0065	-0.0123	0.6175	-0.7817
25.000	2.8514	0.1124	0.0479	0.0193	-0.0090	-0.0132	0.4483	-0.8855
30.000	3.0445	0.1464	0.0586	0.0228	-0.0112	-0.0132	0.2735	-0.9490
35.000	3.2567	0.1790	0.0700	0.0264	-0.0129	-0.0125	0.1015	-0.9763
40.000	3.4816	0.2087	0.0822	0.0300	-0.0139	-0.0112	-0.0620	-0.9728
45.000	3.7123	0.2351	0.0953	0.0338	-0.0142	-0.0097	-0.2137	-0.9438
50.000	3.9423	0.2577	0.1095	0.0377	-0.0137	-0.0080	-0.3516	-0.8939
55.000	4.1654	0.2767	0.1247	0.0418	-0.0125	-0.0064	-0.4751	-0.8269
60.000	4.3761	0.2921	0.1409	0.0461	-0.0106	-0.0051	-0.5836	-0.7458
65.000	4.5694	0.3040	0.1582	0.0505	-0.0080	-0.0041	-0.6773	-0.6529
70.000	4.7413	0.3127	0.1764	0.0550	-0.0048	-0.0036	-0.7559	-0.5502
75.000	4.8883	0.3184	0.1954	0.0596	-0.0011	-0.0038	-0.8192	-0.4393
80.000	5.0080	0.3210	0.2150	0.0641	0.0030	-0.0046	-0.8669	-0.3215
85.000	5.0990	0.3209	0.2350	0.0685	0.0073	-0.0061	-0.8984	-0.1982
90.000	5.1603	0.3179	0.2551	0.0726	0.0118	-0.0084	-0.9132	-0.0709
95.000	5.1919	0.3123	0.2750	0.0764	0.0162	-0.0115	-0.9104	0.0589
100.000	5.1945	0.3040	0.2942	0.0797	0.0204	-0.0153	-0.8893	0.1893
105.000	5.1695	0.2930	0.3123	0.0825	0.0243	-0.0197	-0.8492	0.3183
110.000	5.1188	0.2793	0.3287	0.0846	0.0277	-0.0247	-0.7894	0.4434
115.000	5.0451	0.2631	0.3428	0.0859	0.0303	-0.0301	-0.7094	0.5618
120.000	4.9516	0.2444	0.3538	0.0863	0.0320	-0.0356	-0.6092	0.6701
125.000	4.8418	0.2234	0.3610	0.0857	0.0327	-0.0409	-0.4892	0.7649
130.000	4.7198	0.2002	0.3635	0.0840	0.0324	-0.0457	-0.3506	0.8419
135.000	4.5899	0.1752	0.3603	0.0811	0.0309	-0.0496	-0.1955	0.8969
140.000	4.4569	0.1490	0.3506	0.0770	0.0283	-0.0522	-0.0270	0.9255
145.000	4.3254	0.1222	0.3335	0.0716	0.0247	-0.0532	0.1501	0.9236
150.000	4.2000	0.0956	0.3083	0.0648	0.0204	-0.0521	0.3298	0.8877
155.000	4.0852	0.0702	0.2746	0.0566	0.0157	-0.0486	0.5045	0.8159
160.000	3.9850	0.0471	0.2325	0.0472	0.0109	-0.0428	0.6654	0.7080
165.000	3.9031	0.0275	0.1825	0.0365	0.0066	-0.0346	0.8035	0.5660
170.000	3.8423	0.0126	0.1257	0.0249	0.0031	-0.0243	0.9099	0.3952
175.000	3.8050	0.0032	0.0642	0.0126	0.0008	-0.0126	0.9770	0.2032
180.000	3.7924	-0.0000	0.0000	0.0000	0.0000	-0.0000	1.0000	0.0000
