0.000	1.4706	0.0000	0.0000	0.0000	0.0000	0.0000	1.0000	0.0000
5.000	1.4828	0.0056	0.0207	0.0047	0.0000	-0.0047	0.9721	-0.2338
10.000	1.5190	0.0214	0.0409	0.0091	-0.0001	-0.0092	0.8916	-0.4504
15.000	1.5777	0.0454	0.0602	0.0130	-0.0001	-0.0132	0.7680	-0.6360
20.000	1.6566	0.0747	0.0786	0.0162	-0.0001	-0.0167	0.6135	-0.7822
25.000	1.7527	0.1062	0.0961	0.0187	0.0001	-0.0196	0.4412	-0.8859
30.000	1.8627	0.1376	0.1130	0.0208	0.0005	-0.0219	0.2621	-0.9484
35.000	1.9828	0.1669	0.1297	0.0227	0.0010	-0.0238	0.0850	-0.9737
40.000	2.1093	0.1932	0.1465	0.0244	0.0018	-0.0254	-0.0841	-0.9665
45.000	2.2388	0.2157	0.1636	0.0262	0.0028	-0.0268	-0.2413	-0.9319
50.000	2.3678	0.2345	0.1812	0.0283	0.0039	-0.0281	-0.3842	-0.8744
55.000	2.4935	0.2495	0.1996	0.0307	0.0051	-0.0294	-0.5112	-0.7979
60.000	2.6133	0.2610	0.2186	0.0334	0.0065	-0.0307	-0.6214	-0.7058
65.000	2.7251	0.2693	0.2382	0.0364	0.0079	-0.0322	-0.7141	-0.6008
70.000	2.8271	0.2746	0.2583	0.0397	0.0094	-0.0338	-0.7889	-0.4856
75.000	2.9176	0.2771	0.2786	0.0432	0.0109	-0.0355	-0.8454	-0.3625
80.000	2.9953	0.2771	0.2988	0.0469	0.0123	-0.0375	-0.8832	-0.2336
85.000	3.0593	0.2746	0.3187	0.0505	0.0137	-0.0396	-0.9020	-0.1012
90.000	3.1088	0.2698	0.3379	0.0539	0.0150	-0.0418	-0.9016	0.0327
95.000	3.1432	0.2626	0.3560	0.0572	0.0162	-0.0442	-0.8819	0.1660
100.000	3.1625	0.2530	0.3726	0.0601	0.0172	-0.0466	-0.8429	0.2963
105.000	3.1671	0.2411	0.3873	0.0625	0.0181	-0.0490	-0.7845	0.4215
110.000	3.1578	0.2270	0.3994	0.0644	0.0187	-0.0513	-0.7069	0.5389
115.000	3.1359	0.2106	0.4084	0.0657	0.0190	-0.0533	-0.6106	0.6459
120.000	3.1032	0.1923	0.4136	0.0663	0.0189	-0.0550	-0.4962	0.7394
125.000	3.0620	0.1724	0.4142	0.0660	0.0185	-0.0560	-0.3653	0.8162
130.000	3.0147	0.1512	0.4095	0.0649	0.0176	-0.0564	-0.2198	0.8728
135.000	2.9639	0.1292	0.3987	0.0628	0.0163	-0.0559	-0.0626	0.9061
140.000	2.9120	0.1070	0.3811	0.0596	0.0146	-0.0543	0.1022	0.9128
145.000	2.8616	0.0854	0.3562	0.0554	0.0125	-0.0515	0.2696	0.8907
150.000	2.8145	0.0650	0.3237	0.0500	0.0101	-0.0474	0.4337	0.8385
155.000	2.7725	0.0464	0.2837	0.0436	0.0076	-0.0420	0.5881	0.7560
160.000	2.7368	0.0304	0.2367	0.0363	0.0052	-0.0354	0.7261	0.6449
165.000	2.7083	0.0174	0.1835	0.0280	0.0031	-0.0276	0.8412	0.5083
170.000	2.6877	0.0078	0.1253	0.0191	0.0014	-0.0190	0.9279	0.3511
175.000	2.6751	0.0020	0.0636	0.0097	0.0004	-0.0097	0.9817	0.1793
180.000	2.6710	0.0000	0.0000	0.0000	0.0000	0.0000	1.0000	0.0000
