0.000	6.0321	0.0000	0.0000	0.0000	0.0000	0.0000	1.0000	0.0000
5.000	6.0650	0.0060	-0.0097	0.0280	-0.0011	-0.0285	0.9762	-0.2163
10.000	6.1643	0.0239	-0.0218	0.0512	-0.0042	-0.0551	0.9069	-0.4196
15.000	6.3324	0.0527	-0.0381	0.0659	-0.0091	-0.0783	0.7977	-0.5980
20.000	6.5717	0.0913	-0.0593	0.0698	-0.0155	-0.0969	0.6573	-0.7426
25.000	6.8846	0.1375	-0.0847	0.0626	-0.0230	-0.1102	0.4964	-0.8478
30.000	7.2708	0.1892	-0.1127	0.0456	-0.0310	-0.1183	0.3262	-0.9122
35.000	7.7273	0.2435	-0.1409	0.0217	-0.0393	-0.1217	0.1572	-0.9382
40.000	8.2463	0.2981	-0.1670	-0.0060	-0.0473	-0.1213	-0.0025	-0.9308
45.000	8.8150	0.3508	-0.1890	-0.0343	-0.0551	-0.1180	-0.1472	-0.8965
50.000	9.4155	0.4000	-0.2056	-0.0607	-0.0623	-0.1129	-0.2740	-0.8424
55.000	10.0254	0.4447	-0.2160	-0.0835	-0.0689	-0.1068	-0.3821	-0.7748
60.000	10.6185	0.4843	-0.2203	-0.1018	-0.0750	-0.1005	-0.4723	-0.6989
65.000	11.1669	0.5187	-0.2188	-0.1152	-0.0805	-0.0943	-0.5461	-0.6186
70.000	11.6424	0.5482	-0.2123	-0.1241	-0.0854	-0.0886	-0.6056	-0.5366
75.000	12.0188	0.5729	-0.2013	-0.1289	-0.0899	-0.0834	-0.6528	-0.4546
80.000	12.2734	0.5935	-0.1867	-0.1302	-0.0937	-0.0788	-0.6895	-0.3735
85.000	12.3887	0.6103	-0.1691	-0.1285	-0.0970	-0.0749	-0.7171	-0.2936
90.000	12.3534	0.6238	-0.1489	-0.1243	-0.0995	-0.0717	-0.7369	-0.2149
95.000	12.1633	0.6342	-0.1266	-0.1182	-0.1013	-0.0691	-0.7496	-0.1371
100.000	11.8207	0.6420	-0.1022	-0.1103	-0.1021	-0.0672	-0.7556	-0.0600
105.000	11.3343	0.6472	-0.0759	-0.1008	-0.1020	-0.0661	-0.7553	0.0168
110.000	10.7185	0.6500	-0.0475	-0.0898	-0.1009	-0.0660	-0.7483	0.0939
115.000	9.9921	0.6502	-0.0168	-0.0771	-0.0985	-0.0671	-0.7344	0.1715
120.000	9.1774	0.6475	0.0167	-0.0625	-0.0950	-0.0695	-0.7127	0.2501
125.000	8.2991	0.6415	0.0532	-0.0458	-0.0902	-0.0736	-0.6822	0.3300
130.000	7.3831	0.6313	0.0933	-0.0268	-0.0843	-0.0796	-0.6409	0.4114
135.000	6.4560	0.6158	0.1372	-0.0053	-0.0773	-0.0879	-0.5863	0.4945
140.000	5.5438	0.5933	0.1850	0.0189	-0.0694	-0.0984	-0.5146	0.5787
145.000	4.6718	0.5612	0.2359	0.0455	-0.0607	-0.1110	-0.4203	0.6625
150.000	3.8638	0.5162	0.2878	0.0736	-0.0512	-0.1250	-0.2958	0.7419
155.000	3.1411	0.4541	0.3360	0.1010	-0.0413	-0.1386	-0.1315	0.8080
160.000	2.5229	0.3707	0.3705	0.1234	-0.0309	-0.1479	0.0823	0.8432
165.000	2.0250	0.2647	0.3738	0.1333	-0.0204	-0.1463	0.3482	0.8154
170.000	1.6601	0.1454	0.3208	0.1194	-0.0105	-0.1241	0.6433	0.6789
175.000	1.4375	0.0423	0.1913	0.0729	-0.0029	-0.0736	0.8964	0.3975
180.000	1.3627	0.0000	0.0001	0.0001	0.0000	-0.0001	1.0000	0.0001
