0.000	4.0201	0.0000	0.0000	0.0000	0.0000	0.0000	1.0000	0.0000
5.000	4.0702	0.0086	-0.0053	0.0048	-0.0011	-0.0047	0.9648	-0.2629
10.000	4.2190	0.0328	-0.0094	0.0094	-0.0043	-0.0088	0.8651	-0.5005
15.000	4.4616	0.0688	-0.0112	0.0137	-0.0088	-0.0117	0.7164	-0.6942
20.000	4.7900	0.1116	-0.0103	0.0176	-0.0140	-0.0132	0.5382	-0.8353
25.000	5.1938	0.1566	-0.0066	0.0212	-0.0190	-0.0134	0.3490	-0.9239
30.000	5.6598	0.2002	-0.0003	0.0245	-0.0233	-0.0126	0.1626	-0.9661
35.000	6.1732	0.2402	0.0081	0.0276	-0.0266	-0.0110	-0.0121	-0.9706
40.000	6.7179	0.2755	0.0185	0.0307	-0.0287	-0.0090	-0.1705	-0.9459
45.000	7.2770	0.3057	0.0304	0.0337	-0.0295	-0.0068	-0.3108	-0.8996
50.000	7.8334	0.3309	0.0436	0.0368	-0.0291	-0.0047	-0.4332	-0.8375
55.000	8.3704	0.3514	0.0580	0.0401	-0.0277	-0.0027	-0.5387	-0.7640
60.000	8.8724	0.3676	0.0735	0.0435	-0.0252	-0.0012	-0.6286	-0.6824
65.000	9.3251	0.3798	0.0901	0.0470	-0.0218	-0.0002	-0.7042	-0.5946
70.000	9.7160	0.3885	0.1077	0.0508	-0.0176	0.0002	-0.7666	-0.5021
75.000	10.0349	0.3940	0.1262	0.0548	-0.0127	-0.0001	-0.8167	-0.4058
80.000	10.2739	0.3966	0.1458	0.0590	-0.0073	-0.0012	-0.8550	-0.3064
85.000	10.4275	0.3963	0.1662	0.0634	-0.0015	-0.0032	-0.8819	-0.2040
90.000	10.4932	0.3934	0.1876	0.0679	0.0046	-0.0060	-0.8971	-0.0991
95.000	10.4707	0.3879	0.2098	0.0726	0.0109	-0.0099	-0.9003	0.0081
100.000	10.3624	0.3799	0.2325	0.0773	0.0170	-0.0146	-0.8907	0.1171
105.000	10.1734	0.3693	0.2557	0.0820	0.0230	-0.0204	-0.8674	0.2273
110.000	9.9105	0.3560	0.2789	0.0866	0.0285	-0.0270	-0.8291	0.3378
115.000	9.5829	0.3400	0.3016	0.0909	0.0333	-0.0343	-0.7743	0.4471
120.000	9.2015	0.3210	0.3232	0.0948	0.0373	-0.0422	-0.7014	0.5534
125.000	8.7784	0.2991	0.3428	0.0980	0.0401	-0.0504	-0.6089	0.6540
130.000	8.3270	0.2741	0.3593	0.1004	0.0415	-0.0586	-0.4955	0.7451
135.000	7.8613	0.2460	0.3712	0.1016	0.0414	-0.0660	-0.3603	0.8222
140.000	7.3957	0.2150	0.3767	0.1011	0.0396	-0.0723	-0.2038	0.8796
145.000	6.9443	0.1815	0.3737	0.0986	0.0361	-0.0764	-0.0279	0.9106
150.000	6.5209	0.1464	0.3601	0.0936	0.0311	-0.0777	0.1630	0.9078
155.000	6.1384	0.1107	0.3336	0.0856	0.0248	-0.0753	0.3612	0.8643
160.000	5.8084	0.0764	0.2928	0.0743	0.0179	-0.0685	0.5558	0.7746
165.000	5.5407	0.0458	0.2369	0.0596	0.0111	-0.0569	0.7324	0.6369
170.000	5.3436	0.0213	0.1672	0.0418	0.0053	-0.0410	0.8747	0.4544
175.000	5.2229	0.0055	0.0866	0.0216	0.0014	-0.0215	0.9677	0.2369
180.000	5.1822	0.0000	0.0000	0.0000	0.0000	0.0000	1.0000	0.0000
