0.000	0.1213	0.0000	0.0000	0.0000	0.0000	0.0000	1.0000	0.0000
5.000	0.1216	0.0003	0.0535	0.0025	-0.0002	-0.0025	0.9832	-0.1745
10.000	0.1223	0.0010	0.1062	0.0049	-0.0009	-0.0048	0.9337	-0.3421
15.000	0.1235	0.0020	0.1571	0.0070	-0.0019	-0.0067	0.8538	-0.4964
20.000	0.1251	0.0031	0.2055	0.0087	-0.0032	-0.0081	0.7474	-0.6318
25.000	0.1272	0.0041	0.2510	0.0099	-0.0047	-0.0088	0.6192	-0.7441
30.000	0.1296	0.0046	0.2929	0.0106	-0.0062	-0.0087	0.4746	-0.8300
35.000	0.1323	0.0045	0.3312	0.0109	-0.0077	-0.0081	0.3193	-0.8879
40.000	0.1352	0.0036	0.3658	0.0106	-0.0090	-0.0068	0.1587	-0.9171
45.000	0.1383	0.0019	0.3965	0.0100	-0.0101	-0.0050	-0.0019	-0.9180
50.000	0.1414	-0.0005	0.4236	0.0091	-0.0109	-0.0029	-0.1580	-0.8919
55.000	0.1446	-0.0035	0.4472	0.0079	-0.0114	-0.0005	-0.3053	-0.8406
60.000	0.1478	-0.0071	0.4675	0.0065	-0.0116	0.0020	-0.4404	-0.7664
65.000	0.1508	-0.0109	0.4845	0.0050	-0.0116	0.0045	-0.5601	-0.6718
70.000	0.1537	-0.0148	0.4985	0.0035	-0.0112	0.0069	-0.6618	-0.5597
75.000	0.1565	-0.0185	0.5094	0.0019	-0.0106	0.0091	-0.7432	-0.4331
80.000	0.1590	-0.0220	0.5174	0.0004	-0.0098	0.0111	-0.8027	-0.2953
85.000	0.1613	-0.0251	0.5223	-0.0010	-0.0089	0.0128	-0.8389	-0.1500
90.000	0.1634	-0.0276	0.5243	-0.0024	-0.0078	0.0141	-0.8509	-0.0007
95.000	0.1652	-0.0294	0.5232	-0.0037	-0.0066	0.0151	-0.8384	0.1488
100.000	0.1667	-0.0306	0.5191	-0.0048	-0.0054	0.0158	-0.8016	0.2947
105.000	0.1680	-0.0310	0.5117	-0.0058	-0.0042	0.0160	-0.7411	0.4332
110.000	0.1689	-0.0308	0.5012	-0.0066	-0.0031	0.0160	-0.6583	0.5606
115.000	0.1696	-0.0299	0.4874	-0.0073	-0.0020	0.0156	-0.5549	0.6734
120.000	0.1699	-0.0283	0.4702	-0.0077	-0.0011	0.0149	-0.4332	0.7683
125.000	0.1700	-0.0262	0.4495	-0.0079	-0.0003	0.0140	-0.2959	0.8423
130.000	0.1699	-0.0236	0.4252	-0.0079	0.0003	0.0128	-0.1465	0.8928
135.000	0.1695	-0.0206	0.3973	-0.0077	0.0007	0.0116	0.0112	0.9174
140.000	0.1690	-0.0174	0.3655	-0.0073	0.0009	0.0102	0.1727	0.9144
145.000	0.1683	-0.0141	0.3300	-0.0067	0.0010	0.0088	0.3333	0.8830
150.000	0.1677	-0.0109	0.2909	-0.0060	0.0009	0.0073	0.4875	0.8231
155.000	0.1670	-0.0079	0.2484	-0.0051	0.0008	0.0060	0.6300	0.7357
160.000	0.1664	-0.0052	0.2028	-0.0042	0.0006	0.0046	0.7555	0.6229
165.000	0.1659	-0.0030	0.1546	-0.0032	0.0004	0.0034	0.8590	0.4882
170.000	0.1655	-0.0014	0.1042	-0.0022	0.0002	0.0022	0.9362	0.3357
175.000	0.1653	-0.0003	0.0525	-0.0011	0.0000	0.0011	0.9839	0.1711
180.000	0.1652	0.0000	0.0000	-0.0001	0.0000	0.0001	1.0000	0.0000
