0.000	6.8452	0.0000	0.0000	0.0000	0.0000	0.0000	1.0000	0.0000
5.000	6.9245	0.0093	-0.0197	-0.0039	0.0003	0.0038	0.9669	-0.2544
10.000	7.1589	0.0355	-0.0375	-0.0081	0.0013	0.0071	0.8728	-0.4854
15.000	7.5381	0.0743	-0.0522	-0.0128	0.0029	0.0095	0.7318	-0.6754
20.000	8.0456	0.1204	-0.0627	-0.0177	0.0051	0.0108	0.5617	-0.8162
25.000	8.6605	0.1688	-0.0686	-0.0227	0.0077	0.0110	0.3791	-0.9074
30.000	9.3583	0.2156	-0.0700	-0.0273	0.0107	0.0101	0.1968	-0.9542
35.000	10.1128	0.2586	-0.0670	-0.0310	0.0140	0.0081	0.0232	-0.9638
40.000	10.8978	0.2965	-0.0597	-0.0335	0.0175	0.0052	-0.1370	-0.9437
45.000	11.6881	0.3292	-0.0485	-0.0345	0.0211	0.0015	-0.2814	-0.9005
50.000	12.4605	0.3566	-0.0335	-0.0337	0.0245	-0.0029	-0.4095	-0.8394
55.000	13.1942	0.3792	-0.0151	-0.0312	0.0277	-0.0081	-0.5213	-0.7644
60.000	13.8714	0.3975	0.0064	-0.0268	0.0307	-0.0138	-0.6171	-0.6788
65.000	14.4768	0.4119	0.0307	-0.0208	0.0333	-0.0201	-0.6974	-0.5847
70.000	14.9975	0.4228	0.0574	-0.0134	0.0354	-0.0269	-0.7627	-0.4842
75.000	15.4227	0.4305	0.0860	-0.0048	0.0370	-0.0341	-0.8132	-0.3788
80.000	15.7433	0.4352	0.1161	0.0048	0.0382	-0.0417	-0.8492	-0.2698
85.000	15.9525	0.4370	0.1472	0.0149	0.0390	-0.0496	-0.8709	-0.1584
90.000	16.0453	0.4359	0.1789	0.0255	0.0394	-0.0577	-0.8784	-0.0455
95.000	16.0191	0.4318	0.2109	0.0362	0.0395	-0.0660	-0.8717	0.0677
100.000	15.8746	0.4246	0.2428	0.0470	0.0394	-0.0743	-0.8505	0.1805
105.000	15.6159	0.4140	0.2742	0.0576	0.0391	-0.0827	-0.8144	0.2917
110.000	15.2508	0.3999	0.3047	0.0679	0.0385	-0.0909	-0.7629	0.4002
115.000	14.7915	0.3820	0.3338	0.0779	0.0378	-0.0989	-0.6949	0.5045
120.000	14.2536	0.3603	0.3609	0.0874	0.0369	-0.1064	-0.6097	0.6026
125.000	13.6561	0.3344	0.3849	0.0961	0.0356	-0.1131	-0.5063	0.6919
130.000	13.0203	0.3046	0.4045	0.1037	0.0339	-0.1187	-0.3842	0.7691
135.000	12.3689	0.2710	0.4181	0.1097	0.0316	-0.1225	-0.2435	0.8297
140.000	11.7242	0.2342	0.4237	0.1136	0.0287	-0.1241	-0.0855	0.8689
145.000	11.1075	0.1950	0.4189	0.1145	0.0252	-0.1227	0.0867	0.8811
150.000	10.5379	0.1547	0.4015	0.1116	0.0209	-0.1175	0.2679	0.8610
155.000	10.0318	0.1150	0.3695	0.1043	0.0163	-0.1082	0.4502	0.8040
160.000	9.6022	0.0781	0.3218	0.0920	0.0115	-0.0942	0.6236	0.7077
165.000	9.2591	0.0460	0.2584	0.0746	0.0070	-0.0757	0.7764	0.5728
170.000	9.0095	0.0212	0.1812	0.0527	0.0033	-0.0530	0.8965	0.4036
175.000	8.8581	0.0054	0.0934	0.0273	0.0009	-0.0274	0.9735	0.2087
180.000	8.8073	0.0000	0.0000	0.0000	0.0000	0.0000	1.0000	0.0000
