0.000	4.6779	0.0000	0.0000	0.0000	0.0000	0.0000	1.0000	0.0000
5.000	4.6955	0.0056	-0.0143	0.0198	-0.0001	-0.0203	0.9815	-0.1910
10.000	4.7489	0.0224	-0.0305	0.0367	-0.0005	-0.0402	0.9268	-0.3733
15.000	4.8406	0.0496	-0.0504	0.0482	-0.0019	-0.0592	0.8390	-0.5384
20.000	4.9736	0.0864	-0.0745	0.0526	-0.0052	-0.0768	0.7229	-0.6792
25.000	5.1514	0.1310	-0.1027	0.0494	-0.0111	-0.0923	0.5851	-0.7898
30.000	5.3762	0.1814	-0.1335	0.0389	-0.0203	-0.1050	0.4334	-0.8669
35.000	5.6487	0.2351	-0.1652	0.0226	-0.0328	-0.1143	0.2760	-0.9097
40.000	5.9666	0.2896	-0.1956	0.0024	-0.0485	-0.1198	0.1208	-0.9201
45.000	6.3240	0.3425	-0.2227	-0.0195	-0.0664	-0.1214	-0.0262	-0.9020
50.000	6.7112	0.3921	-0.2451	-0.0413	-0.0858	-0.1193	-0.1602	-0.8606
55.000	7.1146	0.4371	-0.2620	-0.0616	-0.1056	-0.1138	-0.2788	-0.8015
60.000	7.5172	0.4769	-0.2730	-0.0794	-0.1246	-0.1054	-0.3808	-0.7299
65.000	7.8991	0.5114	-0.2786	-0.0942	-0.1422	-0.0948	-0.4666	-0.6503
70.000	8.2391	0.5408	-0.2791	-0.1060	-0.1577	-0.0825	-0.5371	-0.5662
75.000	8.5159	0.5658	-0.2753	-0.1149	-0.1705	-0.0691	-0.5939	-0.4804
80.000	8.7097	0.5867	-0.2678	-0.1211	-0.1806	-0.0552	-0.6382	-0.3946
85.000	8.8037	0.6044	-0.2571	-0.1249	-0.1876	-0.0411	-0.6718	-0.3100
90.000	8.7857	0.6193	-0.2437	-0.1264	-0.1915	-0.0273	-0.6957	-0.2272
95.000	8.6487	0.6320	-0.2278	-0.1259	-0.1923	-0.0142	-0.7112	-0.1467
100.000	8.3916	0.6429	-0.2096	-0.1234	-0.1900	-0.0023	-0.7192	-0.0684
105.000	8.0195	0.6523	-0.1889	-0.1189	-0.1848	0.0080	-0.7202	0.0075
110.000	7.5430	0.6603	-0.1657	-0.1122	-0.1766	0.0162	-0.7148	0.0815
115.000	6.9776	0.6670	-0.1394	-0.1031	-0.1658	0.0218	-0.7034	0.1537
120.000	6.3426	0.6721	-0.1097	-0.0914	-0.1526	0.0242	-0.6858	0.2246
125.000	5.6597	0.6752	-0.0760	-0.0767	-0.1371	0.0228	-0.6617	0.2950
130.000	4.9519	0.6757	-0.0375	-0.0585	-0.1199	0.0169	-0.6303	0.3654
135.000	4.2422	0.6723	0.0064	-0.0365	-0.1013	0.0059	-0.5900	0.4369
140.000	3.5523	0.6634	0.0564	-0.0102	-0.0820	-0.0108	-0.5380	0.5104
145.000	2.9021	0.6463	0.1131	0.0205	-0.0626	-0.0338	-0.4698	0.5866
150.000	2.3087	0.6170	0.1763	0.0556	-0.0442	-0.0629	-0.3779	0.6653
155.000	1.7864	0.5692	0.2438	0.0940	-0.0275	-0.0971	-0.2506	0.7432
160.000	1.3462	0.4943	0.3091	0.1322	-0.0139	-0.1328	-0.0708	0.8091
165.000	0.9965	0.3822	0.3552	0.1613	-0.0044	-0.1610	0.1817	0.8336
170.000	0.7432	0.2306	0.3454	0.1626	0.0002	-0.1623	0.5105	0.7530
175.000	0.5898	0.0732	0.2285	0.1097	0.0006	-0.1096	0.8455	0.4771
180.000	0.5384	0.0000	0.0001	0.0002	0.0000	-0.0002	1.0000	0.0001
