0.000	11.9672	0.0000	0.0000	0.0000	0.0000	0.0000	1.0000	0.0000
5.000	12.1147	0.0103	-0.0458	0.0047	-0.0027	-0.0047	0.9657	-0.2554
10.000	12.5525	0.0396	-0.0876	0.0087	-0.0101	-0.0083	0.8686	-0.4861
15.000	13.2662	0.0832	-0.1224	0.0114	-0.0210	-0.0103	0.7237	-0.6737
20.000	14.2327	0.1354	-0.1486	0.0127	-0.0336	-0.0101	0.5503	-0.8097
25.000	15.4205	0.1909	-0.1661	0.0126	-0.0462	-0.0080	0.3664	-0.8943
30.000	16.7909	0.2453	-0.1759	0.0115	-0.0577	-0.0043	0.1856	-0.9334
35.000	18.2994	0.2962	-0.1790	0.0099	-0.0673	0.0007	0.0168	-0.9357
40.000	19.8968	0.3421	-0.1768	0.0081	-0.0744	0.0063	-0.1355	-0.9098
45.000	21.5311	0.3826	-0.1704	0.0065	-0.0791	0.0123	-0.2696	-0.8634
50.000	23.1489	0.4177	-0.1606	0.0053	-0.0814	0.0183	-0.3856	-0.8026
55.000	24.6972	0.4477	-0.1481	0.0048	-0.0814	0.0240	-0.4847	-0.7317
60.000	26.1250	0.4732	-0.1334	0.0052	-0.0792	0.0291	-0.5685	-0.6543
65.000	27.3849	0.4946	-0.1166	0.0066	-0.0751	0.0334	-0.6383	-0.5724
70.000	28.4347	0.5122	-0.0980	0.0091	-0.0691	0.0368	-0.6958	-0.4877
75.000	29.2386	0.5266	-0.0778	0.0127	-0.0616	0.0390	-0.7420	-0.4011
80.000	29.7686	0.5380	-0.0558	0.0175	-0.0526	0.0398	-0.7780	-0.3132
85.000	30.0050	0.5465	-0.0322	0.0234	-0.0424	0.0392	-0.8045	-0.2243
90.000	29.9376	0.5523	-0.0069	0.0306	-0.0311	0.0368	-0.8219	-0.1344
95.000	29.5655	0.5554	0.0201	0.0390	-0.0189	0.0325	-0.8302	-0.0436
100.000	28.8974	0.5558	0.0489	0.0486	-0.0061	0.0262	-0.8294	0.0482
105.000	27.9513	0.5533	0.0795	0.0594	0.0070	0.0175	-0.8190	0.1411
110.000	26.7539	0.5476	0.1118	0.0712	0.0202	0.0066	-0.7981	0.2350
115.000	25.3393	0.5384	0.1458	0.0841	0.0330	-0.0068	-0.7656	0.3297
120.000	23.7484	0.5250	0.1811	0.0979	0.0451	-0.0227	-0.7197	0.4249
125.000	22.0271	0.5070	0.2173	0.1123	0.0558	-0.0408	-0.6586	0.5195
130.000	20.2250	0.4833	0.2537	0.1270	0.0646	-0.0607	-0.5795	0.6119
135.000	18.3937	0.4532	0.2890	0.1412	0.0709	-0.0820	-0.4797	0.6994
140.000	16.5852	0.4158	0.3213	0.1543	0.0740	-0.1034	-0.3560	0.7777
145.000	14.8504	0.3700	0.3478	0.1649	0.0733	-0.1233	-0.2058	0.8405
150.000	13.2377	0.3157	0.3645	0.1711	0.0682	-0.1394	-0.0280	0.8786
155.000	11.7915	0.2534	0.3661	0.1706	0.0588	-0.1487	0.1755	0.8801
160.000	10.5512	0.1856	0.3466	0.1606	0.0456	-0.1474	0.3965	0.8308
165.000	9.5505	0.1174	0.3000	0.1385	0.0301	-0.1321	0.6182	0.7176
170.000	8.8160	0.0573	0.2235	0.1029	0.0151	-0.1008	0.8138	0.5336
175.000	8.3674	0.0152	0.1200	0.0551	0.0041	-0.0549	0.9506	0.2860
180.000	8.2165	0.0000	0.0000	0.0001	0.0000	-0.0001	1.0000	0.0001
