0.000	6.3384	0.0000	0.0000	0.0000	0.0000	0.0000	1.0000	0.0000
5.000	6.3984	0.0092	-0.0538	0.0101	-0.0033	-0.0101	0.9712	-0.2318
10.000	6.5768	0.0357	-0.1045	0.0185	-0.0125	-0.0187	0.8888	-0.4446
15.000	6.8693	0.0763	-0.1495	0.0238	-0.0265	-0.0245	0.7633	-0.6233
20.000	7.2684	0.1267	-0.1870	0.0255	-0.0432	-0.0269	0.6088	-0.7592
25.000	7.7632	0.1825	-0.2165	0.0235	-0.0608	-0.0258	0.4401	-0.8499
30.000	8.3400	0.2397	-0.2380	0.0186	-0.0778	-0.0215	0.2695	-0.8984
35.000	8.9819	0.2957	-0.2523	0.0116	-0.0929	-0.0147	0.1063	-0.9105
40.000	9.6690	0.3484	-0.2600	0.0033	-0.1054	-0.0060	-0.0436	-0.8933
45.000	10.3787	0.3970	-0.2623	-0.0053	-0.1150	0.0039	-0.1771	-0.8538
50.000	11.0866	0.4410	-0.2599	-0.0134	-0.1215	0.0144	-0.2932	-0.7983
55.000	11.7670	0.4804	-0.2535	-0.0206	-0.1249	0.0249	-0.3921	-0.7317
60.000	12.3938	0.5154	-0.2438	-0.0265	-0.1254	0.0351	-0.4749	-0.6581
65.000	12.9415	0.5464	-0.2313	-0.0306	-0.1232	0.0447	-0.5430	-0.5804
70.000	13.3865	0.5738	-0.2162	-0.0330	-0.1184	0.0533	-0.5980	-0.5006
75.000	13.7078	0.5980	-0.1989	-0.0334	-0.1112	0.0606	-0.6412	-0.4204
80.000	13.8882	0.6193	-0.1796	-0.0317	-0.1018	0.0665	-0.6741	-0.3406
85.000	13.9152	0.6380	-0.1582	-0.0280	-0.0904	0.0706	-0.6978	-0.2619
90.000	13.7814	0.6543	-0.1347	-0.0221	-0.0771	0.0727	-0.7133	-0.1847
95.000	13.4850	0.6684	-0.1093	-0.0141	-0.0620	0.0724	-0.7214	-0.1090
100.000	13.0303	0.6804	-0.0816	-0.0037	-0.0454	0.0694	-0.7227	-0.0348
105.000	12.4271	0.6902	-0.0515	0.0089	-0.0275	0.0635	-0.7175	0.0381
110.000	11.6910	0.6977	-0.0189	0.0240	-0.0084	0.0540	-0.7059	0.1100
115.000	10.8422	0.7027	0.0167	0.0418	0.0115	0.0407	-0.6878	0.1813
120.000	9.9052	0.7045	0.0555	0.0624	0.0318	0.0230	-0.6627	0.2525
125.000	8.9072	0.7027	0.0978	0.0859	0.0520	0.0005	-0.6295	0.3241
130.000	7.8776	0.6961	0.1441	0.1126	0.0714	-0.0273	-0.5867	0.3966
135.000	6.8459	0.6833	0.1943	0.1425	0.0892	-0.0606	-0.5318	0.4704
140.000	5.8413	0.6621	0.2485	0.1755	0.1043	-0.0995	-0.4611	0.5453
145.000	4.8909	0.6297	0.3055	0.2109	0.1152	-0.1433	-0.3693	0.6200
150.000	4.0193	0.5822	0.3629	0.2469	0.1201	-0.1902	-0.2490	0.6912
155.000	3.2478	0.5145	0.4151	0.2799	0.1169	-0.2361	-0.0908	0.7508
160.000	2.5940	0.4217	0.4509	0.3023	0.1034	-0.2724	0.1149	0.7824
165.000	2.0718	0.3022	0.4499	0.3007	0.0785	-0.2841	0.3709	0.7565
170.000	1.6917	0.1665	0.3833	0.2556	0.0450	-0.2494	0.6554	0.6301
175.000	1.4609	0.0486	0.2276	0.1516	0.0134	-0.1507	0.8998	0.3691
180.000	1.3835	0.0000	0.0001	0.0002	0.0000	-0.0002	1.0000	0.0001
