0.000	8.3046	0.0000	0.0000	0.0000	0.0000	0.0000	1.0000	0.0000
5.000	8.3943	0.0101	-0.0576	0.0017	-0.0027	-0.0017	0.9689	-0.2404
10.000	8.6606	0.0387	-0.1108	0.0027	-0.0104	-0.0025	0.8803	-0.4595
15.000	9.0955	0.0821	-0.1562	0.0026	-0.0219	-0.0019	0.7469	-0.6408
20.000	9.6855	0.1350	-0.1917	0.0013	-0.0353	0.0004	0.5849	-0.7757
25.000	10.4124	0.1923	-0.2171	-0.0012	-0.0491	0.0044	0.4106	-0.8631
30.000	11.2533	0.2500	-0.2331	-0.0044	-0.0620	0.0098	0.2369	-0.9073
35.000	12.1814	0.3052	-0.2409	-0.0079	-0.0730	0.0164	0.0727	-0.9154
40.000	13.1665	0.3562	-0.2419	-0.0113	-0.0816	0.0236	-0.0768	-0.8953
45.000	14.1759	0.4024	-0.2374	-0.0142	-0.0875	0.0312	-0.2092	-0.8541
50.000	15.1752	0.4434	-0.2285	-0.0164	-0.0908	0.0387	-0.3241	-0.7979
55.000	16.1295	0.4796	-0.2161	-0.0175	-0.0914	0.0459	-0.4222	-0.7314
60.000	17.0042	0.5112	-0.2008	-0.0174	-0.0894	0.0524	-0.5047	-0.6582
65.000	17.7666	0.5387	-0.1831	-0.0159	-0.0851	0.0580	-0.5732	-0.5809
70.000	18.3868	0.5625	-0.1632	-0.0131	-0.0787	0.0624	-0.6291	-0.5013
75.000	18.8390	0.5831	-0.1413	-0.0088	-0.0701	0.0655	-0.6738	-0.4206
80.000	19.1026	0.6008	-0.1175	-0.0029	-0.0597	0.0669	-0.7084	-0.3397
85.000	19.1630	0.6157	-0.0919	0.0046	-0.0476	0.0666	-0.7340	-0.2589
90.000	19.0124	0.6282	-0.0643	0.0138	-0.0340	0.0641	-0.7512	-0.1785
95.000	18.6501	0.6382	-0.0347	0.0248	-0.0190	0.0592	-0.7606	-0.0984
100.000	18.0829	0.6458	-0.0029	0.0376	-0.0029	0.0517	-0.7625	-0.0186
105.000	17.3243	0.6507	0.0312	0.0524	0.0140	0.0413	-0.7568	0.0612
110.000	16.3946	0.6529	0.0677	0.0692	0.0315	0.0276	-0.7432	0.1412
115.000	15.3199	0.6517	0.1069	0.0880	0.0491	0.0104	-0.7210	0.2217
120.000	14.1307	0.6467	0.1488	0.1090	0.0664	-0.0107	-0.6893	0.3030
125.000	12.8611	0.6371	0.1935	0.1320	0.0827	-0.0358	-0.6463	0.3850
130.000	11.5473	0.6216	0.2407	0.1569	0.0973	-0.0649	-0.5898	0.4676
135.000	10.2263	0.5990	0.2898	0.1832	0.1093	-0.0978	-0.5167	0.5498
140.000	8.9346	0.5672	0.3395	0.2101	0.1176	-0.1336	-0.4229	0.6298
145.000	7.7070	0.5241	0.3874	0.2362	0.1208	-0.1708	-0.3035	0.7037
150.000	6.5755	0.4671	0.4291	0.2588	0.1175	-0.2063	-0.1528	0.7648
155.000	5.5688	0.3943	0.4573	0.2736	0.1066	-0.2351	0.0335	0.8016
160.000	4.7114	0.3054	0.4607	0.2741	0.0874	-0.2494	0.2558	0.7965
165.000	4.0237	0.2048	0.4246	0.2516	0.0613	-0.2389	0.5031	0.7260
170.000	3.5212	0.1054	0.3347	0.1978	0.0325	-0.1933	0.7452	0.5677
175.000	3.2153	0.0291	0.1870	0.1103	0.0091	-0.1097	0.9298	0.3157
180.000	3.1126	0.0000	0.0001	0.0001	0.0000	-0.0001	1.0000	0.0001
