0.000	0.4604	0.0000	0.0000	0.0000	0.0000	0.0000	1.0000	0.0000
5.000	0.4625	0.0023	0.0423	0.0086	-0.0005	-0.0086	0.9800	-0.1943
10.000	0.4690	0.0089	0.0834	0.0169	-0.0020	-0.0167	0.9216	-0.3790
15.000	0.4795	0.0192	0.1223	0.0245	-0.0043	-0.0239	0.8288	-0.5457
20.000	0.4939	0.0324	0.1583	0.0313	-0.0072	-0.0300	0.7079	-0.6876
25.000	0.5116	0.0473	0.1910	0.0371	-0.0106	-0.0348	0.5658	-0.8008
30.000	0.5322	0.0629	0.2202	0.0419	-0.0141	-0.0381	0.4099	-0.8830
35.000	0.5552	0.0784	0.2460	0.0457	-0.0177	-0.0401	0.2468	-0.9341
40.000	0.5800	0.0929	0.2688	0.0484	-0.0211	-0.0408	0.0825	-0.9553
45.000	0.6060	0.1059	0.2887	0.0503	-0.0241	-0.0404	-0.0785	-0.9485
50.000	0.6326	0.1171	0.3063	0.0513	-0.0268	-0.0391	-0.2322	-0.9160
55.000	0.6593	0.1262	0.3217	0.0517	-0.0290	-0.0370	-0.3754	-0.8603
60.000	0.6856	0.1331	0.3354	0.0513	-0.0307	-0.0344	-0.5058	-0.7839
65.000	0.7110	0.1378	0.3475	0.0504	-0.0319	-0.0313	-0.6211	-0.6892
70.000	0.7352	0.1405	0.3580	0.0490	-0.0325	-0.0280	-0.7195	-0.5787
75.000	0.7579	0.1411	0.3672	0.0470	-0.0326	-0.0245	-0.7994	-0.4548
80.000	0.7788	0.1399	0.3749	0.0447	-0.0322	-0.0210	-0.8591	-0.3201
85.000	0.7978	0.1370	0.3810	0.0420	-0.0313	-0.0176	-0.8973	-0.1773
90.000	0.8147	0.1325	0.3855	0.0389	-0.0301	-0.0143	-0.9129	-0.0295
95.000	0.8294	0.1268	0.3882	0.0356	-0.0284	-0.0113	-0.9050	0.1203
100.000	0.8420	0.1198	0.3889	0.0321	-0.0265	-0.0085	-0.8733	0.2684
105.000	0.8523	0.1118	0.3874	0.0284	-0.0243	-0.0060	-0.8176	0.4112
110.000	0.8606	0.1031	0.3834	0.0247	-0.0220	-0.0039	-0.7386	0.5449
115.000	0.8668	0.0937	0.3767	0.0209	-0.0196	-0.0021	-0.6374	0.6656
120.000	0.8710	0.0838	0.3672	0.0173	-0.0171	-0.0007	-0.5159	0.7695
125.000	0.8734	0.0737	0.3544	0.0138	-0.0147	0.0004	-0.3765	0.8527
130.000	0.8742	0.0636	0.3384	0.0106	-0.0123	0.0012	-0.2228	0.9120
135.000	0.8737	0.0536	0.3189	0.0077	-0.0101	0.0017	-0.0586	0.9444
140.000	0.8720	0.0439	0.2957	0.0052	-0.0080	0.0020	0.1112	0.9477
145.000	0.8695	0.0347	0.2690	0.0031	-0.0062	0.0021	0.2813	0.9205
150.000	0.8664	0.0262	0.2387	0.0015	-0.0045	0.0020	0.4459	0.8623
155.000	0.8632	0.0187	0.2050	0.0003	-0.0032	0.0018	0.5989	0.7739
160.000	0.8600	0.0122	0.1682	-0.0004	-0.0020	0.0015	0.7342	0.6576
165.000	0.8573	0.0070	0.1287	-0.0007	-0.0011	0.0012	0.8464	0.5167
170.000	0.8551	0.0031	0.0871	-0.0006	-0.0005	0.0008	0.9304	0.3561
175.000	0.8537	0.0008	0.0439	-0.0004	-0.0001	0.0004	0.9824	0.1817
180.000	0.8532	-0.0000	0.0000	-0.0000	0.0000	0.0000	1.0000	0.0000
