0.000	11.6330	0.0000	0.0000	0.0000	0.0000	0.0000	1.0000	0.0000
5.000	11.7761	0.0102	-0.0331	-0.0029	-0.0009	0.0029	0.9657	-0.2573
10.000	12.2006	0.0389	-0.0632	-0.0057	-0.0035	0.0057	0.8687	-0.4898
15.000	12.8917	0.0818	-0.0881	-0.0084	-0.0072	0.0084	0.7239	-0.6793
20.000	13.8255	0.1329	-0.1066	-0.0109	-0.0114	0.0110	0.5505	-0.8172
25.000	14.9699	0.1870	-0.1183	-0.0129	-0.0156	0.0135	0.3662	-0.9037
30.000	16.2860	0.2400	-0.1239	-0.0143	-0.0194	0.0157	0.1848	-0.9447
35.000	17.7297	0.2894	-0.1239	-0.0149	-0.0224	0.0177	0.0147	-0.9487
40.000	19.2532	0.3337	-0.1191	-0.0145	-0.0244	0.0194	-0.1394	-0.9243
45.000	20.8068	0.3726	-0.1103	-0.0130	-0.0255	0.0208	-0.2757	-0.8787
50.000	22.3409	0.4061	-0.0979	-0.0103	-0.0255	0.0217	-0.3945	-0.8179
55.000	23.8072	0.4345	-0.0824	-0.0064	-0.0246	0.0222	-0.4966	-0.7462
60.000	25.1604	0.4582	-0.0642	-0.0014	-0.0227	0.0221	-0.5832	-0.6669
65.000	26.3595	0.4778	-0.0435	0.0048	-0.0199	0.0212	-0.6558	-0.5822
70.000	27.3688	0.4937	-0.0205	0.0120	-0.0163	0.0196	-0.7154	-0.4935
75.000	28.1589	0.5060	0.0047	0.0202	-0.0119	0.0171	-0.7632	-0.4019
80.000	28.7072	0.5151	0.0317	0.0293	-0.0068	0.0136	-0.7996	-0.3080
85.000	28.9984	0.5212	0.0605	0.0391	-0.0010	0.0089	-0.8253	-0.2122
90.000	29.0249	0.5242	0.0910	0.0496	0.0053	0.0030	-0.8403	-0.1149
95.000	28.7867	0.5243	0.1228	0.0607	0.0121	-0.0042	-0.8446	-0.0162
100.000	28.2918	0.5212	0.1560	0.0722	0.0191	-0.0128	-0.8377	0.0837
105.000	27.5552	0.5149	0.1901	0.0840	0.0261	-0.0229	-0.8189	0.1843
110.000	26.5992	0.5049	0.2250	0.0960	0.0330	-0.0344	-0.7874	0.2853
115.000	25.4522	0.4911	0.2601	0.1080	0.0396	-0.0472	-0.7417	0.3858
120.000	24.1482	0.4730	0.2949	0.1198	0.0453	-0.0613	-0.6804	0.4847
125.000	22.7258	0.4500	0.3285	0.1310	0.0500	-0.0762	-0.6016	0.5801
130.000	21.2267	0.4217	0.3597	0.1413	0.0533	-0.0914	-0.5035	0.6694
135.000	19.6949	0.3876	0.3869	0.1501	0.0547	-0.1063	-0.3842	0.7488
140.000	18.1751	0.3473	0.4077	0.1565	0.0540	-0.1198	-0.2425	0.8133
145.000	16.7114	0.3010	0.4193	0.1595	0.0508	-0.1304	-0.0785	0.8563
150.000	15.3459	0.2493	0.4182	0.1579	0.0451	-0.1364	0.1056	0.8696
155.000	14.1179	0.1937	0.4003	0.1502	0.0371	-0.1358	0.3041	0.8441
160.000	13.0623	0.1372	0.3619	0.1351	0.0276	-0.1268	0.5066	0.7714
165.000	12.2089	0.0841	0.3006	0.1118	0.0175	-0.1079	0.6973	0.6457
170.000	11.5817	0.0399	0.2165	0.0803	0.0085	-0.0791	0.8562	0.4675
175.000	11.1982	0.0104	0.1136	0.0421	0.0023	-0.0419	0.9625	0.2461
180.000	11.0692	0.0000	0.0000	0.0000	0.0000	-0.0000	1.0000	0.0000
