0.000	5.8401	0.0000	0.0000	0.0000	0.0000	0.0000	1.0000	0.0000
5.000	5.9157	0.0094	-0.0162	0.0036	-0.0014	-0.0035	0.9641	-0.2648
10.000	6.1400	0.0358	-0.0302	0.0071	-0.0052	-0.0065	0.8628	-0.5034
15.000	6.5055	0.0750	-0.0405	0.0104	-0.0108	-0.0083	0.7122	-0.6967
20.000	7.0000	0.1213	-0.0462	0.0134	-0.0171	-0.0089	0.5327	-0.8362
25.000	7.6072	0.1698	-0.0473	0.0162	-0.0232	-0.0083	0.3431	-0.9224
30.000	8.3072	0.2168	-0.0444	0.0189	-0.0286	-0.0067	0.1574	-0.9622
35.000	9.0772	0.2598	-0.0380	0.0216	-0.0327	-0.0045	-0.0157	-0.9645
40.000	9.8925	0.2978	-0.0289	0.0242	-0.0354	-0.0020	-0.1718	-0.9382
45.000	10.7274	0.3304	-0.0175	0.0271	-0.0366	0.0007	-0.3096	-0.8911
50.000	11.5558	0.3577	-0.0043	0.0301	-0.0364	0.0033	-0.4294	-0.8290
55.000	12.3523	0.3801	0.0105	0.0333	-0.0349	0.0055	-0.5323	-0.7562
60.000	13.0930	0.3980	0.0266	0.0369	-0.0322	0.0073	-0.6199	-0.6759
65.000	13.7562	0.4119	0.0439	0.0408	-0.0284	0.0085	-0.6934	-0.5902
70.000	14.3230	0.4222	0.0624	0.0450	-0.0237	0.0090	-0.7543	-0.5002
75.000	14.7779	0.4292	0.0821	0.0496	-0.0181	0.0087	-0.8034	-0.4069
80.000	15.1090	0.4332	0.1029	0.0545	-0.0118	0.0074	-0.8414	-0.3108
85.000	15.3083	0.4343	0.1248	0.0598	-0.0050	0.0052	-0.8685	-0.2121
90.000	15.3718	0.4328	0.1478	0.0653	0.0023	0.0018	-0.8848	-0.1110
95.000	15.2998	0.4285	0.1718	0.0712	0.0097	-0.0027	-0.8898	-0.0077
100.000	15.0963	0.4216	0.1967	0.0773	0.0172	-0.0083	-0.8830	0.0975
105.000	14.7692	0.4120	0.2224	0.0835	0.0245	-0.0152	-0.8633	0.2043
110.000	14.3298	0.3995	0.2484	0.0897	0.0314	-0.0233	-0.8295	0.3118
115.000	13.7925	0.3839	0.2744	0.0958	0.0375	-0.0323	-0.7801	0.4190
120.000	13.1742	0.3651	0.2997	0.1017	0.0427	-0.0422	-0.7133	0.5242
125.000	12.4942	0.3428	0.3236	0.1070	0.0466	-0.0527	-0.6274	0.6250
130.000	11.7731	0.3167	0.3448	0.1114	0.0489	-0.0633	-0.5206	0.7182
135.000	11.0328	0.2868	0.3618	0.1146	0.0494	-0.0733	-0.3916	0.7992
140.000	10.2952	0.2531	0.3728	0.1159	0.0478	-0.0821	-0.2401	0.8624
145.000	9.5824	0.2159	0.3753	0.1149	0.0442	-0.0886	-0.0670	0.9008
150.000	8.9153	0.1759	0.3668	0.1107	0.0385	-0.0918	0.1239	0.9064
155.000	8.3138	0.1344	0.3444	0.1028	0.0311	-0.0903	0.3257	0.8710
160.000	7.7955	0.0937	0.3059	0.0904	0.0226	-0.0833	0.5271	0.7877
165.000	7.3756	0.0566	0.2502	0.0734	0.0142	-0.0701	0.7129	0.6529
170.000	7.0665	0.0266	0.1780	0.0519	0.0068	-0.0509	0.8648	0.4688
175.000	6.8774	0.0069	0.0927	0.0270	0.0018	-0.0268	0.9649	0.2454
180.000	6.8137	0.0000	0.0000	0.0000	0.0000	0.0000	1.0000	0.0000
