0.000	8.8360	0.0000	0.0000	0.0000	0.0000	0.0000	1.0000	0.0000
5.000	8.9523	0.0101	-0.0282	0.0028	-0.0018	-0.0027	0.9640	-0.2644
10.000	9.2972	0.0385	-0.0532	0.0054	-0.0067	-0.0048	0.8622	-0.5022
15.000	9.8590	0.0806	-0.0729	0.0078	-0.0137	-0.0058	0.7114	-0.6942
20.000	10.6188	0.1304	-0.0860	0.0098	-0.0218	-0.0055	0.5321	-0.8319
25.000	11.5510	0.1824	-0.0928	0.0116	-0.0297	-0.0041	0.3433	-0.9162
30.000	12.6247	0.2328	-0.0938	0.0133	-0.0366	-0.0017	0.1589	-0.9542
35.000	13.8043	0.2791	-0.0902	0.0150	-0.0420	0.0014	-0.0124	-0.9551
40.000	15.0513	0.3201	-0.0827	0.0168	-0.0458	0.0047	-0.1664	-0.9280
45.000	16.3254	0.3554	-0.0724	0.0188	-0.0478	0.0082	-0.3019	-0.8805
50.000	17.5860	0.3852	-0.0596	0.0212	-0.0481	0.0115	-0.4193	-0.8187
55.000	18.7934	0.4100	-0.0450	0.0240	-0.0467	0.0144	-0.5199	-0.7469
60.000	19.9102	0.4302	-0.0287	0.0272	-0.0439	0.0169	-0.6053	-0.6680
65.000	20.9024	0.4462	-0.0109	0.0310	-0.0397	0.0186	-0.6770	-0.5843
70.000	21.7405	0.4586	0.0082	0.0353	-0.0344	0.0196	-0.7364	-0.4969
75.000	22.4000	0.4677	0.0287	0.0401	-0.0279	0.0196	-0.7845	-0.4068
80.000	22.8622	0.4737	0.0505	0.0456	-0.0206	0.0185	-0.8220	-0.3142
85.000	23.1149	0.4769	0.0736	0.0516	-0.0124	0.0162	-0.8492	-0.2195
90.000	23.1520	0.4773	0.0980	0.0582	-0.0038	0.0126	-0.8664	-0.1228
95.000	22.9743	0.4750	0.1238	0.0653	0.0053	0.0076	-0.8733	-0.0241
100.000	22.5885	0.4700	0.1508	0.0729	0.0145	0.0011	-0.8693	0.0764
105.000	22.0076	0.4621	0.1788	0.0810	0.0237	-0.0069	-0.8536	0.1786
110.000	21.2501	0.4511	0.2078	0.0893	0.0324	-0.0164	-0.8249	0.2820
115.000	20.3394	0.4368	0.2373	0.0978	0.0405	-0.0274	-0.7818	0.3857
120.000	19.3031	0.4189	0.2668	0.1063	0.0475	-0.0397	-0.7225	0.4886
125.000	18.1720	0.3970	0.2955	0.1145	0.0532	-0.0529	-0.6450	0.5887
130.000	16.9795	0.3706	0.3223	0.1219	0.0570	-0.0667	-0.5471	0.6831
135.000	15.7604	0.3395	0.3458	0.1282	0.0587	-0.0802	-0.4269	0.7678
140.000	14.5503	0.3033	0.3638	0.1326	0.0579	-0.0927	-0.2830	0.8374
145.000	13.3839	0.2621	0.3737	0.1342	0.0544	-0.1028	-0.1153	0.8848
150.000	12.2951	0.2165	0.3724	0.1321	0.0482	-0.1091	0.0738	0.9012
155.000	11.3149	0.1679	0.3563	0.1251	0.0396	-0.1098	0.2785	0.8771
160.000	10.4716	0.1187	0.3221	0.1122	0.0293	-0.1033	0.4879	0.8032
165.000	9.7892	0.0727	0.2675	0.0925	0.0186	-0.0884	0.6855	0.6735
170.000	9.2873	0.0345	0.1926	0.0663	0.0090	-0.0650	0.8505	0.4883
175.000	8.9803	0.0090	0.1011	0.0347	0.0024	-0.0345	0.9610	0.2572
180.000	8.8769	0.0000	0.0000	0.0000	0.0000	0.0000	1.0000	0.0000
