0.000	7.5618	0.0000	0.0000	0.0000	0.0000	0.0000	1.0000	0.0000
5.000	7.6402	0.0098	-0.0568	0.0044	-0.0030	-0.0044	0.9696	-0.2377
10.000	7.8733	0.0379	-0.1095	0.0078	-0.0113	-0.0077	0.8830	-0.4547
15.000	8.2544	0.0805	-0.1551	0.0094	-0.0237	-0.0091	0.7520	-0.6352
20.000	8.7725	0.1328	-0.1916	0.0089	-0.0384	-0.0081	0.5924	-0.7703
25.000	9.4123	0.1898	-0.2186	0.0065	-0.0536	-0.0047	0.4197	-0.8586
30.000	10.1543	0.2476	-0.2366	0.0025	-0.0678	0.0007	0.2470	-0.9040
35.000	10.9755	0.3032	-0.2465	-0.0023	-0.0801	0.0076	0.0831	-0.9132
40.000	11.8494	0.3550	-0.2497	-0.0073	-0.0898	0.0155	-0.0664	-0.8939
45.000	12.7470	0.4020	-0.2472	-0.0121	-0.0967	0.0239	-0.1989	-0.8532
50.000	13.6372	0.4440	-0.2403	-0.0162	-0.1008	0.0324	-0.3140	-0.7972
55.000	14.4885	0.4812	-0.2296	-0.0192	-0.1021	0.0405	-0.4122	-0.7308
60.000	15.2692	0.5139	-0.2159	-0.0209	-0.1008	0.0481	-0.4946	-0.6577
65.000	15.9492	0.5426	-0.1997	-0.0211	-0.0971	0.0549	-0.5629	-0.5805
70.000	16.5009	0.5676	-0.1812	-0.0198	-0.0910	0.0605	-0.6184	-0.5011
75.000	16.9006	0.5893	-0.1607	-0.0169	-0.0829	0.0649	-0.6626	-0.4208
80.000	17.1291	0.6081	-0.1383	-0.0122	-0.0727	0.0677	-0.6967	-0.3405
85.000	17.1728	0.6243	-0.1139	-0.0057	-0.0608	0.0686	-0.7218	-0.2606
90.000	17.0243	0.6380	-0.0876	0.0026	-0.0472	0.0676	-0.7386	-0.1814
95.000	16.6829	0.6494	-0.0593	0.0128	-0.0321	0.0642	-0.7478	-0.1029
100.000	16.1544	0.6585	-0.0288	0.0250	-0.0157	0.0581	-0.7496	-0.0251
105.000	15.4512	0.6651	0.0042	0.0393	0.0017	0.0489	-0.7443	0.0523
110.000	14.5916	0.6691	0.0397	0.0558	0.0198	0.0364	-0.7317	0.1295
115.000	13.5995	0.6700	0.0780	0.0746	0.0384	0.0202	-0.7112	0.2070
120.000	12.5030	0.6674	0.1194	0.0957	0.0568	-0.0002	-0.6820	0.2849
125.000	11.3335	0.6603	0.1638	0.1193	0.0746	-0.0249	-0.6427	0.3636
130.000	10.1245	0.6477	0.2114	0.1452	0.0909	-0.0541	-0.5911	0.4430
135.000	8.9102	0.6281	0.2617	0.1731	0.1048	-0.0878	-0.5243	0.5229
140.000	7.7241	0.5995	0.3137	0.2025	0.1153	-0.1253	-0.4382	0.6018
145.000	6.5984	0.5593	0.3655	0.2321	0.1209	-0.1653	-0.3277	0.6769
150.000	5.5622	0.5045	0.4131	0.2594	0.1201	-0.2051	-0.1862	0.7422
155.000	4.6415	0.4321	0.4494	0.2800	0.1112	-0.2396	-0.0075	0.7873
160.000	3.8585	0.3406	0.4629	0.2868	0.0933	-0.2604	0.2117	0.7942
165.000	3.2311	0.2329	0.4365	0.2695	0.0669	-0.2556	0.4639	0.7368
170.000	2.7732	0.1222	0.3515	0.2165	0.0363	-0.2116	0.7199	0.5865
175.000	2.4946	0.0342	0.1996	0.1228	0.0104	-0.1221	0.9217	0.3308
180.000	2.4011	0.0000	0.0001	0.0001	0.0000	-0.0001	1.0000	0.0001
