0.000	7.9263	0.0000	0.0000	0.0000	0.0000	0.0000	1.0000	0.0000
5.000	8.0103	0.0099	-0.0573	0.0030	-0.0028	-0.0030	0.9692	-0.2391
10.000	8.2600	0.0384	-0.1104	0.0051	-0.0109	-0.0050	0.8816	-0.4572
15.000	8.6678	0.0814	-0.1560	0.0058	-0.0228	-0.0053	0.7493	-0.6380
20.000	9.2215	0.1340	-0.1921	0.0048	-0.0368	-0.0036	0.5885	-0.7730
25.000	9.9043	0.1912	-0.2183	0.0024	-0.0513	0.0001	0.4149	-0.8608
30.000	10.6951	0.2489	-0.2352	-0.0012	-0.0648	0.0055	0.2417	-0.9056
35.000	11.5689	0.3044	-0.2440	-0.0053	-0.0764	0.0122	0.0777	-0.9142
40.000	12.4973	0.3558	-0.2460	-0.0095	-0.0856	0.0198	-0.0717	-0.8945
45.000	13.4497	0.4024	-0.2425	-0.0133	-0.0921	0.0277	-0.2042	-0.8535
50.000	14.3934	0.4439	-0.2346	-0.0164	-0.0957	0.0357	-0.3191	-0.7974
55.000	15.2950	0.4806	-0.2230	-0.0184	-0.0967	0.0434	-0.4172	-0.7310
60.000	16.1218	0.5127	-0.2085	-0.0192	-0.0951	0.0504	-0.4997	-0.6578
65.000	16.8422	0.5408	-0.1915	-0.0185	-0.0911	0.0566	-0.5680	-0.5805
70.000	17.4276	0.5652	-0.1723	-0.0164	-0.0848	0.0616	-0.6238	-0.5010
75.000	17.8530	0.5864	-0.1511	-0.0128	-0.0765	0.0653	-0.6682	-0.4206
80.000	18.0987	0.6046	-0.1280	-0.0075	-0.0662	0.0674	-0.7026	-0.3400
85.000	18.1503	0.6202	-0.1030	-0.0005	-0.0542	0.0677	-0.7279	-0.2597
90.000	18.0004	0.6333	-0.0760	0.0083	-0.0406	0.0659	-0.7449	-0.1799
95.000	17.6481	0.6440	-0.0470	0.0189	-0.0255	0.0617	-0.7542	-0.1007
100.000	17.0998	0.6523	-0.0158	0.0314	-0.0093	0.0549	-0.7561	-0.0220
105.000	16.3684	0.6581	0.0177	0.0460	0.0079	0.0451	-0.7506	0.0566
110.000	15.4734	0.6612	0.0538	0.0626	0.0258	0.0320	-0.7375	0.1352
115.000	14.4397	0.6611	0.0926	0.0815	0.0438	0.0152	-0.7162	0.2142
120.000	13.2966	0.6573	0.1343	0.1026	0.0617	-0.0055	-0.6858	0.2938
125.000	12.0770	0.6489	0.1789	0.1259	0.0788	-0.0305	-0.6447	0.3742
130.000	10.8157	0.6349	0.2263	0.1513	0.0942	-0.0597	-0.5907	0.4553
135.000	9.5482	0.6137	0.2760	0.1785	0.1072	-0.0929	-0.5208	0.5364
140.000	8.3096	0.5834	0.3270	0.2067	0.1166	-0.1297	-0.4309	0.6159
145.000	7.1331	0.5417	0.3769	0.2345	0.1209	-0.1683	-0.3158	0.6905
150.000	6.0496	0.4857	0.4216	0.2594	0.1189	-0.2059	-0.1697	0.7539
155.000	5.0861	0.4129	0.4539	0.2771	0.1089	-0.2375	0.0130	0.7949
160.000	4.2661	0.3226	0.4623	0.2806	0.0903	-0.2550	0.2340	0.7957
165.000	3.6086	0.2184	0.4308	0.2605	0.0640	-0.2472	0.4839	0.7316
170.000	3.1286	0.1134	0.3431	0.2070	0.0343	-0.2022	0.7330	0.5770
175.000	2.8364	0.0315	0.1932	0.1164	0.0097	-0.1157	0.9259	0.3230
180.000	2.7383	0.0000	0.0001	0.0001	0.0000	-0.0001	1.0000	0.0001
