0.000	6.0808	0.0000	0.0000	0.0000	0.0000	0.0000	1.0000	0.0000
5.000	6.1477	0.0080	-0.0196	-0.0025	-0.0007	0.0026	0.9670	-0.2539
10.000	6.3464	0.0306	-0.0366	-0.0045	-0.0025	0.0053	0.8730	-0.4854
15.000	6.6708	0.0645	-0.0492	-0.0055	-0.0052	0.0080	0.7313	-0.6772
20.000	7.1112	0.1056	-0.0563	-0.0054	-0.0080	0.0108	0.5591	-0.8203
25.000	7.6542	0.1494	-0.0577	-0.0040	-0.0106	0.0135	0.3735	-0.9135
30.000	8.2833	0.1928	-0.0540	-0.0014	-0.0125	0.0161	0.1879	-0.9613
35.000	8.9794	0.2335	-0.0458	0.0022	-0.0134	0.0185	0.0117	-0.9709
40.000	9.7214	0.2700	-0.0340	0.0066	-0.0133	0.0206	-0.1499	-0.9502
45.000	10.4867	0.3019	-0.0193	0.0117	-0.0121	0.0224	-0.2942	-0.9063
50.000	11.2524	0.3291	-0.0023	0.0174	-0.0097	0.0236	-0.4208	-0.8451
55.000	11.9959	0.3517	0.0166	0.0236	-0.0064	0.0242	-0.5302	-0.7712
60.000	12.6956	0.3701	0.0371	0.0302	-0.0021	0.0241	-0.6234	-0.6880
65.000	13.3316	0.3846	0.0589	0.0371	0.0030	0.0232	-0.7014	-0.5979
70.000	13.8864	0.3954	0.0819	0.0444	0.0088	0.0215	-0.7654	-0.5025
75.000	14.3455	0.4029	0.1060	0.0518	0.0153	0.0187	-0.8162	-0.4030
80.000	14.6974	0.4073	0.1311	0.0595	0.0221	0.0150	-0.8542	-0.3001
85.000	14.9344	0.4087	0.1571	0.0674	0.0293	0.0101	-0.8798	-0.1944
90.000	15.0519	0.4072	0.1839	0.0754	0.0366	0.0041	-0.8929	-0.0864
95.000	15.0490	0.4029	0.2113	0.0834	0.0438	-0.0031	-0.8930	0.0233
100.000	14.9284	0.3957	0.2390	0.0913	0.0507	-0.0115	-0.8797	0.1343
105.000	14.6957	0.3856	0.2668	0.0991	0.0571	-0.0209	-0.8520	0.2457
110.000	14.3598	0.3725	0.2942	0.1065	0.0627	-0.0314	-0.8088	0.3563
115.000	13.9327	0.3563	0.3206	0.1135	0.0672	-0.0426	-0.7489	0.4647
120.000	13.4285	0.3368	0.3453	0.1198	0.0703	-0.0543	-0.6710	0.5688
125.000	12.8637	0.3140	0.3673	0.1251	0.0717	-0.0662	-0.5738	0.6659
130.000	12.2567	0.2877	0.3853	0.1290	0.0712	-0.0776	-0.4564	0.7524
135.000	11.6269	0.2581	0.3979	0.1312	0.0685	-0.0878	-0.3184	0.8237
140.000	10.9943	0.2253	0.4032	0.1310	0.0637	-0.0961	-0.1607	0.8745
145.000	10.3791	0.1898	0.3990	0.1281	0.0566	-0.1014	0.0143	0.8986
150.000	9.8007	0.1526	0.3832	0.1216	0.0477	-0.1027	0.2019	0.8894
155.000	9.2772	0.1151	0.3537	0.1112	0.0374	-0.0990	0.3944	0.8410
160.000	8.8250	0.0792	0.3092	0.0964	0.0265	-0.0896	0.5811	0.7490
165.000	8.4582	0.0473	0.2493	0.0773	0.0162	-0.0742	0.7488	0.6124
170.000	8.1878	0.0220	0.1754	0.0541	0.0077	-0.0531	0.8829	0.4351
175.000	8.0222	0.0057	0.0907	0.0279	0.0020	-0.0278	0.9698	0.2262
180.000	7.9665	0.0000	0.0000	0.0000	0.0000	0.0000	1.0000	0.0000
