0.000	9.0727	0.0000	0.0000	0.0000	0.0000	0.0000	1.0000	0.0000
5.000	9.1592	0.0095	-0.0369	0.0011	-0.0009	-0.0013	0.9708	-0.2367
10.000	9.4164	0.0369	-0.0721	0.0012	-0.0035	-0.0025	0.8873	-0.4541
15.000	9.8385	0.0787	-0.1040	-0.0006	-0.0076	-0.0036	0.7599	-0.6367
20.000	10.4152	0.1303	-0.1314	-0.0044	-0.0129	-0.0045	0.6033	-0.7756
25.000	11.1319	0.1871	-0.1538	-0.0100	-0.0191	-0.0050	0.4320	-0.8686
30.000	11.9700	0.2448	-0.1707	-0.0168	-0.0258	-0.0052	0.2587	-0.9185
35.000	12.9062	0.3005	-0.1822	-0.0240	-0.0326	-0.0050	0.0927	-0.9314
40.000	13.9133	0.3521	-0.1885	-0.0308	-0.0392	-0.0044	-0.0602	-0.9145
45.000	14.9604	0.3988	-0.1899	-0.0366	-0.0455	-0.0035	-0.1970	-0.8749
50.000	16.0135	0.4399	-0.1867	-0.0409	-0.0512	-0.0023	-0.3166	-0.8188
55.000	17.0366	0.4756	-0.1794	-0.0436	-0.0561	-0.0010	-0.4193	-0.7514
60.000	17.9929	0.5062	-0.1684	-0.0444	-0.0601	0.0005	-0.5062	-0.6764
65.000	18.8461	0.5322	-0.1540	-0.0433	-0.0629	0.0019	-0.5787	-0.5968
70.000	19.5621	0.5538	-0.1365	-0.0404	-0.0646	0.0031	-0.6383	-0.5145
75.000	20.1102	0.5717	-0.1163	-0.0358	-0.0649	0.0039	-0.6863	-0.4309
80.000	20.4650	0.5862	-0.0936	-0.0297	-0.0639	0.0042	-0.7239	-0.3468
85.000	20.6075	0.5977	-0.0685	-0.0221	-0.0614	0.0036	-0.7522	-0.2626
90.000	20.5261	0.6064	-0.0412	-0.0131	-0.0576	0.0021	-0.7718	-0.1784
95.000	20.2173	0.6124	-0.0117	-0.0028	-0.0523	-0.0008	-0.7831	-0.0943
100.000	19.6859	0.6159	0.0201	0.0088	-0.0457	-0.0051	-0.7862	-0.0100
105.000	18.9447	0.6167	0.0541	0.0217	-0.0378	-0.0113	-0.7811	0.0746
110.000	18.0144	0.6146	0.0906	0.0360	-0.0289	-0.0196	-0.7672	0.1599
115.000	16.9219	0.6092	0.1295	0.0517	-0.0190	-0.0302	-0.7436	0.2459
120.000	15.6998	0.6001	0.1709	0.0689	-0.0086	-0.0435	-0.7090	0.3327
125.000	14.3846	0.5865	0.2147	0.0874	0.0020	-0.0594	-0.6615	0.4201
130.000	13.0151	0.5673	0.2604	0.1073	0.0123	-0.0780	-0.5986	0.5073
135.000	11.6313	0.5412	0.3072	0.1280	0.0217	-0.0989	-0.5170	0.5929
140.000	10.2728	0.5066	0.3535	0.1488	0.0295	-0.1215	-0.4129	0.6741
145.000	8.9774	0.4618	0.3962	0.1684	0.0350	-0.1444	-0.2816	0.7461
150.000	7.7801	0.4051	0.4308	0.1847	0.0373	-0.1651	-0.1192	0.8010
155.000	6.7122	0.3356	0.4499	0.1944	0.0358	-0.1799	0.0766	0.8266
160.000	5.8010	0.2545	0.4434	0.1928	0.0304	-0.1835	0.3025	0.8061
165.000	5.0689	0.1668	0.3993	0.1745	0.0217	-0.1697	0.5440	0.7197
170.000	4.5335	0.0840	0.3079	0.1351	0.0115	-0.1334	0.7709	0.5515
175.000	4.2072	0.0228	0.1693	0.0744	0.0032	-0.0742	0.9379	0.3020
180.000	4.0975	0.0000	0.0001	0.0001	0.0000	-0.0001	1.0000	0.0001
