0.000	5.1520	0.0000	0.0000	0.0000	0.0000	0.0000	1.0000	0.0000
5.000	5.1701	0.0046	0.0002	0.0378	-0.0012	-0.0384	0.9793	-0.2024
10.000	5.2260	0.0184	-0.0030	0.0705	-0.0047	-0.0748	0.9182	-0.3948
15.000	5.3234	0.0414	-0.0124	0.0934	-0.0105	-0.1073	0.8204	-0.5677
20.000	5.4676	0.0735	-0.0293	0.1037	-0.0182	-0.1343	0.6916	-0.7126
25.000	5.6641	0.1140	-0.0537	0.1002	-0.0277	-0.1548	0.5402	-0.8232
30.000	5.9174	0.1615	-0.0840	0.0840	-0.0384	-0.1682	0.3756	-0.8961
35.000	6.2291	0.2139	-0.1176	0.0576	-0.0498	-0.1747	0.2079	-0.9314
40.000	6.5969	0.2687	-0.1513	0.0248	-0.0616	-0.1754	0.0461	-0.9321
45.000	7.0135	0.3235	-0.1821	-0.0104	-0.0731	-0.1712	-0.1029	-0.9039
50.000	7.4664	0.3760	-0.2079	-0.0447	-0.0842	-0.1636	-0.2348	-0.8535
55.000	7.9384	0.4246	-0.2272	-0.0755	-0.0946	-0.1540	-0.3478	-0.7875
60.000	8.4082	0.4684	-0.2397	-0.1015	-0.1041	-0.1433	-0.4421	-0.7118
65.000	8.8516	0.5068	-0.2456	-0.1220	-0.1128	-0.1323	-0.5190	-0.6310
70.000	9.2438	0.5400	-0.2456	-0.1372	-0.1205	-0.1216	-0.5806	-0.5481
75.000	9.5607	0.5682	-0.2405	-0.1474	-0.1274	-0.1114	-0.6291	-0.4654
80.000	9.7812	0.5918	-0.2312	-0.1535	-0.1334	-0.1019	-0.6665	-0.3840
85.000	9.8884	0.6114	-0.2184	-0.1561	-0.1384	-0.0931	-0.6946	-0.3043
90.000	9.8707	0.6274	-0.2029	-0.1558	-0.1425	-0.0850	-0.7146	-0.2264
95.000	9.7230	0.6404	-0.1850	-0.1531	-0.1455	-0.0776	-0.7276	-0.1502
100.000	9.4461	0.6506	-0.1651	-0.1484	-0.1475	-0.0709	-0.7342	-0.0751
105.000	9.0470	0.6583	-0.1432	-0.1419	-0.1481	-0.0650	-0.7349	-0.0010
110.000	8.5376	0.6638	-0.1193	-0.1337	-0.1475	-0.0600	-0.7296	0.0728
115.000	7.9341	0.6670	-0.0931	-0.1237	-0.1455	-0.0561	-0.7183	0.1466
120.000	7.2557	0.6677	-0.0643	-0.1118	-0.1420	-0.0535	-0.7005	0.2208
125.000	6.5237	0.6657	-0.0324	-0.0977	-0.1371	-0.0526	-0.6754	0.2961
130.000	5.7605	0.6601	0.0031	-0.0811	-0.1306	-0.0537	-0.6417	0.3729
135.000	4.9889	0.6500	0.0429	-0.0617	-0.1228	-0.0570	-0.5975	0.4518
140.000	4.2310	0.6339	0.0873	-0.0392	-0.1136	-0.0630	-0.5394	0.5332
145.000	3.5081	0.6091	0.1366	-0.0136	-0.1030	-0.0718	-0.4624	0.6172
150.000	2.8396	0.5721	0.1899	0.0149	-0.0910	-0.0832	-0.3590	0.7020
155.000	2.2433	0.5177	0.2446	0.0451	-0.0774	-0.0963	-0.2177	0.7820
160.000	1.7342	0.4387	0.2936	0.0741	-0.0619	-0.1086	-0.0234	0.8430
165.000	1.3252	0.3289	0.3211	0.0954	-0.0440	-0.1147	0.2380	0.8521
170.000	1.0260	0.1913	0.2977	0.0969	-0.0246	-0.1044	0.5590	0.7484
175.000	0.8436	0.0586	0.1891	0.0646	-0.0073	-0.0657	0.8653	0.4603
180.000	0.7824	0.0000	0.0001	0.0002	0.0000	-0.0002	1.0000	0.0001
