0.000	6.8565	0.0000	0.0000	0.0000	0.0000	0.0000	1.0000	0.0000
5.000	6.9038	0.0071	-0.0162	0.0214	-0.0010	-0.0218	0.9740	-0.2259
10.000	7.0461	0.0280	-0.0340	0.0385	-0.0037	-0.0420	0.8985	-0.4363
15.000	7.2837	0.0610	-0.0545	0.0479	-0.0080	-0.0593	0.7812	-0.6179
20.000	7.6166	0.1040	-0.0779	0.0481	-0.0134	-0.0727	0.6328	-0.7613
25.000	8.0431	0.1540	-0.1032	0.0391	-0.0195	-0.0819	0.4658	-0.8620
30.000	8.5589	0.2080	-0.1289	0.0224	-0.0257	-0.0872	0.2926	-0.9202
35.000	9.1558	0.2632	-0.1530	0.0007	-0.0319	-0.0891	0.1233	-0.9398
40.000	9.8208	0.3172	-0.1739	-0.0233	-0.0377	-0.0885	-0.0345	-0.9269
45.000	10.5358	0.3682	-0.1901	-0.0469	-0.0431	-0.0861	-0.1762	-0.8889
50.000	11.2779	0.4150	-0.2008	-0.0681	-0.0480	-0.0827	-0.2995	-0.8326
55.000	12.0197	0.4568	-0.2057	-0.0858	-0.0524	-0.0789	-0.4045	-0.7641
60.000	12.7312	0.4936	-0.2049	-0.0993	-0.0564	-0.0752	-0.4920	-0.6881
65.000	13.3806	0.5252	-0.1989	-0.1085	-0.0600	-0.0718	-0.5638	-0.6080
70.000	13.9371	0.5521	-0.1882	-0.1136	-0.0632	-0.0690	-0.6220	-0.5264
75.000	14.3723	0.5745	-0.1737	-0.1150	-0.0661	-0.0667	-0.6682	-0.4445
80.000	14.6624	0.5930	-0.1557	-0.1133	-0.0686	-0.0651	-0.7043	-0.3632
85.000	14.7893	0.6079	-0.1351	-0.1090	-0.0707	-0.0641	-0.7315	-0.2828
90.000	14.7418	0.6195	-0.1120	-0.1026	-0.0722	-0.0638	-0.7507	-0.2032
95.000	14.5162	0.6282	-0.0869	-0.0944	-0.0731	-0.0640	-0.7628	-0.1241
100.000	14.1160	0.6342	-0.0598	-0.0846	-0.0733	-0.0651	-0.7679	-0.0453
105.000	13.5516	0.6376	-0.0309	-0.0734	-0.0727	-0.0669	-0.7662	0.0337
110.000	12.8394	0.6383	0.0002	-0.0607	-0.0712	-0.0697	-0.7573	0.1131
115.000	12.0008	0.6363	0.0335	-0.0465	-0.0687	-0.0736	-0.7407	0.1934
120.000	11.0608	0.6311	0.0693	-0.0306	-0.0652	-0.0789	-0.7154	0.2749
125.000	10.0473	0.6222	0.1081	-0.0129	-0.0607	-0.0859	-0.6800	0.3576
130.000	8.9897	0.6087	0.1500	0.0070	-0.0554	-0.0946	-0.6324	0.4417
135.000	7.9182	0.5894	0.1951	0.0291	-0.0492	-0.1053	-0.5697	0.5266
140.000	6.8627	0.5626	0.2430	0.0533	-0.0425	-0.1178	-0.4878	0.6113
145.000	5.8525	0.5259	0.2923	0.0790	-0.0354	-0.1316	-0.3814	0.6929
150.000	4.9150	0.4765	0.3400	0.1049	-0.0282	-0.1457	-0.2434	0.7662
155.000	4.0754	0.4110	0.3801	0.1284	-0.0212	-0.1577	-0.0663	0.8206
160.000	3.3562	0.3273	0.4019	0.1446	-0.0146	-0.1633	0.1553	0.8374
165.000	2.7764	0.2268	0.3887	0.1462	-0.0089	-0.1559	0.4171	0.7877
170.000	2.3511	0.1207	0.3204	0.1241	-0.0042	-0.1275	0.6909	0.6361
175.000	2.0914	0.0342	0.1851	0.0729	-0.0011	-0.0734	0.9126	0.3629
180.000	2.0040	0.0000	0.0001	0.0001	0.0000	-0.0001	1.0000	0.0001
