0.000	4.3364	0.0000	0.0000	0.0000	0.0000	0.0000	1.0000	0.0000
5.000	4.3606	0.0057	-0.0319	0.0406	-0.0043	-0.0408	0.9771	-0.2103
10.000	4.4332	0.0224	-0.0645	0.0767	-0.0168	-0.0783	0.9101	-0.4080
15.000	4.5549	0.0493	-0.0980	0.1046	-0.0364	-0.1098	0.8044	-0.5818
20.000	4.7263	0.0848	-0.1323	0.1219	-0.0612	-0.1331	0.6679	-0.7229
25.000	4.9476	0.1271	-0.1669	0.1274	-0.0891	-0.1472	0.5102	-0.8261
30.000	5.2184	0.1741	-0.2004	0.1217	-0.1179	-0.1518	0.3416	-0.8892
35.000	5.5369	0.2238	-0.2318	0.1065	-0.1455	-0.1477	0.1716	-0.9138
40.000	5.8990	0.2741	-0.2596	0.0840	-0.1704	-0.1363	0.0085	-0.9038
45.000	6.2984	0.3236	-0.2828	0.0571	-0.1913	-0.1191	-0.1416	-0.8647
50.000	6.7259	0.3710	-0.3007	0.0282	-0.2077	-0.0981	-0.2747	-0.8028
55.000	7.1691	0.4154	-0.3131	-0.0004	-0.2192	-0.0748	-0.3887	-0.7244
60.000	7.6128	0.4562	-0.3199	-0.0270	-0.2259	-0.0508	-0.4831	-0.6350
65.000	8.0392	0.4933	-0.3216	-0.0507	-0.2282	-0.0270	-0.5585	-0.5394
70.000	8.4289	0.5267	-0.3186	-0.0706	-0.2264	-0.0045	-0.6165	-0.4413
75.000	8.7619	0.5563	-0.3114	-0.0866	-0.2212	0.0163	-0.6588	-0.3432
80.000	9.0188	0.5825	-0.3008	-0.0985	-0.2128	0.0350	-0.6872	-0.2472
85.000	9.1819	0.6055	-0.2871	-0.1067	-0.2018	0.0513	-0.7036	-0.1543
90.000	9.2372	0.6256	-0.2709	-0.1111	-0.1885	0.0649	-0.7097	-0.0652
95.000	9.1747	0.6429	-0.2524	-0.1121	-0.1733	0.0758	-0.7067	0.0199
100.000	8.9899	0.6575	-0.2318	-0.1099	-0.1563	0.0838	-0.6959	0.1010
105.000	8.6838	0.6697	-0.2094	-0.1046	-0.1378	0.0888	-0.6782	0.1783
110.000	8.2631	0.6792	-0.1851	-0.0964	-0.1180	0.0904	-0.6541	0.2523
115.000	7.7401	0.6861	-0.1589	-0.0853	-0.0973	0.0885	-0.6240	0.3235
120.000	7.1314	0.6899	-0.1307	-0.0713	-0.0759	0.0828	-0.5877	0.3925
125.000	6.4575	0.6900	-0.1003	-0.0544	-0.0541	0.0729	-0.5449	0.4601
130.000	5.7412	0.6857	-0.0676	-0.0345	-0.0325	0.0585	-0.4945	0.5268
135.000	5.0066	0.6756	-0.0323	-0.0116	-0.0116	0.0392	-0.4348	0.5933
140.000	4.2779	0.6578	0.0056	0.0143	0.0078	0.0149	-0.3630	0.6599
145.000	3.5782	0.6296	0.0459	0.0430	0.0247	-0.0142	-0.2748	0.7260
150.000	2.9286	0.5870	0.0876	0.0735	0.0379	-0.0473	-0.1637	0.7891
155.000	2.3480	0.5247	0.1284	0.1041	0.0456	-0.0824	-0.0210	0.8425
160.000	1.8521	0.4367	0.1630	0.1304	0.0464	-0.1147	0.1637	0.8704
165.000	1.4536	0.3191	0.1813	0.1442	0.0389	-0.1351	0.3966	0.8420
170.000	1.1623	0.1799	0.1669	0.1324	0.0240	-0.1289	0.6631	0.7074
175.000	0.9849	0.0535	0.1042	0.0826	0.0075	-0.0821	0.9003	0.4192
180.000	0.9253	0.0000	0.0001	0.0001	0.0000	-0.0001	1.0000	0.0001
