0.000	8.2516	0.0000	0.0000	0.0000	0.0000	0.0000	1.0000	0.0000
5.000	8.3243	0.0092	-0.0353	0.0027	-0.0008	-0.0029	0.9721	-0.2316
10.000	8.5412	0.0355	-0.0693	0.0041	-0.0033	-0.0057	0.8920	-0.4453
15.000	8.8977	0.0760	-0.1008	0.0032	-0.0073	-0.0082	0.7692	-0.6263
20.000	9.3866	0.1265	-0.1287	-0.0003	-0.0125	-0.0103	0.6170	-0.7658
25.000	9.9968	0.1825	-0.1523	-0.0062	-0.0188	-0.0120	0.4492	-0.8610
30.000	10.7140	0.2401	-0.1711	-0.0138	-0.0259	-0.0131	0.2779	-0.9139
35.000	11.5195	0.2961	-0.1849	-0.0221	-0.0335	-0.0135	0.1125	-0.9299
40.000	12.3911	0.3486	-0.1937	-0.0304	-0.0411	-0.0134	-0.0408	-0.9156
45.000	13.3027	0.3963	-0.1975	-0.0379	-0.0486	-0.0126	-0.1785	-0.8781
50.000	14.2249	0.4386	-0.1967	-0.0439	-0.0556	-0.0114	-0.2994	-0.8234
55.000	15.1258	0.4755	-0.1915	-0.0481	-0.0619	-0.0097	-0.4035	-0.7568
60.000	15.9723	0.5072	-0.1825	-0.0504	-0.0673	-0.0077	-0.4916	-0.6824
65.000	16.7311	0.5342	-0.1698	-0.0507	-0.0716	-0.0055	-0.5652	-0.6031
70.000	17.3702	0.5568	-0.1540	-0.0491	-0.0745	-0.0035	-0.6257	-0.5211
75.000	17.8608	0.5755	-0.1353	-0.0456	-0.0761	-0.0016	-0.6745	-0.4379
80.000	18.1784	0.5909	-0.1140	-0.0405	-0.0762	-0.0002	-0.7129	-0.3543
85.000	18.3044	0.6031	-0.0903	-0.0339	-0.0746	0.0005	-0.7418	-0.2708
90.000	18.2271	0.6127	-0.0642	-0.0257	-0.0715	0.0003	-0.7622	-0.1876
95.000	17.9425	0.6196	-0.0359	-0.0161	-0.0668	-0.0011	-0.7744	-0.1046
100.000	17.4543	0.6241	-0.0052	-0.0051	-0.0605	-0.0041	-0.7787	-0.0218
105.000	16.7742	0.6261	0.0278	0.0073	-0.0527	-0.0089	-0.7751	0.0611
110.000	15.9208	0.6253	0.0635	0.0213	-0.0436	-0.0158	-0.7631	0.1445
115.000	14.9194	0.6216	0.1018	0.0369	-0.0334	-0.0252	-0.7421	0.2285
120.000	13.7999	0.6142	0.1430	0.0543	-0.0224	-0.0374	-0.7107	0.3133
125.000	12.5962	0.6026	0.1870	0.0733	-0.0109	-0.0525	-0.6673	0.3989
130.000	11.3442	0.5856	0.2336	0.0940	0.0006	-0.0707	-0.6094	0.4848
135.000	10.0808	0.5618	0.2822	0.1161	0.0114	-0.0918	-0.5337	0.5700
140.000	8.8422	0.5296	0.3314	0.1389	0.0209	-0.1152	-0.4361	0.6520
145.000	7.6628	0.4868	0.3785	0.1612	0.0282	-0.1396	-0.3118	0.7268
150.000	6.5743	0.4313	0.4191	0.1810	0.0324	-0.1628	-0.1555	0.7870
155.000	5.6049	0.3616	0.4456	0.1947	0.0329	-0.1809	0.0365	0.8206
160.000	4.7788	0.2779	0.4473	0.1973	0.0290	-0.1882	0.2630	0.8101
165.000	4.1158	0.1848	0.4101	0.1822	0.0213	-0.1775	0.5116	0.7329
170.000	3.6313	0.0943	0.3214	0.1435	0.0116	-0.1419	0.7515	0.5687
175.000	3.3363	0.0259	0.1788	0.0801	0.0033	-0.0799	0.9319	0.3145
180.000	3.2372	0.0000	0.0001	0.0001	0.0000	-0.0001	1.0000	0.0001
