0.000	2.6142	0.0000	0.0000	0.0000	0.0000	0.0000	1.0000	0.0000
5.000	2.6391	0.0055	0.0034	0.0003	-0.0003	-0.0002	0.9691	-0.2464
10.000	2.7131	0.0213	0.0076	0.0009	-0.0011	-0.0002	0.8807	-0.4731
15.000	2.8339	0.0454	0.0131	0.0021	-0.0023	0.0000	0.7460	-0.6643
20.000	2.9980	0.0749	0.0205	0.0041	-0.0035	0.0005	0.5798	-0.8110
25.000	3.2004	0.1072	0.0298	0.0069	-0.0046	0.0013	0.3975	-0.9108
30.000	3.4354	0.1397	0.0411	0.0104	-0.0053	0.0022	0.2118	-0.9664
35.000	3.6962	0.1707	0.0541	0.0144	-0.0054	0.0033	0.0322	-0.9834
40.000	3.9753	0.1989	0.0688	0.0189	-0.0048	0.0044	-0.1353	-0.9684
45.000	4.2652	0.2235	0.0849	0.0237	-0.0034	0.0054	-0.2874	-0.9278
50.000	4.5579	0.2444	0.1022	0.0287	-0.0013	0.0062	-0.4226	-0.8672
55.000	4.8457	0.2614	0.1207	0.0339	0.0016	0.0066	-0.5405	-0.7912
60.000	5.1214	0.2746	0.1401	0.0391	0.0052	0.0067	-0.6416	-0.7034
65.000	5.3779	0.2843	0.1603	0.0445	0.0093	0.0063	-0.7263	-0.6065
70.000	5.6094	0.2906	0.1813	0.0499	0.0139	0.0052	-0.7953	-0.5025
75.000	5.8103	0.2940	0.2029	0.0553	0.0188	0.0036	-0.8489	-0.3929
80.000	5.9765	0.2947	0.2250	0.0607	0.0239	0.0011	-0.8876	-0.2790
85.000	6.1047	0.2929	0.2474	0.0659	0.0290	-0.0020	-0.9112	-0.1618
90.000	6.1927	0.2888	0.2699	0.0710	0.0340	-0.0060	-0.9197	-0.0423
95.000	6.2396	0.2826	0.2922	0.0758	0.0387	-0.0108	-0.9125	0.0784
100.000	6.2457	0.2743	0.3141	0.0802	0.0429	-0.0163	-0.8892	0.1993
105.000	6.2124	0.2639	0.3350	0.0842	0.0465	-0.0224	-0.8491	0.3188
110.000	6.1425	0.2514	0.3546	0.0876	0.0493	-0.0291	-0.7913	0.4352
115.000	6.0395	0.2367	0.3720	0.0902	0.0511	-0.0360	-0.7150	0.5464
120.000	5.9082	0.2200	0.3867	0.0921	0.0519	-0.0430	-0.6198	0.6495
125.000	5.7538	0.2011	0.3975	0.0929	0.0514	-0.0498	-0.5055	0.7413
130.000	5.5824	0.1803	0.4035	0.0926	0.0496	-0.0559	-0.3724	0.8179
135.000	5.4004	0.1579	0.4035	0.0909	0.0465	-0.0609	-0.2218	0.8749
140.000	5.2144	0.1343	0.3961	0.0878	0.0421	-0.0642	-0.0563	0.9076
145.000	5.0310	0.1101	0.3801	0.0830	0.0365	-0.0655	0.1201	0.9112
150.000	4.8567	0.0860	0.3544	0.0763	0.0300	-0.0643	0.3015	0.8814
155.000	4.6976	0.0631	0.3182	0.0677	0.0230	-0.0602	0.4802	0.8152
160.000	4.5590	0.0423	0.2713	0.0572	0.0160	-0.0531	0.6470	0.7115
165.000	4.4460	0.0247	0.2142	0.0448	0.0096	-0.0430	0.7917	0.5717
170.000	4.3623	0.0113	0.1483	0.0309	0.0045	-0.0303	0.9041	0.4007
175.000	4.3109	0.0029	0.0759	0.0157	0.0012	-0.0157	0.9755	0.2065
180.000	4.2935	0.0000	0.0000	0.0000	0.0000	0.0000	1.0000	0.0000
