0.000	4.0527	0.0000	0.0000	0.0000	0.0000	0.0000	1.0000	0.0000
5.000	4.0943	0.0069	-0.0091	-0.0009	-0.0005	0.0010	0.9680	-0.2508
10.000	4.2179	0.0266	-0.0164	-0.0014	-0.0019	0.0021	0.8765	-0.4804
15.000	4.4200	0.0562	-0.0207	-0.0012	-0.0039	0.0035	0.7378	-0.6723
20.000	4.6946	0.0922	-0.0212	-0.0001	-0.0059	0.0052	0.5681	-0.8175
25.000	5.0337	0.1309	-0.0177	0.0020	-0.0077	0.0071	0.3835	-0.9140
30.000	5.4275	0.1693	-0.0104	0.0049	-0.0088	0.0091	0.1973	-0.9655
35.000	5.8644	0.2054	0.0001	0.0086	-0.0090	0.0111	0.0190	-0.9784
40.000	6.3316	0.2379	0.0132	0.0130	-0.0084	0.0128	-0.1457	-0.9602
45.000	6.8155	0.2663	0.0286	0.0180	-0.0068	0.0143	-0.2939	-0.9176
50.000	7.3021	0.2903	0.0459	0.0235	-0.0043	0.0153	-0.4245	-0.8566
55.000	7.7777	0.3103	0.0646	0.0293	-0.0010	0.0157	-0.5378	-0.7816
60.000	8.2288	0.3263	0.0846	0.0354	0.0030	0.0156	-0.6345	-0.6963
65.000	8.6435	0.3386	0.1058	0.0417	0.0077	0.0147	-0.7155	-0.6030
70.000	9.0107	0.3476	0.1281	0.0483	0.0128	0.0131	-0.7818	-0.5036
75.000	9.3216	0.3534	0.1512	0.0550	0.0184	0.0107	-0.8338	-0.3995
80.000	9.5688	0.3562	0.1752	0.0617	0.0243	0.0073	-0.8722	-0.2914
85.000	9.7474	0.3561	0.1998	0.0685	0.0304	0.0031	-0.8970	-0.1803
90.000	9.8542	0.3533	0.2249	0.0752	0.0365	-0.0021	-0.9080	-0.0667
95.000	9.8885	0.3477	0.2503	0.0817	0.0425	-0.0082	-0.9049	0.0485
100.000	9.8512	0.3395	0.2756	0.0880	0.0481	-0.0152	-0.8871	0.1644
105.000	9.7456	0.3286	0.3005	0.0939	0.0532	-0.0231	-0.8537	0.2801
110.000	9.5766	0.3150	0.3244	0.0993	0.0574	-0.0318	-0.8037	0.3939
115.000	9.3510	0.2988	0.3468	0.1041	0.0606	-0.0409	-0.7360	0.5041
120.000	9.0771	0.2800	0.3669	0.1080	0.0625	-0.0503	-0.6498	0.6083
125.000	8.7649	0.2585	0.3837	0.1110	0.0628	-0.0596	-0.5441	0.7034
130.000	8.4250	0.2344	0.3960	0.1126	0.0615	-0.0683	-0.4186	0.7857
135.000	8.0693	0.2080	0.4024	0.1126	0.0583	-0.0757	-0.2738	0.8505
140.000	7.7098	0.1795	0.4013	0.1106	0.0533	-0.0813	-0.1114	0.8928
145.000	7.3587	0.1496	0.3911	0.1063	0.0467	-0.0843	0.0653	0.9069
150.000	7.0276	0.1189	0.3700	0.0994	0.0387	-0.0840	0.2508	0.8873
155.000	6.7274	0.0887	0.3368	0.0895	0.0299	-0.0797	0.4373	0.8296
160.000	6.4678	0.0604	0.2907	0.0765	0.0209	-0.0711	0.6146	0.7311
165.000	6.2570	0.0357	0.2318	0.0606	0.0126	-0.0582	0.7709	0.5923
170.000	6.1016	0.0165	0.1617	0.0421	0.0059	-0.0413	0.8939	0.4178
175.000	6.0065	0.0042	0.0832	0.0216	0.0015	-0.0215	0.9728	0.2162
180.000	5.9744	0.0000	0.0000	0.0000	0.0000	0.0000	1.0000	0.0000
