0.000	4.8062	0.0000	0.0000	0.0000	0.0000	0.0000	1.0000	0.0000
5.000	4.8430	0.0080	-0.0441	0.0230	-0.0037	-0.0231	0.9743	-0.2206
10.000	4.9526	0.0312	-0.0870	0.0430	-0.0145	-0.0439	0.9002	-0.4252
15.000	5.1336	0.0673	-0.1273	0.0575	-0.0309	-0.0605	0.7856	-0.6007
20.000	5.3827	0.1132	-0.1641	0.0653	-0.0513	-0.0716	0.6417	-0.7382
25.000	5.6955	0.1653	-0.1965	0.0658	-0.0736	-0.0768	0.4810	-0.8341
30.000	6.0653	0.2204	-0.2241	0.0599	-0.0959	-0.0764	0.3149	-0.8891
35.000	6.4832	0.2759	-0.2466	0.0487	-0.1167	-0.0709	0.1528	-0.9074
40.000	6.9381	0.3296	-0.2639	0.0339	-0.1350	-0.0615	0.0015	-0.8949
45.000	7.4162	0.3804	-0.2763	0.0171	-0.1501	-0.0492	-0.1347	-0.8580
50.000	7.9016	0.4274	-0.2840	-0.0004	-0.1617	-0.0349	-0.2539	-0.8030
55.000	8.3764	0.4705	-0.2873	-0.0173	-0.1696	-0.0195	-0.3554	-0.7355
60.000	8.8213	0.5095	-0.2868	-0.0329	-0.1741	-0.0037	-0.4398	-0.6599
65.000	9.2167	0.5447	-0.2827	-0.0463	-0.1753	0.0119	-0.5084	-0.5798
70.000	9.5432	0.5763	-0.2756	-0.0574	-0.1734	0.0268	-0.5626	-0.4979
75.000	9.7831	0.6047	-0.2657	-0.0658	-0.1687	0.0408	-0.6040	-0.4161
80.000	9.9209	0.6302	-0.2532	-0.0715	-0.1614	0.0534	-0.6342	-0.3358
85.000	9.9446	0.6531	-0.2385	-0.0744	-0.1517	0.0645	-0.6547	-0.2577
90.000	9.8465	0.6736	-0.2216	-0.0746	-0.1398	0.0737	-0.6667	-0.1825
95.000	9.6233	0.6920	-0.2026	-0.0721	-0.1259	0.0808	-0.6713	-0.1104
100.000	9.2773	0.7086	-0.1815	-0.0669	-0.1100	0.0854	-0.6695	-0.0415
105.000	8.8154	0.7234	-0.1582	-0.0589	-0.0923	0.0873	-0.6621	0.0243
110.000	8.2498	0.7366	-0.1326	-0.0482	-0.0730	0.0859	-0.6495	0.0872
115.000	7.5967	0.7480	-0.1042	-0.0346	-0.0522	0.0808	-0.6322	0.1477
120.000	6.8759	0.7576	-0.0729	-0.0178	-0.0301	0.0715	-0.6104	0.2061
125.000	6.1095	0.7650	-0.0380	0.0024	-0.0071	0.0572	-0.5837	0.2633
130.000	5.3211	0.7695	0.0009	0.0265	0.0164	0.0372	-0.5519	0.3200
135.000	4.5340	0.7701	0.0446	0.0548	0.0397	0.0107	-0.5137	0.3774
140.000	3.7710	0.7652	0.0940	0.0882	0.0620	-0.0232	-0.4672	0.4367
145.000	3.0527	0.7524	0.1499	0.1271	0.0822	-0.0654	-0.4089	0.4993
150.000	2.3973	0.7275	0.2128	0.1720	0.0986	-0.1164	-0.3328	0.5666
155.000	1.8201	0.6839	0.2824	0.2224	0.1088	-0.1757	-0.2287	0.6380
160.000	1.3332	0.6109	0.3543	0.2751	0.1097	-0.2398	-0.0791	0.7079
165.000	0.9459	0.4926	0.4139	0.3189	0.0967	-0.2966	0.1416	0.7553
170.000	0.6649	0.3152	0.4200	0.3222	0.0657	-0.3124	0.4562	0.7197
175.000	0.4947	0.1067	0.2936	0.2248	0.0231	-0.2231	0.8171	0.4848
180.000	0.4376	0.0000	0.0002	0.0003	0.0000	-0.0003	1.0000	0.0001
