0.000	0.0443	0.0000	0.0000	0.0000	0.0000	0.0000	1.0000	0.0000
5.000	0.0443	-0.0002	0.0381	-0.0025	0.0000	0.0026	0.9875	-0.1530
10.000	0.0442	-0.0008	0.0761	-0.0052	0.0001	0.0053	0.9503	-0.3019
15.000	0.0441	-0.0021	0.1141	-0.0080	0.0004	0.0086	0.8894	-0.4427
20.000	0.0440	-0.0042	0.1520	-0.0111	0.0010	0.0123	0.8064	-0.5715
25.000	0.0439	-0.0074	0.1896	-0.0145	0.0019	0.0168	0.7034	-0.6849
30.000	0.0438	-0.0120	0.2270	-0.0181	0.0035	0.0218	0.5833	-0.7797
35.000	0.0436	-0.0181	0.2640	-0.0219	0.0057	0.0273	0.4492	-0.8532
40.000	0.0435	-0.0258	0.3004	-0.0257	0.0086	0.0331	0.3048	-0.9032
45.000	0.0433	-0.0351	0.3361	-0.0292	0.0123	0.0389	0.1538	-0.9281
50.000	0.0431	-0.0457	0.3709	-0.0325	0.0167	0.0446	0.0002	-0.9269
55.000	0.0429	-0.0573	0.4045	-0.0351	0.0217	0.0496	-0.1517	-0.8991
60.000	0.0427	-0.0692	0.4368	-0.0371	0.0271	0.0539	-0.2976	-0.8448
65.000	0.0425	-0.0810	0.4672	-0.0382	0.0327	0.0570	-0.4331	-0.7647
70.000	0.0423	-0.0921	0.4953	-0.0382	0.0383	0.0589	-0.5538	-0.6604
75.000	0.0422	-0.1016	0.5204	-0.0373	0.0436	0.0594	-0.6551	-0.5345
80.000	0.0421	-0.1092	0.5418	-0.0354	0.0484	0.0583	-0.7331	-0.3906
85.000	0.0421	-0.1144	0.5589	-0.0325	0.0525	0.0557	-0.7844	-0.2334
90.000	0.0422	-0.1169	0.5711	-0.0288	0.0556	0.0518	-0.8066	-0.0685
95.000	0.0424	-0.1167	0.5778	-0.0245	0.0577	0.0466	-0.7987	0.0979
100.000	0.0427	-0.1139	0.5790	-0.0198	0.0586	0.0405	-0.7613	0.2599
105.000	0.0430	-0.1087	0.5745	-0.0150	0.0583	0.0338	-0.6960	0.4115
110.000	0.0434	-0.1017	0.5645	-0.0101	0.0569	0.0267	-0.6057	0.5479
115.000	0.0438	-0.0931	0.5493	-0.0053	0.0543	0.0196	-0.4940	0.6651
120.000	0.0441	-0.0835	0.5291	-0.0009	0.0508	0.0127	-0.3647	0.7598
125.000	0.0445	-0.0733	0.5043	0.0030	0.0465	0.0064	-0.2221	0.8300
130.000	0.0448	-0.0628	0.4750	0.0065	0.0415	0.0008	-0.0703	0.8739
135.000	0.0451	-0.0524	0.4416	0.0092	0.0360	-0.0039	0.0862	0.8908
140.000	0.0454	-0.0425	0.4041	0.0112	0.0302	-0.0075	0.2430	0.8803
145.000	0.0456	-0.0332	0.3629	0.0125	0.0244	-0.0100	0.3957	0.8427
150.000	0.0458	-0.0248	0.3181	0.0128	0.0188	-0.0113	0.5396	0.7789
155.000	0.0460	-0.0174	0.2702	0.0123	0.0135	-0.0115	0.6703	0.6908
160.000	0.0461	-0.0113	0.2196	0.0110	0.0089	-0.0106	0.7837	0.5809
165.000	0.0462	-0.0064	0.1667	0.0090	0.0051	-0.0088	0.8759	0.4527
170.000	0.0463	-0.0028	0.1121	0.0063	0.0023	-0.0063	0.9441	0.3100
175.000	0.0463	-0.0007	0.0563	0.0033	0.0006	-0.0033	0.9859	0.1575
180.000	0.0464	0.0000	0.0000	-0.0001	0.0000	0.0001	1.0000	0.0000
