0.000	20.2223	0.0000	0.0000	0.0000	0.0000	0.0000	1.0000	0.0000
5.000	19.5649	0.0364	0.0854	0.0215	-0.0141	-0.0175	0.9932	-0.0697
10.000	17.9500	0.1385	0.1786	0.0533	-0.0552	-0.0216	0.9636	-0.1407
15.000	16.1156	0.2841	0.2809	0.1033	-0.1163	0.0009	0.8910	-0.2090
20.000	14.6285	0.4381	0.3847	0.1732	-0.1819	0.0571	0.7638	-0.2651
25.000	13.6867	0.5671	0.4778	0.2564	-0.2323	0.1418	0.5933	-0.2995
30.000	13.2358	0.6552	0.5519	0.3424	-0.2537	0.2399	0.4072	-0.3093
35.000	13.1333	0.7050	0.6059	0.4222	-0.2435	0.3352	0.2314	-0.2983
40.000	13.2396	0.7278	0.6437	0.4915	-0.2069	0.4170	0.0801	-0.2727
45.000	13.4488	0.7350	0.6703	0.5494	-0.1516	0.4805	-0.0430	-0.2379
50.000	13.6884	0.7346	0.6896	0.5968	-0.0845	0.5244	-0.1400	-0.1978
55.000	13.9116	0.7309	0.7046	0.6349	-0.0110	0.5498	-0.2150	-0.1542
60.000	14.0897	0.7263	0.7168	0.6653	0.0649	0.5581	-0.2719	-0.1084
65.000	14.2054	0.7213	0.7273	0.6890	0.1404	0.5510	-0.3139	-0.0608
70.000	14.2496	0.7162	0.7366	0.7071	0.2133	0.5301	-0.3434	-0.0115
75.000	14.2178	0.7104	0.7450	0.7204	0.2819	0.4970	-0.3622	0.0393
80.000	14.1096	0.7035	0.7526	0.7294	0.3449	0.4533	-0.3713	0.0917
85.000	13.9268	0.6950	0.7594	0.7348	0.4012	0.4002	-0.3714	0.1456
90.000	13.6735	0.6841	0.7654	0.7368	0.4499	0.3392	-0.3625	0.2007
95.000	13.3555	0.6703	0.7704	0.7358	0.4901	0.2717	-0.3447	0.2568
100.000	12.9798	0.6531	0.7742	0.7320	0.5210	0.1991	-0.3175	0.3133
105.000	12.5550	0.6318	0.7764	0.7254	0.5420	0.1230	-0.2805	0.3696
110.000	12.0905	0.6061	0.7766	0.7158	0.5524	0.0451	-0.2332	0.4247
115.000	11.5963	0.5754	0.7742	0.7031	0.5517	-0.0327	-0.1749	0.4773
120.000	11.0832	0.5395	0.7682	0.6869	0.5398	-0.1082	-0.1052	0.5258
125.000	10.5620	0.4982	0.7576	0.6667	0.5165	-0.1789	-0.0238	0.5683
130.000	10.0435	0.4515	0.7412	0.6419	0.4822	-0.2421	0.0692	0.6024
135.000	9.5381	0.3998	0.7173	0.6115	0.4377	-0.2950	0.1729	0.6253
140.000	9.0557	0.3440	0.6846	0.5749	0.3843	-0.3345	0.2860	0.6341
145.000	8.6057	0.2854	0.6412	0.5310	0.3241	-0.3578	0.4057	0.6259
150.000	8.1967	0.2257	0.5858	0.4790	0.2597	-0.3625	0.5284	0.5977
155.000	7.8364	0.1674	0.5172	0.4183	0.1947	-0.3468	0.6491	0.5477
160.000	7.5316	0.1134	0.4351	0.3487	0.1329	-0.3102	0.7617	0.4747
165.000	7.2883	0.0668	0.3401	0.2706	0.0787	-0.2536	0.8593	0.3796
170.000	7.1110	0.0307	0.2338	0.1850	0.0363	-0.1799	0.9352	0.2653
175.000	7.0032	0.0078	0.1191	0.0940	0.0093	-0.0933	0.9834	0.1365
180.000	6.9670	0.0000	0.0000	0.0000	0.0000	0.0000	1.0000	0.0000
