0.000	21.0179	0.0000	0.0000	0.0000	0.0000	0.0000	1.0000	0.0000
5.000	20.0390	0.0490	0.0332	0.0077	-0.0127	-0.0054	0.9968	-0.0519
10.000	17.7340	0.1858	0.0720	0.0204	-0.0505	-0.0021	0.9738	-0.0998
15.000	15.2830	0.3764	0.1186	0.0425	-0.1087	0.0186	0.9032	-0.1349
20.000	13.4093	0.5685	0.1700	0.0752	-0.1733	0.0605	0.7736	-0.1464
25.000	12.2288	0.7179	0.2206	0.1158	-0.2260	0.1190	0.6058	-0.1306
30.000	11.5710	0.8106	0.2666	0.1598	-0.2551	0.1842	0.4354	-0.0937
35.000	11.2277	0.8567	0.3074	0.2040	-0.2589	0.2471	0.2882	-0.0456
40.000	11.0414	0.8732	0.3443	0.2468	-0.2413	0.3025	0.1737	0.0056
45.000	10.9121	0.8738	0.3789	0.2880	-0.2075	0.3483	0.0910	0.0552
50.000	10.7820	0.8673	0.4124	0.3277	-0.1622	0.3838	0.0353	0.1012
55.000	10.6204	0.8580	0.4455	0.3663	-0.1086	0.4090	0.0012	0.1428
60.000	10.4133	0.8481	0.4785	0.4038	-0.0490	0.4240	-0.0161	0.1799
65.000	10.1567	0.8383	0.5114	0.4404	0.0146	0.4286	-0.0201	0.2129
70.000	9.8528	0.8285	0.5441	0.4760	0.0806	0.4229	-0.0134	0.2421
75.000	9.5078	0.8181	0.5763	0.5103	0.1478	0.4066	0.0020	0.2679
80.000	9.1297	0.8066	0.6076	0.5430	0.2144	0.3796	0.0247	0.2906
85.000	8.7279	0.7931	0.6373	0.5738	0.2791	0.3419	0.0535	0.3105
90.000	8.3119	0.7768	0.6648	0.6021	0.3398	0.2938	0.0879	0.3280
95.000	7.8910	0.7568	0.6895	0.6274	0.3949	0.2357	0.1272	0.3432
100.000	7.4736	0.7322	0.7105	0.6489	0.4421	0.1688	0.1710	0.3564
105.000	7.0671	0.7023	0.7269	0.6660	0.4796	0.0946	0.2191	0.3676
110.000	6.6781	0.6664	0.7378	0.6779	0.5053	0.0154	0.2713	0.3767
115.000	6.3115	0.6244	0.7422	0.6836	0.5176	-0.0660	0.3273	0.3836
120.000	5.9714	0.5760	0.7392	0.6822	0.5155	-0.1460	0.3869	0.3879
125.000	5.6608	0.5217	0.7278	0.6729	0.4986	-0.2207	0.4499	0.3890
130.000	5.3814	0.4623	0.7070	0.6549	0.4673	-0.2861	0.5156	0.3861
135.000	5.1344	0.3992	0.6764	0.6274	0.4232	-0.3382	0.5832	0.3784
140.000	4.9199	0.3339	0.6353	0.5900	0.3686	-0.3736	0.6516	0.3646
145.000	4.7372	0.2688	0.5838	0.5426	0.3069	-0.3895	0.7191	0.3440
150.000	4.5851	0.2061	0.5220	0.4856	0.2420	-0.3847	0.7839	0.3157
155.000	4.4617	0.1483	0.4509	0.4196	0.1781	-0.3590	0.8439	0.2793
160.000	4.3650	0.0977	0.3713	0.3456	0.1194	-0.3137	0.8967	0.2350
165.000	4.2928	0.0561	0.2848	0.2651	0.0695	-0.2514	0.9404	0.1835
170.000	4.2429	0.0253	0.1929	0.1796	0.0317	-0.1755	0.9730	0.1259
175.000	4.2137	0.0064	0.0974	0.0907	0.0080	-0.0901	0.9932	0.0641
180.000	4.2041	0.0000	0.0000	0.0000	0.0000	0.0000	1.0000	0.0000
