0.000	5.4716	0.0000	0.0000	0.0000	0.0000	0.0000	1.0000	0.0000
5.000	5.4453	0.0040	-0.0010	0.0005	0.0001	-0.0005	0.9984	0.0555
10.000	5.3695	0.0158	-0.0021	0.0011	0.0004	-0.0011	0.9936	0.1117
15.000	5.2525	0.0346	-0.0032	0.0017	0.0009	-0.0017	0.9850	0.1690
20.000	5.1067	0.0591	-0.0044	0.0023	0.0017	-0.0023	0.9719	0.2276
25.000	4.9466	0.0875	-0.0056	0.0030	0.0025	-0.0029	0.9538	0.2873
30.000	4.7864	0.1175	-0.0069	0.0037	0.0035	-0.0035	0.9303	0.3474
35.000	4.6389	0.1468	-0.0082	0.0044	0.0046	-0.0041	0.9017	0.4066
40.000	4.5135	0.1728	-0.0096	0.0051	0.0057	-0.0048	0.8690	0.4635
45.000	4.4163	0.1936	-0.0108	0.0058	0.0067	-0.0054	0.8340	0.5166
50.000	4.3497	0.2078	-0.0120	0.0065	0.0075	-0.0059	0.7988	0.5643
55.000	4.3134	0.2150	-0.0130	0.0070	0.0081	-0.0064	0.7659	0.6058
60.000	4.3047	0.2152	-0.0139	0.0075	0.0085	-0.0068	0.7371	0.6404
65.000	4.3195	0.2095	-0.0146	0.0078	0.0087	-0.0071	0.7138	0.6681
70.000	4.3526	0.1990	-0.0150	0.0081	0.0087	-0.0073	0.6968	0.6889
75.000	4.3986	0.1851	-0.0153	0.0083	0.0085	-0.0075	0.6860	0.7035
80.000	4.4521	0.1690	-0.0155	0.0083	0.0081	-0.0076	0.6811	0.7122
85.000	4.5080	0.1520	-0.0155	0.0083	0.0077	-0.0076	0.6815	0.7156
90.000	4.5617	0.1350	-0.0154	0.0083	0.0072	-0.0076	0.6865	0.7143
95.000	4.6100	0.1189	-0.0152	0.0081	0.0066	-0.0075	0.6954	0.7085
100.000	4.6506	0.1042	-0.0149	0.0079	0.0061	-0.0074	0.7077	0.6986
105.000	4.6827	0.0912	-0.0145	0.0077	0.0056	-0.0073	0.7229	0.6847
110.000	4.7066	0.0800	-0.0141	0.0075	0.0051	-0.0070	0.7407	0.6669
115.000	4.7242	0.0704	-0.0135	0.0072	0.0046	-0.0068	0.7609	0.6449
120.000	4.7378	0.0622	-0.0129	0.0068	0.0041	-0.0065	0.7832	0.6186
125.000	4.7503	0.0551	-0.0122	0.0064	0.0036	-0.0062	0.8071	0.5877
130.000	4.7647	0.0487	-0.0114	0.0060	0.0031	-0.0058	0.8322	0.5523
135.000	4.7833	0.0426	-0.0105	0.0055	0.0027	-0.0053	0.8578	0.5121
140.000	4.8075	0.0365	-0.0095	0.0050	0.0022	-0.0049	0.8833	0.4674
145.000	4.8378	0.0303	-0.0084	0.0044	0.0018	-0.0043	0.9078	0.4183
150.000	4.8733	0.0241	-0.0073	0.0038	0.0014	-0.0038	0.9305	0.3654
155.000	4.9120	0.0179	-0.0061	0.0032	0.0010	-0.0032	0.9508	0.3092
160.000	4.9507	0.0122	-0.0049	0.0026	0.0006	-0.0026	0.9681	0.2503
165.000	4.9861	0.0072	-0.0037	0.0019	0.0004	-0.0019	0.9819	0.1893
170.000	5.0146	0.0033	-0.0025	0.0013	0.0002	-0.0013	0.9919	0.1270
175.000	5.0330	0.0008	-0.0012	0.0006	0.0000	-0.0006	0.9980	0.0637
180.000	5.0394	0.0000	0.0000	0.0000	0.0000	0.0000	1.0000	0.0000
