0.000	3.5486	0.0000	0.0000	0.0000	0.0000	0.0000	1.0000	0.0000
5.000	3.5451	0.0009	-0.0004	0.0002	0.0000	-0.0002	0.9993	0.0387
10.000	3.5350	0.0036	-0.0008	0.0003	0.0001	-0.0003	0.9970	0.0772
15.000	3.5189	0.0079	-0.0012	0.0005	0.0001	-0.0005	0.9933	0.1154
20.000	3.4978	0.0136	-0.0016	0.0006	0.0002	-0.0006	0.9881	0.1531
25.000	3.4730	0.0203	-0.0020	0.0008	0.0003	-0.0008	0.9816	0.1900
30.000	3.4458	0.0277	-0.0024	0.0009	0.0004	-0.0009	0.9737	0.2260
35.000	3.4176	0.0353	-0.0027	0.0011	0.0005	-0.0011	0.9648	0.2606
40.000	3.3898	0.0428	-0.0031	0.0012	0.0007	-0.0012	0.9550	0.2936
45.000	3.3632	0.0498	-0.0034	0.0014	0.0008	-0.0014	0.9445	0.3246
50.000	3.3389	0.0559	-0.0037	0.0015	0.0009	-0.0015	0.9339	0.3532
55.000	3.3174	0.0610	-0.0040	0.0016	0.0010	-0.0016	0.9233	0.3792
60.000	3.2990	0.0649	-0.0043	0.0017	0.0011	-0.0017	0.9132	0.4023
65.000	3.2838	0.0675	-0.0045	0.0018	0.0012	-0.0018	0.9039	0.4222
70.000	3.2718	0.0689	-0.0047	0.0019	0.0012	-0.0019	0.8959	0.4389
75.000	3.2627	0.0690	-0.0049	0.0020	0.0013	-0.0020	0.8893	0.4520
80.000	3.2563	0.0679	-0.0050	0.0020	0.0013	-0.0020	0.8845	0.4616
85.000	3.2521	0.0659	-0.0051	0.0021	0.0013	-0.0020	0.8814	0.4677
90.000	3.2497	0.0630	-0.0051	0.0021	0.0012	-0.0021	0.8804	0.4701
95.000	3.2488	0.0593	-0.0051	0.0021	0.0012	-0.0021	0.8812	0.4689
100.000	3.2490	0.0551	-0.0051	0.0020	0.0011	-0.0020	0.8840	0.4642
105.000	3.2500	0.0505	-0.0050	0.0020	0.0011	-0.0020	0.8885	0.4560
110.000	3.2514	0.0457	-0.0048	0.0020	0.0010	-0.0019	0.8947	0.4443
115.000	3.2530	0.0407	-0.0047	0.0019	0.0009	-0.0019	0.9022	0.4293
120.000	3.2546	0.0356	-0.0045	0.0018	0.0008	-0.0018	0.9109	0.4110
125.000	3.2561	0.0307	-0.0042	0.0017	0.0007	-0.0017	0.9205	0.3896
130.000	3.2575	0.0259	-0.0040	0.0016	0.0006	-0.0016	0.9306	0.3651
135.000	3.2586	0.0214	-0.0036	0.0015	0.0005	-0.0015	0.9410	0.3377
140.000	3.2594	0.0172	-0.0033	0.0013	0.0004	-0.0013	0.9513	0.3077
145.000	3.2600	0.0133	-0.0030	0.0012	0.0003	-0.0012	0.9613	0.2751
150.000	3.2604	0.0099	-0.0026	0.0010	0.0002	-0.0010	0.9706	0.2403
155.000	3.2606	0.0070	-0.0022	0.0009	0.0002	-0.0009	0.9791	0.2035
160.000	3.2607	0.0045	-0.0018	0.0007	0.0001	-0.0007	0.9863	0.1649
165.000	3.2607	0.0025	-0.0013	0.0005	0.0001	-0.0005	0.9922	0.1250
170.000	3.2606	0.0011	-0.0009	0.0004	0.0000	-0.0004	0.9965	0.0839
175.000	3.2606	0.0003	-0.0005	0.0002	0.0000	-0.0002	0.9991	0.0421
180.000	3.2606	0.0000	0.0000	0.0000	0.0000	0.0000	1.0000	0.0000
