0.000	14.5528	0.0000	0.0000	0.0000	0.0000	0.0000	1.0000	0.0000
5.000	14.2430	0.0301	0.1638	0.0359	-0.0169	-0.0303	0.9835	-0.0713
10.000	13.5008	0.1130	0.3325	0.0853	-0.0644	-0.0412	0.9252	-0.1485
15.000	12.7281	0.2262	0.4988	0.1560	-0.1301	-0.0162	0.8086	-0.2308
20.000	12.2571	0.3382	0.6431	0.2453	-0.1922	0.0499	0.6307	-0.3082
25.000	12.2171	0.4235	0.7460	0.3401	-0.2291	0.1449	0.4139	-0.3673
30.000	12.5765	0.4750	0.8028	0.4261	-0.2309	0.2469	0.1928	-0.4001
35.000	13.2336	0.4997	0.8219	0.4949	-0.2017	0.3371	-0.0066	-0.4065
40.000	14.0807	0.5088	0.8168	0.5455	-0.1514	0.4066	-0.1736	-0.3913
45.000	15.0282	0.5108	0.7983	0.5800	-0.0901	0.4535	-0.3084	-0.3597
50.000	16.0085	0.5105	0.7737	0.6021	-0.0250	0.4800	-0.4152	-0.3162
55.000	16.9711	0.5100	0.7473	0.6148	0.0394	0.4893	-0.4988	-0.2638
60.000	17.8777	0.5100	0.7215	0.6205	0.1004	0.4847	-0.5634	-0.2048
65.000	18.6983	0.5104	0.6973	0.6208	0.1567	0.4687	-0.6121	-0.1405
70.000	19.4096	0.5108	0.6753	0.6171	0.2075	0.4436	-0.6471	-0.0720
75.000	19.9939	0.5106	0.6556	0.6100	0.2528	0.4109	-0.6699	-0.0001
80.000	20.4385	0.5093	0.6382	0.6003	0.2925	0.3721	-0.6813	0.0746
85.000	20.7358	0.5062	0.6228	0.5885	0.3267	0.3280	-0.6818	0.1517
90.000	20.8830	0.5009	0.6092	0.5750	0.3553	0.2798	-0.6714	0.2306
95.000	20.8818	0.4929	0.5972	0.5602	0.3783	0.2282	-0.6501	0.3107
100.000	20.7381	0.4817	0.5864	0.5446	0.3957	0.1741	-0.6172	0.3910
105.000	20.4615	0.4669	0.5766	0.5286	0.4072	0.1183	-0.5724	0.4706
110.000	20.0654	0.4483	0.5675	0.5124	0.4127	0.0618	-0.5148	0.5481
115.000	19.5663	0.4256	0.5587	0.4963	0.4117	0.0056	-0.4437	0.6218
120.000	18.9839	0.3988	0.5496	0.4800	0.4039	-0.0492	-0.3584	0.6895
125.000	18.3406	0.3679	0.5394	0.4633	0.3888	-0.1012	-0.2584	0.7485
130.000	17.6602	0.3329	0.5270	0.4454	0.3662	-0.1488	-0.1438	0.7955
135.000	16.9678	0.2943	0.5111	0.4253	0.3359	-0.1900	-0.0153	0.8270
140.000	16.2878	0.2527	0.4900	0.4019	0.2984	-0.2225	0.1250	0.8387
145.000	15.6430	0.2091	0.4619	0.3739	0.2547	-0.2439	0.2737	0.8267
150.000	15.0533	0.1649	0.4250	0.3399	0.2064	-0.2519	0.4258	0.7876
155.000	14.5347	0.1219	0.3779	0.2991	0.1562	-0.2447	0.5748	0.7191
160.000	14.0995	0.0823	0.3200	0.2509	0.1075	-0.2215	0.7127	0.6207
165.000	13.7557	0.0483	0.2513	0.1957	0.0641	-0.1827	0.8312	0.4943
170.000	13.5079	0.0222	0.1734	0.1343	0.0297	-0.1303	0.9226	0.3441
175.000	13.3587	0.0056	0.0886	0.0684	0.0076	-0.0678	0.9803	0.1766
180.000	13.3088	0.0000	0.0000	0.0000	0.0000	0.0000	1.0000	0.0000
