0.000	6.0999	0.0000	0.0000	0.0000	0.0000	0.0000	1.0000	0.0000
5.000	6.0936	0.0013	-0.0011	0.0005	0.0001	-0.0005	0.9987	0.0509
10.000	6.0756	0.0050	-0.0023	0.0010	0.0002	-0.0010	0.9948	0.1016
15.000	6.0475	0.0109	-0.0034	0.0015	0.0005	-0.0015	0.9883	0.1518
20.000	6.0121	0.0186	-0.0045	0.0020	0.0008	-0.0020	0.9794	0.2012
25.000	5.9725	0.0274	-0.0057	0.0025	0.0012	-0.0025	0.9680	0.2494
30.000	5.9319	0.0369	-0.0068	0.0030	0.0016	-0.0029	0.9544	0.2960
35.000	5.8931	0.0465	-0.0078	0.0035	0.0021	-0.0034	0.9390	0.3406
40.000	5.8586	0.0556	-0.0089	0.0040	0.0026	-0.0038	0.9222	0.3825
45.000	5.8301	0.0638	-0.0099	0.0045	0.0031	-0.0042	0.9046	0.4214
50.000	5.8084	0.0708	-0.0108	0.0049	0.0035	-0.0046	0.8867	0.4568
55.000	5.7942	0.0763	-0.0116	0.0053	0.0039	-0.0049	0.8692	0.4884
60.000	5.7873	0.0802	-0.0124	0.0056	0.0043	-0.0052	0.8527	0.5160
65.000	5.7872	0.0826	-0.0130	0.0059	0.0045	-0.0054	0.8379	0.5394
70.000	5.7932	0.0834	-0.0135	0.0062	0.0047	-0.0056	0.8252	0.5584
75.000	5.8044	0.0827	-0.0139	0.0063	0.0048	-0.0058	0.8152	0.5731
80.000	5.8196	0.0807	-0.0142	0.0065	0.0049	-0.0059	0.8080	0.5835
85.000	5.8377	0.0775	-0.0144	0.0065	0.0048	-0.0060	0.8039	0.5895
90.000	5.8578	0.0734	-0.0144	0.0066	0.0047	-0.0060	0.8030	0.5912
95.000	5.8785	0.0686	-0.0144	0.0065	0.0045	-0.0060	0.8053	0.5888
100.000	5.8991	0.0632	-0.0142	0.0064	0.0043	-0.0059	0.8105	0.5822
105.000	5.9186	0.0575	-0.0139	0.0063	0.0040	-0.0058	0.8185	0.5715
110.000	5.9364	0.0516	-0.0135	0.0061	0.0037	-0.0057	0.8289	0.5568
115.000	5.9519	0.0457	-0.0130	0.0058	0.0034	-0.0055	0.8415	0.5381
120.000	5.9650	0.0398	-0.0124	0.0056	0.0030	-0.0053	0.8558	0.5156
125.000	5.9755	0.0342	-0.0118	0.0053	0.0026	-0.0050	0.8714	0.4892
130.000	5.9835	0.0289	-0.0110	0.0049	0.0023	-0.0047	0.8879	0.4590
135.000	5.9894	0.0239	-0.0101	0.0045	0.0019	-0.0044	0.9047	0.4253
140.000	5.9934	0.0193	-0.0092	0.0041	0.0016	-0.0040	0.9214	0.3880
145.000	5.9961	0.0151	-0.0082	0.0036	0.0012	-0.0036	0.9375	0.3475
150.000	5.9977	0.0113	-0.0072	0.0032	0.0009	-0.0031	0.9526	0.3040
155.000	5.9986	0.0080	-0.0061	0.0027	0.0007	-0.0026	0.9662	0.2577
160.000	5.9991	0.0052	-0.0049	0.0022	0.0004	-0.0021	0.9779	0.2092
165.000	5.9993	0.0030	-0.0037	0.0016	0.0002	-0.0016	0.9873	0.1586
170.000	5.9995	0.0013	-0.0025	0.0011	0.0001	-0.0011	0.9943	0.1066
175.000	5.9995	0.0003	-0.0013	0.0005	0.0000	-0.0005	0.9986	0.0536
180.000	5.9995	0.0000	0.0000	0.0000	0.0000	0.0000	1.0000	0.0000
