0.000	21.4724	0.0000	0.0000	0.0000	0.0000	0.0000	1.0000	0.0000
5.000	20.5951	0.0426	0.0447	0.0099	-0.0126	-0.0071	0.9951	-0.0763
10.000	18.4803	0.1618	0.0946	0.0264	-0.0498	-0.0037	0.9695	-0.1521
15.000	16.1356	0.3305	0.1512	0.0551	-0.1062	0.0203	0.9004	-0.2204
20.000	14.2455	0.5068	0.2103	0.0978	-0.1685	0.0699	0.7763	-0.2694
25.000	12.9826	0.6530	0.2656	0.1512	-0.2193	0.1406	0.6113	-0.2906
30.000	12.2369	0.7527	0.3127	0.2094	-0.2464	0.2212	0.4345	-0.2848
35.000	11.8331	0.8102	0.3511	0.2672	-0.2471	0.3004	0.2706	-0.2593
40.000	11.6245	0.8381	0.3827	0.3219	-0.2251	0.3707	0.1316	-0.2222
45.000	11.5093	0.8484	0.4098	0.3727	-0.1861	0.4290	0.0194	-0.1795
50.000	11.4228	0.8493	0.4344	0.4198	-0.1353	0.4744	-0.0689	-0.1345
55.000	11.3252	0.8458	0.4579	0.4637	-0.0766	0.5074	-0.1373	-0.0888
60.000	11.1930	0.8403	0.4811	0.5050	-0.0129	0.5287	-0.1895	-0.0428
65.000	11.0132	0.8340	0.5045	0.5442	0.0541	0.5393	-0.2285	0.0035
70.000	10.7803	0.8273	0.5281	0.5815	0.1231	0.5398	-0.2562	0.0505
75.000	10.4943	0.8201	0.5520	0.6170	0.1934	0.5304	-0.2738	0.0985
80.000	10.1594	0.8121	0.5758	0.6507	0.2643	0.5111	-0.2819	0.1477
85.000	9.7831	0.8028	0.5992	0.6825	0.3351	0.4818	-0.2804	0.1981
90.000	9.3748	0.7917	0.6216	0.7121	0.4049	0.4418	-0.2691	0.2495
95.000	8.9448	0.7782	0.6425	0.7390	0.4724	0.3906	-0.2476	0.3014
100.000	8.5039	0.7613	0.6612	0.7629	0.5356	0.3279	-0.2151	0.3527
105.000	8.0620	0.7404	0.6773	0.7833	0.5925	0.2537	-0.1714	0.4022
110.000	7.6280	0.7145	0.6901	0.7997	0.6402	0.1685	-0.1160	0.4484
115.000	7.2092	0.6828	0.6990	0.8115	0.6756	0.0740	-0.0490	0.4895
120.000	6.8116	0.6444	0.7031	0.8179	0.6956	-0.0272	0.0291	0.5233
125.000	6.4393	0.5989	0.7018	0.8180	0.6976	-0.1312	0.1174	0.5480
130.000	6.0953	0.5459	0.6938	0.8102	0.6793	-0.2328	0.2144	0.5617
135.000	5.7818	0.4859	0.6778	0.7930	0.6399	-0.3258	0.3179	0.5628
140.000	5.5000	0.4197	0.6523	0.7645	0.5801	-0.4034	0.4254	0.5502
145.000	5.2505	0.3491	0.6155	0.7225	0.5024	-0.4589	0.5336	0.5231
150.000	5.0340	0.2764	0.5659	0.6652	0.4115	-0.4860	0.6390	0.4816
155.000	4.8505	0.2051	0.5023	0.5911	0.3137	-0.4803	0.7377	0.4262
160.000	4.7003	0.1388	0.4244	0.4997	0.2169	-0.4399	0.8256	0.3581
165.000	4.5835	0.0816	0.3327	0.3920	0.1297	-0.3656	0.8989	0.2790
170.000	4.5001	0.0375	0.2292	0.2701	0.0602	-0.2621	0.9541	0.1911
175.000	4.4501	0.0096	0.1169	0.1378	0.0155	-0.1368	0.9884	0.0971
180.000	4.4334	0.0000	0.0001	0.0001	0.0000	-0.0001	1.0000	0.0000
