0.000	18.0609	0.0000	0.0000	0.0000	0.0000	0.0000	1.0000	0.0000
5.000	17.5827	0.0318	0.1188	0.0261	-0.0153	-0.0213	0.9891	-0.0807
10.000	16.4053	0.1205	0.2443	0.0640	-0.0589	-0.0263	0.9479	-0.1649
15.000	15.0756	0.2454	0.3746	0.1223	-0.1218	0.0001	0.8585	-0.2501
20.000	14.0417	0.3754	0.4973	0.2015	-0.1860	0.0644	0.7121	-0.3263
25.000	13.4823	0.4819	0.5970	0.2929	-0.2310	0.1589	0.5223	-0.3816
30.000	13.3698	0.5526	0.6655	0.3835	-0.2441	0.2649	0.3181	-0.4099
35.000	13.5905	0.5910	0.7046	0.4635	-0.2249	0.3640	0.1255	-0.4127
40.000	14.0230	0.6078	0.7221	0.5288	-0.1809	0.4450	-0.0413	-0.3953
45.000	14.5686	0.6128	0.7259	0.5793	-0.1213	0.5041	-0.1792	-0.3635
50.000	15.1556	0.6126	0.7221	0.6170	-0.0538	0.5416	-0.2906	-0.3215
55.000	15.7333	0.6106	0.7144	0.6442	0.0163	0.5601	-0.3793	-0.2720
60.000	16.2666	0.6083	0.7053	0.6630	0.0855	0.5622	-0.4491	-0.2168
65.000	16.7306	0.6061	0.6959	0.6751	0.1516	0.5509	-0.5031	-0.1569
70.000	17.1077	0.6037	0.6870	0.6820	0.2134	0.5283	-0.5435	-0.0931
75.000	17.3858	0.6009	0.6787	0.6846	0.2704	0.4964	-0.5716	-0.0258
80.000	17.5570	0.5970	0.6713	0.6838	0.3223	0.4566	-0.5883	0.0445
85.000	17.6175	0.5916	0.6646	0.6801	0.3688	0.4101	-0.5940	0.1174
90.000	17.5669	0.5841	0.6586	0.6741	0.4098	0.3578	-0.5887	0.1923
95.000	17.4082	0.5741	0.6533	0.6663	0.4451	0.3003	-0.5721	0.2686
100.000	17.1476	0.5609	0.6484	0.6570	0.4742	0.2382	-0.5438	0.3453
105.000	16.7943	0.5442	0.6440	0.6464	0.4966	0.1723	-0.5031	0.4214
110.000	16.3601	0.5235	0.6396	0.6347	0.5115	0.1033	-0.4493	0.4955
115.000	15.8591	0.4983	0.6349	0.6219	0.5179	0.0325	-0.3818	0.5659
120.000	15.3070	0.4684	0.6292	0.6077	0.5149	-0.0387	-0.3001	0.6303
125.000	14.7209	0.4335	0.6216	0.5916	0.5016	-0.1083	-0.2038	0.6862
130.000	14.1183	0.3937	0.6108	0.5728	0.4772	-0.1735	-0.0933	0.7304
135.000	13.5167	0.3492	0.5952	0.5503	0.4416	-0.2315	0.0303	0.7597
140.000	12.9328	0.3008	0.5729	0.5226	0.3951	-0.2786	0.1649	0.7705
145.000	12.3821	0.2496	0.5417	0.4883	0.3391	-0.3112	0.3071	0.7593
150.000	11.8783	0.1974	0.4998	0.4457	0.2762	-0.3257	0.4522	0.7232
155.000	11.4334	0.1463	0.4455	0.3937	0.2099	-0.3196	0.5941	0.6603
160.000	11.0570	0.0990	0.3779	0.3315	0.1450	-0.2915	0.7255	0.5701
165.000	10.7568	0.0582	0.2974	0.2594	0.0867	-0.2418	0.8385	0.4542
170.000	10.5386	0.0267	0.2055	0.1785	0.0403	-0.1731	0.9259	0.3164
175.000	10.4061	0.0068	0.1050	0.0910	0.0103	-0.0903	0.9811	0.1625
180.000	10.3617	0.0000	0.0000	0.0000	0.0000	0.0000	1.0000	0.0000
