0.000	13.3060	0.0000	0.0000	0.0000	0.0000	0.0000	1.0000	0.0000
5.000	13.0402	0.0302	0.1786	0.0384	-0.0173	-0.0324	0.9813	-0.0654
10.000	12.4122	0.1132	0.3611	0.0907	-0.0657	-0.0445	0.9164	-0.1375
15.000	11.7871	0.2255	0.5384	0.1647	-0.1320	-0.0188	0.7887	-0.2159
20.000	11.4679	0.3343	0.6877	0.2566	-0.1931	0.0492	0.5975	-0.2907
25.000	11.5717	0.4144	0.7886	0.3520	-0.2271	0.1458	0.3692	-0.3479
30.000	12.0651	0.4599	0.8383	0.4361	-0.2254	0.2475	0.1413	-0.3793
35.000	12.8484	0.4794	0.8484	0.5012	-0.1932	0.3357	-0.0601	-0.3847
40.000	13.8155	0.4847	0.8343	0.5473	-0.1413	0.4019	-0.2258	-0.3688
45.000	14.8782	0.4842	0.8082	0.5773	-0.0799	0.4453	-0.3574	-0.3367
50.000	15.9690	0.4825	0.7774	0.5953	-0.0157	0.4685	-0.4601	-0.2929
55.000	17.0376	0.4814	0.7460	0.6043	0.0468	0.4751	-0.5396	-0.2403
60.000	18.0456	0.4813	0.7163	0.6068	0.1053	0.4684	-0.6002	-0.1811
65.000	18.9628	0.4818	0.6890	0.6044	0.1588	0.4510	-0.6451	-0.1168
70.000	19.7655	0.4826	0.6644	0.5983	0.2067	0.4250	-0.6766	-0.0483
75.000	20.4356	0.4829	0.6427	0.5892	0.2490	0.3922	-0.6961	0.0237
80.000	20.9598	0.4821	0.6236	0.5779	0.2857	0.3537	-0.7045	0.0985
85.000	21.3298	0.4796	0.6068	0.5647	0.3169	0.3105	-0.7021	0.1756
90.000	21.5423	0.4749	0.5921	0.5500	0.3427	0.2636	-0.6891	0.2544
95.000	21.5982	0.4674	0.5790	0.5343	0.3630	0.2139	-0.6651	0.3343
100.000	21.5028	0.4568	0.5674	0.5179	0.3780	0.1621	-0.6299	0.4143
105.000	21.2655	0.4428	0.5570	0.5013	0.3874	0.1090	-0.5827	0.4935
110.000	20.8997	0.4249	0.5473	0.4847	0.3911	0.0556	-0.5229	0.5705
115.000	20.4222	0.4031	0.5379	0.4682	0.3887	0.0028	-0.4498	0.6434
120.000	19.8535	0.3774	0.5283	0.4517	0.3800	-0.0484	-0.3626	0.7102
125.000	19.2169	0.3476	0.5177	0.4348	0.3647	-0.0967	-0.2608	0.7680
130.000	18.5375	0.3142	0.5050	0.4170	0.3425	-0.1406	-0.1447	0.8137
135.000	17.8418	0.2773	0.4890	0.3972	0.3133	-0.1783	-0.0150	0.8436
140.000	17.1555	0.2377	0.4680	0.3744	0.2776	-0.2078	0.1263	0.8535
145.000	16.5029	0.1964	0.4403	0.3474	0.2363	-0.2270	0.2756	0.8396
150.000	15.9048	0.1546	0.4044	0.3151	0.1911	-0.2337	0.4280	0.7984
155.000	15.3783	0.1141	0.3591	0.2767	0.1443	-0.2264	0.5768	0.7278
160.000	14.9361	0.0769	0.3035	0.2317	0.0992	-0.2045	0.7144	0.6274
165.000	14.5866	0.0451	0.2381	0.1804	0.0590	-0.1684	0.8324	0.4991
170.000	14.3349	0.0207	0.1641	0.1236	0.0273	-0.1200	0.9232	0.3472
175.000	14.1832	0.0053	0.0838	0.0629	0.0070	-0.0624	0.9804	0.1781
180.000	14.1325	0.0000	0.0000	0.0000	0.0000	0.0000	1.0000	0.0000
