0.000	4.9064	0.0000	0.0000	0.0000	0.0000	0.0000	1.0000	0.0000
5.000	4.8422	0.0341	0.1910	0.0339	-0.0070	-0.0298	0.9627	0.1893
10.000	4.7094	0.1271	0.3814	0.0775	-0.0260	-0.0458	0.8408	0.3669
15.000	4.6459	0.2485	0.5543	0.1347	-0.0498	-0.0359	0.6214	0.5091
20.000	4.7845	0.3530	0.6776	0.1991	-0.0665	0.0030	0.3247	0.5882
25.000	5.1945	0.4074	0.7308	0.2568	-0.0672	0.0593	0.0125	0.5981
30.000	5.8743	0.4117	0.7231	0.2979	-0.0516	0.1149	-0.2541	0.5621
35.000	6.7762	0.3866	0.6805	0.3214	-0.0258	0.1584	-0.4511	0.5113
40.000	7.8353	0.3523	0.6257	0.3316	0.0040	0.1869	-0.5846	0.4665
45.000	8.9875	0.3200	0.5712	0.3331	0.0336	0.2022	-0.6709	0.4361
50.000	10.1783	0.2940	0.5221	0.3294	0.0610	0.2073	-0.7247	0.4215
55.000	11.3637	0.2748	0.4799	0.3228	0.0855	0.2048	-0.7561	0.4213
60.000	12.5089	0.2616	0.4441	0.3142	0.1067	0.1968	-0.7715	0.4333
65.000	13.5868	0.2528	0.4139	0.3046	0.1247	0.1847	-0.7748	0.4555
70.000	14.5763	0.2472	0.3886	0.2942	0.1398	0.1695	-0.7680	0.4861
75.000	15.4611	0.2436	0.3672	0.2832	0.1519	0.1519	-0.7522	0.5235
80.000	16.2298	0.2407	0.3491	0.2719	0.1614	0.1325	-0.7279	0.5663
85.000	16.8742	0.2378	0.3336	0.2603	0.1683	0.1119	-0.6951	0.6131
90.000	17.3903	0.2340	0.3203	0.2485	0.1726	0.0904	-0.6536	0.6627
95.000	17.7768	0.2289	0.3086	0.2366	0.1746	0.0686	-0.6032	0.7136
100.000	18.0358	0.2220	0.2982	0.2248	0.1742	0.0468	-0.5435	0.7644
105.000	18.1722	0.2132	0.2886	0.2132	0.1716	0.0255	-0.4742	0.8135
110.000	18.1940	0.2022	0.2796	0.2018	0.1668	0.0050	-0.3948	0.8590
115.000	18.1125	0.1893	0.2708	0.1906	0.1598	-0.0142	-0.3052	0.8991
120.000	17.9417	0.1745	0.2617	0.1795	0.1508	-0.0318	-0.2053	0.9314
125.000	17.6985	0.1580	0.2520	0.1685	0.1397	-0.0474	-0.0955	0.9534
130.000	17.4019	0.1402	0.2411	0.1574	0.1269	-0.0604	0.0235	0.9626
135.000	17.0721	0.1215	0.2287	0.1458	0.1123	-0.0706	0.1500	0.9561
140.000	16.7290	0.1022	0.2142	0.1336	0.0965	-0.0775	0.2817	0.9310
145.000	16.3914	0.0830	0.1971	0.1204	0.0797	-0.0807	0.4151	0.8852
150.000	16.0754	0.0642	0.1771	0.1063	0.0628	-0.0799	0.5460	0.8169
155.000	15.7940	0.0467	0.1540	0.0909	0.0463	-0.0749	0.6694	0.7256
160.000	15.5563	0.0311	0.1278	0.0744	0.0311	-0.0659	0.7799	0.6121
165.000	15.3683	0.0180	0.0987	0.0568	0.0182	-0.0531	0.8723	0.4787
170.000	15.2331	0.0082	0.0672	0.0384	0.0083	-0.0373	0.9420	0.3288
175.000	15.1517	0.0021	0.0341	0.0194	0.0021	-0.0192	0.9853	0.1674
180.000	15.1246	0.0000	0.0000	0.0000	0.0000	0.0000	1.0000	0.0000
