0.000	6.7040	0.0000	0.0000	0.0000	0.0000	0.0000	1.0000	0.0000
5.000	6.6428	0.0145	0.0244	0.0052	0.0004	-0.0049	0.9875	0.1551
10.000	6.4830	0.0555	0.0489	0.0115	0.0016	-0.0087	0.9476	0.3110
15.000	6.2844	0.1161	0.0730	0.0195	0.0039	-0.0105	0.8748	0.4650
20.000	6.1186	0.1846	0.0953	0.0295	0.0076	-0.0095	0.7654	0.6097
25.000	6.0440	0.2478	0.1139	0.0410	0.0128	-0.0055	0.6230	0.7342
30.000	6.0934	0.2944	0.1272	0.0530	0.0191	0.0007	0.4598	0.8296
35.000	6.2733	0.3196	0.1348	0.0641	0.0262	0.0080	0.2934	0.8927
40.000	6.5709	0.3248	0.1371	0.0734	0.0334	0.0152	0.1398	0.9275
45.000	6.9627	0.3155	0.1356	0.0804	0.0401	0.0212	0.0090	0.9415
50.000	7.4214	0.2976	0.1316	0.0852	0.0462	0.0256	-0.0954	0.9431
55.000	7.9200	0.2760	0.1263	0.0881	0.0515	0.0282	-0.1739	0.9391
60.000	8.4344	0.2538	0.1205	0.0894	0.0558	0.0291	-0.2292	0.9341
65.000	8.9441	0.2329	0.1148	0.0895	0.0593	0.0285	-0.2644	0.9308
70.000	9.4324	0.2139	0.1094	0.0885	0.0619	0.0267	-0.2824	0.9305
75.000	9.8862	0.1970	0.1044	0.0868	0.0636	0.0239	-0.2856	0.9336
80.000	10.2961	0.1819	0.0999	0.0845	0.0646	0.0202	-0.2757	0.9399
85.000	10.6551	0.1684	0.0959	0.0817	0.0648	0.0159	-0.2541	0.9487
90.000	10.9591	0.1559	0.0922	0.0785	0.0643	0.0112	-0.2218	0.9591
95.000	11.2060	0.1441	0.0889	0.0750	0.0630	0.0062	-0.1797	0.9699
100.000	11.3953	0.1327	0.0857	0.0714	0.0611	0.0011	-0.1285	0.9797
105.000	11.5284	0.1216	0.0827	0.0676	0.0585	-0.0038	-0.0687	0.9873
110.000	11.6079	0.1106	0.0797	0.0637	0.0554	-0.0086	-0.0011	0.9911
115.000	11.6378	0.0997	0.0767	0.0598	0.0517	-0.0129	0.0739	0.9897
120.000	11.6237	0.0890	0.0735	0.0558	0.0475	-0.0167	0.1553	0.9814
125.000	11.5723	0.0784	0.0701	0.0518	0.0430	-0.0199	0.2423	0.9647
130.000	11.4917	0.0680	0.0663	0.0477	0.0380	-0.0224	0.3337	0.9381
135.000	11.3904	0.0579	0.0621	0.0435	0.0329	-0.0240	0.4279	0.9000
140.000	11.2771	0.0481	0.0574	0.0392	0.0276	-0.0248	0.5229	0.8492
145.000	11.1603	0.0387	0.0522	0.0347	0.0224	-0.0246	0.6164	0.7848
150.000	11.0474	0.0298	0.0463	0.0301	0.0173	-0.0235	0.7057	0.7064
155.000	10.9445	0.0216	0.0398	0.0254	0.0125	-0.0214	0.7878	0.6142
160.000	10.8561	0.0144	0.0327	0.0205	0.0083	-0.0184	0.8600	0.5091
165.000	10.7854	0.0083	0.0250	0.0155	0.0048	-0.0145	0.9193	0.3927
170.000	10.7342	0.0038	0.0169	0.0104	0.0022	-0.0101	0.9635	0.2671
175.000	10.7032	0.0010	0.0086	0.0052	0.0006	-0.0052	0.9908	0.1352
180.000	10.6929	0.0000	0.0000	0.0000	0.0000	0.0000	1.0000	0.0000
