0.000	21.5688	0.0000	0.0000	0.0000	0.0000	0.0000	1.0000	0.0000
5.000	20.6373	0.0441	0.0385	0.0090	-0.0129	-0.0064	0.9956	-0.0717
10.000	18.4131	0.1670	0.0820	0.0239	-0.0510	-0.0030	0.9711	-0.1428
15.000	15.9818	0.3388	0.1317	0.0495	-0.1088	0.0195	0.9030	-0.2065
20.000	14.0420	0.5155	0.1841	0.0871	-0.1725	0.0656	0.7814	-0.2516
25.000	12.7414	0.6600	0.2338	0.1337	-0.2247	0.1310	0.6218	-0.2707
30.000	11.9503	0.7583	0.2770	0.1843	-0.2538	0.2054	0.4530	-0.2653
35.000	11.4904	0.8160	0.3134	0.2349	-0.2573	0.2790	0.2976	-0.2419
40.000	11.2205	0.8457	0.3442	0.2835	-0.2387	0.3452	0.1655	-0.2076
45.000	11.0466	0.8586	0.3713	0.3295	-0.2032	0.4011	0.0580	-0.1674
50.000	10.9090	0.8621	0.3961	0.3732	-0.1558	0.4457	-0.0276	-0.1241
55.000	10.7697	0.8606	0.4199	0.4149	-0.1001	0.4793	-0.0950	-0.0791
60.000	10.6041	0.8566	0.4434	0.4551	-0.0388	0.5024	-0.1473	-0.0331
65.000	10.3963	0.8512	0.4671	0.4942	0.0263	0.5155	-0.1867	0.0137
70.000	10.1374	0.8449	0.4913	0.5325	0.0943	0.5191	-0.2150	0.0612
75.000	9.8245	0.8378	0.5161	0.5699	0.1643	0.5131	-0.2330	0.1095
80.000	9.4604	0.8297	0.5413	0.6064	0.2359	0.4975	-0.2411	0.1585
85.000	9.0524	0.8202	0.5665	0.6418	0.3085	0.4716	-0.2394	0.2082
90.000	8.6116	0.8087	0.5913	0.6756	0.3812	0.4346	-0.2276	0.2584
95.000	8.1511	0.7946	0.6148	0.7074	0.4526	0.3858	-0.2053	0.3088
100.000	7.6845	0.7768	0.6362	0.7368	0.5207	0.3246	-0.1723	0.3585
105.000	7.2244	0.7545	0.6545	0.7630	0.5831	0.2506	-0.1280	0.4065
110.000	6.7815	0.7266	0.6690	0.7854	0.6365	0.1647	-0.0725	0.4514
115.000	6.3641	0.6924	0.6788	0.8032	0.6774	0.0684	-0.0058	0.4913
120.000	5.9776	0.6513	0.6832	0.8156	0.7022	-0.0354	0.0714	0.5242
125.000	5.6251	0.6028	0.6813	0.8213	0.7079	-0.1423	0.1581	0.5481
130.000	5.3083	0.5472	0.6725	0.8186	0.6920	-0.2470	0.2529	0.5610
135.000	5.0275	0.4850	0.6555	0.8057	0.6535	-0.3426	0.3535	0.5611
140.000	4.7825	0.4171	0.6292	0.7801	0.5931	-0.4220	0.4576	0.5472
145.000	4.5727	0.3455	0.5920	0.7396	0.5137	-0.4780	0.5619	0.5188
150.000	4.3973	0.2725	0.5426	0.6819	0.4201	-0.5042	0.6628	0.4757
155.000	4.2548	0.2013	0.4800	0.6059	0.3195	-0.4962	0.7566	0.4189
160.000	4.1434	0.1357	0.4041	0.5116	0.2202	-0.4524	0.8393	0.3501
165.000	4.0607	0.0796	0.3157	0.4005	0.1311	-0.3744	0.9074	0.2712
170.000	4.0041	0.0364	0.2168	0.2753	0.0607	-0.2674	0.9582	0.1849
175.000	3.9713	0.0093	0.1104	0.1403	0.0155	-0.1392	0.9894	0.0937
180.000	3.9606	0.0000	0.0001	0.0001	0.0000	-0.0001	1.0000	0.0000
