0.000	20.9990	0.0000	0.0000	0.0000	0.0000	0.0000	1.0000	0.0000
5.000	20.1055	0.0448	0.0453	0.0128	-0.0128	-0.0100	0.9961	-0.0606
10.000	17.9638	0.1706	0.0970	0.0325	-0.0506	-0.0102	0.9724	-0.1195
15.000	15.6153	0.3484	0.1575	0.0648	-0.1088	0.0095	0.9040	-0.1698
20.000	13.7527	0.5330	0.2228	0.1111	-0.1737	0.0546	0.7780	-0.2005
25.000	12.5354	0.6830	0.2856	0.1676	-0.2272	0.1214	0.6097	-0.2048
30.000	11.8368	0.7813	0.3404	0.2277	-0.2564	0.1987	0.4313	-0.1850
35.000	11.4697	0.8339	0.3863	0.2864	-0.2583	0.2754	0.2695	-0.1491
40.000	11.2806	0.8555	0.4247	0.3411	-0.2365	0.3441	0.1368	-0.1050
45.000	11.1662	0.8596	0.4581	0.3912	-0.1964	0.4015	0.0348	-0.0582
50.000	11.0634	0.8552	0.4884	0.4372	-0.1430	0.4461	-0.0400	-0.0117
55.000	10.9371	0.8476	0.5168	0.4796	-0.0803	0.4779	-0.0925	0.0332
60.000	10.7693	0.8391	0.5442	0.5189	-0.0111	0.4970	-0.1270	0.0759
65.000	10.5531	0.8308	0.5708	0.5556	0.0622	0.5035	-0.1472	0.1165
70.000	10.2881	0.8227	0.5969	0.5900	0.1378	0.4976	-0.1558	0.1550
75.000	9.9779	0.8145	0.6222	0.6221	0.2138	0.4794	-0.1548	0.1919
80.000	9.6283	0.8056	0.6467	0.6521	0.2886	0.4491	-0.1457	0.2274
85.000	9.2461	0.7953	0.6700	0.6799	0.3605	0.4070	-0.1295	0.2616
90.000	8.8392	0.7827	0.6918	0.7053	0.4277	0.3535	-0.1066	0.2948
95.000	8.4153	0.7670	0.7117	0.7280	0.4882	0.2894	-0.0774	0.3271
100.000	7.9825	0.7475	0.7292	0.7476	0.5402	0.2158	-0.0419	0.3583
105.000	7.5483	0.7231	0.7436	0.7636	0.5818	0.1341	0.0002	0.3883
110.000	7.1202	0.6932	0.7541	0.7751	0.6110	0.0462	0.0493	0.4167
115.000	6.7051	0.6570	0.7599	0.7813	0.6261	-0.0450	0.1055	0.4428
120.000	6.3091	0.6140	0.7599	0.7810	0.6257	-0.1365	0.1693	0.4657
125.000	5.9374	0.5642	0.7527	0.7733	0.6089	-0.2242	0.2405	0.4840
130.000	5.5942	0.5076	0.7371	0.7567	0.5757	-0.3038	0.3189	0.4962
135.000	5.2825	0.4453	0.7118	0.7302	0.5269	-0.3705	0.4035	0.5005
140.000	5.0042	0.3787	0.6757	0.6926	0.4646	-0.4198	0.4928	0.4949
145.000	4.7604	0.3098	0.6279	0.6433	0.3919	-0.4476	0.5844	0.4777
150.000	4.5512	0.2413	0.5679	0.5818	0.3133	-0.4510	0.6754	0.4471
155.000	4.3763	0.1762	0.4959	0.5080	0.2336	-0.4285	0.7622	0.4025
160.000	4.2349	0.1175	0.4125	0.4227	0.1585	-0.3803	0.8408	0.3435
165.000	4.1261	0.0683	0.3191	0.3271	0.0933	-0.3086	0.9072	0.2713
170.000	4.0491	0.0311	0.2175	0.2231	0.0428	-0.2175	0.9577	0.1877
175.000	4.0032	0.0079	0.1103	0.1131	0.0109	-0.1124	0.9892	0.0960
180.000	3.9880	0.0000	0.0001	0.0001	0.0000	-0.0001	1.0000	0.0000
