0.000	21.4694	0.0000	0.0000	0.0000	0.0000	0.0000	1.0000	0.0000
5.000	20.6836	0.0386	0.0597	0.0141	-0.0130	-0.0108	0.9943	-0.0788
10.000	18.7636	0.1470	0.1253	0.0362	-0.0508	-0.0101	0.9676	-0.1582
15.000	16.5884	0.3013	0.1984	0.0728	-0.1078	0.0134	0.8995	-0.2328
20.000	14.7971	0.4649	0.2737	0.1259	-0.1701	0.0655	0.7787	-0.2918
25.000	13.5870	0.6034	0.3430	0.1912	-0.2201	0.1419	0.6165	-0.3259
30.000	12.8833	0.7006	0.4004	0.2612	-0.2452	0.2303	0.4390	-0.3333
35.000	12.5309	0.7587	0.4451	0.3292	-0.2424	0.3175	0.2705	-0.3194
40.000	12.3890	0.7884	0.4792	0.3917	-0.2157	0.3945	0.1240	-0.2911
45.000	12.3549	0.8008	0.5060	0.4474	-0.1711	0.4572	0.0028	-0.2542
50.000	12.3603	0.8037	0.5282	0.4968	-0.1147	0.5045	-0.0950	-0.2126
55.000	12.3615	0.8020	0.5476	0.5405	-0.0510	0.5370	-0.1727	-0.1680
60.000	12.3311	0.7982	0.5656	0.5793	0.0169	0.5559	-0.2338	-0.1214
65.000	12.2526	0.7934	0.5829	0.6142	0.0866	0.5623	-0.2811	-0.0730
70.000	12.1170	0.7880	0.5998	0.6455	0.1569	0.5574	-0.3166	-0.0228
75.000	11.9213	0.7819	0.6164	0.6737	0.2267	0.5418	-0.3414	0.0294
80.000	11.6666	0.7750	0.6327	0.6989	0.2953	0.5162	-0.3563	0.0836
85.000	11.3576	0.7667	0.6483	0.7212	0.3621	0.4806	-0.3612	0.1397
90.000	11.0014	0.7565	0.6631	0.7407	0.4261	0.4351	-0.3560	0.1975
95.000	10.6067	0.7438	0.6767	0.7572	0.4864	0.3797	-0.3403	0.2564
100.000	10.1832	0.7279	0.6887	0.7707	0.5414	0.3142	-0.3135	0.3155
105.000	9.7406	0.7082	0.6989	0.7811	0.5895	0.2392	-0.2750	0.3737
110.000	9.2882	0.6838	0.7070	0.7882	0.6284	0.1554	-0.2244	0.4295
115.000	8.8349	0.6539	0.7123	0.7918	0.6559	0.0643	-0.1613	0.4812
120.000	8.3884	0.6179	0.7144	0.7913	0.6696	-0.0318	-0.0857	0.5266
125.000	7.9556	0.5751	0.7123	0.7861	0.6672	-0.1294	0.0020	0.5637
130.000	7.5425	0.5255	0.7049	0.7749	0.6470	-0.2243	0.1008	0.5902
135.000	7.1542	0.4690	0.6905	0.7562	0.6083	-0.3111	0.2092	0.6037
140.000	6.7951	0.4066	0.6671	0.7280	0.5513	-0.3839	0.3249	0.6023
145.000	6.4693	0.3394	0.6327	0.6881	0.4781	-0.4363	0.4446	0.5842
150.000	6.1800	0.2700	0.5850	0.6343	0.3926	-0.4627	0.5645	0.5481
155.000	5.9303	0.2012	0.5223	0.5648	0.3003	-0.4584	0.6796	0.4936
160.000	5.7226	0.1367	0.4437	0.4787	0.2084	-0.4210	0.7847	0.4211
165.000	5.5589	0.0807	0.3495	0.3765	0.1250	-0.3510	0.8740	0.3323
170.000	5.4409	0.0372	0.2417	0.2600	0.0582	-0.2522	0.9424	0.2298
175.000	5.3696	0.0095	0.1236	0.1329	0.0150	-0.1319	0.9853	0.1175
180.000	5.3458	0.0000	0.0001	0.0001	0.0000	-0.0001	1.0000	0.0000
