0.000	21.5157	0.0000	0.0000	0.0000	0.0000	0.0000	1.0000	0.0000
5.000	20.7050	0.0396	0.0555	0.0130	-0.0128	-0.0099	0.9946	-0.0782
10.000	18.7304	0.1506	0.1169	0.0338	-0.0504	-0.0085	0.9683	-0.1566
15.000	16.5040	0.3085	0.1855	0.0683	-0.1071	0.0150	0.9004	-0.2296
20.000	14.6782	0.4754	0.2565	0.1188	-0.1694	0.0663	0.7793	-0.2862
25.000	13.4456	0.6162	0.3222	0.1811	-0.2195	0.1412	0.6169	-0.3171
30.000	12.7229	0.7145	0.3772	0.2482	-0.2452	0.2276	0.4400	-0.3213
35.000	12.3500	0.7729	0.4205	0.3138	-0.2435	0.3127	0.2729	-0.3045
40.000	12.1843	0.8025	0.4543	0.3745	-0.2181	0.3882	0.1284	-0.2741
45.000	12.1231	0.8146	0.4815	0.4292	-0.1750	0.4500	0.0095	-0.2359
50.000	12.0992	0.8172	0.5046	0.4782	-0.1201	0.4971	-0.0859	-0.1935
55.000	12.0696	0.8152	0.5253	0.5223	-0.0576	0.5299	-0.1613	-0.1488
60.000	12.0079	0.8110	0.5450	0.5621	0.0093	0.5497	-0.2202	-0.1025
65.000	11.8986	0.8059	0.5641	0.5983	0.0785	0.5574	-0.2656	-0.0548
70.000	11.7337	0.8002	0.5830	0.6314	0.1486	0.5540	-0.2992	-0.0056
75.000	11.5107	0.7939	0.6017	0.6617	0.2188	0.5402	-0.3224	0.0453
80.000	11.2319	0.7866	0.6201	0.6893	0.2882	0.5162	-0.3357	0.0980
85.000	10.9025	0.7781	0.6379	0.7143	0.3563	0.4823	-0.3392	0.1525
90.000	10.5303	0.7677	0.6547	0.7364	0.4221	0.4381	-0.3327	0.2085
95.000	10.1245	0.7549	0.6703	0.7557	0.4844	0.3837	-0.3158	0.2655
100.000	9.6949	0.7388	0.6841	0.7719	0.5418	0.3188	-0.2878	0.3225
105.000	9.2515	0.7188	0.6959	0.7849	0.5923	0.2438	-0.2483	0.3784
110.000	8.8033	0.6941	0.7052	0.7944	0.6336	0.1593	-0.1967	0.4318
115.000	8.3588	0.6638	0.7116	0.8001	0.6633	0.0671	-0.1329	0.4807
120.000	7.9253	0.6272	0.7143	0.8015	0.6787	-0.0307	-0.0569	0.5233
125.000	7.5087	0.5837	0.7126	0.7976	0.6775	-0.1303	0.0307	0.5574
130.000	7.1144	0.5332	0.7051	0.7874	0.6579	-0.2273	0.1289	0.5807
135.000	6.7464	0.4757	0.6905	0.7691	0.6190	-0.3162	0.2359	0.5913
140.000	6.4084	0.4122	0.6667	0.7409	0.5613	-0.3906	0.3495	0.5872
145.000	6.1034	0.3439	0.6317	0.7004	0.4868	-0.4442	0.4664	0.5670
150.000	5.8340	0.2733	0.5834	0.6457	0.3996	-0.4711	0.5827	0.5298
155.000	5.6023	0.2035	0.5203	0.5748	0.3055	-0.4666	0.6938	0.4753
160.000	5.4102	0.1382	0.4416	0.4871	0.2119	-0.4284	0.7946	0.4041
165.000	5.2593	0.0816	0.3475	0.3829	0.1270	-0.3570	0.8801	0.3180
170.000	5.1507	0.0375	0.2401	0.2643	0.0591	-0.2564	0.9452	0.2194
175.000	5.0851	0.0096	0.1227	0.1350	0.0152	-0.1340	0.9861	0.1120
180.000	5.0632	0.0000	0.0001	0.0001	0.0000	-0.0001	1.0000	0.0000
