0.000	5.7792	0.0000	0.0000	0.0000	0.0000	0.0000	1.0000	0.0000
5.000	5.6902	0.0304	0.1227	0.0209	-0.0030	-0.0182	0.9735	0.1907
10.000	5.4817	0.1153	0.2475	0.0489	-0.0111	-0.0278	0.8850	0.3791
15.000	5.2937	0.2325	0.3677	0.0887	-0.0209	-0.0205	0.7170	0.5510
20.000	5.2702	0.3442	0.4653	0.1384	-0.0269	0.0074	0.4706	0.6796
25.000	5.4998	0.4146	0.5225	0.1894	-0.0241	0.0507	0.1840	0.7443
30.000	6.0001	0.4324	0.5364	0.2317	-0.0115	0.0972	-0.0863	0.7497
35.000	6.7363	0.4114	0.5195	0.2607	0.0080	0.1363	-0.3024	0.7202
40.000	7.6473	0.3728	0.4877	0.2773	0.0305	0.1636	-0.4569	0.6809
45.000	8.6681	0.3316	0.4523	0.2846	0.0531	0.1793	-0.5593	0.6470
50.000	9.7402	0.2952	0.4190	0.2857	0.0744	0.1854	-0.6232	0.6250
55.000	10.8166	0.2659	0.3899	0.2828	0.0935	0.1841	-0.6595	0.6161
60.000	11.8613	0.2436	0.3654	0.2771	0.1102	0.1774	-0.6760	0.6191
65.000	12.8476	0.2269	0.3450	0.2698	0.1244	0.1665	-0.6775	0.6324
70.000	13.7562	0.2146	0.3282	0.2612	0.1360	0.1526	-0.6670	0.6540
75.000	14.5735	0.2054	0.3142	0.2517	0.1452	0.1365	-0.6463	0.6820
80.000	15.2899	0.1981	0.3024	0.2417	0.1519	0.1189	-0.6163	0.7147
85.000	15.8993	0.1919	0.2924	0.2313	0.1562	0.1003	-0.5775	0.7505
90.000	16.3986	0.1862	0.2837	0.2206	0.1583	0.0813	-0.5301	0.7880
95.000	16.7873	0.1803	0.2760	0.2098	0.1582	0.0621	-0.4741	0.8256
100.000	17.0673	0.1738	0.2689	0.1988	0.1559	0.0432	-0.4096	0.8620
105.000	17.2429	0.1665	0.2619	0.1877	0.1516	0.0248	-0.3366	0.8956
110.000	17.3208	0.1581	0.2550	0.1766	0.1453	0.0075	-0.2549	0.9247
115.000	17.3093	0.1485	0.2476	0.1653	0.1372	-0.0087	-0.1650	0.9476
120.000	17.2188	0.1376	0.2395	0.1540	0.1274	-0.0232	-0.0672	0.9624
125.000	17.0609	0.1255	0.2303	0.1426	0.1161	-0.0358	0.0377	0.9671
130.000	16.8484	0.1122	0.2197	0.1310	0.1036	-0.0462	0.1486	0.9599
135.000	16.5951	0.0980	0.2075	0.1192	0.0902	-0.0540	0.2639	0.9386
140.000	16.3152	0.0830	0.1932	0.1072	0.0761	-0.0590	0.3814	0.9014
145.000	16.0232	0.0678	0.1768	0.0949	0.0619	-0.0611	0.4984	0.8469
150.000	15.7335	0.0529	0.1579	0.0823	0.0480	-0.0601	0.6117	0.7739
155.000	15.4602	0.0387	0.1365	0.0693	0.0350	-0.0560	0.7176	0.6822
160.000	15.2161	0.0259	0.1128	0.0560	0.0233	-0.0490	0.8120	0.5722
165.000	15.0130	0.0151	0.0868	0.0424	0.0135	-0.0393	0.8909	0.4457
170.000	14.8605	0.0069	0.0590	0.0284	0.0062	-0.0275	0.9503	0.3055
175.000	14.7659	0.0017	0.0298	0.0143	0.0016	-0.0141	0.9874	0.1554
180.000	14.7339	0.0000	0.0000	0.0000	0.0000	0.0000	1.0000	0.0000
