0.000	17.3762	0.0000	0.0000	0.0000	0.0000	0.0000	1.0000	0.0000
5.000	16.9137	0.0334	0.1267	0.0286	-0.0157	-0.0235	0.9889	-0.0697
10.000	15.7827	0.1265	0.2612	0.0700	-0.0606	-0.0299	0.9465	-0.1426
15.000	14.5287	0.2574	0.4015	0.1335	-0.1255	-0.0035	0.8531	-0.2163
20.000	13.5958	0.3923	0.5339	0.2192	-0.1913	0.0629	0.6997	-0.2810
25.000	13.1564	0.5002	0.6407	0.3168	-0.2362	0.1604	0.5022	-0.3256
30.000	13.1744	0.5686	0.7132	0.4120	-0.2473	0.2687	0.2928	-0.3446
35.000	13.5277	0.6025	0.7545	0.4944	-0.2249	0.3685	0.0996	-0.3403
40.000	14.0874	0.6143	0.7736	0.5601	-0.1773	0.4486	-0.0636	-0.3181
45.000	14.7492	0.6149	0.7791	0.6098	-0.1141	0.5055	-0.1947	-0.2836
50.000	15.4375	0.6110	0.7773	0.6457	-0.0429	0.5397	-0.2973	-0.2407
55.000	16.1006	0.6061	0.7721	0.6705	0.0305	0.5539	-0.3762	-0.1918
60.000	16.7037	0.6015	0.7656	0.6863	0.1028	0.5509	-0.4357	-0.1385
65.000	17.2234	0.5975	0.7590	0.6951	0.1713	0.5333	-0.4793	-0.0816
70.000	17.6443	0.5935	0.7526	0.6982	0.2346	0.5037	-0.5094	-0.0219
75.000	17.9564	0.5892	0.7468	0.6967	0.2916	0.4640	-0.5277	0.0404
80.000	18.1539	0.5839	0.7416	0.6916	0.3415	0.4163	-0.5353	0.1047
85.000	18.2343	0.5771	0.7369	0.6836	0.3838	0.3621	-0.5327	0.1706
90.000	18.1983	0.5683	0.7325	0.6732	0.4183	0.3028	-0.5201	0.2378
95.000	18.0493	0.5569	0.7283	0.6608	0.4446	0.2400	-0.4975	0.3055
100.000	17.7938	0.5425	0.7240	0.6466	0.4626	0.1748	-0.4646	0.3731
105.000	17.4406	0.5248	0.7192	0.6307	0.4722	0.1085	-0.4208	0.4397
110.000	17.0011	0.5032	0.7134	0.6131	0.4732	0.0424	-0.3658	0.5042
115.000	16.4886	0.4776	0.7060	0.5938	0.4658	-0.0220	-0.2989	0.5650
120.000	15.9184	0.4477	0.6962	0.5725	0.4499	-0.0833	-0.2198	0.6205
125.000	15.3066	0.4134	0.6831	0.5490	0.4258	-0.1398	-0.1282	0.6683
130.000	14.6705	0.3747	0.6654	0.5227	0.3939	-0.1897	-0.0244	0.7060
135.000	14.0274	0.3319	0.6419	0.4932	0.3548	-0.2309	0.0908	0.7305
140.000	13.3946	0.2857	0.6111	0.4597	0.3097	-0.2614	0.2157	0.7386
145.000	12.7891	0.2372	0.5714	0.4216	0.2600	-0.2792	0.3476	0.7271
150.000	12.2269	0.1878	0.5214	0.3782	0.2077	-0.2826	0.4824	0.6929
155.000	11.7230	0.1394	0.4602	0.3288	0.1554	-0.2702	0.6149	0.6338
160.000	11.2906	0.0945	0.3871	0.2732	0.1060	-0.2417	0.7384	0.5486
165.000	10.9416	0.0557	0.3026	0.2115	0.0627	-0.1977	0.8455	0.4383
170.000	10.6852	0.0256	0.2081	0.1444	0.0290	-0.1402	0.9288	0.3061
175.000	10.5285	0.0066	0.1061	0.0733	0.0074	-0.0728	0.9818	0.1574
180.000	10.4758	0.0000	0.0000	0.0000	0.0000	0.0000	1.0000	0.0000
