0.000	7.7601	0.0000	0.0000	0.0000	0.0000	0.0000	1.0000	0.0000
5.000	7.7293	0.0052	0.0007	0.0014	0.0003	-0.0014	0.9957	0.0930
10.000	7.6433	0.0203	0.0013	0.0029	0.0011	-0.0027	0.9823	0.1862
15.000	7.5183	0.0435	0.0017	0.0045	0.0024	-0.0039	0.9592	0.2795
20.000	7.3768	0.0722	0.0020	0.0063	0.0042	-0.0050	0.9255	0.3718
25.000	7.2419	0.1033	0.0021	0.0083	0.0063	-0.0059	0.8811	0.4616
30.000	7.1326	0.1334	0.0019	0.0104	0.0087	-0.0066	0.8268	0.5464
35.000	7.0618	0.1597	0.0015	0.0126	0.0112	-0.0070	0.7648	0.6241
40.000	7.0355	0.1804	0.0010	0.0147	0.0136	-0.0073	0.6983	0.6927
45.000	7.0539	0.1944	0.0002	0.0167	0.0159	-0.0075	0.6308	0.7511
50.000	7.1128	0.2019	-0.0006	0.0185	0.0179	-0.0075	0.5660	0.7993
55.000	7.2055	0.2035	-0.0014	0.0200	0.0196	-0.0076	0.5067	0.8377
60.000	7.3240	0.2002	-0.0023	0.0212	0.0210	-0.0076	0.4554	0.8675
65.000	7.4598	0.1932	-0.0031	0.0221	0.0219	-0.0077	0.4133	0.8898
70.000	7.6052	0.1837	-0.0038	0.0227	0.0225	-0.0079	0.3815	0.9059
75.000	7.7531	0.1723	-0.0043	0.0230	0.0227	-0.0081	0.3600	0.9169
80.000	7.8973	0.1599	-0.0048	0.0231	0.0226	-0.0084	0.3487	0.9234
85.000	8.0330	0.1470	-0.0052	0.0229	0.0223	-0.0088	0.3473	0.9261
90.000	8.1560	0.1339	-0.0054	0.0225	0.0216	-0.0092	0.3550	0.9252
95.000	8.2635	0.1210	-0.0056	0.0220	0.0207	-0.0096	0.3711	0.9206
100.000	8.3533	0.1084	-0.0056	0.0213	0.0196	-0.0100	0.3949	0.9123
105.000	8.4243	0.0963	-0.0056	0.0204	0.0184	-0.0104	0.4255	0.8998
110.000	8.4760	0.0848	-0.0055	0.0195	0.0170	-0.0107	0.4620	0.8828
115.000	8.5088	0.0741	-0.0053	0.0185	0.0155	-0.0110	0.5035	0.8608
120.000	8.5241	0.0640	-0.0051	0.0174	0.0139	-0.0111	0.5492	0.8332
125.000	8.5237	0.0547	-0.0048	0.0162	0.0123	-0.0110	0.5981	0.7996
130.000	8.5103	0.0462	-0.0045	0.0150	0.0107	-0.0109	0.6490	0.7594
135.000	8.4869	0.0383	-0.0041	0.0137	0.0091	-0.0105	0.7009	0.7122
140.000	8.4567	0.0311	-0.0037	0.0123	0.0075	-0.0100	0.7525	0.6578
145.000	8.4230	0.0245	-0.0033	0.0109	0.0059	-0.0093	0.8026	0.5961
150.000	8.3887	0.0186	-0.0029	0.0094	0.0045	-0.0084	0.8496	0.5271
155.000	8.3563	0.0133	-0.0024	0.0079	0.0032	-0.0073	0.8923	0.4513
160.000	8.3277	0.0088	-0.0019	0.0064	0.0021	-0.0060	0.9293	0.3692
165.000	8.3045	0.0050	-0.0015	0.0048	0.0012	-0.0047	0.9594	0.2819
170.000	8.2874	0.0023	-0.0010	0.0032	0.0005	-0.0032	0.9817	0.1903
175.000	8.2770	0.0006	-0.0005	0.0016	0.0001	-0.0016	0.9954	0.0959
180.000	8.2735	0.0000	0.0000	0.0000	0.0000	0.0000	1.0000	0.0000
