0.000	9.8105	0.0000	0.0000	0.0000	0.0000	0.0000	1.0000	0.0000
5.000	9.6286	0.0346	0.2204	0.0425	-0.0173	-0.0355	0.9748	-0.0155
10.000	9.2198	0.1291	0.4444	0.1019	-0.0654	-0.0473	0.8878	-0.0388
15.000	8.8846	0.2543	0.6558	0.1870	-0.1301	-0.0150	0.7195	-0.0731
20.000	8.8801	0.3673	0.8195	0.2909	-0.1859	0.0654	0.4759	-0.1131
25.000	9.3092	0.4367	0.9097	0.3931	-0.2099	0.1736	0.2013	-0.1469
30.000	10.1378	0.4607	0.9314	0.4760	-0.1967	0.2799	-0.0518	-0.1648
35.000	11.2642	0.4561	0.9095	0.5337	-0.1555	0.3646	-0.2559	-0.1643
40.000	12.5750	0.4403	0.8680	0.5694	-0.0992	0.4222	-0.4088	-0.1475
45.000	13.9725	0.4236	0.8218	0.5887	-0.0375	0.4548	-0.5194	-0.1178
50.000	15.3812	0.4102	0.7779	0.5965	0.0237	0.4669	-0.5981	-0.0783
55.000	16.7462	0.4010	0.7390	0.5963	0.0815	0.4632	-0.6531	-0.0311
60.000	18.0277	0.3953	0.7056	0.5904	0.1341	0.4471	-0.6900	0.0222
65.000	19.1970	0.3921	0.6773	0.5805	0.1810	0.4217	-0.7124	0.0803
70.000	20.2333	0.3904	0.6534	0.5678	0.2217	0.3890	-0.7227	0.1424
75.000	21.1211	0.3890	0.6332	0.5529	0.2561	0.3509	-0.7223	0.2076
80.000	21.8498	0.3873	0.6161	0.5366	0.2844	0.3089	-0.7117	0.2749
85.000	22.4124	0.3844	0.6014	0.5192	0.3066	0.2641	-0.6915	0.3438
90.000	22.8057	0.3800	0.5887	0.5011	0.3229	0.2175	-0.6616	0.4133
95.000	23.0303	0.3735	0.5775	0.4825	0.3335	0.1702	-0.6219	0.4826
100.000	23.0905	0.3648	0.5671	0.4634	0.3384	0.1228	-0.5721	0.5506
105.000	22.9944	0.3534	0.5573	0.4441	0.3378	0.0761	-0.5119	0.6163
110.000	22.7539	0.3391	0.5473	0.4244	0.3319	0.0310	-0.4409	0.6783
115.000	22.3844	0.3219	0.5367	0.4043	0.3208	-0.0119	-0.3587	0.7349
120.000	21.9043	0.3015	0.5247	0.3836	0.3048	-0.0516	-0.2653	0.7842
125.000	21.3348	0.2781	0.5105	0.3621	0.2841	-0.0873	-0.1606	0.8240
130.000	20.6992	0.2517	0.4934	0.3396	0.2592	-0.1180	-0.0452	0.8517
135.000	20.0221	0.2225	0.4723	0.3157	0.2305	-0.1426	0.0797	0.8645
140.000	19.3288	0.1911	0.4462	0.2900	0.1987	-0.1602	0.2123	0.8592
145.000	18.6445	0.1583	0.4142	0.2623	0.1650	-0.1698	0.3497	0.8330
150.000	17.9937	0.1250	0.3754	0.2322	0.1304	-0.1705	0.4878	0.7831
155.000	17.3992	0.0926	0.3292	0.1995	0.0967	-0.1618	0.6214	0.7079
160.000	16.8819	0.0626	0.2754	0.1640	0.0654	-0.1438	0.7443	0.6067
165.000	16.4597	0.0368	0.2143	0.1258	0.0385	-0.1170	0.8498	0.4809
170.000	16.1473	0.0169	0.1468	0.0853	0.0177	-0.0827	0.9310	0.3338
175.000	15.9554	0.0043	0.0747	0.0431	0.0045	-0.0428	0.9824	0.1711
180.000	15.8907	0.0000	0.0000	0.0000	0.0000	0.0000	1.0000	0.0000
