0.000	20.7588	0.0000	0.0000	0.0000	0.0000	0.0000	1.0000	0.0000
5.000	19.7420	0.0510	0.0231	0.0009	-0.0131	0.0012	0.9957	-0.0726
10.000	17.3697	0.1928	0.0492	0.0056	-0.0520	0.0117	0.9681	-0.1424
15.000	14.8816	0.3889	0.0790	0.0176	-0.1118	0.0398	0.8884	-0.1987
20.000	13.0015	0.5843	0.1101	0.0389	-0.1775	0.0883	0.7462	-0.2276
25.000	11.8203	0.7347	0.1392	0.0682	-0.2308	0.1513	0.5654	-0.2230
30.000	11.1536	0.8273	0.1649	0.1025	-0.2603	0.2188	0.3828	-0.1914
35.000	10.7934	0.8736	0.1879	0.1390	-0.2648	0.2827	0.2239	-0.1441
40.000	10.5874	0.8905	0.2098	0.1765	-0.2487	0.3388	0.0969	-0.0906
45.000	10.4396	0.8916	0.2318	0.2144	-0.2173	0.3856	0.0004	-0.0365
50.000	10.2939	0.8854	0.2548	0.2529	-0.1752	0.4233	-0.0710	0.0160
55.000	10.1183	0.8761	0.2795	0.2920	-0.1253	0.4523	-0.1226	0.0662
60.000	9.8964	0.8658	0.3060	0.3320	-0.0698	0.4732	-0.1585	0.1142
65.000	9.6212	0.8554	0.3344	0.3729	-0.0098	0.4864	-0.1820	0.1607
70.000	9.2930	0.8449	0.3644	0.4148	0.0539	0.4920	-0.1948	0.2064
75.000	8.9169	0.8340	0.3957	0.4575	0.1209	0.4897	-0.1980	0.2518
80.000	8.5020	0.8225	0.4279	0.5006	0.1908	0.4789	-0.1919	0.2973
85.000	8.0599	0.8096	0.4602	0.5437	0.2631	0.4588	-0.1764	0.3428
90.000	7.6034	0.7948	0.4919	0.5863	0.3369	0.4280	-0.1510	0.3881
95.000	7.1454	0.7773	0.5218	0.6274	0.4106	0.3854	-0.1151	0.4323
100.000	6.6982	0.7562	0.5489	0.6661	0.4819	0.3298	-0.0682	0.4742
105.000	6.2720	0.7307	0.5721	0.7013	0.5479	0.2608	-0.0102	0.5122
110.000	5.8750	0.6997	0.5901	0.7316	0.6047	0.1787	0.0587	0.5443
115.000	5.5130	0.6626	0.6019	0.7556	0.6483	0.0853	0.1375	0.5684
120.000	5.1893	0.6187	0.6065	0.7719	0.6745	-0.0163	0.2247	0.5826
125.000	4.9051	0.5679	0.6032	0.7788	0.6799	-0.1210	0.3178	0.5852
130.000	4.6600	0.5104	0.5912	0.7748	0.6622	-0.2227	0.4141	0.5752
135.000	4.4520	0.4471	0.5702	0.7585	0.6211	-0.3142	0.5104	0.5525
140.000	4.2785	0.3796	0.5399	0.7284	0.5585	-0.3881	0.6036	0.5177
145.000	4.1365	0.3101	0.5001	0.6835	0.4783	-0.4379	0.6910	0.4721
150.000	4.0224	0.2412	0.4508	0.6234	0.3866	-0.4587	0.7700	0.4175
155.000	3.9331	0.1758	0.3925	0.5480	0.2907	-0.4477	0.8389	0.3559
160.000	3.8651	0.1171	0.3256	0.4583	0.1983	-0.4048	0.8964	0.2892
165.000	3.8157	0.0680	0.2514	0.3560	0.1171	-0.3327	0.9415	0.2192
170.000	3.7823	0.0309	0.1711	0.2434	0.0539	-0.2363	0.9740	0.1470
175.000	3.7631	0.0078	0.0867	0.1236	0.0137	-0.1227	0.9935	0.0737
180.000	3.7569	0.0000	0.0000	0.0001	0.0000	-0.0001	1.0000	0.0000
