0.000	6.6228	0.0000	0.0000	0.0000	0.0000	0.0000	1.0000	0.0000
5.000	6.5350	0.0214	0.0515	0.0095	0.0000	-0.0086	0.9838	0.1705
10.000	6.3119	0.0822	0.1040	0.0218	0.0002	-0.0142	0.9301	0.3430
15.000	6.0538	0.1705	0.1561	0.0390	0.0014	-0.0141	0.8276	0.5127
20.000	5.8738	0.2659	0.2034	0.0614	0.0049	-0.0061	0.6696	0.6658
25.000	5.8555	0.3441	0.2399	0.0872	0.0115	0.0095	0.4658	0.7839
30.000	6.0354	0.3886	0.2613	0.1124	0.0211	0.0296	0.2441	0.8558
35.000	6.4075	0.3975	0.2680	0.1338	0.0328	0.0499	0.0365	0.8850
40.000	6.9389	0.3804	0.2639	0.1494	0.0452	0.0669	-0.1358	0.8849
45.000	7.5856	0.3498	0.2536	0.1596	0.0572	0.0790	-0.2664	0.8708
50.000	8.3031	0.3151	0.2410	0.1650	0.0682	0.0860	-0.3584	0.8540
55.000	9.0525	0.2820	0.2282	0.1670	0.0780	0.0886	-0.4187	0.8409
60.000	9.8020	0.2529	0.2164	0.1664	0.0863	0.0874	-0.4538	0.8342
65.000	10.5270	0.2284	0.2059	0.1639	0.0931	0.0834	-0.4692	0.8346
70.000	11.2092	0.2082	0.1969	0.1600	0.0985	0.0772	-0.4688	0.8415
75.000	11.8352	0.1915	0.1891	0.1552	0.1024	0.0692	-0.4554	0.8538
80.000	12.3957	0.1777	0.1825	0.1497	0.1050	0.0601	-0.4306	0.8703
85.000	12.8844	0.1660	0.1767	0.1436	0.1061	0.0502	-0.3958	0.8896
90.000	13.2978	0.1558	0.1716	0.1371	0.1059	0.0397	-0.3516	0.9103
95.000	13.6347	0.1465	0.1669	0.1304	0.1045	0.0291	-0.2986	0.9310
100.000	13.8960	0.1377	0.1625	0.1234	0.1017	0.0186	-0.2371	0.9502
105.000	14.0844	0.1291	0.1581	0.1163	0.0978	0.0084	-0.1676	0.9665
110.000	14.2041	0.1203	0.1536	0.1091	0.0927	-0.0013	-0.0905	0.9783
115.000	14.2608	0.1111	0.1488	0.1017	0.0866	-0.0101	-0.0063	0.9840
120.000	14.2613	0.1015	0.1435	0.0943	0.0797	-0.0180	0.0843	0.9820
125.000	14.2134	0.0913	0.1375	0.0868	0.0719	-0.0248	0.1802	0.9706
130.000	14.1255	0.0807	0.1307	0.0793	0.0636	-0.0302	0.2801	0.9483
135.000	14.0065	0.0696	0.1228	0.0717	0.0548	-0.0341	0.3824	0.9137
140.000	13.8655	0.0584	0.1138	0.0640	0.0459	-0.0363	0.4851	0.8655
145.000	13.7120	0.0473	0.1035	0.0562	0.0370	-0.0369	0.5857	0.8027
150.000	13.5551	0.0365	0.0920	0.0484	0.0285	-0.0358	0.6817	0.7251
155.000	13.4038	0.0264	0.0791	0.0405	0.0206	-0.0330	0.7701	0.6325
160.000	13.2667	0.0176	0.0650	0.0326	0.0137	-0.0286	0.8479	0.5259
165.000	13.1513	0.0102	0.0499	0.0245	0.0079	-0.0228	0.9121	0.4067
170.000	13.0639	0.0046	0.0338	0.0164	0.0036	-0.0159	0.9602	0.2773
175.000	13.0095	0.0012	0.0171	0.0082	0.0009	-0.0081	0.9899	0.1406
180.000	12.9910	0.0000	0.0000	0.0000	0.0000	0.0000	1.0000	0.0000
