0.000	15.0583	0.0000	0.0000	0.0000	0.0000	0.0000	1.0000	0.0000
5.000	14.7129	0.0309	0.1533	0.0320	-0.0165	-0.0265	0.9850	-0.0729
10.000	13.8761	0.1167	0.3123	0.0775	-0.0631	-0.0339	0.9311	-0.1508
15.000	12.9781	0.2353	0.4718	0.1454	-0.1287	-0.0054	0.8202	-0.2322
20.000	12.3795	0.3542	0.6132	0.2343	-0.1926	0.0650	0.6464	-0.3072
25.000	12.2271	0.4455	0.7167	0.3321	-0.2324	0.1660	0.4302	-0.3626
30.000	12.4936	0.4997	0.7759	0.4235	-0.2370	0.2751	0.2068	-0.3913
35.000	13.0736	0.5239	0.7980	0.4988	-0.2090	0.3723	0.0043	-0.3940
40.000	13.8522	0.5304	0.7959	0.5556	-0.1585	0.4473	-0.1652	-0.3761
45.000	14.7339	0.5290	0.7806	0.5957	-0.0955	0.4981	-0.3011	-0.3431
50.000	15.6473	0.5255	0.7596	0.6223	-0.0278	0.5267	-0.4079	-0.2993
55.000	16.5414	0.5224	0.7369	0.6385	0.0398	0.5365	-0.4910	-0.2475
60.000	17.3794	0.5204	0.7149	0.6468	0.1043	0.5310	-0.5547	-0.1896
65.000	18.1347	0.5193	0.6944	0.6491	0.1642	0.5133	-0.6025	-0.1266
70.000	18.7871	0.5186	0.6758	0.6468	0.2186	0.4860	-0.6366	-0.0594
75.000	19.3217	0.5175	0.6592	0.6411	0.2674	0.4509	-0.6585	0.0112
80.000	19.7278	0.5155	0.6445	0.6327	0.3105	0.4096	-0.6692	0.0849
85.000	19.9982	0.5119	0.6315	0.6222	0.3479	0.3633	-0.6689	0.1609
90.000	20.1300	0.5061	0.6201	0.6102	0.3798	0.3128	-0.6578	0.2388
95.000	20.1238	0.4978	0.6100	0.5971	0.4061	0.2588	-0.6355	0.3177
100.000	19.9845	0.4864	0.6010	0.5832	0.4267	0.2020	-0.6016	0.3968
105.000	19.7211	0.4715	0.5930	0.5687	0.4412	0.1431	-0.5555	0.4750
110.000	19.3461	0.4529	0.5856	0.5537	0.4491	0.0826	-0.4964	0.5509
115.000	18.8758	0.4301	0.5783	0.5380	0.4500	0.0216	-0.4236	0.6227
120.000	18.3291	0.4030	0.5703	0.5216	0.4430	-0.0386	-0.3366	0.6880
125.000	17.7272	0.3715	0.5609	0.5040	0.4277	-0.0965	-0.2351	0.7443
130.000	17.0922	0.3359	0.5487	0.4844	0.4035	-0.1499	-0.1194	0.7882
135.000	16.4464	0.2964	0.5323	0.4620	0.3705	-0.1966	0.0092	0.8163
140.000	15.8113	0.2540	0.5100	0.4357	0.3291	-0.2337	0.1487	0.8247
145.000	15.2067	0.2096	0.4802	0.4043	0.2806	-0.2585	0.2953	0.8101
150.000	14.6501	0.1648	0.4411	0.3667	0.2272	-0.2684	0.4442	0.7693
155.000	14.1565	0.1215	0.3915	0.3220	0.1717	-0.2616	0.5891	0.7005
160.000	13.7378	0.0818	0.3309	0.2698	0.1181	-0.2372	0.7227	0.6034
165.000	13.4035	0.0479	0.2596	0.2102	0.0703	-0.1959	0.8372	0.4798
170.000	13.1603	0.0219	0.1789	0.1442	0.0326	-0.1398	0.9254	0.3337
175.000	13.0126	0.0056	0.0913	0.0734	0.0084	-0.0728	0.9810	0.1712
180.000	12.9631	0.0000	0.0000	0.0000	0.0000	0.0000	1.0000	0.0000
