0.000	5.5639	0.0000	0.0000	0.0000	0.0000	0.0000	1.0000	0.0000
5.000	5.4756	0.0364	0.2318	0.0412	-0.0116	-0.0355	0.9640	0.1266
10.000	5.2884	0.1357	0.4650	0.0961	-0.0434	-0.0516	0.8436	0.2417
15.000	5.1805	0.2644	0.6780	0.1710	-0.0847	-0.0311	0.6210	0.3256
20.000	5.3178	0.3719	0.8277	0.2567	-0.1165	0.0294	0.3152	0.3589
25.000	5.7809	0.4229	0.8871	0.3336	-0.1234	0.1118	-0.0066	0.3431
30.000	6.5604	0.4209	0.8705	0.3878	-0.1045	0.1899	-0.2786	0.3015
35.000	7.5918	0.3909	0.8130	0.4185	-0.0692	0.2485	-0.4771	0.2590
40.000	8.7932	0.3547	0.7434	0.4316	-0.0274	0.2852	-0.6109	0.2292
45.000	10.0879	0.3232	0.6765	0.4336	0.0148	0.3035	-0.6978	0.2160
50.000	11.4132	0.3000	0.6177	0.4288	0.0542	0.3077	-0.7530	0.2186
55.000	12.7213	0.2846	0.5679	0.4201	0.0895	0.3019	-0.7865	0.2348
60.000	13.9763	0.2755	0.5264	0.4089	0.1205	0.2886	-0.8048	0.2622
65.000	15.1513	0.2709	0.4917	0.3962	0.1470	0.2701	-0.8112	0.2988
70.000	16.2255	0.2690	0.4627	0.3826	0.1694	0.2478	-0.8077	0.3428
75.000	17.1827	0.2684	0.4384	0.3686	0.1878	0.2227	-0.7953	0.3928
80.000	18.0103	0.2682	0.4178	0.3542	0.2026	0.1957	-0.7743	0.4473
85.000	18.6989	0.2672	0.4003	0.3398	0.2140	0.1674	-0.7448	0.5052
90.000	19.2426	0.2649	0.3853	0.3255	0.2221	0.1384	-0.7064	0.5654
95.000	19.6392	0.2608	0.3722	0.3113	0.2272	0.1090	-0.6588	0.6267
100.000	19.8907	0.2544	0.3607	0.2973	0.2293	0.0795	-0.6013	0.6878
105.000	20.0033	0.2456	0.3504	0.2835	0.2283	0.0504	-0.5334	0.7471
110.000	19.9873	0.2341	0.3407	0.2699	0.2244	0.0220	-0.4545	0.8029
115.000	19.8571	0.2200	0.3313	0.2564	0.2173	-0.0052	-0.3641	0.8531
120.000	19.6304	0.2034	0.3216	0.2428	0.2071	-0.0307	-0.2622	0.8953
125.000	19.3272	0.1845	0.3110	0.2290	0.1938	-0.0538	-0.1491	0.9268
130.000	18.9692	0.1637	0.2989	0.2147	0.1774	-0.0740	-0.0257	0.9446
135.000	18.5780	0.1415	0.2847	0.1996	0.1583	-0.0902	0.1062	0.9457
140.000	18.1745	0.1186	0.2676	0.1834	0.1368	-0.1019	0.2439	0.9270
145.000	17.7780	0.0957	0.2471	0.1659	0.1137	-0.1082	0.3837	0.8862
150.000	17.4051	0.0736	0.2227	0.1468	0.0898	-0.1086	0.5211	0.8216
155.000	17.0697	0.0531	0.1942	0.1260	0.0665	-0.1030	0.6508	0.7326
160.000	16.7827	0.0351	0.1615	0.1035	0.0449	-0.0912	0.7672	0.6200
165.000	16.5523	0.0202	0.1250	0.0793	0.0263	-0.0740	0.8648	0.4861
170.000	16.3841	0.0091	0.0853	0.0537	0.0121	-0.0521	0.9385	0.3346
175.000	16.2819	0.0023	0.0432	0.0271	0.0031	-0.0269	0.9844	0.1705
180.000	16.2476	0.0000	0.0000	0.0000	0.0000	0.0000	1.0000	0.0000
