0.000	4.9836	0.0000	0.0000	0.0000	0.0000	0.0000	1.0000	0.0000
5.000	4.9188	0.0356	0.2174	0.0390	-0.0091	-0.0342	0.9606	0.1701
10.000	4.7893	0.1319	0.4333	0.0892	-0.0337	-0.0517	0.8322	0.3264
15.000	4.7435	0.2560	0.6264	0.1548	-0.0645	-0.0384	0.6021	0.4448
20.000	4.9211	0.3597	0.7592	0.2273	-0.0866	0.0083	0.2954	0.5010
25.000	5.3901	0.4105	0.8107	0.2904	-0.0887	0.0735	-0.0207	0.4949
30.000	6.1426	0.4115	0.7952	0.3339	-0.0711	0.1363	-0.2850	0.4528
35.000	7.1238	0.3855	0.7438	0.3578	-0.0413	0.1841	-0.4770	0.4038
40.000	8.2629	0.3521	0.6813	0.3675	-0.0071	0.2148	-0.6061	0.3651
45.000	9.4923	0.3219	0.6208	0.3681	0.0269	0.2308	-0.6895	0.3424
50.000	10.7555	0.2983	0.5670	0.3634	0.0583	0.2356	-0.7417	0.3356
55.000	12.0073	0.2815	0.5210	0.3557	0.0864	0.2322	-0.7726	0.3428
60.000	13.2125	0.2705	0.4822	0.3461	0.1108	0.2228	-0.7883	0.3616
65.000	14.3435	0.2636	0.4497	0.3354	0.1316	0.2089	-0.7923	0.3900
70.000	15.3786	0.2596	0.4223	0.3239	0.1490	0.1917	-0.7865	0.4262
75.000	16.3015	0.2573	0.3993	0.3119	0.1632	0.1720	-0.7719	0.4687
80.000	17.1000	0.2554	0.3797	0.2995	0.1743	0.1503	-0.7488	0.5163
85.000	17.7659	0.2533	0.3631	0.2868	0.1826	0.1272	-0.7173	0.5676
90.000	18.2947	0.2501	0.3487	0.2740	0.1880	0.1033	-0.6772	0.6216
95.000	18.6854	0.2452	0.3362	0.2611	0.1908	0.0789	-0.6280	0.6768
100.000	18.9400	0.2384	0.3250	0.2483	0.1911	0.0545	-0.5694	0.7318
105.000	19.0640	0.2294	0.3148	0.2357	0.1888	0.0306	-0.5009	0.7851
110.000	19.0659	0.2181	0.3053	0.2234	0.1840	0.0076	-0.4222	0.8349
115.000	18.9579	0.2045	0.2959	0.2113	0.1768	-0.0141	-0.3329	0.8792
120.000	18.7553	0.1888	0.2863	0.1994	0.1673	-0.0339	-0.2328	0.9158
125.000	18.4762	0.1713	0.2760	0.1875	0.1555	-0.0516	-0.1223	0.9422
130.000	18.1413	0.1523	0.2646	0.1755	0.1416	-0.0666	-0.0022	0.9556
135.000	17.7722	0.1322	0.2514	0.1629	0.1257	-0.0784	0.1262	0.9529
140.000	17.3904	0.1114	0.2358	0.1496	0.1083	-0.0865	0.2603	0.9313
145.000	17.0161	0.0905	0.2174	0.1352	0.0897	-0.0904	0.3968	0.8884
150.000	16.6666	0.0701	0.1957	0.1196	0.0708	-0.0898	0.5311	0.8222
155.000	16.3557	0.0510	0.1704	0.1025	0.0523	-0.0844	0.6581	0.7321
160.000	16.0934	0.0339	0.1416	0.0841	0.0352	-0.0744	0.7721	0.6188
165.000	15.8860	0.0197	0.1095	0.0643	0.0207	-0.0601	0.8676	0.4847
170.000	15.7368	0.0090	0.0747	0.0435	0.0095	-0.0422	0.9398	0.3333
175.000	15.6471	0.0023	0.0379	0.0220	0.0024	-0.0218	0.9847	0.1698
180.000	15.6171	0.0000	0.0000	0.0000	0.0000	0.0000	1.0000	0.0000
