0.000	21.1158	0.0000	0.0000	0.0000	0.0000	0.0000	1.0000	0.0000
5.000	20.1755	0.0469	0.0385	0.0093	-0.0127	-0.0069	0.9967	-0.0532
10.000	17.9440	0.1781	0.0831	0.0244	-0.0503	-0.0045	0.9740	-0.1032
15.000	15.5394	0.3620	0.1361	0.0500	-0.1079	0.0160	0.9061	-0.1416
20.000	13.6729	0.5494	0.1942	0.0875	-0.1718	0.0593	0.7811	-0.1580
25.000	12.4806	0.6980	0.2510	0.1338	-0.2237	0.1208	0.6173	-0.1481
30.000	11.8108	0.7926	0.3021	0.1837	-0.2517	0.1900	0.4484	-0.1168
35.000	11.4638	0.8416	0.3466	0.2332	-0.2537	0.2571	0.3001	-0.0734
40.000	11.2836	0.8609	0.3861	0.2806	-0.2337	0.3161	0.1827	-0.0258
45.000	11.1687	0.8639	0.4221	0.3255	-0.1970	0.3646	0.0961	0.0212
50.000	11.0593	0.8592	0.4563	0.3679	-0.1484	0.4017	0.0360	0.0654
55.000	10.9226	0.8514	0.4895	0.4083	-0.0915	0.4274	-0.0029	0.1058
60.000	10.7427	0.8427	0.5220	0.4468	-0.0289	0.4418	-0.0249	0.1424
65.000	10.5141	0.8339	0.5541	0.4836	0.0374	0.4451	-0.0336	0.1754
70.000	10.2376	0.8250	0.5857	0.5187	0.1056	0.4372	-0.0316	0.2051
75.000	9.9179	0.8154	0.6165	0.5519	0.1743	0.4183	-0.0210	0.2319
80.000	9.5621	0.8047	0.6461	0.5830	0.2417	0.3884	-0.0029	0.2563
85.000	9.1785	0.7919	0.6741	0.6116	0.3064	0.3476	0.0214	0.2784
90.000	8.7762	0.7763	0.6998	0.6375	0.3665	0.2964	0.0515	0.2987
95.000	8.3638	0.7570	0.7227	0.6600	0.4202	0.2356	0.0867	0.3174
100.000	7.9498	0.7332	0.7421	0.6787	0.4655	0.1663	0.1270	0.3345
105.000	7.5416	0.7042	0.7571	0.6929	0.5007	0.0903	0.1721	0.3502
110.000	7.1460	0.6694	0.7669	0.7020	0.5241	0.0098	0.2219	0.3641
115.000	6.7683	0.6285	0.7705	0.7052	0.5342	-0.0723	0.2766	0.3761
120.000	6.4133	0.5814	0.7671	0.7018	0.5301	-0.1528	0.3360	0.3856
125.000	6.0845	0.5285	0.7557	0.6908	0.5115	-0.2278	0.4000	0.3917
130.000	5.7845	0.4702	0.7352	0.6715	0.4789	-0.2935	0.4679	0.3933
135.000	5.5152	0.4079	0.7049	0.6431	0.4338	-0.3461	0.5391	0.3895
140.000	5.2774	0.3431	0.6641	0.6051	0.3783	-0.3822	0.6122	0.3788
145.000	5.0715	0.2778	0.6124	0.5573	0.3156	-0.3989	0.6855	0.3601
150.000	4.8970	0.2143	0.5498	0.4996	0.2496	-0.3948	0.7567	0.3326
155.000	4.7530	0.1551	0.4767	0.4326	0.1843	-0.3694	0.8233	0.2959
160.000	4.6381	0.1027	0.3941	0.3572	0.1239	-0.3237	0.8826	0.2500
165.000	4.5510	0.0593	0.3033	0.2745	0.0724	-0.2601	0.9320	0.1958
170.000	4.4900	0.0269	0.2059	0.1863	0.0330	-0.1819	0.9691	0.1347
175.000	4.4539	0.0068	0.1041	0.0941	0.0084	-0.0936	0.9922	0.0686
180.000	4.4420	0.0000	0.0000	0.0000	0.0000	0.0000	1.0000	0.0000
