0.000	6.4423	0.0000	0.0000	0.0000	0.0000	0.0000	1.0000	0.0000
5.000	6.3788	0.0163	0.0325	0.0065	0.0003	-0.0060	0.9856	0.1651
10.000	6.2150	0.0623	0.0651	0.0143	0.0012	-0.0105	0.9395	0.3308
15.000	6.0188	0.1296	0.0971	0.0246	0.0031	-0.0122	0.8550	0.4932
20.000	5.8691	0.2044	0.1265	0.0374	0.0067	-0.0100	0.7283	0.6427
25.000	5.8283	0.2707	0.1503	0.0520	0.0120	-0.0038	0.5652	0.7663
30.000	5.9282	0.3164	0.1665	0.0668	0.0189	0.0052	0.3826	0.8543
35.000	6.1717	0.3373	0.1744	0.0801	0.0268	0.0152	0.2019	0.9058
40.000	6.5409	0.3369	0.1755	0.0907	0.0351	0.0245	0.0407	0.9276
45.000	7.0078	0.3223	0.1717	0.0983	0.0430	0.0320	-0.0919	0.9300
50.000	7.5413	0.3005	0.1652	0.1031	0.0502	0.0371	-0.1942	0.9227
55.000	8.1119	0.2765	0.1575	0.1057	0.0564	0.0398	-0.2686	0.9127
60.000	8.6936	0.2533	0.1496	0.1066	0.0617	0.0405	-0.3190	0.9042
65.000	9.2647	0.2322	0.1419	0.1060	0.0659	0.0394	-0.3494	0.8995
70.000	9.8078	0.2137	0.1349	0.1044	0.0692	0.0368	-0.3630	0.8995
75.000	10.3095	0.1977	0.1285	0.1020	0.0715	0.0330	-0.3622	0.9041
80.000	10.7599	0.1837	0.1228	0.0990	0.0729	0.0282	-0.3489	0.9128
85.000	11.1522	0.1711	0.1177	0.0955	0.0735	0.0227	-0.3242	0.9246
90.000	11.4822	0.1596	0.1132	0.0916	0.0731	0.0168	-0.2891	0.9386
95.000	11.7482	0.1487	0.1090	0.0874	0.0720	0.0106	-0.2443	0.9532
100.000	11.9500	0.1379	0.1052	0.0830	0.0700	0.0043	-0.1904	0.9673
105.000	12.0894	0.1273	0.1015	0.0786	0.0673	-0.0019	-0.1279	0.9792
110.000	12.1694	0.1165	0.0979	0.0740	0.0639	-0.0077	-0.0572	0.9874
115.000	12.1949	0.1057	0.0942	0.0695	0.0598	-0.0131	0.0210	0.9902
120.000	12.1721	0.0948	0.0904	0.0649	0.0552	-0.0179	0.1061	0.9861
125.000	12.1087	0.0839	0.0862	0.0602	0.0500	-0.0219	0.1972	0.9733
130.000	12.0135	0.0731	0.0817	0.0555	0.0444	-0.0251	0.2931	0.9500
135.000	11.8962	0.0624	0.0766	0.0507	0.0385	-0.0273	0.3922	0.9147
140.000	11.7665	0.0519	0.0709	0.0457	0.0324	-0.0284	0.4925	0.8660
145.000	11.6336	0.0418	0.0645	0.0406	0.0263	-0.0284	0.5914	0.8028
150.000	11.5057	0.0322	0.0573	0.0353	0.0203	-0.0272	0.6862	0.7245
155.000	11.3896	0.0234	0.0493	0.0297	0.0148	-0.0249	0.7736	0.6314
160.000	11.2902	0.0156	0.0405	0.0240	0.0098	-0.0215	0.8504	0.5243
165.000	11.2108	0.0090	0.0310	0.0182	0.0057	-0.0171	0.9137	0.4050
170.000	11.1533	0.0041	0.0210	0.0122	0.0026	-0.0118	0.9610	0.2758
175.000	11.1186	0.0010	0.0106	0.0061	0.0007	-0.0061	0.9901	0.1397
180.000	11.1070	0.0000	0.0000	0.0000	0.0000	0.0000	1.0000	0.0000
