0.000	5.5859	0.0000	0.0000	0.0000	0.0000	0.0000	1.0000	0.0000
5.000	5.5018	0.0327	0.1500	0.0251	-0.0045	-0.0217	0.9694	0.1921
10.000	5.3136	0.1229	0.3019	0.0589	-0.0166	-0.0324	0.8672	0.3792
15.000	5.1717	0.2442	0.4451	0.1063	-0.0315	-0.0218	0.6761	0.5431
20.000	5.2266	0.3534	0.5552	0.1637	-0.0412	0.0137	0.4040	0.6546
25.000	5.5645	0.4143	0.6117	0.2196	-0.0390	0.0655	0.1013	0.6973
30.000	6.1946	0.4213	0.6165	0.2633	-0.0241	0.1180	-0.1698	0.6844
35.000	7.0720	0.3936	0.5885	0.2912	-0.0009	0.1598	-0.3765	0.6452
40.000	8.1277	0.3531	0.5472	0.3059	0.0257	0.1874	-0.5186	0.6039
45.000	9.2911	0.3136	0.5047	0.3113	0.0521	0.2019	-0.6098	0.5731
50.000	10.5010	0.2807	0.4663	0.3108	0.0768	0.2063	-0.6649	0.5566
55.000	11.7088	0.2554	0.4335	0.3065	0.0989	0.2029	-0.6949	0.5541
60.000	12.8774	0.2369	0.4062	0.2998	0.1181	0.1939	-0.7067	0.5637
65.000	13.9796	0.2237	0.3837	0.2915	0.1344	0.1806	-0.7049	0.5833
70.000	14.9953	0.2143	0.3651	0.2822	0.1478	0.1644	-0.6918	0.6108
75.000	15.9102	0.2074	0.3496	0.2721	0.1583	0.1459	-0.6689	0.6442
80.000	16.7141	0.2020	0.3367	0.2615	0.1661	0.1260	-0.6371	0.6818
85.000	17.4006	0.1973	0.3256	0.2506	0.1713	0.1051	-0.5966	0.7222
90.000	17.9662	0.1925	0.3159	0.2394	0.1738	0.0837	-0.5476	0.7637
95.000	18.4105	0.1873	0.3073	0.2280	0.1738	0.0623	-0.4901	0.8051
100.000	18.7357	0.1812	0.2992	0.2166	0.1714	0.0414	-0.4241	0.8447
105.000	18.9464	0.1740	0.2914	0.2050	0.1667	0.0212	-0.3494	0.8812
110.000	19.0497	0.1656	0.2835	0.1934	0.1598	0.0021	-0.2662	0.9128
115.000	19.0550	0.1558	0.2751	0.1817	0.1509	-0.0155	-0.1747	0.9378
120.000	18.9731	0.1446	0.2659	0.1698	0.1401	-0.0313	-0.0754	0.9544
125.000	18.8168	0.1320	0.2556	0.1578	0.1277	-0.0448	0.0310	0.9607
130.000	18.6002	0.1182	0.2437	0.1456	0.1139	-0.0559	0.1433	0.9546
135.000	18.3383	0.1033	0.2300	0.1330	0.0991	-0.0641	0.2599	0.9342
140.000	18.0464	0.0877	0.2141	0.1200	0.0837	-0.0692	0.3785	0.8977
145.000	17.7406	0.0717	0.1957	0.1067	0.0680	-0.0709	0.4965	0.8436
150.000	17.4365	0.0560	0.1747	0.0928	0.0528	-0.0693	0.6106	0.7711
155.000	17.1491	0.0410	0.1510	0.0784	0.0384	-0.0643	0.7170	0.6797
160.000	16.8924	0.0274	0.1246	0.0635	0.0256	-0.0560	0.8118	0.5701
165.000	16.6788	0.0160	0.0959	0.0481	0.0149	-0.0449	0.8908	0.4440
170.000	16.5184	0.0073	0.0651	0.0323	0.0068	-0.0314	0.9503	0.3043
175.000	16.4190	0.0019	0.0329	0.0162	0.0017	-0.0161	0.9874	0.1547
180.000	16.3853	0.0000	0.0000	0.0000	0.0000	0.0000	1.0000	0.0000
