0.000	7.1538	0.0000	0.0000	0.0000	0.0000	0.0000	1.0000	0.0000
5.000	7.0362	0.0371	0.2454	0.0444	-0.0151	-0.0374	0.9672	0.0571
10.000	6.7873	0.1378	0.4922	0.1056	-0.0568	-0.0511	0.8563	0.1038
15.000	6.6395	0.2680	0.7173	0.1914	-0.1111	-0.0208	0.6488	0.1286
20.000	6.7991	0.3778	0.8770	0.2917	-0.1542	0.0561	0.3612	0.1256
25.000	7.3539	0.4337	0.9452	0.3841	-0.1666	0.1566	0.0555	0.1032
30.000	8.2787	0.4393	0.9370	0.4523	-0.1467	0.2509	-0.2076	0.0777
35.000	9.4858	0.4177	0.8875	0.4944	-0.1054	0.3218	-0.4048	0.0618
40.000	10.8726	0.3887	0.8247	0.5162	-0.0546	0.3668	-0.5423	0.0601
45.000	12.3471	0.3628	0.7636	0.5242	-0.0021	0.3896	-0.6349	0.0724
50.000	13.8364	0.3432	0.7096	0.5235	0.0481	0.3954	-0.6962	0.0968
55.000	15.2863	0.3299	0.6641	0.5170	0.0941	0.3884	-0.7352	0.1312
60.000	16.6571	0.3217	0.6262	0.5068	0.1351	0.3719	-0.7579	0.1737
65.000	17.9201	0.3170	0.5950	0.4941	0.1709	0.3482	-0.7678	0.2227
70.000	19.0543	0.3145	0.5693	0.4796	0.2014	0.3193	-0.7667	0.2768
75.000	20.0446	0.3130	0.5479	0.4639	0.2267	0.2864	-0.7560	0.3348
80.000	20.8800	0.3115	0.5300	0.4474	0.2469	0.2508	-0.7361	0.3957
85.000	21.5536	0.3095	0.5149	0.4304	0.2621	0.2134	-0.7072	0.4583
90.000	22.0618	0.3062	0.5018	0.4130	0.2726	0.1750	-0.6692	0.5218
95.000	22.4045	0.3014	0.4903	0.3953	0.2784	0.1362	-0.6220	0.5849
100.000	22.5853	0.2946	0.4798	0.3776	0.2798	0.0979	-0.5653	0.6467
105.000	22.6113	0.2855	0.4698	0.3597	0.2769	0.0604	-0.4988	0.7057
110.000	22.4932	0.2741	0.4598	0.3416	0.2698	0.0245	-0.4220	0.7607
115.000	22.2451	0.2601	0.4492	0.3234	0.2589	-0.0093	-0.3349	0.8098
120.000	21.8843	0.2434	0.4376	0.3048	0.2442	-0.0403	-0.2374	0.8512
125.000	21.4308	0.2241	0.4242	0.2858	0.2261	-0.0679	-0.1297	0.8826
130.000	20.9065	0.2023	0.4083	0.2662	0.2050	-0.0914	-0.0124	0.9015
135.000	20.3351	0.1783	0.3893	0.2458	0.1812	-0.1100	0.1131	0.9052
140.000	19.7407	0.1526	0.3663	0.2244	0.1553	-0.1230	0.2448	0.8909
145.000	19.1474	0.1259	0.3386	0.2017	0.1282	-0.1298	0.3797	0.8560
150.000	18.5787	0.0989	0.3056	0.1775	0.1009	-0.1297	0.5139	0.7982
155.000	18.0564	0.0730	0.2670	0.1516	0.0744	-0.1227	0.6424	0.7163
160.000	17.6001	0.0491	0.2225	0.1240	0.0502	-0.1086	0.7596	0.6101
165.000	17.2267	0.0288	0.1726	0.0948	0.0294	-0.0881	0.8593	0.4811
170.000	16.9499	0.0132	0.1180	0.0641	0.0135	-0.0621	0.9356	0.3327
175.000	16.7797	0.0034	0.0599	0.0323	0.0034	-0.0321	0.9836	0.1701
180.000	16.7223	0.0000	0.0000	0.0000	0.0000	0.0000	1.0000	0.0000
