0.000	7.5494	0.0000	0.0000	0.0000	0.0000	0.0000	1.0000	0.0000
5.000	7.5035	0.0085	0.0061	0.0024	0.0004	-0.0023	0.9930	0.1179
10.000	7.3779	0.0331	0.0120	0.0050	0.0016	-0.0043	0.9710	0.2364
15.000	7.2051	0.0702	0.0178	0.0081	0.0037	-0.0059	0.9320	0.3551
20.000	7.0267	0.1148	0.0230	0.0118	0.0066	-0.0069	0.8741	0.4715
25.000	6.8819	0.1605	0.0276	0.0160	0.0101	-0.0071	0.7971	0.5816
30.000	6.7988	0.2012	0.0312	0.0206	0.0141	-0.0067	0.7040	0.6805
35.000	6.7918	0.2324	0.0337	0.0252	0.0183	-0.0056	0.6007	0.7644
40.000	6.8627	0.2520	0.0351	0.0296	0.0225	-0.0042	0.4948	0.8311
45.000	7.0040	0.2604	0.0355	0.0335	0.0262	-0.0028	0.3935	0.8812
50.000	7.2028	0.2593	0.0351	0.0366	0.0296	-0.0014	0.3024	0.9168
55.000	7.4440	0.2513	0.0341	0.0391	0.0323	-0.0004	0.2250	0.9411
60.000	7.7122	0.2388	0.0329	0.0408	0.0344	0.0002	0.1629	0.9570
65.000	7.9932	0.2238	0.0315	0.0418	0.0360	0.0004	0.1164	0.9674
70.000	8.2744	0.2077	0.0300	0.0423	0.0370	0.0001	0.0849	0.9743
75.000	8.5457	0.1914	0.0286	0.0422	0.0375	-0.0005	0.0676	0.9790
80.000	8.7989	0.1754	0.0273	0.0418	0.0375	-0.0015	0.0632	0.9822
85.000	9.0276	0.1601	0.0261	0.0409	0.0371	-0.0028	0.0707	0.9844
90.000	9.2275	0.1455	0.0250	0.0398	0.0363	-0.0043	0.0889	0.9852
95.000	9.3956	0.1316	0.0240	0.0384	0.0351	-0.0059	0.1170	0.9842
100.000	9.5303	0.1184	0.0230	0.0368	0.0335	-0.0075	0.1538	0.9808
105.000	9.6312	0.1059	0.0221	0.0350	0.0317	-0.0092	0.1986	0.9742
110.000	9.6991	0.0941	0.0213	0.0332	0.0296	-0.0107	0.2503	0.9634
115.000	9.7358	0.0829	0.0204	0.0312	0.0273	-0.0121	0.3081	0.9475
120.000	9.7440	0.0725	0.0195	0.0292	0.0247	-0.0132	0.3711	0.9256
125.000	9.7276	0.0626	0.0186	0.0271	0.0221	-0.0140	0.4382	0.8965
130.000	9.6913	0.0535	0.0175	0.0250	0.0193	-0.0146	0.5082	0.8594
135.000	9.6402	0.0449	0.0164	0.0227	0.0165	-0.0147	0.5797	0.8135
140.000	9.5798	0.0368	0.0151	0.0204	0.0137	-0.0145	0.6512	0.7579
145.000	9.5154	0.0293	0.0137	0.0181	0.0110	-0.0139	0.7208	0.6924
150.000	9.4516	0.0224	0.0121	0.0156	0.0084	-0.0129	0.7867	0.6168
155.000	9.3925	0.0162	0.0104	0.0131	0.0061	-0.0115	0.8468	0.5315
160.000	9.3411	0.0107	0.0085	0.0106	0.0040	-0.0097	0.8992	0.4373
165.000	9.2997	0.0062	0.0065	0.0080	0.0023	-0.0076	0.9421	0.3353
170.000	9.2694	0.0028	0.0044	0.0053	0.0010	-0.0052	0.9739	0.2271
175.000	9.2510	0.0007	0.0022	0.0027	0.0003	-0.0027	0.9934	0.1147
180.000	9.2448	0.0000	0.0000	0.0000	0.0000	0.0000	1.0000	0.0000
