0.000	7.6141	0.0000	0.0000	0.0000	0.0000	0.0000	1.0000	0.0000
5.000	7.5438	0.0129	0.0131	0.0038	0.0006	-0.0036	0.9916	0.1283
10.000	7.3541	0.0498	0.0263	0.0083	0.0024	-0.0066	0.9643	0.2587
15.000	7.1007	0.1055	0.0392	0.0140	0.0055	-0.0084	0.9136	0.3909
20.000	6.8527	0.1713	0.0515	0.0212	0.0100	-0.0086	0.8346	0.5213
25.000	6.6715	0.2360	0.0623	0.0298	0.0157	-0.0069	0.7267	0.6426
30.000	6.5970	0.2888	0.0706	0.0391	0.0223	-0.0034	0.5961	0.7465
35.000	6.6444	0.3227	0.0762	0.0483	0.0293	0.0012	0.4546	0.8276
40.000	6.8088	0.3364	0.0789	0.0565	0.0361	0.0062	0.3162	0.8846
45.000	7.0721	0.3329	0.0794	0.0633	0.0422	0.0106	0.1923	0.9209
50.000	7.4104	0.3175	0.0783	0.0683	0.0474	0.0141	0.0895	0.9420
55.000	7.7989	0.2952	0.0763	0.0716	0.0517	0.0163	0.0099	0.9535
60.000	8.2149	0.2702	0.0739	0.0735	0.0550	0.0173	-0.0471	0.9599
65.000	8.6393	0.2451	0.0714	0.0742	0.0573	0.0171	-0.0838	0.9642
70.000	9.0566	0.2214	0.0690	0.0739	0.0588	0.0159	-0.1026	0.9682
75.000	9.4550	0.1997	0.0669	0.0728	0.0596	0.0139	-0.1061	0.9726
80.000	9.8258	0.1802	0.0649	0.0710	0.0596	0.0112	-0.0962	0.9775
85.000	10.1625	0.1629	0.0632	0.0688	0.0589	0.0080	-0.0746	0.9824
90.000	10.4610	0.1474	0.0616	0.0662	0.0577	0.0046	-0.0428	0.9868
95.000	10.7186	0.1335	0.0601	0.0632	0.0558	0.0009	-0.0018	0.9897
100.000	10.9343	0.1208	0.0587	0.0601	0.0534	-0.0027	0.0475	0.9902
105.000	11.1082	0.1092	0.0572	0.0567	0.0505	-0.0062	0.1040	0.9872
110.000	11.2415	0.0982	0.0556	0.0532	0.0471	-0.0095	0.1671	0.9797
115.000	11.3368	0.0878	0.0538	0.0496	0.0434	-0.0125	0.2358	0.9665
120.000	11.3973	0.0777	0.0519	0.0459	0.0393	-0.0151	0.3092	0.9466
125.000	11.4271	0.0679	0.0496	0.0421	0.0350	-0.0171	0.3861	0.9188
130.000	11.4310	0.0584	0.0470	0.0383	0.0305	-0.0186	0.4652	0.8821
135.000	11.4142	0.0492	0.0441	0.0345	0.0260	-0.0195	0.5451	0.8359
140.000	11.3819	0.0403	0.0407	0.0307	0.0215	-0.0197	0.6240	0.7793
145.000	11.3395	0.0319	0.0369	0.0269	0.0171	-0.0192	0.7002	0.7123
150.000	11.2919	0.0242	0.0327	0.0230	0.0131	-0.0181	0.7717	0.6347
155.000	11.2436	0.0172	0.0280	0.0192	0.0094	-0.0162	0.8365	0.5470
160.000	11.1987	0.0113	0.0230	0.0153	0.0061	-0.0138	0.8926	0.4501
165.000	11.1603	0.0064	0.0176	0.0115	0.0035	-0.0108	0.9384	0.3452
170.000	11.1311	0.0029	0.0119	0.0077	0.0016	-0.0075	0.9722	0.2338
175.000	11.1128	0.0007	0.0060	0.0038	0.0004	-0.0038	0.9930	0.1181
180.000	11.1066	0.0000	0.0000	0.0000	0.0000	0.0000	1.0000	0.0000
