0.000	12.0553	0.0000	0.0000	0.0000	0.0000	0.0000	1.0000	0.0000
5.000	11.8058	0.0334	0.1916	0.0387	-0.0173	-0.0322	0.9800	-0.0440
10.000	11.2231	0.1253	0.3886	0.0934	-0.0659	-0.0424	0.9094	-0.0940
15.000	10.6676	0.2496	0.5805	0.1734	-0.1326	-0.0112	0.7684	-0.1504
20.000	10.4438	0.3675	0.7396	0.2743	-0.1936	0.0667	0.5562	-0.2047
25.000	10.6725	0.4483	0.8414	0.3789	-0.2253	0.1745	0.3059	-0.2445
30.000	11.3188	0.4860	0.8843	0.4693	-0.2190	0.2849	0.0632	-0.2623
35.000	12.2745	0.4935	0.8849	0.5373	-0.1817	0.3770	-0.1423	-0.2581
40.000	13.4211	0.4863	0.8626	0.5835	-0.1255	0.4430	-0.3033	-0.2365
45.000	14.6582	0.4750	0.8313	0.6122	-0.0607	0.4832	-0.4244	-0.2020
50.000	15.9095	0.4647	0.7986	0.6279	0.0058	0.5014	-0.5139	-0.1581
55.000	17.1198	0.4571	0.7679	0.6340	0.0700	0.5018	-0.5789	-0.1072
60.000	18.2501	0.4520	0.7406	0.6332	0.1296	0.4881	-0.6249	-0.0509
65.000	19.2721	0.4489	0.7168	0.6273	0.1835	0.4633	-0.6556	0.0097
70.000	20.1657	0.4468	0.6963	0.6176	0.2310	0.4299	-0.6733	0.0738
75.000	20.9164	0.4448	0.6788	0.6050	0.2720	0.3898	-0.6796	0.1406
80.000	21.5142	0.4422	0.6638	0.5904	0.3062	0.3447	-0.6753	0.2095
85.000	21.9532	0.4383	0.6508	0.5742	0.3337	0.2959	-0.6610	0.2799
90.000	22.2311	0.4327	0.6394	0.5569	0.3546	0.2447	-0.6366	0.3510
95.000	22.3493	0.4249	0.6292	0.5387	0.3689	0.1921	-0.6022	0.4220
100.000	22.3129	0.4146	0.6198	0.5198	0.3768	0.1389	-0.5575	0.4920
105.000	22.1305	0.4013	0.6107	0.5003	0.3784	0.0862	-0.5021	0.5600
110.000	21.8143	0.3850	0.6013	0.4802	0.3738	0.0348	-0.4355	0.6246
115.000	21.3796	0.3654	0.5911	0.4593	0.3631	-0.0143	-0.3574	0.6843
120.000	20.8448	0.3423	0.5792	0.4377	0.3465	-0.0601	-0.2676	0.7373
125.000	20.2303	0.3158	0.5650	0.4149	0.3244	-0.1016	-0.1661	0.7811
130.000	19.5586	0.2859	0.5473	0.3907	0.2970	-0.1375	-0.0532	0.8133
135.000	18.8533	0.2530	0.5252	0.3648	0.2650	-0.1665	0.0700	0.8309
140.000	18.1386	0.2176	0.4974	0.3365	0.2293	-0.1875	0.2017	0.8307
145.000	17.4386	0.1804	0.4629	0.3056	0.1910	-0.1992	0.3390	0.8096
150.000	16.7766	0.1426	0.4206	0.2716	0.1515	-0.2005	0.4779	0.7649
155.000	16.1745	0.1058	0.3697	0.2342	0.1125	-0.1907	0.6131	0.6943
160.000	15.6522	0.0716	0.3099	0.1931	0.0763	-0.1698	0.7381	0.5973
165.000	15.2269	0.0422	0.2415	0.1486	0.0450	-0.1384	0.8458	0.4748
170.000	14.9127	0.0194	0.1657	0.1010	0.0207	-0.0979	0.9291	0.3304
175.000	14.7199	0.0050	0.0843	0.0511	0.0053	-0.0507	0.9819	0.1696
180.000	14.6548	0.0000	0.0000	0.0000	0.0000	0.0000	1.0000	0.0000
