0.000	21.3698	0.0000	0.0000	0.0000	0.0000	0.0000	1.0000	0.0000
5.000	20.4027	0.0463	0.0330	0.0068	-0.0130	-0.0044	0.9958	-0.0707
10.000	18.1122	0.1749	0.0704	0.0188	-0.0515	0.0008	0.9708	-0.1402
15.000	15.6424	0.3537	0.1134	0.0403	-0.1101	0.0244	0.9004	-0.2009
20.000	13.7027	0.5355	0.1589	0.0727	-0.1747	0.0704	0.7745	-0.2408
25.000	12.4208	0.6816	0.2020	0.1133	-0.2276	0.1342	0.6111	-0.2534
30.000	11.6485	0.7787	0.2398	0.1580	-0.2574	0.2058	0.4409	-0.2412
35.000	11.1993	0.8340	0.2721	0.2034	-0.2619	0.2760	0.2865	-0.2119
40.000	10.9306	0.8611	0.3004	0.2476	-0.2448	0.3391	0.1575	-0.1730
45.000	10.7494	0.8716	0.3261	0.2904	-0.2113	0.3924	0.0540	-0.1294
50.000	10.5982	0.8732	0.3506	0.3319	-0.1659	0.4353	-0.0272	-0.0838
55.000	10.4408	0.8701	0.3748	0.3725	-0.1124	0.4680	-0.0900	-0.0374
60.000	10.2541	0.8647	0.3993	0.4125	-0.0530	0.4910	-0.1378	0.0093
65.000	10.0237	0.8581	0.4245	0.4522	0.0106	0.5047	-0.1730	0.0562
70.000	9.7422	0.8507	0.4505	0.4917	0.0774	0.5095	-0.1972	0.1034
75.000	9.4079	0.8425	0.4775	0.5312	0.1469	0.5053	-0.2112	0.1509
80.000	9.0247	0.8334	0.5051	0.5703	0.2186	0.4918	-0.2153	0.1988
85.000	8.6012	0.8230	0.5329	0.6088	0.2920	0.4682	-0.2097	0.2470
90.000	8.1493	0.8106	0.5603	0.6464	0.3662	0.4335	-0.1939	0.2954
95.000	7.6826	0.7954	0.5864	0.6823	0.4397	0.3867	-0.1676	0.3435
100.000	7.2154	0.7765	0.6103	0.7159	0.5105	0.3270	-0.1305	0.3905
105.000	6.7603	0.7530	0.6308	0.7465	0.5759	0.2541	-0.0822	0.4352
110.000	6.3279	0.7237	0.6470	0.7731	0.6323	0.1684	-0.0229	0.4760
115.000	5.9260	0.6880	0.6578	0.7947	0.6759	0.0717	0.0470	0.5112
120.000	5.5594	0.6452	0.6624	0.8101	0.7029	-0.0330	0.1266	0.5386
125.000	5.2304	0.5953	0.6601	0.8180	0.7097	-0.1412	0.2146	0.5563
130.000	4.9397	0.5383	0.6501	0.8167	0.6940	-0.2468	0.3090	0.5627
135.000	4.6865	0.4750	0.6316	0.8040	0.6547	-0.3430	0.4076	0.5563
140.000	4.4697	0.4067	0.6037	0.7779	0.5931	-0.4222	0.5076	0.5363
145.000	4.2877	0.3353	0.5652	0.7362	0.5121	-0.4771	0.6061	0.5028
150.000	4.1385	0.2632	0.5154	0.6771	0.4174	-0.5018	0.6996	0.4562
155.000	4.0200	0.1936	0.4536	0.6000	0.3162	-0.4921	0.7850	0.3978
160.000	3.9295	0.1300	0.3800	0.5051	0.2172	-0.4471	0.8592	0.3295
165.000	3.8638	0.0759	0.2957	0.3943	0.1289	-0.3689	0.9194	0.2535
170.000	3.8199	0.0347	0.2024	0.2705	0.0595	-0.2628	0.9638	0.1719
175.000	3.7948	0.0088	0.1029	0.1376	0.0152	-0.1366	0.9909	0.0868
180.000	3.7867	0.0000	0.0001	0.0001	0.0000	-0.0001	1.0000	0.0000
