0.000	6.9004	0.0000	0.0000	0.0000	0.0000	0.0000	1.0000	0.0000
5.000	6.8256	0.0159	0.0268	0.0056	0.0003	-0.0052	0.9876	0.1538
10.000	6.6286	0.0612	0.0539	0.0124	0.0015	-0.0091	0.9474	0.3095
15.000	6.3796	0.1286	0.0808	0.0215	0.0038	-0.0107	0.8724	0.4649
20.000	6.1625	0.2053	0.1060	0.0331	0.0076	-0.0088	0.7568	0.6122
25.000	6.0466	0.2757	0.1272	0.0467	0.0130	-0.0033	0.6029	0.7391
30.000	6.0714	0.3262	0.1421	0.0609	0.0200	0.0051	0.4245	0.8345
35.000	6.2451	0.3509	0.1500	0.0741	0.0280	0.0147	0.2425	0.8945
40.000	6.5530	0.3519	0.1516	0.0849	0.0361	0.0239	0.0759	0.9234
45.000	6.9677	0.3364	0.1488	0.0929	0.0439	0.0314	-0.0635	0.9308
50.000	7.4571	0.3120	0.1433	0.0981	0.0508	0.0365	-0.1720	0.9264
55.000	7.9903	0.2846	0.1366	0.1009	0.0568	0.0394	-0.2512	0.9180
60.000	8.5402	0.2578	0.1296	0.1018	0.0618	0.0400	-0.3050	0.9103
65.000	9.0842	0.2336	0.1229	0.1014	0.0657	0.0389	-0.3376	0.9060
70.000	9.6041	0.2123	0.1167	0.0998	0.0687	0.0363	-0.3525	0.9061
75.000	10.0862	0.1941	0.1112	0.0975	0.0708	0.0326	-0.3526	0.9106
80.000	10.5200	0.1783	0.1063	0.0946	0.0720	0.0280	-0.3397	0.9189
85.000	10.8983	0.1646	0.1019	0.0913	0.0724	0.0227	-0.3155	0.9303
90.000	11.2163	0.1524	0.0980	0.0877	0.0720	0.0171	-0.2809	0.9436
95.000	11.4719	0.1412	0.0944	0.0838	0.0709	0.0112	-0.2365	0.9576
100.000	11.6651	0.1305	0.0912	0.0798	0.0690	0.0053	-0.1829	0.9710
105.000	11.7978	0.1201	0.0881	0.0757	0.0664	-0.0006	-0.1205	0.9821
110.000	11.8738	0.1097	0.0851	0.0715	0.0631	-0.0062	-0.0498	0.9896
115.000	11.8984	0.0993	0.0821	0.0671	0.0591	-0.0115	0.0288	0.9917
120.000	11.8781	0.0887	0.0788	0.0627	0.0546	-0.0162	0.1143	0.9867
125.000	11.8204	0.0780	0.0754	0.0582	0.0495	-0.0202	0.2059	0.9728
130.000	11.7334	0.0672	0.0715	0.0536	0.0440	-0.0234	0.3021	0.9484
135.000	11.6254	0.0567	0.0671	0.0489	0.0381	-0.0257	0.4012	0.9119
140.000	11.5047	0.0464	0.0622	0.0440	0.0321	-0.0270	0.5009	0.8621
145.000	11.3789	0.0367	0.0566	0.0390	0.0260	-0.0271	0.5989	0.7980
150.000	11.2553	0.0277	0.0503	0.0339	0.0201	-0.0261	0.6924	0.7193
155.000	11.1402	0.0197	0.0433	0.0286	0.0146	-0.0239	0.7782	0.6262
160.000	11.0388	0.0128	0.0356	0.0231	0.0097	-0.0206	0.8536	0.5196
165.000	10.9555	0.0073	0.0273	0.0175	0.0056	-0.0164	0.9156	0.4011
170.000	10.8937	0.0033	0.0185	0.0117	0.0025	-0.0114	0.9618	0.2731
175.000	10.8557	0.0008	0.0093	0.0059	0.0006	-0.0058	0.9903	0.1383
180.000	10.8428	0.0000	0.0000	0.0000	0.0000	0.0000	1.0000	0.0000
