0.000	5.2046	0.0000	0.0000	0.0000	0.0000	0.0000	1.0000	0.0000
5.000	5.1226	0.0329	0.1635	0.0283	-0.0056	-0.0248	0.9683	0.1866
10.000	4.9374	0.1239	0.3294	0.0657	-0.0211	-0.0379	0.8625	0.3671
15.000	4.7926	0.2465	0.4862	0.1173	-0.0409	-0.0283	0.6646	0.5220
20.000	4.8313	0.3571	0.6066	0.1788	-0.0556	0.0083	0.3828	0.6220
25.000	5.1360	0.4185	0.6669	0.2377	-0.0568	0.0629	0.0700	0.6515
30.000	5.7157	0.4252	0.6691	0.2824	-0.0430	0.1189	-0.2092	0.6258
35.000	6.5285	0.3970	0.6343	0.3098	-0.0190	0.1637	-0.4212	0.5757
40.000	7.5100	0.3567	0.5847	0.3230	0.0092	0.1934	-0.5667	0.5260
45.000	8.5944	0.3180	0.5338	0.3264	0.0377	0.2093	-0.6607	0.4887
50.000	9.7245	0.2866	0.4875	0.3239	0.0643	0.2145	-0.7187	0.4674
55.000	10.8551	0.2635	0.4476	0.3177	0.0880	0.2116	-0.7521	0.4616
60.000	11.9511	0.2474	0.4139	0.3093	0.1086	0.2030	-0.7681	0.4691
65.000	12.9863	0.2369	0.3857	0.2995	0.1262	0.1901	-0.7712	0.4879
70.000	13.9405	0.2301	0.3621	0.2890	0.1408	0.1742	-0.7637	0.5157
75.000	14.7984	0.2258	0.3423	0.2780	0.1526	0.1561	-0.7470	0.5509
80.000	15.5483	0.2225	0.3256	0.2667	0.1618	0.1366	-0.7216	0.5917
85.000	16.1819	0.2194	0.3113	0.2553	0.1684	0.1160	-0.6877	0.6367
90.000	16.6939	0.2158	0.2990	0.2440	0.1728	0.0949	-0.6451	0.6845
95.000	17.0827	0.2109	0.2883	0.2327	0.1748	0.0735	-0.5936	0.7337
100.000	17.3496	0.2046	0.2788	0.2215	0.1747	0.0522	-0.5326	0.7827
105.000	17.4999	0.1964	0.2701	0.2105	0.1723	0.0312	-0.4617	0.8300
110.000	17.5420	0.1862	0.2620	0.1996	0.1678	0.0110	-0.3807	0.8737
115.000	17.4877	0.1741	0.2539	0.1887	0.1611	-0.0083	-0.2892	0.9117
120.000	17.3512	0.1600	0.2456	0.1777	0.1522	-0.0261	-0.1874	0.9417
125.000	17.1487	0.1443	0.2366	0.1667	0.1412	-0.0420	-0.0759	0.9610
130.000	16.8976	0.1273	0.2264	0.1553	0.1282	-0.0556	0.0443	0.9670
135.000	16.6155	0.1094	0.2146	0.1434	0.1135	-0.0663	0.1712	0.9571
140.000	16.3192	0.0911	0.2007	0.1309	0.0973	-0.0737	0.3021	0.9286
145.000	16.0243	0.0731	0.1844	0.1176	0.0803	-0.0773	0.4337	0.8797
150.000	15.7443	0.0559	0.1654	0.1034	0.0630	-0.0769	0.5618	0.8091
155.000	15.4907	0.0401	0.1436	0.0883	0.0464	-0.0723	0.6817	0.7166
160.000	15.2725	0.0264	0.1189	0.0721	0.0312	-0.0636	0.7885	0.6030
165.000	15.0967	0.0151	0.0918	0.0550	0.0182	-0.0513	0.8774	0.4707
170.000	14.9679	0.0068	0.0624	0.0371	0.0083	-0.0360	0.9443	0.3229
175.000	14.8895	0.0017	0.0316	0.0187	0.0021	-0.0186	0.9859	0.1643
180.000	14.8631	0.0000	0.0000	0.0000	0.0000	0.0000	1.0000	0.0000
