0.000	20.9537	0.0000	0.0000	0.0000	0.0000	0.0000	1.0000	0.0000
5.000	19.9566	0.0501	0.0307	0.0069	-0.0127	-0.0047	0.9969	-0.0513
10.000	17.6185	0.1897	0.0668	0.0185	-0.0508	-0.0009	0.9735	-0.0984
15.000	15.1497	0.3836	0.1103	0.0389	-0.1094	0.0198	0.9013	-0.1321
20.000	13.2778	0.5779	0.1585	0.0692	-0.1745	0.0611	0.7692	-0.1412
25.000	12.1079	0.7275	0.2061	0.1070	-0.2276	0.1183	0.5991	-0.1226
30.000	11.4599	0.8189	0.2497	0.1481	-0.2573	0.1816	0.4277	-0.0830
35.000	11.1214	0.8633	0.2886	0.1896	-0.2618	0.2425	0.2810	-0.0327
40.000	10.9346	0.8783	0.3243	0.2302	-0.2453	0.2961	0.1679	0.0203
45.000	10.8002	0.8777	0.3581	0.2695	-0.2129	0.3406	0.0872	0.0712
50.000	10.6615	0.8702	0.3912	0.3078	-0.1691	0.3753	0.0336	0.1182
55.000	10.4890	0.8601	0.4241	0.3453	-0.1170	0.4002	0.0017	0.1604
60.000	10.2698	0.8496	0.4572	0.3823	-0.0590	0.4153	-0.0134	0.1979
65.000	10.0007	0.8392	0.4904	0.4186	0.0032	0.4206	-0.0151	0.2310
70.000	9.6848	0.8289	0.5235	0.4542	0.0681	0.4158	-0.0062	0.2601
75.000	9.3286	0.8181	0.5562	0.4889	0.1344	0.4008	0.0113	0.2856
80.000	8.9410	0.8062	0.5881	0.5223	0.2005	0.3753	0.0360	0.3077
85.000	8.5315	0.7923	0.6185	0.5540	0.2650	0.3391	0.0669	0.3268
90.000	8.1100	0.7757	0.6468	0.5834	0.3259	0.2926	0.1032	0.3433
95.000	7.6856	0.7553	0.6722	0.6099	0.3814	0.2360	0.1444	0.3572
100.000	7.2671	0.7303	0.6939	0.6327	0.4295	0.1704	0.1900	0.3687
105.000	6.8618	0.6999	0.7109	0.6511	0.4679	0.0973	0.2396	0.3780
110.000	6.4759	0.6636	0.7223	0.6642	0.4946	0.0189	0.2930	0.3850
115.000	6.1145	0.6209	0.7270	0.6710	0.5080	-0.0618	0.3499	0.3896
120.000	5.7813	0.5719	0.7241	0.6706	0.5069	-0.1415	0.4099	0.3915
125.000	5.4790	0.5170	0.7126	0.6620	0.4908	-0.2159	0.4726	0.3903
130.000	5.2092	0.4570	0.6917	0.6445	0.4602	-0.2811	0.5374	0.3852
135.000	4.9725	0.3934	0.6609	0.6173	0.4166	-0.3328	0.6035	0.3755
140.000	4.7686	0.3281	0.6197	0.5802	0.3625	-0.3677	0.6697	0.3602
145.000	4.5966	0.2632	0.5684	0.5332	0.3014	-0.3833	0.7346	0.3384
150.000	4.4546	0.2011	0.5073	0.4766	0.2373	-0.3781	0.7964	0.3095
155.000	4.3406	0.1442	0.4372	0.4114	0.1743	-0.3524	0.8533	0.2731
160.000	4.2521	0.0947	0.3594	0.3385	0.1166	-0.3075	0.9032	0.2293
165.000	4.1865	0.0543	0.2752	0.2594	0.0678	-0.2461	0.9442	0.1787
170.000	4.1415	0.0244	0.1862	0.1756	0.0308	-0.1716	0.9748	0.1225
175.000	4.1154	0.0062	0.0939	0.0886	0.0078	-0.0881	0.9936	0.0623
180.000	4.1068	0.0000	0.0000	0.0000	0.0000	0.0000	1.0000	0.0000
