0.000	21.0790	0.0000	0.0000	0.0000	0.0000	0.0000	1.0000	0.0000
5.000	20.2515	0.0418	0.0557	0.0155	-0.0130	-0.0124	0.9955	-0.0636
10.000	18.2473	0.1591	0.1184	0.0389	-0.0514	-0.0139	0.9713	-0.1266
15.000	16.0124	0.3259	0.1904	0.0766	-0.1100	0.0061	0.9043	-0.1829
20.000	14.2095	0.5012	0.2669	0.1304	-0.1748	0.0540	0.7821	-0.2223
25.000	13.0201	0.6464	0.3395	0.1957	-0.2276	0.1259	0.6175	-0.2370
30.000	12.3447	0.7443	0.4018	0.2648	-0.2551	0.2098	0.4401	-0.2277
35.000	12.0105	0.7990	0.4523	0.3315	-0.2541	0.2931	0.2760	-0.2007
40.000	11.8679	0.8235	0.4930	0.3925	-0.2282	0.3672	0.1385	-0.1635
45.000	11.8120	0.8305	0.5269	0.4470	-0.1834	0.4280	0.0300	-0.1217
50.000	11.7764	0.8287	0.5562	0.4955	-0.1253	0.4741	-0.0521	-0.0784
55.000	11.7221	0.8233	0.5827	0.5385	-0.0583	0.5054	-0.1123	-0.0353
60.000	11.6279	0.8167	0.6073	0.5769	0.0144	0.5223	-0.1547	0.0069
65.000	11.4838	0.8100	0.6307	0.6112	0.0899	0.5253	-0.1829	0.0482
70.000	11.2866	0.8032	0.6530	0.6419	0.1664	0.5151	-0.1995	0.0887
75.000	11.0374	0.7960	0.6742	0.6693	0.2418	0.4921	-0.2063	0.1285
80.000	10.7401	0.7880	0.6945	0.6937	0.3144	0.4571	-0.2049	0.1679
85.000	10.4000	0.7783	0.7135	0.7150	0.3827	0.4107	-0.1959	0.2071
90.000	10.0237	0.7664	0.7310	0.7335	0.4451	0.3539	-0.1798	0.2463
95.000	9.6184	0.7513	0.7468	0.7488	0.4998	0.2875	-0.1567	0.2855
100.000	9.1919	0.7325	0.7605	0.7610	0.5456	0.2129	-0.1264	0.3245
105.000	8.7521	0.7091	0.7715	0.7695	0.5807	0.1316	-0.0885	0.3630
110.000	8.3071	0.6803	0.7792	0.7738	0.6038	0.0456	-0.0424	0.4004
115.000	7.8649	0.6456	0.7829	0.7735	0.6136	-0.0426	0.0122	0.4360
120.000	7.4329	0.6045	0.7813	0.7676	0.6092	-0.1302	0.0760	0.4684
125.000	7.0180	0.5568	0.7734	0.7552	0.5900	-0.2137	0.1490	0.4962
130.000	6.6260	0.5027	0.7578	0.7355	0.5560	-0.2893	0.2312	0.5173
135.000	6.2619	0.4429	0.7331	0.7073	0.5081	-0.3529	0.3216	0.5297
140.000	5.9297	0.3785	0.6979	0.6696	0.4480	-0.4003	0.4187	0.5308
145.000	5.6324	0.3114	0.6509	0.6214	0.3785	-0.4278	0.5201	0.5184
150.000	5.3720	0.2441	0.5913	0.5622	0.3033	-0.4323	0.6224	0.4905
155.000	5.1502	0.1793	0.5188	0.4915	0.2270	-0.4122	0.7214	0.4455
160.000	4.9678	0.1203	0.4335	0.4097	0.1545	-0.3672	0.8123	0.3832
165.000	4.8254	0.0703	0.3368	0.3176	0.0913	-0.2991	0.8900	0.3045
170.000	4.7235	0.0321	0.2304	0.2170	0.0420	-0.2114	0.9496	0.2117
175.000	4.6623	0.0082	0.1170	0.1101	0.0107	-0.1094	0.9872	0.1086
180.000	4.6419	0.0000	0.0001	0.0001	0.0000	-0.0001	1.0000	0.0000
