0.000	20.3583	0.0000	0.0000	0.0000	0.0000	0.0000	1.0000	0.0000
5.000	19.3381	0.0525	0.0271	0.0069	-0.0127	-0.0048	0.9966	-0.0559
10.000	16.9607	0.1990	0.0590	0.0185	-0.0510	-0.0013	0.9711	-0.1082
15.000	14.4744	0.4024	0.0976	0.0387	-0.1105	0.0189	0.8921	-0.1473
20.000	12.6071	0.6050	0.1401	0.0687	-0.1773	0.0596	0.7472	-0.1603
25.000	11.4467	0.7588	0.1816	0.1057	-0.2326	0.1165	0.5608	-0.1427
30.000	10.8016	0.8496	0.2190	0.1455	-0.2643	0.1802	0.3727	-0.1008
35.000	10.4561	0.8900	0.2520	0.1854	-0.2707	0.2423	0.2113	-0.0455
40.000	10.2525	0.8994	0.2819	0.2241	-0.2557	0.2980	0.0864	0.0144
45.000	10.0932	0.8929	0.3101	0.2616	-0.2242	0.3455	-0.0035	0.0736
50.000	9.9233	0.8797	0.3378	0.2983	-0.1805	0.3841	-0.0639	0.1298
55.000	9.7151	0.8647	0.3657	0.3347	-0.1275	0.4136	-0.1008	0.1820
60.000	9.4578	0.8500	0.3941	0.3711	-0.0674	0.4339	-0.1189	0.2301
65.000	9.1504	0.8364	0.4230	0.4077	-0.0016	0.4447	-0.1223	0.2740
70.000	8.7974	0.8237	0.4523	0.4448	0.0684	0.4456	-0.1139	0.3141
75.000	8.4070	0.8114	0.4818	0.4822	0.1415	0.4359	-0.0956	0.3506
80.000	7.9886	0.7988	0.5110	0.5198	0.2162	0.4152	-0.0692	0.3836
85.000	7.5521	0.7851	0.5395	0.5574	0.2909	0.3829	-0.0356	0.4134
90.000	7.1074	0.7693	0.5667	0.5945	0.3638	0.3386	0.0043	0.4399
95.000	6.6639	0.7504	0.5919	0.6304	0.4327	0.2824	0.0500	0.4632
100.000	6.2299	0.7276	0.6141	0.6643	0.4950	0.2146	0.1011	0.4831
105.000	5.8131	0.6998	0.6325	0.6948	0.5479	0.1363	0.1573	0.4994
110.000	5.4199	0.6662	0.6460	0.7207	0.5885	0.0494	0.2183	0.5117
115.000	5.0557	0.6260	0.6534	0.7403	0.6139	-0.0432	0.2837	0.5196
120.000	4.7245	0.5789	0.6535	0.7516	0.6215	-0.1376	0.3528	0.5225
125.000	4.4290	0.5250	0.6452	0.7529	0.6098	-0.2287	0.4250	0.5198
130.000	4.1703	0.4651	0.6274	0.7424	0.5784	-0.3108	0.4991	0.5108
135.000	3.9485	0.4007	0.5997	0.7190	0.5286	-0.3783	0.5739	0.4949
140.000	3.7622	0.3339	0.5618	0.6818	0.4634	-0.4258	0.6478	0.4711
145.000	3.6090	0.2673	0.5142	0.6308	0.3872	-0.4496	0.7192	0.4391
150.000	3.4859	0.2035	0.4575	0.5668	0.3058	-0.4476	0.7861	0.3983
155.000	3.3896	0.1453	0.3930	0.4909	0.2250	-0.4196	0.8468	0.3488
160.000	3.3166	0.0949	0.3219	0.4049	0.1506	-0.3675	0.8994	0.2909
165.000	3.2636	0.0542	0.2457	0.3108	0.0876	-0.2948	0.9423	0.2255
170.000	3.2279	0.0243	0.1658	0.2106	0.0398	-0.2058	0.9740	0.1540
175.000	3.2074	0.0061	0.0835	0.1063	0.0101	-0.1057	0.9934	0.0781
180.000	3.2007	0.0000	0.0001	0.0001	0.0000	-0.0001	1.0000	0.0000
