0.000	5.0775	0.0000	0.0000	0.0000	0.0000	0.0000	1.0000	0.0000
5.000	5.0747	0.0007	-0.0008	0.0003	0.0000	-0.0003	0.9992	0.0400
10.000	5.0666	0.0028	-0.0017	0.0006	0.0001	-0.0006	0.9968	0.0797
15.000	5.0538	0.0062	-0.0025	0.0010	0.0002	-0.0010	0.9929	0.1190
20.000	5.0375	0.0106	-0.0033	0.0013	0.0004	-0.0013	0.9875	0.1575
25.000	5.0187	0.0158	-0.0042	0.0016	0.0006	-0.0016	0.9807	0.1950
30.000	4.9990	0.0215	-0.0049	0.0019	0.0008	-0.0019	0.9726	0.2312
35.000	4.9795	0.0273	-0.0057	0.0022	0.0010	-0.0022	0.9636	0.2658
40.000	4.9613	0.0331	-0.0064	0.0025	0.0012	-0.0024	0.9538	0.2984
45.000	4.9453	0.0385	-0.0071	0.0028	0.0015	-0.0027	0.9436	0.3288
50.000	4.9323	0.0433	-0.0078	0.0030	0.0017	-0.0029	0.9332	0.3566
55.000	4.9225	0.0474	-0.0083	0.0032	0.0019	-0.0031	0.9231	0.3816
60.000	4.9162	0.0506	-0.0088	0.0034	0.0021	-0.0033	0.9135	0.4037
65.000	4.9135	0.0529	-0.0093	0.0036	0.0022	-0.0035	0.9048	0.4225
70.000	4.9141	0.0543	-0.0096	0.0038	0.0023	-0.0036	0.8972	0.4381
75.000	4.9177	0.0547	-0.0099	0.0039	0.0024	-0.0037	0.8912	0.4502
80.000	4.9241	0.0542	-0.0101	0.0040	0.0024	-0.0038	0.8868	0.4589
85.000	4.9328	0.0529	-0.0103	0.0040	0.0024	-0.0039	0.8841	0.4641
90.000	4.9432	0.0508	-0.0103	0.0040	0.0024	-0.0039	0.8833	0.4659
95.000	4.9548	0.0481	-0.0102	0.0040	0.0023	-0.0039	0.8844	0.4641
100.000	4.9672	0.0449	-0.0101	0.0040	0.0022	-0.0038	0.8873	0.4589
105.000	4.9798	0.0413	-0.0099	0.0039	0.0021	-0.0038	0.8918	0.4504
110.000	4.9922	0.0375	-0.0096	0.0038	0.0019	-0.0037	0.8979	0.4385
115.000	5.0040	0.0335	-0.0093	0.0036	0.0017	-0.0035	0.9053	0.4233
120.000	5.0149	0.0295	-0.0089	0.0035	0.0015	-0.0034	0.9138	0.4050
125.000	5.0249	0.0255	-0.0084	0.0033	0.0014	-0.0032	0.9231	0.3837
130.000	5.0338	0.0217	-0.0078	0.0030	0.0012	-0.0030	0.9329	0.3594
135.000	5.0416	0.0180	-0.0072	0.0028	0.0010	-0.0028	0.9430	0.3324
140.000	5.0484	0.0146	-0.0066	0.0025	0.0008	-0.0025	0.9530	0.3027
145.000	5.0541	0.0114	-0.0059	0.0023	0.0006	-0.0022	0.9626	0.2706
150.000	5.0591	0.0086	-0.0051	0.0020	0.0005	-0.0020	0.9716	0.2363
155.000	5.0632	0.0060	-0.0043	0.0017	0.0003	-0.0017	0.9798	0.2000
160.000	5.0665	0.0039	-0.0035	0.0013	0.0002	-0.0013	0.9868	0.1621
165.000	5.0691	0.0022	-0.0026	0.0010	0.0001	-0.0010	0.9924	0.1228
170.000	5.0710	0.0010	-0.0018	0.0007	0.0001	-0.0007	0.9966	0.0825
175.000	5.0721	0.0003	-0.0009	0.0003	0.0000	-0.0003	0.9991	0.0414
180.000	5.0725	0.0000	0.0000	0.0000	0.0000	0.0000	1.0000	0.0000
