0.000	7.6752	0.0000	0.0000	0.0000	0.0000	0.0000	1.0000	0.0000
5.000	7.6341	0.0073	0.0037	0.0020	0.0004	-0.0019	0.9940	0.1093
10.000	7.5208	0.0285	0.0073	0.0041	0.0015	-0.0037	0.9752	0.2192
15.000	7.3619	0.0607	0.0108	0.0066	0.0033	-0.0052	0.9422	0.3293
20.000	7.1921	0.0997	0.0139	0.0095	0.0058	-0.0062	0.8934	0.4378
25.000	7.0451	0.1405	0.0165	0.0128	0.0089	-0.0068	0.8287	0.5416
30.000	6.9465	0.1781	0.0185	0.0163	0.0123	-0.0069	0.7499	0.6369
35.000	6.9107	0.2083	0.0198	0.0199	0.0159	-0.0066	0.6614	0.7203
40.000	6.9417	0.2292	0.0204	0.0234	0.0194	-0.0060	0.5690	0.7896
45.000	7.0350	0.2403	0.0205	0.0266	0.0227	-0.0052	0.4786	0.8444
50.000	7.1811	0.2427	0.0201	0.0292	0.0255	-0.0045	0.3953	0.8858
55.000	7.3676	0.2382	0.0193	0.0314	0.0279	-0.0039	0.3226	0.9160
60.000	7.5816	0.2289	0.0184	0.0329	0.0297	-0.0035	0.2626	0.9373
65.000	7.8109	0.2164	0.0173	0.0340	0.0310	-0.0034	0.2163	0.9520
70.000	8.0445	0.2022	0.0163	0.0346	0.0318	-0.0035	0.1836	0.9619
75.000	8.2729	0.1871	0.0153	0.0347	0.0322	-0.0040	0.1640	0.9685
80.000	8.4886	0.1720	0.0144	0.0345	0.0321	-0.0046	0.1567	0.9725
85.000	8.6856	0.1571	0.0135	0.0339	0.0317	-0.0055	0.1608	0.9744
90.000	8.8596	0.1426	0.0128	0.0331	0.0309	-0.0065	0.1753	0.9741
95.000	9.0075	0.1287	0.0122	0.0320	0.0298	-0.0076	0.1994	0.9714
100.000	9.1275	0.1155	0.0116	0.0308	0.0284	-0.0087	0.2320	0.9658
105.000	9.2190	0.1029	0.0111	0.0294	0.0267	-0.0099	0.2722	0.9567
110.000	9.2821	0.0910	0.0106	0.0279	0.0249	-0.0109	0.3191	0.9433
115.000	9.3182	0.0799	0.0102	0.0263	0.0228	-0.0118	0.3717	0.9249
120.000	9.3296	0.0695	0.0097	0.0246	0.0207	-0.0125	0.4292	0.9005
125.000	9.3193	0.0598	0.0092	0.0229	0.0184	-0.0130	0.4905	0.8694
130.000	9.2915	0.0508	0.0087	0.0211	0.0160	-0.0132	0.5544	0.8307
135.000	9.2504	0.0425	0.0082	0.0192	0.0137	-0.0132	0.6196	0.7838
140.000	9.2008	0.0348	0.0075	0.0173	0.0113	-0.0128	0.6846	0.7281
145.000	9.1472	0.0276	0.0069	0.0153	0.0091	-0.0121	0.7478	0.6633
150.000	9.0939	0.0211	0.0061	0.0132	0.0069	-0.0111	0.8076	0.5894
155.000	9.0441	0.0152	0.0052	0.0111	0.0050	-0.0099	0.8619	0.5068
160.000	9.0007	0.0100	0.0043	0.0089	0.0033	-0.0083	0.9092	0.4161
165.000	8.9656	0.0058	0.0033	0.0067	0.0019	-0.0064	0.9479	0.3186
170.000	8.9399	0.0026	0.0022	0.0045	0.0008	-0.0044	0.9765	0.2156
175.000	8.9242	0.0007	0.0011	0.0023	0.0002	-0.0022	0.9941	0.1088
180.000	8.9190	0.0000	0.0000	0.0000	0.0000	0.0000	1.0000	0.0000
