0.000	14.6550	0.0000	0.0000	0.0000	0.0000	0.0000	1.0000	0.0000
5.000	14.3201	0.0325	0.1617	0.0324	-0.0165	-0.0266	0.9847	-0.0558
10.000	13.5180	0.1226	0.3304	0.0790	-0.0632	-0.0336	0.9292	-0.1159
15.000	12.6850	0.2464	0.5004	0.1491	-0.1283	-0.0036	0.8141	-0.1788
20.000	12.1833	0.3685	0.6510	0.2409	-0.1899	0.0690	0.6341	-0.2356
25.000	12.1543	0.4592	0.7611	0.3408	-0.2252	0.1710	0.4129	-0.2750
30.000	12.5616	0.5099	0.8242	0.4328	-0.2241	0.2785	0.1888	-0.2911
35.000	13.2905	0.5295	0.8495	0.5076	-0.1906	0.3715	-0.0094	-0.2852
40.000	14.2181	0.5317	0.8509	0.5633	-0.1355	0.4409	-0.1710	-0.2620
45.000	15.2432	0.5269	0.8399	0.6023	-0.0691	0.4853	-0.2970	-0.2264
50.000	16.2906	0.5205	0.8237	0.6278	0.0011	0.5072	-0.3928	-0.1820
55.000	17.3073	0.5150	0.8062	0.6429	0.0704	0.5104	-0.4643	-0.1311
60.000	18.2561	0.5108	0.7892	0.6501	0.1359	0.4982	-0.5164	-0.0752
65.000	19.1107	0.5076	0.7735	0.6513	0.1960	0.4735	-0.5525	-0.0153
70.000	19.8524	0.5048	0.7595	0.6476	0.2496	0.4389	-0.5749	0.0476
75.000	20.4679	0.5017	0.7470	0.6403	0.2961	0.3965	-0.5854	0.1130
80.000	20.9486	0.4976	0.7358	0.6302	0.3353	0.3481	-0.5847	0.1802
85.000	21.2893	0.4920	0.7258	0.6177	0.3670	0.2952	-0.5735	0.2487
90.000	21.4885	0.4843	0.7167	0.6034	0.3912	0.2392	-0.5521	0.3176
95.000	21.5477	0.4741	0.7080	0.5876	0.4078	0.1814	-0.5204	0.3864
100.000	21.4717	0.4610	0.6994	0.5706	0.4170	0.1229	-0.4782	0.4540
105.000	21.2683	0.4449	0.6905	0.5524	0.4189	0.0649	-0.4253	0.5195
110.000	20.9485	0.4253	0.6807	0.5331	0.4137	0.0084	-0.3615	0.5815
115.000	20.5258	0.4022	0.6694	0.5127	0.4016	-0.0452	-0.2864	0.6385
120.000	20.0163	0.3754	0.6559	0.4910	0.3829	-0.0950	-0.1999	0.6887
125.000	19.4385	0.3451	0.6393	0.4677	0.3580	-0.1395	-0.1021	0.7300
130.000	18.8125	0.3113	0.6186	0.4424	0.3274	-0.1777	0.0063	0.7599
135.000	18.1595	0.2744	0.5927	0.4148	0.2918	-0.2079	0.1244	0.7757
140.000	17.5015	0.2350	0.5604	0.3842	0.2521	-0.2289	0.2502	0.7745
145.000	16.8601	0.1941	0.5205	0.3502	0.2097	-0.2394	0.3808	0.7535
150.000	16.2563	0.1529	0.4719	0.3121	0.1661	-0.2382	0.5123	0.7103
155.000	15.7095	0.1130	0.4140	0.2698	0.1233	-0.2247	0.6396	0.6433
160.000	15.2370	0.0763	0.3463	0.2229	0.0835	-0.1988	0.7567	0.5521
165.000	14.8536	0.0448	0.2695	0.1717	0.0491	-0.1612	0.8571	0.4380
170.000	14.5711	0.0205	0.1846	0.1168	0.0226	-0.1136	0.9344	0.3042
175.000	14.3980	0.0052	0.0939	0.0592	0.0058	-0.0588	0.9833	0.1560
180.000	14.3397	0.0000	0.0000	0.0000	0.0000	0.0000	1.0000	0.0000
