0.000	5.4301	0.0000	0.0000	0.0000	0.0000	0.0000	1.0000	0.0000
5.000	5.3479	0.0286	0.1135	0.0197	-0.0027	-0.0174	0.9738	0.1952
10.000	5.1529	0.1084	0.2291	0.0454	-0.0101	-0.0276	0.8867	0.3881
15.000	4.9685	0.2194	0.3412	0.0810	-0.0191	-0.0235	0.7225	0.5649
20.000	4.9245	0.3270	0.4340	0.1251	-0.0250	-0.0013	0.4808	0.6990
25.000	5.1036	0.3974	0.4905	0.1703	-0.0231	0.0350	0.1966	0.7682
30.000	5.5268	0.4180	0.5066	0.2080	-0.0122	0.0755	-0.0759	0.7748
35.000	6.1670	0.4006	0.4922	0.2340	0.0052	0.1105	-0.2979	0.7423
40.000	6.9727	0.3648	0.4619	0.2487	0.0256	0.1356	-0.4593	0.6967
45.000	7.8868	0.3256	0.4268	0.2549	0.0463	0.1505	-0.5683	0.6549
50.000	8.8572	0.2908	0.3928	0.2553	0.0657	0.1569	-0.6380	0.6248
55.000	9.8407	0.2630	0.3623	0.2521	0.0830	0.1565	-0.6795	0.6083
60.000	10.8036	0.2420	0.3359	0.2466	0.0980	0.1512	-0.7007	0.6048
65.000	11.7200	0.2268	0.3135	0.2395	0.1108	0.1422	-0.7069	0.6128
70.000	12.5699	0.2159	0.2946	0.2316	0.1213	0.1306	-0.7009	0.6302
75.000	13.3386	0.2080	0.2785	0.2230	0.1296	0.1170	-0.6847	0.6554
80.000	14.0149	0.2018	0.2649	0.2141	0.1359	0.1021	-0.6592	0.6866
85.000	14.5908	0.1965	0.2532	0.2050	0.1402	0.0864	-0.6248	0.7224
90.000	15.0617	0.1911	0.2431	0.1958	0.1427	0.0700	-0.5815	0.7611
95.000	15.4258	0.1852	0.2343	0.1866	0.1434	0.0535	-0.5292	0.8014
100.000	15.6843	0.1783	0.2264	0.1774	0.1424	0.0370	-0.4676	0.8415
105.000	15.8416	0.1700	0.2191	0.1683	0.1396	0.0208	-0.3965	0.8799
110.000	15.9050	0.1603	0.2122	0.1593	0.1352	0.0052	-0.3157	0.9147
115.000	15.8844	0.1490	0.2053	0.1502	0.1290	-0.0096	-0.2252	0.9438
120.000	15.7918	0.1363	0.1982	0.1411	0.1212	-0.0231	-0.1252	0.9650
125.000	15.6411	0.1224	0.1904	0.1318	0.1118	-0.0351	-0.0165	0.9758
130.000	15.4467	0.1075	0.1817	0.1224	0.1010	-0.0452	0.0998	0.9738
135.000	15.2235	0.0920	0.1718	0.1126	0.0889	-0.0531	0.2216	0.9565
140.000	14.9858	0.0763	0.1602	0.1024	0.0759	-0.0583	0.3465	0.9218
145.000	14.7469	0.0610	0.1468	0.0916	0.0623	-0.0606	0.4712	0.8681
150.000	14.5184	0.0465	0.1313	0.0802	0.0487	-0.0599	0.5918	0.7943
155.000	14.3102	0.0333	0.1136	0.0682	0.0357	-0.0560	0.7041	0.7003
160.000	14.1302	0.0218	0.0939	0.0555	0.0239	-0.0491	0.8038	0.5872
165.000	13.9846	0.0125	0.0723	0.0423	0.0139	-0.0395	0.8865	0.4570
170.000	13.8777	0.0056	0.0492	0.0285	0.0064	-0.0276	0.9485	0.3129
175.000	13.8124	0.0014	0.0249	0.0143	0.0016	-0.0142	0.9870	0.1590
180.000	13.7905	0.0000	0.0000	0.0000	0.0000	0.0000	1.0000	0.0000
