0.000	5.1972	0.0000	0.0000	0.0000	0.0000	0.0000	1.0000	0.0000
5.000	5.1311	0.0274	0.1106	0.0194	-0.0024	-0.0173	0.9720	0.2055
10.000	4.9786	0.1035	0.2219	0.0441	-0.0087	-0.0280	0.8809	0.4064
15.000	4.8496	0.2080	0.3277	0.0771	-0.0160	-0.0256	0.7140	0.5870
20.000	4.8580	0.3086	0.4134	0.1166	-0.0201	-0.0074	0.4759	0.7215
25.000	5.0750	0.3752	0.4650	0.1562	-0.0172	0.0230	0.2023	0.7910
30.000	5.5164	0.3976	0.4801	0.1888	-0.0067	0.0571	-0.0572	0.8003
35.000	6.1563	0.3861	0.4681	0.2113	0.0093	0.0870	-0.2687	0.7724
40.000	6.9480	0.3573	0.4417	0.2242	0.0275	0.1089	-0.4243	0.7313
45.000	7.8399	0.3242	0.4104	0.2299	0.0458	0.1224	-0.5312	0.6928
50.000	8.7847	0.2938	0.3795	0.2306	0.0629	0.1287	-0.6010	0.6642
55.000	9.7424	0.2685	0.3513	0.2282	0.0782	0.1294	-0.6437	0.6476
60.000	10.6807	0.2488	0.3266	0.2238	0.0914	0.1257	-0.6665	0.6428
65.000	11.5738	0.2340	0.3052	0.2180	0.1025	0.1187	-0.6742	0.6484
70.000	12.4017	0.2228	0.2870	0.2112	0.1117	0.1093	-0.6697	0.6631
75.000	13.1494	0.2144	0.2714	0.2038	0.1189	0.0979	-0.6547	0.6852
80.000	13.8061	0.2076	0.2581	0.1959	0.1243	0.0851	-0.6302	0.7133
85.000	14.3646	0.2014	0.2466	0.1876	0.1279	0.0712	-0.5965	0.7460
90.000	14.8209	0.1953	0.2367	0.1790	0.1297	0.0567	-0.5539	0.7817
95.000	15.1740	0.1886	0.2278	0.1703	0.1299	0.0418	-0.5022	0.8189
100.000	15.4252	0.1809	0.2199	0.1616	0.1284	0.0270	-0.4415	0.8561
105.000	15.5783	0.1719	0.2125	0.1529	0.1253	0.0125	-0.3716	0.8915
110.000	15.6394	0.1616	0.2054	0.1443	0.1207	-0.0013	-0.2925	0.9232
115.000	15.6170	0.1500	0.1984	0.1358	0.1147	-0.0142	-0.2041	0.9495
120.000	15.5219	0.1373	0.1911	0.1274	0.1073	-0.0258	-0.1068	0.9681
125.000	15.3671	0.1235	0.1834	0.1189	0.0986	-0.0359	-0.0011	0.9769
130.000	15.1672	0.1090	0.1747	0.1104	0.0888	-0.0442	0.1120	0.9733
135.000	14.9379	0.0940	0.1649	0.1017	0.0780	-0.0505	0.2308	0.9552
140.000	14.6949	0.0788	0.1537	0.0925	0.0665	-0.0545	0.3531	0.9202
145.000	14.4526	0.0638	0.1407	0.0829	0.0545	-0.0560	0.4756	0.8664
150.000	14.2240	0.0493	0.1258	0.0727	0.0426	-0.0549	0.5947	0.7928
155.000	14.0192	0.0358	0.1089	0.0618	0.0313	-0.0510	0.7059	0.6991
160.000	13.8457	0.0238	0.0900	0.0503	0.0209	-0.0446	0.8048	0.5862
165.000	13.7081	0.0138	0.0693	0.0383	0.0122	-0.0358	0.8871	0.4563
170.000	13.6090	0.0063	0.0471	0.0258	0.0056	-0.0250	0.9488	0.3124
175.000	13.5494	0.0016	0.0238	0.0130	0.0014	-0.0129	0.9870	0.1587
180.000	13.5295	0.0000	0.0000	0.0000	0.0000	0.0000	1.0000	0.0000
