0.000	21.6520	0.0000	0.0000	0.0000	0.0000	0.0000	1.0000	0.0000
5.000	20.7395	0.0431	0.0415	0.0101	-0.0129	-0.0074	0.9955	-0.0723
10.000	18.5523	0.1631	0.0882	0.0264	-0.0509	-0.0049	0.9710	-0.1442
15.000	16.1457	0.3314	0.1414	0.0540	-0.1084	0.0172	0.9040	-0.2095
20.000	14.2116	0.5053	0.1974	0.0941	-0.1718	0.0635	0.7841	-0.2571
25.000	12.9067	0.6487	0.2503	0.1437	-0.2237	0.1298	0.6262	-0.2795
30.000	12.1105	0.7473	0.2963	0.1972	-0.2524	0.2057	0.4580	-0.2774
35.000	11.6491	0.8059	0.3346	0.2505	-0.2553	0.2809	0.3018	-0.2570
40.000	11.3821	0.8367	0.3666	0.3012	-0.2358	0.3487	0.1682	-0.2251
45.000	11.2151	0.8506	0.3942	0.3488	-0.1993	0.4058	0.0586	-0.1866
50.000	11.0875	0.8550	0.4191	0.3933	-0.1507	0.4513	-0.0293	-0.1444
55.000	10.9603	0.8543	0.4425	0.4355	-0.0939	0.4852	-0.0990	-0.1001
60.000	10.8080	0.8509	0.4653	0.4757	-0.0317	0.5081	-0.1536	-0.0543
65.000	10.6141	0.8461	0.4881	0.5143	0.0342	0.5208	-0.1952	-0.0074
70.000	10.3689	0.8402	0.5111	0.5517	0.1026	0.5235	-0.2256	0.0404
75.000	10.0689	0.8336	0.5346	0.5879	0.1729	0.5166	-0.2456	0.0892
80.000	9.7162	0.8259	0.5584	0.6229	0.2443	0.4998	-0.2557	0.1389
85.000	9.3176	0.8168	0.5822	0.6564	0.3163	0.4726	-0.2559	0.1896
90.000	8.8838	0.8057	0.6054	0.6882	0.3880	0.4344	-0.2460	0.2409
95.000	8.4273	0.7920	0.6274	0.7178	0.4580	0.3846	-0.2258	0.2926
100.000	7.9615	0.7747	0.6474	0.7447	0.5246	0.3225	-0.1947	0.3439
105.000	7.4992	0.7528	0.6646	0.7685	0.5851	0.2482	-0.1523	0.3938
110.000	7.0510	0.7256	0.6781	0.7886	0.6367	0.1623	-0.0986	0.4408
115.000	6.6253	0.6921	0.6872	0.8044	0.6759	0.0664	-0.0334	0.4832
120.000	6.2280	0.6517	0.6913	0.8151	0.6995	-0.0366	0.0427	0.5190
125.000	5.8628	0.6041	0.6896	0.8195	0.7044	-0.1425	0.1289	0.5460
130.000	5.5317	0.5492	0.6812	0.8161	0.6883	-0.2462	0.2238	0.5622
135.000	5.2357	0.4876	0.6649	0.8030	0.6501	-0.3411	0.3255	0.5657
140.000	4.9752	0.4202	0.6394	0.7777	0.5905	-0.4202	0.4316	0.5549
145.000	4.7502	0.3487	0.6029	0.7377	0.5120	-0.4763	0.5389	0.5290
150.000	4.5603	0.2756	0.5539	0.6809	0.4194	-0.5030	0.6436	0.4877
155.000	4.4046	0.2041	0.4911	0.6058	0.3194	-0.4958	0.7416	0.4316
160.000	4.2818	0.1378	0.4144	0.5122	0.2205	-0.4527	0.8288	0.3622
165.000	4.1898	0.0809	0.3243	0.4014	0.1315	-0.3752	0.9011	0.2816
170.000	4.1263	0.0371	0.2231	0.2762	0.0610	-0.2682	0.9552	0.1925
175.000	4.0893	0.0094	0.1137	0.1408	0.0156	-0.1398	0.9887	0.0977
180.000	4.0771	0.0000	0.0001	0.0001	0.0000	-0.0001	1.0000	0.0000
