0.000	7.9776	0.0000	0.0000	0.0000	0.0000	0.0000	1.0000	0.0000
5.000	7.8524	0.0358	0.2471	0.0440	-0.0166	-0.0368	0.9681	0.0279
10.000	7.5909	0.1325	0.4946	0.1048	-0.0620	-0.0489	0.8605	0.0456
15.000	7.4451	0.2565	0.7194	0.1896	-0.1207	-0.0159	0.6602	0.0446
20.000	7.6338	0.3609	0.8794	0.2888	-0.1668	0.0634	0.3839	0.0252
25.000	8.2439	0.4158	0.9510	0.3809	-0.1799	0.1656	0.0898	-0.0018
30.000	9.2417	0.4250	0.9492	0.4502	-0.1587	0.2607	-0.1658	-0.0225
35.000	10.5309	0.4096	0.9069	0.4947	-0.1147	0.3322	-0.3607	-0.0292
40.000	12.0034	0.3874	0.8506	0.5193	-0.0603	0.3774	-0.4997	-0.0205
45.000	13.5644	0.3674	0.7945	0.5302	-0.0038	0.4000	-0.5957	0.0017
50.000	15.1403	0.3528	0.7443	0.5320	0.0504	0.4049	-0.6609	0.0351
55.000	16.6762	0.3435	0.7014	0.5278	0.1001	0.3966	-0.7038	0.0773
60.000	18.1321	0.3382	0.6654	0.5195	0.1445	0.3784	-0.7298	0.1266
65.000	19.4781	0.3357	0.6354	0.5083	0.1832	0.3526	-0.7424	0.1815
70.000	20.6918	0.3347	0.6103	0.4952	0.2160	0.3213	-0.7435	0.2407
75.000	21.7563	0.3341	0.5892	0.4806	0.2432	0.2860	-0.7344	0.3031
80.000	22.6590	0.3330	0.5714	0.4650	0.2649	0.2478	-0.7156	0.3676
85.000	23.3916	0.3310	0.5561	0.4487	0.2811	0.2078	-0.6874	0.4335
90.000	23.9495	0.3273	0.5427	0.4320	0.2922	0.1668	-0.6498	0.4996
95.000	24.3323	0.3218	0.5307	0.4150	0.2983	0.1256	-0.6026	0.5649
100.000	24.5435	0.3140	0.5196	0.3977	0.2995	0.0849	-0.5457	0.6284
105.000	24.5908	0.3038	0.5088	0.3802	0.2961	0.0454	-0.4789	0.6887
110.000	24.4854	0.2909	0.4979	0.3625	0.2883	0.0076	-0.4018	0.7445
115.000	24.2425	0.2754	0.4863	0.3445	0.2762	-0.0276	-0.3144	0.7940
120.000	23.8802	0.2572	0.4733	0.3261	0.2601	-0.0598	-0.2167	0.8354
125.000	23.4192	0.2364	0.4583	0.3070	0.2403	-0.0880	-0.1091	0.8665
130.000	22.8825	0.2130	0.4406	0.2871	0.2174	-0.1116	0.0076	0.8849
135.000	22.2944	0.1875	0.4194	0.2660	0.1917	-0.1299	0.1320	0.8881
140.000	21.6799	0.1603	0.3939	0.2436	0.1639	-0.1421	0.2621	0.8733
145.000	21.0643	0.1321	0.3634	0.2195	0.1350	-0.1476	0.3948	0.8383
150.000	20.4719	0.1038	0.3273	0.1936	0.1060	-0.1459	0.5264	0.7809
155.000	19.9259	0.0765	0.2854	0.1656	0.0780	-0.1367	0.6521	0.7001
160.000	19.4475	0.0516	0.2374	0.1357	0.0525	-0.1203	0.7663	0.5957
165.000	19.0549	0.0302	0.1839	0.1038	0.0307	-0.0970	0.8633	0.4694
170.000	18.7632	0.0138	0.1255	0.0702	0.0141	-0.0682	0.9375	0.3244
175.000	18.5836	0.0035	0.0637	0.0354	0.0036	-0.0352	0.9841	0.1658
180.000	18.5230	0.0000	0.0000	0.0000	0.0000	0.0000	1.0000	0.0000
