0.000	7.5831	0.0000	0.0000	0.0000	0.0000	0.0000	1.0000	0.0000
5.000	7.5200	0.0112	0.0106	0.0031	0.0005	-0.0029	0.9916	0.1281
10.000	7.3487	0.0434	0.0212	0.0067	0.0019	-0.0054	0.9650	0.2578
15.000	7.1160	0.0922	0.0316	0.0111	0.0043	-0.0071	0.9163	0.3886
20.000	6.8813	0.1503	0.0413	0.0166	0.0079	-0.0076	0.8417	0.5171
25.000	6.6991	0.2084	0.0498	0.0232	0.0124	-0.0067	0.7407	0.6370
30.000	6.6066	0.2575	0.0565	0.0303	0.0176	-0.0044	0.6179	0.7411
35.000	6.6207	0.2913	0.0609	0.0375	0.0232	-0.0013	0.4832	0.8239
40.000	6.7400	0.3076	0.0630	0.0440	0.0288	0.0022	0.3488	0.8837
45.000	6.9510	0.3085	0.0633	0.0495	0.0338	0.0055	0.2250	0.9228
50.000	7.2336	0.2979	0.0621	0.0537	0.0382	0.0082	0.1190	0.9458
55.000	7.5657	0.2802	0.0601	0.0566	0.0419	0.0101	0.0337	0.9582
60.000	7.9261	0.2590	0.0576	0.0584	0.0447	0.0110	-0.0306	0.9643
65.000	8.2958	0.2370	0.0550	0.0592	0.0468	0.0110	-0.0753	0.9676
70.000	8.6592	0.2157	0.0525	0.0592	0.0482	0.0103	-0.1025	0.9702
75.000	9.0035	0.1958	0.0501	0.0585	0.0490	0.0089	-0.1142	0.9732
80.000	9.3190	0.1777	0.0479	0.0574	0.0492	0.0069	-0.1122	0.9769
85.000	9.5985	0.1612	0.0459	0.0558	0.0489	0.0046	-0.0980	0.9813
90.000	9.8373	0.1463	0.0441	0.0540	0.0480	0.0020	-0.0729	0.9859
95.000	10.0326	0.1326	0.0425	0.0519	0.0468	-0.0008	-0.0378	0.9898
100.000	10.1836	0.1200	0.0410	0.0496	0.0450	-0.0037	0.0065	0.9921
105.000	10.2910	0.1081	0.0396	0.0472	0.0429	-0.0065	0.0592	0.9918
110.000	10.3570	0.0968	0.0382	0.0446	0.0403	-0.0093	0.1196	0.9875
115.000	10.3851	0.0860	0.0368	0.0420	0.0374	-0.0118	0.1870	0.9780
120.000	10.3795	0.0756	0.0353	0.0392	0.0342	-0.0140	0.2603	0.9620
125.000	10.3455	0.0655	0.0337	0.0364	0.0308	-0.0158	0.3386	0.9381
130.000	10.2888	0.0558	0.0319	0.0335	0.0271	-0.0171	0.4204	0.9051
135.000	10.2152	0.0465	0.0299	0.0305	0.0233	-0.0179	0.5041	0.8619
140.000	10.1307	0.0378	0.0277	0.0274	0.0194	-0.0182	0.5880	0.8075
145.000	10.0410	0.0296	0.0251	0.0242	0.0156	-0.0178	0.6698	0.7415
150.000	9.9516	0.0222	0.0223	0.0210	0.0120	-0.0168	0.7474	0.6637
155.000	9.8673	0.0157	0.0192	0.0177	0.0087	-0.0151	0.8183	0.5742
160.000	9.7924	0.0102	0.0157	0.0142	0.0057	-0.0129	0.8803	0.4741
165.000	9.7304	0.0058	0.0121	0.0107	0.0033	-0.0102	0.9311	0.3646
170.000	9.6841	0.0026	0.0082	0.0072	0.0015	-0.0070	0.9689	0.2475
175.000	9.6556	0.0007	0.0041	0.0036	0.0004	-0.0036	0.9921	0.1251
180.000	9.6459	0.0000	0.0000	0.0000	0.0000	0.0000	1.0000	0.0000
