0.000	7.4795	0.0000	0.0000	0.0000	0.0000	0.0000	1.0000	0.0000
5.000	7.4560	0.0036	-0.0010	0.0009	0.0002	-0.0009	0.9971	0.0758
10.000	7.3889	0.0142	-0.0021	0.0019	0.0007	-0.0019	0.9883	0.1519
15.000	7.2873	0.0307	-0.0032	0.0029	0.0015	-0.0028	0.9732	0.2280
20.000	7.1641	0.0517	-0.0044	0.0040	0.0026	-0.0036	0.9513	0.3038
25.000	7.0339	0.0752	-0.0056	0.0052	0.0039	-0.0045	0.9225	0.3786
30.000	6.9104	0.0992	-0.0070	0.0064	0.0053	-0.0053	0.8870	0.4509
35.000	6.8044	0.1217	-0.0084	0.0076	0.0069	-0.0060	0.8457	0.5195
40.000	6.7234	0.1409	-0.0098	0.0088	0.0085	-0.0066	0.8001	0.5829
45.000	6.6708	0.1558	-0.0112	0.0100	0.0100	-0.0072	0.7524	0.6399
50.000	6.6470	0.1657	-0.0125	0.0111	0.0113	-0.0076	0.7048	0.6896
55.000	6.6498	0.1707	-0.0137	0.0121	0.0124	-0.0080	0.6595	0.7319
60.000	6.6750	0.1711	-0.0148	0.0129	0.0133	-0.0084	0.6186	0.7666
65.000	6.7179	0.1677	-0.0157	0.0135	0.0139	-0.0087	0.5835	0.7944
70.000	6.7731	0.1613	-0.0164	0.0140	0.0143	-0.0090	0.5553	0.8157
75.000	6.8354	0.1527	-0.0169	0.0143	0.0145	-0.0092	0.5345	0.8310
80.000	6.9004	0.1426	-0.0173	0.0145	0.0144	-0.0094	0.5215	0.8410
85.000	6.9638	0.1316	-0.0176	0.0146	0.0141	-0.0095	0.5162	0.8461
90.000	7.0225	0.1201	-0.0176	0.0145	0.0137	-0.0097	0.5182	0.8466
95.000	7.0740	0.1086	-0.0176	0.0143	0.0131	-0.0098	0.5272	0.8426
100.000	7.1164	0.0972	-0.0174	0.0139	0.0124	-0.0098	0.5426	0.8341
105.000	7.1488	0.0862	-0.0170	0.0135	0.0115	-0.0098	0.5639	0.8212
110.000	7.1706	0.0757	-0.0166	0.0130	0.0106	-0.0097	0.5903	0.8035
115.000	7.1821	0.0658	-0.0160	0.0125	0.0097	-0.0096	0.6211	0.7808
120.000	7.1838	0.0564	-0.0153	0.0118	0.0086	-0.0094	0.6555	0.7529
125.000	7.1768	0.0478	-0.0145	0.0111	0.0076	-0.0091	0.6927	0.7195
130.000	7.1623	0.0397	-0.0136	0.0103	0.0065	-0.0087	0.7316	0.6804
135.000	7.1420	0.0324	-0.0126	0.0095	0.0055	-0.0083	0.7714	0.6353
140.000	7.1176	0.0258	-0.0115	0.0086	0.0045	-0.0077	0.8110	0.5843
145.000	7.0907	0.0199	-0.0103	0.0076	0.0036	-0.0070	0.8494	0.5273
150.000	7.0632	0.0147	-0.0090	0.0066	0.0027	-0.0062	0.8853	0.4646
155.000	7.0367	0.0103	-0.0076	0.0056	0.0019	-0.0053	0.9179	0.3965
160.000	7.0128	0.0066	-0.0062	0.0045	0.0012	-0.0044	0.9461	0.3236
165.000	6.9927	0.0037	-0.0047	0.0034	0.0007	-0.0034	0.9691	0.2466
170.000	6.9775	0.0017	-0.0032	0.0023	0.0003	-0.0023	0.9861	0.1663
175.000	6.9681	0.0004	-0.0016	0.0011	0.0001	-0.0011	0.9965	0.0837
180.000	6.9649	0.0000	0.0000	0.0000	0.0000	0.0000	1.0000	0.0000
