0.000	6.1739	0.0000	0.0000	0.0000	0.0000	0.0000	1.0000	0.0000
5.000	6.1085	0.0182	0.0425	0.0081	0.0000	-0.0074	0.9835	0.1751
10.000	5.9430	0.0696	0.0853	0.0180	0.0004	-0.0128	0.9302	0.3504
15.000	5.7530	0.1441	0.1272	0.0310	0.0017	-0.0142	0.8324	0.5205
20.000	5.6249	0.2250	0.1651	0.0474	0.0047	-0.0103	0.6864	0.6731
25.000	5.6243	0.2937	0.1948	0.0658	0.0100	-0.0012	0.5014	0.7929
30.000	5.7814	0.3371	0.2134	0.0838	0.0175	0.0112	0.2995	0.8705
35.000	6.0945	0.3526	0.2207	0.0993	0.0265	0.0245	0.1064	0.9078
40.000	6.5404	0.3462	0.2193	0.1111	0.0360	0.0362	-0.0597	0.9156
45.000	7.0865	0.3265	0.2124	0.1190	0.0453	0.0451	-0.1914	0.9065
50.000	7.6980	0.3014	0.2025	0.1237	0.0538	0.0508	-0.2895	0.8912
55.000	8.3429	0.2757	0.1917	0.1257	0.0613	0.0536	-0.3584	0.8763
60.000	8.9937	0.2520	0.1811	0.1259	0.0676	0.0538	-0.4033	0.8657
65.000	9.6276	0.2313	0.1712	0.1246	0.0728	0.0519	-0.4286	0.8608
70.000	10.2266	0.2137	0.1623	0.1222	0.0770	0.0483	-0.4378	0.8620
75.000	10.7768	0.1989	0.1543	0.1189	0.0800	0.0433	-0.4332	0.8688
80.000	11.2682	0.1861	0.1473	0.1151	0.0819	0.0373	-0.4167	0.8805
85.000	11.6939	0.1747	0.1411	0.1108	0.0829	0.0305	-0.3892	0.8958
90.000	12.0500	0.1643	0.1356	0.1061	0.0828	0.0232	-0.3517	0.9137
95.000	12.3347	0.1542	0.1306	0.1011	0.0818	0.0156	-0.3047	0.9326
100.000	12.5484	0.1442	0.1259	0.0960	0.0798	0.0079	-0.2485	0.9510
105.000	12.6931	0.1340	0.1216	0.0908	0.0770	0.0004	-0.1836	0.9674
110.000	12.7726	0.1234	0.1173	0.0856	0.0733	-0.0068	-0.1104	0.9802
115.000	12.7922	0.1126	0.1130	0.0803	0.0688	-0.0134	-0.0293	0.9875
120.000	12.7591	0.1015	0.1084	0.0750	0.0637	-0.0192	0.0590	0.9878
125.000	12.6819	0.0902	0.1036	0.0697	0.0579	-0.0242	0.1538	0.9790
130.000	12.5704	0.0788	0.0982	0.0643	0.0515	-0.0282	0.2539	0.9594
135.000	12.4353	0.0674	0.0922	0.0588	0.0448	-0.0310	0.3576	0.9271
140.000	12.2874	0.0562	0.0854	0.0531	0.0378	-0.0325	0.4628	0.8807
145.000	12.1368	0.0453	0.0778	0.0473	0.0307	-0.0327	0.5670	0.8189
150.000	11.9925	0.0350	0.0692	0.0411	0.0238	-0.0315	0.6670	0.7411
155.000	11.8620	0.0254	0.0596	0.0347	0.0173	-0.0289	0.7595	0.6473
160.000	11.7504	0.0169	0.0490	0.0281	0.0115	-0.0250	0.8410	0.5386
165.000	11.6615	0.0098	0.0376	0.0213	0.0067	-0.0199	0.9082	0.4166
170.000	11.5972	0.0045	0.0255	0.0143	0.0030	-0.0139	0.9585	0.2840
175.000	11.5585	0.0011	0.0129	0.0072	0.0008	-0.0071	0.9895	0.1440
180.000	11.5455	0.0000	0.0000	0.0000	0.0000	0.0000	1.0000	0.0000
