0.000	6.8318	0.0000	0.0000	0.0000	0.0000	0.0000	1.0000	0.0000
5.000	6.7467	0.0195	0.0393	0.0077	0.0002	-0.0069	0.9858	0.1621
10.000	6.5276	0.0748	0.0791	0.0174	0.0012	-0.0118	0.9390	0.3265
15.000	6.2658	0.1558	0.1189	0.0307	0.0034	-0.0124	0.8497	0.4902
20.000	6.0661	0.2447	0.1556	0.0482	0.0077	-0.0072	0.7112	0.6421
25.000	6.0089	0.3204	0.1850	0.0684	0.0145	0.0037	0.5295	0.7663
30.000	6.1327	0.3669	0.2038	0.0889	0.0236	0.0184	0.3265	0.8510
35.000	6.4367	0.3807	0.2118	0.1068	0.0341	0.0338	0.1301	0.8958
40.000	6.8942	0.3686	0.2111	0.1206	0.0450	0.0473	-0.0388	0.9101
45.000	7.4662	0.3414	0.2051	0.1300	0.0553	0.0573	-0.1712	0.9070
50.000	8.1121	0.3084	0.1966	0.1356	0.0647	0.0635	-0.2675	0.8972
55.000	8.7951	0.2755	0.1874	0.1382	0.0727	0.0660	-0.3326	0.8876
60.000	9.4847	0.2459	0.1786	0.1384	0.0795	0.0656	-0.3722	0.8818
65.000	10.1573	0.2204	0.1707	0.1370	0.0849	0.0627	-0.3914	0.8813
70.000	10.7950	0.1991	0.1637	0.1343	0.0891	0.0579	-0.3940	0.8861
75.000	11.3848	0.1815	0.1577	0.1308	0.0920	0.0516	-0.3828	0.8954
80.000	11.9178	0.1668	0.1525	0.1265	0.0937	0.0443	-0.3597	0.9082
85.000	12.3880	0.1544	0.1480	0.1216	0.0942	0.0363	-0.3261	0.9233
90.000	12.7921	0.1435	0.1439	0.1164	0.0935	0.0278	-0.2829	0.9395
95.000	13.1287	0.1337	0.1402	0.1108	0.0918	0.0192	-0.2309	0.9553
100.000	13.3980	0.1244	0.1366	0.1051	0.0890	0.0106	-0.1706	0.9694
105.000	13.6018	0.1154	0.1330	0.0991	0.0852	0.0023	-0.1027	0.9803
110.000	13.7434	0.1064	0.1292	0.0930	0.0805	-0.0055	-0.0275	0.9866
115.000	13.8272	0.0973	0.1251	0.0868	0.0750	-0.0126	0.0541	0.9868
120.000	13.8589	0.0879	0.1206	0.0806	0.0687	-0.0189	0.1415	0.9794
125.000	13.8454	0.0783	0.1154	0.0742	0.0618	-0.0242	0.2334	0.9629
130.000	13.7943	0.0685	0.1095	0.0678	0.0545	-0.0284	0.3288	0.9360
135.000	13.7141	0.0587	0.1028	0.0613	0.0468	-0.0313	0.4259	0.8973
140.000	13.6133	0.0488	0.0951	0.0548	0.0390	-0.0328	0.5229	0.8459
145.000	13.5008	0.0393	0.0864	0.0482	0.0314	-0.0329	0.6174	0.7811
150.000	13.3847	0.0302	0.0767	0.0415	0.0241	-0.0315	0.7070	0.7025
155.000	13.2728	0.0218	0.0659	0.0347	0.0173	-0.0288	0.7891	0.6104
160.000	13.1717	0.0144	0.0541	0.0279	0.0114	-0.0248	0.8609	0.5057
165.000	13.0872	0.0083	0.0414	0.0210	0.0066	-0.0196	0.9199	0.3900
170.000	13.0237	0.0038	0.0280	0.0140	0.0030	-0.0136	0.9638	0.2653
175.000	12.9843	0.0010	0.0142	0.0070	0.0008	-0.0070	0.9908	0.1343
180.000	12.9709	0.0000	0.0000	0.0000	0.0000	0.0000	1.0000	0.0000
