0.000	21.7968	0.0000	0.0000	0.0000	0.0000	0.0000	1.0000	0.0000
5.000	20.9712	0.0391	0.0553	0.0144	-0.0131	-0.0113	0.9948	-0.0749
10.000	18.9638	0.1481	0.1165	0.0363	-0.0513	-0.0117	0.9697	-0.1506
15.000	16.7032	0.3021	0.1851	0.0717	-0.1087	0.0092	0.9046	-0.2223
20.000	14.8423	0.4639	0.2565	0.1220	-0.1714	0.0570	0.7892	-0.2800
25.000	13.5666	0.6006	0.3231	0.1830	-0.2221	0.1276	0.6351	-0.3153
30.000	12.7911	0.6976	0.3796	0.2480	-0.2488	0.2099	0.4671	-0.3266
35.000	12.3603	0.7578	0.4248	0.3113	-0.2485	0.2919	0.3069	-0.3179
40.000	12.1393	0.7912	0.4604	0.3698	-0.2248	0.3656	0.1662	-0.2951
45.000	12.0321	0.8078	0.4888	0.4226	-0.1833	0.4268	0.0478	-0.2629
50.000	11.9747	0.8147	0.5122	0.4700	-0.1297	0.4743	-0.0496	-0.2246
55.000	11.9246	0.8163	0.5325	0.5125	-0.0683	0.5083	-0.1287	-0.1820
60.000	11.8528	0.8150	0.5509	0.5511	-0.0023	0.5295	-0.1922	-0.1363
65.000	11.7395	0.8120	0.5683	0.5863	0.0662	0.5389	-0.2424	-0.0881
70.000	11.5724	0.8079	0.5853	0.6186	0.1358	0.5373	-0.2809	-0.0378
75.000	11.3448	0.8027	0.6022	0.6483	0.2055	0.5251	-0.3085	0.0144
80.000	11.0564	0.7963	0.6190	0.6755	0.2748	0.5026	-0.3258	0.0684
85.000	10.7114	0.7884	0.6355	0.7001	0.3429	0.4698	-0.3331	0.1241
90.000	10.3181	0.7785	0.6514	0.7220	0.4090	0.4265	-0.3302	0.1813
95.000	9.8875	0.7658	0.6662	0.7412	0.4718	0.3724	-0.3167	0.2395
100.000	9.4321	0.7497	0.6795	0.7574	0.5299	0.3077	-0.2922	0.2982
105.000	8.9639	0.7294	0.6907	0.7706	0.5813	0.2327	-0.2562	0.3565
110.000	8.4943	0.7040	0.6993	0.7808	0.6238	0.1483	-0.2082	0.4130
115.000	8.0326	0.6728	0.7049	0.7876	0.6547	0.0561	-0.1479	0.4659
120.000	7.5866	0.6352	0.7070	0.7907	0.6716	-0.0414	-0.0751	0.5133
125.000	7.1623	0.5907	0.7048	0.7893	0.6721	-0.1407	0.0098	0.5529
130.000	6.7645	0.5392	0.6974	0.7822	0.6544	-0.2374	0.1062	0.5821
135.000	6.3970	0.4810	0.6833	0.7674	0.6173	-0.3260	0.2126	0.5984
140.000	6.0634	0.4168	0.6605	0.7426	0.5611	-0.4004	0.3270	0.5995
145.000	5.7663	0.3479	0.6269	0.7051	0.4878	-0.4540	0.4461	0.5831
150.000	5.5082	0.2767	0.5801	0.6523	0.4011	-0.4807	0.5657	0.5481
155.000	5.2906	0.2061	0.5182	0.5823	0.3070	-0.4756	0.6809	0.4938
160.000	5.1142	0.1400	0.4403	0.4942	0.2130	-0.4362	0.7860	0.4211
165.000	4.9786	0.0826	0.3468	0.3888	0.1277	-0.3631	0.8751	0.3318
170.000	4.8830	0.0380	0.2397	0.2684	0.0594	-0.2605	0.9430	0.2291
175.000	4.8263	0.0097	0.1226	0.1371	0.0153	-0.1361	0.9855	0.1170
180.000	4.8075	0.0000	0.0001	0.0001	0.0000	-0.0001	1.0000	0.0000
