0.000	7.1089	0.0000	0.0000	0.0000	0.0000	0.0000	1.0000	0.0000
5.000	7.0855	0.0038	-0.0011	0.0012	0.0002	-0.0012	0.9974	0.0713
10.000	7.0189	0.0150	-0.0023	0.0023	0.0008	-0.0023	0.9896	0.1430
15.000	6.9185	0.0325	-0.0036	0.0036	0.0017	-0.0034	0.9760	0.2151
20.000	6.7980	0.0547	-0.0049	0.0049	0.0029	-0.0045	0.9562	0.2875
25.000	6.6725	0.0797	-0.0063	0.0063	0.0044	-0.0056	0.9298	0.3593
30.000	6.5563	0.1052	-0.0078	0.0077	0.0061	-0.0066	0.8970	0.4293
35.000	6.4606	0.1290	-0.0093	0.0091	0.0078	-0.0075	0.8586	0.4960
40.000	6.3931	0.1493	-0.0107	0.0105	0.0095	-0.0083	0.8163	0.5578
45.000	6.3572	0.1650	-0.0121	0.0118	0.0112	-0.0090	0.7721	0.6135
50.000	6.3531	0.1754	-0.0134	0.0130	0.0126	-0.0096	0.7284	0.6621
55.000	6.3783	0.1806	-0.0145	0.0140	0.0138	-0.0101	0.6873	0.7033
60.000	6.4286	0.1810	-0.0155	0.0149	0.0146	-0.0106	0.6509	0.7370
65.000	6.4991	0.1775	-0.0162	0.0155	0.0152	-0.0109	0.6205	0.7636
70.000	6.5844	0.1709	-0.0167	0.0160	0.0155	-0.0112	0.5970	0.7836
75.000	6.6796	0.1621	-0.0171	0.0162	0.0156	-0.0114	0.5808	0.7975
80.000	6.7803	0.1517	-0.0172	0.0163	0.0154	-0.0115	0.5719	0.8059
85.000	6.8828	0.1404	-0.0172	0.0163	0.0150	-0.0116	0.5702	0.8092
90.000	6.9841	0.1287	-0.0171	0.0161	0.0144	-0.0116	0.5751	0.8076
95.000	7.0820	0.1168	-0.0168	0.0157	0.0136	-0.0116	0.5863	0.8014
100.000	7.1750	0.1051	-0.0164	0.0153	0.0127	-0.0115	0.6030	0.7906
105.000	7.2618	0.0936	-0.0159	0.0147	0.0118	-0.0113	0.6245	0.7752
110.000	7.3419	0.0825	-0.0153	0.0140	0.0107	-0.0111	0.6502	0.7551
115.000	7.4145	0.0719	-0.0145	0.0133	0.0096	-0.0108	0.6793	0.7301
120.000	7.4797	0.0618	-0.0137	0.0125	0.0085	-0.0104	0.7110	0.7003
125.000	7.5370	0.0522	-0.0129	0.0116	0.0074	-0.0099	0.7445	0.6655
130.000	7.5867	0.0433	-0.0119	0.0107	0.0063	-0.0094	0.7788	0.6256
135.000	7.6287	0.0351	-0.0109	0.0098	0.0052	-0.0088	0.8133	0.5807
140.000	7.6634	0.0277	-0.0098	0.0088	0.0042	-0.0080	0.8469	0.5310
145.000	7.6912	0.0211	-0.0087	0.0078	0.0033	-0.0073	0.8789	0.4765
150.000	7.7127	0.0154	-0.0075	0.0067	0.0025	-0.0064	0.9085	0.4176
155.000	7.7287	0.0106	-0.0063	0.0057	0.0017	-0.0055	0.9349	0.3547
160.000	7.7400	0.0067	-0.0051	0.0046	0.0011	-0.0045	0.9575	0.2883
165.000	7.7476	0.0038	-0.0038	0.0034	0.0006	-0.0034	0.9757	0.2189
170.000	7.7523	0.0017	-0.0026	0.0023	0.0003	-0.0023	0.9891	0.1472
175.000	7.7548	0.0004	-0.0013	0.0012	0.0001	-0.0012	0.9973	0.0740
180.000	7.7556	0.0000	0.0000	0.0000	0.0000	0.0000	1.0000	0.0000
