0.000	21.1687	0.0000	0.0000	0.0000	0.0000	0.0000	1.0000	0.0000
5.000	20.2702	0.0449	0.0444	0.0111	-0.0127	-0.0084	0.9964	-0.0550
10.000	18.1218	0.1707	0.0953	0.0286	-0.0503	-0.0071	0.9739	-0.1073
15.000	15.7780	0.3479	0.1552	0.0578	-0.1078	0.0135	0.9078	-0.1495
20.000	13.9340	0.5304	0.2202	0.1003	-0.1711	0.0583	0.7863	-0.1712
25.000	12.7435	0.6773	0.2834	0.1523	-0.2223	0.1229	0.6257	-0.1675
30.000	12.0731	0.7731	0.3396	0.2082	-0.2492	0.1962	0.4578	-0.1422
35.000	11.7321	0.8243	0.3879	0.2631	-0.2492	0.2676	0.3080	-0.1036
40.000	11.5662	0.8459	0.4296	0.3150	-0.2265	0.3303	0.1875	-0.0597
45.000	11.4728	0.8509	0.4669	0.3632	-0.1866	0.3814	0.0968	-0.0152
50.000	11.3903	0.8478	0.5015	0.4080	-0.1346	0.4199	0.0321	0.0273
55.000	11.2842	0.8414	0.5343	0.4497	-0.0742	0.4459	-0.0116	0.0668
60.000	11.1371	0.8338	0.5660	0.4887	-0.0085	0.4595	-0.0385	0.1032
65.000	10.9420	0.8259	0.5968	0.5252	0.0603	0.4611	-0.0523	0.1366
70.000	10.6983	0.8177	0.6266	0.5592	0.1304	0.4510	-0.0555	0.1673
75.000	10.4094	0.8089	0.6554	0.5908	0.2001	0.4293	-0.0500	0.1958
80.000	10.0810	0.7989	0.6828	0.6197	0.2677	0.3964	-0.0370	0.2225
85.000	9.7204	0.7868	0.7085	0.6458	0.3318	0.3526	-0.0176	0.2476
90.000	9.3356	0.7719	0.7320	0.6687	0.3905	0.2988	0.0078	0.2716
95.000	8.9346	0.7533	0.7528	0.6882	0.4422	0.2357	0.0389	0.2945
100.000	8.5256	0.7304	0.7702	0.7037	0.4852	0.1647	0.0756	0.3165
105.000	8.1162	0.7024	0.7836	0.7148	0.5178	0.0875	0.1179	0.3374
110.000	7.7133	0.6687	0.7921	0.7209	0.5386	0.0064	0.1659	0.3570
115.000	7.3231	0.6291	0.7948	0.7214	0.5463	-0.0760	0.2198	0.3747
120.000	6.9510	0.5832	0.7909	0.7155	0.5402	-0.1565	0.2797	0.3897
125.000	6.6014	0.5315	0.7792	0.7025	0.5200	-0.2315	0.3452	0.4009
130.000	6.2778	0.4744	0.7589	0.6817	0.4862	-0.2973	0.4161	0.4073
135.000	5.9830	0.4130	0.7289	0.6524	0.4401	-0.3501	0.4914	0.4073
140.000	5.7188	0.3487	0.6884	0.6138	0.3840	-0.3867	0.5698	0.3995
145.000	5.4864	0.2836	0.6368	0.5657	0.3208	-0.4042	0.6492	0.3826
150.000	5.2864	0.2197	0.5737	0.5078	0.2541	-0.4007	0.7273	0.3555
155.000	5.1187	0.1597	0.4993	0.4405	0.1880	-0.3758	0.8010	0.3179
160.000	4.9830	0.1062	0.4142	0.3645	0.1267	-0.3301	0.8673	0.2697
165.000	4.8785	0.0615	0.3198	0.2807	0.0741	-0.2658	0.9229	0.2119
170.000	4.8046	0.0279	0.2177	0.1908	0.0339	-0.1863	0.9649	0.1461
175.000	4.7605	0.0071	0.1102	0.0965	0.0086	-0.0959	0.9911	0.0746
180.000	4.7459	0.0000	0.0000	0.0000	0.0000	0.0000	1.0000	0.0000
