0.000	7.8848	0.0000	0.0000	0.0000	0.0000	0.0000	1.0000	0.0000
5.000	7.8320	0.0086	0.0047	0.0021	0.0004	-0.0021	0.9936	0.1124
10.000	7.6860	0.0335	0.0094	0.0045	0.0016	-0.0040	0.9735	0.2259
15.000	7.4803	0.0716	0.0138	0.0074	0.0037	-0.0055	0.9374	0.3404
20.000	7.2588	0.1180	0.0179	0.0108	0.0065	-0.0064	0.8829	0.4543
25.000	7.0641	0.1664	0.0214	0.0147	0.0101	-0.0068	0.8088	0.5636
30.000	6.9287	0.2103	0.0241	0.0191	0.0142	-0.0064	0.7175	0.6637
35.000	6.8711	0.2445	0.0258	0.0235	0.0184	-0.0055	0.6142	0.7500
40.000	6.8958	0.2662	0.0267	0.0278	0.0226	-0.0043	0.5064	0.8199
45.000	6.9970	0.2753	0.0267	0.0316	0.0264	-0.0030	0.4021	0.8730
50.000	7.1621	0.2736	0.0260	0.0347	0.0297	-0.0017	0.3077	0.9111
55.000	7.3754	0.2638	0.0250	0.0371	0.0324	-0.0008	0.2273	0.9373
60.000	7.6204	0.2488	0.0237	0.0388	0.0344	-0.0002	0.1628	0.9546
65.000	7.8819	0.2311	0.0224	0.0398	0.0359	-0.0001	0.1147	0.9661
70.000	8.1463	0.2123	0.0211	0.0403	0.0368	-0.0004	0.0822	0.9737
75.000	8.4024	0.1936	0.0198	0.0402	0.0371	-0.0010	0.0641	0.9789
80.000	8.6412	0.1757	0.0187	0.0398	0.0370	-0.0020	0.0592	0.9826
85.000	8.8559	0.1589	0.0177	0.0390	0.0365	-0.0031	0.0662	0.9850
90.000	9.0419	0.1433	0.0168	0.0380	0.0357	-0.0045	0.0841	0.9860
95.000	9.1960	0.1288	0.0161	0.0367	0.0345	-0.0060	0.1117	0.9853
100.000	9.3169	0.1153	0.0154	0.0352	0.0329	-0.0075	0.1482	0.9821
105.000	9.4046	0.1028	0.0148	0.0336	0.0311	-0.0090	0.1928	0.9758
110.000	9.4605	0.0910	0.0142	0.0319	0.0291	-0.0104	0.2446	0.9653
115.000	9.4866	0.0800	0.0137	0.0301	0.0268	-0.0117	0.3027	0.9496
120.000	9.4863	0.0696	0.0131	0.0282	0.0244	-0.0128	0.3663	0.9278
125.000	9.4633	0.0597	0.0126	0.0262	0.0217	-0.0136	0.4340	0.8988
130.000	9.4218	0.0504	0.0119	0.0241	0.0190	-0.0141	0.5048	0.8617
135.000	9.3663	0.0417	0.0112	0.0220	0.0162	-0.0143	0.5770	0.8156
140.000	9.3016	0.0336	0.0104	0.0198	0.0135	-0.0141	0.6492	0.7598
145.000	9.2321	0.0262	0.0095	0.0175	0.0108	-0.0136	0.7193	0.6941
150.000	9.1621	0.0196	0.0084	0.0151	0.0082	-0.0126	0.7856	0.6184
155.000	9.0957	0.0138	0.0073	0.0127	0.0059	-0.0112	0.8460	0.5329
160.000	9.0364	0.0090	0.0060	0.0103	0.0039	-0.0094	0.8987	0.4385
165.000	8.9870	0.0051	0.0046	0.0077	0.0022	-0.0074	0.9417	0.3363
170.000	8.9501	0.0023	0.0031	0.0052	0.0010	-0.0051	0.9737	0.2279
175.000	8.9272	0.0006	0.0016	0.0026	0.0003	-0.0026	0.9934	0.1151
180.000	8.9194	0.0000	0.0000	0.0000	0.0000	0.0000	1.0000	0.0000
