0.000	7.4253	0.0000	0.0000	0.0000	0.0000	0.0000	1.0000	0.0000
5.000	7.3500	0.0142	0.0172	0.0043	0.0006	-0.0040	0.9905	0.1357
10.000	7.1490	0.0550	0.0344	0.0095	0.0023	-0.0073	0.9596	0.2738
15.000	6.8865	0.1161	0.0516	0.0163	0.0055	-0.0089	0.9015	0.4140
20.000	6.6409	0.1871	0.0678	0.0250	0.0102	-0.0083	0.8106	0.5512
25.000	6.4795	0.2546	0.0818	0.0354	0.0163	-0.0052	0.6870	0.6763
30.000	6.4432	0.3066	0.0924	0.0467	0.0235	0.0000	0.5393	0.7799
35.000	6.5446	0.3362	0.0990	0.0575	0.0312	0.0064	0.3829	0.8561
40.000	6.7740	0.3435	0.1018	0.0669	0.0386	0.0129	0.2341	0.9054
45.000	7.1084	0.3333	0.1017	0.0743	0.0454	0.0185	0.1048	0.9331
50.000	7.5193	0.3122	0.0997	0.0796	0.0513	0.0226	0.0008	0.9465
55.000	7.9785	0.2860	0.0968	0.0830	0.0561	0.0250	-0.0771	0.9518
60.000	8.4606	0.2586	0.0935	0.0847	0.0599	0.0258	-0.1310	0.9540
65.000	8.9448	0.2323	0.0902	0.0851	0.0628	0.0252	-0.1638	0.9559
70.000	9.4148	0.2085	0.0872	0.0845	0.0648	0.0234	-0.1787	0.9589
75.000	9.8581	0.1872	0.0845	0.0830	0.0659	0.0206	-0.1782	0.9634
80.000	10.2662	0.1686	0.0821	0.0809	0.0662	0.0171	-0.1646	0.9693
85.000	10.6331	0.1523	0.0800	0.0782	0.0658	0.0130	-0.1395	0.9760
90.000	10.9551	0.1379	0.0781	0.0752	0.0647	0.0086	-0.1043	0.9826
95.000	11.2303	0.1251	0.0763	0.0719	0.0628	0.0040	-0.0599	0.9880
100.000	11.4584	0.1135	0.0745	0.0683	0.0604	-0.0006	-0.0074	0.9912
105.000	11.6399	0.1028	0.0726	0.0645	0.0573	-0.0051	0.0525	0.9911
110.000	11.7769	0.0927	0.0706	0.0606	0.0537	-0.0093	0.1190	0.9864
115.000	11.8719	0.0831	0.0684	0.0566	0.0496	-0.0131	0.1912	0.9759
120.000	11.9287	0.0738	0.0660	0.0525	0.0451	-0.0163	0.2682	0.9585
125.000	11.9518	0.0648	0.0631	0.0483	0.0403	-0.0190	0.3490	0.9329
130.000	11.9463	0.0559	0.0599	0.0441	0.0353	-0.0210	0.4323	0.8982
135.000	11.9179	0.0473	0.0561	0.0399	0.0301	-0.0222	0.5164	0.8533
140.000	11.8727	0.0390	0.0519	0.0356	0.0250	-0.0227	0.5998	0.7976
145.000	11.8167	0.0311	0.0470	0.0312	0.0200	-0.0222	0.6805	0.7306
150.000	11.7556	0.0237	0.0417	0.0268	0.0153	-0.0210	0.7564	0.6524
155.000	11.6947	0.0170	0.0357	0.0224	0.0110	-0.0189	0.8253	0.5633
160.000	11.6386	0.0112	0.0293	0.0180	0.0072	-0.0162	0.8852	0.4642
165.000	11.5911	0.0064	0.0224	0.0135	0.0042	-0.0127	0.9340	0.3564
170.000	11.5551	0.0029	0.0151	0.0090	0.0019	-0.0088	0.9702	0.2417
175.000	11.5327	0.0007	0.0076	0.0045	0.0005	-0.0045	0.9925	0.1221
180.000	11.5251	0.0000	0.0000	0.0000	0.0000	0.0000	1.0000	0.0000
