0.000	6.6236	0.0000	0.0000	0.0000	0.0000	0.0000	1.0000	0.0000
5.000	6.5336	0.0352	0.2622	0.0500	-0.0165	-0.0431	0.9635	0.0454
10.000	6.3557	0.1298	0.5214	0.1151	-0.0614	-0.0619	0.8433	0.0767
15.000	6.2932	0.2494	0.7505	0.2006	-0.1184	-0.0369	0.6267	0.0816
20.000	6.5221	0.3483	0.9059	0.2949	-0.1622	0.0330	0.3378	0.0587
25.000	7.1113	0.3990	0.9671	0.3774	-0.1739	0.1251	0.0388	0.0213
30.000	8.0310	0.4070	0.9534	0.4356	-0.1536	0.2116	-0.2158	-0.0124
35.000	9.2008	0.3925	0.8999	0.4698	-0.1127	0.2772	-0.4078	-0.0315
40.000	10.5304	0.3721	0.8334	0.4861	-0.0630	0.3195	-0.5441	-0.0337
45.000	11.9411	0.3541	0.7678	0.4906	-0.0120	0.3419	-0.6389	-0.0204
50.000	13.3701	0.3411	0.7087	0.4878	0.0362	0.3490	-0.7044	0.0055
55.000	14.7695	0.3332	0.6574	0.4805	0.0800	0.3447	-0.7488	0.0416
60.000	16.1022	0.3293	0.6136	0.4703	0.1188	0.3319	-0.7776	0.0858
65.000	17.3390	0.3282	0.5763	0.4583	0.1525	0.3127	-0.7940	0.1366
70.000	18.4568	0.3287	0.5446	0.4449	0.1813	0.2887	-0.7999	0.1928
75.000	19.4375	0.3297	0.5177	0.4306	0.2055	0.2610	-0.7963	0.2535
80.000	20.2675	0.3303	0.4948	0.4155	0.2253	0.2304	-0.7835	0.3178
85.000	20.9376	0.3298	0.4751	0.3999	0.2409	0.1976	-0.7617	0.3849
90.000	21.4425	0.3274	0.4582	0.3839	0.2526	0.1633	-0.7306	0.4539
95.000	21.7811	0.3227	0.4434	0.3678	0.2604	0.1280	-0.6899	0.5238
100.000	21.9564	0.3154	0.4304	0.3518	0.2644	0.0925	-0.6390	0.5935
105.000	21.9755	0.3050	0.4186	0.3359	0.2648	0.0572	-0.5773	0.6617
110.000	21.8496	0.2916	0.4077	0.3204	0.2616	0.0227	-0.5043	0.7267
115.000	21.5942	0.2752	0.3972	0.3053	0.2546	-0.0103	-0.4194	0.7867
120.000	21.2289	0.2558	0.3865	0.2904	0.2440	-0.0412	-0.3220	0.8394
125.000	20.7767	0.2337	0.3751	0.2755	0.2297	-0.0693	-0.2122	0.8821
130.000	20.2636	0.2092	0.3620	0.2602	0.2117	-0.0938	-0.0903	0.9117
135.000	19.7166	0.1828	0.3466	0.2441	0.1902	-0.1139	0.0423	0.9247
140.000	19.1625	0.1551	0.3278	0.2265	0.1657	-0.1286	0.1834	0.9177
145.000	18.6264	0.1267	0.3047	0.2068	0.1388	-0.1368	0.3293	0.8874
150.000	18.1299	0.0987	0.2765	0.1848	0.1106	-0.1379	0.4752	0.8312
155.000	17.6903	0.0722	0.2427	0.1599	0.0824	-0.1313	0.6150	0.7478
160.000	17.3201	0.0482	0.2031	0.1322	0.0560	-0.1169	0.7420	0.6376
165.000	17.0275	0.0281	0.1579	0.1019	0.0330	-0.0952	0.8495	0.5028
170.000	16.8168	0.0128	0.1082	0.0693	0.0152	-0.0672	0.9314	0.3475
175.000	16.6900	0.0032	0.0550	0.0351	0.0039	-0.0348	0.9826	0.1776
180.000	16.6477	0.0000	0.0000	0.0000	0.0000	0.0000	1.0000	0.0000
