0.000	13.2760	0.0000	0.0000	0.0000	0.0000	0.0000	1.0000	0.0000
5.000	12.9854	0.0330	0.1763	0.0365	-0.0170	-0.0303	0.9824	-0.0537
10.000	12.2962	0.1241	0.3589	0.0884	-0.0650	-0.0397	0.9193	-0.1126
15.000	11.6039	0.2488	0.5396	0.1650	-0.1318	-0.0095	0.7910	-0.1762
20.000	11.2404	0.3698	0.6945	0.2634	-0.1945	0.0660	0.5939	-0.2353
25.000	11.3378	0.4567	0.8002	0.3678	-0.2296	0.1724	0.3562	-0.2776
30.000	11.8620	0.5016	0.8525	0.4608	-0.2273	0.2835	0.1201	-0.2959
35.000	12.7023	0.5152	0.8640	0.5333	-0.1928	0.3785	-0.0846	-0.2913
40.000	13.7380	0.5124	0.8518	0.5847	-0.1377	0.4484	-0.2482	-0.2688
45.000	14.8675	0.5038	0.8287	0.6184	-0.0723	0.4926	-0.3736	-0.2333
50.000	16.0140	0.4950	0.8024	0.6384	-0.0039	0.5143	-0.4677	-0.1885
55.000	17.1228	0.4880	0.7767	0.6483	0.0630	0.5173	-0.5372	-0.1370
60.000	18.1548	0.4832	0.7532	0.6506	0.1258	0.5054	-0.5873	-0.0803
65.000	19.0824	0.4799	0.7324	0.6473	0.1831	0.4815	-0.6216	-0.0194
70.000	19.8861	0.4775	0.7144	0.6397	0.2341	0.4483	-0.6428	0.0448
75.000	20.5518	0.4750	0.6987	0.6289	0.2784	0.4077	-0.6523	0.1116
80.000	21.0704	0.4719	0.6852	0.6157	0.3158	0.3615	-0.6511	0.1805
85.000	21.4364	0.4674	0.6735	0.6006	0.3462	0.3111	-0.6396	0.2509
90.000	21.6482	0.4611	0.6632	0.5842	0.3696	0.2578	-0.6181	0.3220
95.000	21.7077	0.4525	0.6538	0.5666	0.3862	0.2027	-0.5865	0.3932
100.000	21.6203	0.4413	0.6451	0.5481	0.3959	0.1468	-0.5444	0.4635
105.000	21.3948	0.4271	0.6366	0.5288	0.3988	0.0911	-0.4916	0.5320
110.000	21.0435	0.4096	0.6277	0.5087	0.3950	0.0366	-0.4275	0.5975
115.000	20.5815	0.3887	0.6178	0.4878	0.3847	-0.0158	-0.3518	0.6582
120.000	20.0267	0.3642	0.6062	0.4658	0.3680	-0.0648	-0.2641	0.7124
125.000	19.3990	0.3360	0.5920	0.4425	0.3452	-0.1093	-0.1645	0.7579
130.000	18.7204	0.3043	0.5742	0.4176	0.3167	-0.1480	-0.0532	0.7919
135.000	18.0133	0.2693	0.5516	0.3907	0.2832	-0.1794	0.0687	0.8116
140.000	17.3012	0.2317	0.5232	0.3613	0.2454	-0.2023	0.1995	0.8138
145.000	16.6069	0.1921	0.4875	0.3288	0.2047	-0.2151	0.3363	0.7951
150.000	15.9527	0.1520	0.4435	0.2928	0.1626	-0.2168	0.4752	0.7528
155.000	15.3595	0.1127	0.3902	0.2529	0.1210	-0.2064	0.6106	0.6847
160.000	14.8461	0.0764	0.3275	0.2089	0.0821	-0.1840	0.7361	0.5900
165.000	14.4287	0.0450	0.2555	0.1610	0.0484	-0.1500	0.8445	0.4696
170.000	14.1208	0.0207	0.1754	0.1095	0.0223	-0.1062	0.9285	0.3270
175.000	13.9320	0.0053	0.0893	0.0555	0.0057	-0.0550	0.9817	0.1680
180.000	13.8683	0.0000	0.0000	0.0000	0.0000	0.0000	1.0000	0.0000
