0.000	7.7544	0.0000	0.0000	0.0000	0.0000	0.0000	1.0000	0.0000
5.000	7.6963	0.0099	0.0073	0.0026	0.0004	-0.0025	0.9927	0.1201
10.000	7.5369	0.0383	0.0145	0.0055	0.0018	-0.0046	0.9695	0.2416
15.000	7.3163	0.0816	0.0216	0.0090	0.0041	-0.0062	0.9275	0.3642
20.000	7.0859	0.1337	0.0281	0.0134	0.0073	-0.0070	0.8636	0.4854
25.000	6.8943	0.1871	0.0338	0.0184	0.0113	-0.0068	0.7768	0.6005
30.000	6.7769	0.2339	0.0383	0.0240	0.0160	-0.0057	0.6704	0.7033
35.000	6.7515	0.2683	0.0413	0.0297	0.0209	-0.0039	0.5517	0.7889
40.000	6.8201	0.2879	0.0429	0.0350	0.0257	-0.0016	0.4304	0.8547
45.000	6.9733	0.2932	0.0431	0.0396	0.0301	0.0006	0.3158	0.9017
50.000	7.1949	0.2872	0.0424	0.0433	0.0339	0.0025	0.2147	0.9329
55.000	7.4657	0.2735	0.0410	0.0460	0.0371	0.0039	0.1310	0.9524
60.000	7.7671	0.2552	0.0393	0.0478	0.0395	0.0047	0.0659	0.9642
65.000	8.0817	0.2351	0.0374	0.0487	0.0412	0.0048	0.0188	0.9714
70.000	8.3950	0.2148	0.0356	0.0490	0.0423	0.0043	-0.0114	0.9762
75.000	8.6947	0.1953	0.0339	0.0487	0.0428	0.0034	-0.0265	0.9801
80.000	8.9716	0.1771	0.0323	0.0479	0.0428	0.0020	-0.0281	0.9835
85.000	9.2187	0.1603	0.0308	0.0468	0.0424	0.0003	-0.0176	0.9866
90.000	9.4310	0.1449	0.0296	0.0454	0.0415	-0.0016	0.0039	0.9892
95.000	9.6058	0.1307	0.0284	0.0437	0.0403	-0.0037	0.0354	0.9905
100.000	9.7419	0.1176	0.0274	0.0419	0.0386	-0.0058	0.0759	0.9899
105.000	9.8398	0.1053	0.0264	0.0399	0.0367	-0.0079	0.1247	0.9863
110.000	9.9010	0.0938	0.0254	0.0378	0.0344	-0.0099	0.1810	0.9788
115.000	9.9284	0.0828	0.0245	0.0356	0.0318	-0.0118	0.2439	0.9660
120.000	9.9259	0.0724	0.0235	0.0333	0.0290	-0.0134	0.3125	0.9469
125.000	9.8978	0.0624	0.0224	0.0309	0.0259	-0.0146	0.3857	0.9203
130.000	9.8491	0.0529	0.0212	0.0285	0.0228	-0.0155	0.4621	0.8850
135.000	9.7849	0.0440	0.0199	0.0259	0.0195	-0.0160	0.5402	0.8402
140.000	9.7106	0.0356	0.0184	0.0233	0.0162	-0.0160	0.6183	0.7850
145.000	9.6313	0.0278	0.0168	0.0206	0.0130	-0.0155	0.6944	0.7189
150.000	9.5519	0.0208	0.0149	0.0178	0.0100	-0.0145	0.7663	0.6419
155.000	9.4767	0.0147	0.0128	0.0150	0.0072	-0.0130	0.8321	0.5543
160.000	9.4097	0.0096	0.0105	0.0121	0.0047	-0.0110	0.8894	0.4569
165.000	9.3542	0.0054	0.0081	0.0091	0.0027	-0.0087	0.9364	0.3509
170.000	9.3126	0.0024	0.0055	0.0061	0.0012	-0.0060	0.9713	0.2380
175.000	9.2869	0.0006	0.0028	0.0031	0.0003	-0.0030	0.9927	0.1202
180.000	9.2782	0.0000	0.0000	0.0000	0.0000	0.0000	1.0000	0.0000
