0.000	6.7799	0.0000	0.0000	0.0000	0.0000	0.0000	1.0000	0.0000
5.000	6.7695	0.0019	-0.0012	0.0007	0.0001	-0.0007	0.9982	0.0602
10.000	6.7395	0.0075	-0.0025	0.0013	0.0003	-0.0013	0.9927	0.1203
15.000	6.6934	0.0163	-0.0037	0.0020	0.0008	-0.0020	0.9835	0.1800
20.000	6.6364	0.0275	-0.0050	0.0027	0.0013	-0.0026	0.9707	0.2388
25.000	6.5742	0.0404	-0.0063	0.0034	0.0020	-0.0033	0.9542	0.2964
30.000	6.5126	0.0539	-0.0076	0.0042	0.0027	-0.0039	0.9344	0.3520
35.000	6.4566	0.0672	-0.0089	0.0049	0.0035	-0.0044	0.9118	0.4050
40.000	6.4097	0.0795	-0.0101	0.0056	0.0043	-0.0050	0.8870	0.4547
45.000	6.3743	0.0901	-0.0113	0.0062	0.0051	-0.0055	0.8610	0.5004
50.000	6.3516	0.0986	-0.0124	0.0068	0.0058	-0.0059	0.8347	0.5416
55.000	6.3413	0.1048	-0.0134	0.0074	0.0064	-0.0063	0.8092	0.5779
60.000	6.3428	0.1087	-0.0143	0.0079	0.0069	-0.0067	0.7855	0.6091
65.000	6.3545	0.1103	-0.0150	0.0083	0.0073	-0.0070	0.7643	0.6351
70.000	6.3748	0.1097	-0.0157	0.0086	0.0076	-0.0072	0.7466	0.6560
75.000	6.4016	0.1074	-0.0161	0.0089	0.0077	-0.0074	0.7328	0.6717
80.000	6.4330	0.1034	-0.0165	0.0091	0.0078	-0.0075	0.7233	0.6825
85.000	6.4670	0.0981	-0.0167	0.0091	0.0077	-0.0076	0.7183	0.6886
90.000	6.5018	0.0919	-0.0167	0.0091	0.0075	-0.0077	0.7179	0.6899
95.000	6.5358	0.0849	-0.0166	0.0090	0.0072	-0.0077	0.7218	0.6866
100.000	6.5676	0.0775	-0.0164	0.0089	0.0068	-0.0076	0.7299	0.6789
105.000	6.5960	0.0698	-0.0161	0.0087	0.0063	-0.0075	0.7418	0.6667
110.000	6.6202	0.0622	-0.0156	0.0084	0.0058	-0.0074	0.7571	0.6501
115.000	6.6397	0.0547	-0.0151	0.0080	0.0053	-0.0072	0.7752	0.6291
120.000	6.6544	0.0475	-0.0144	0.0076	0.0047	-0.0069	0.7957	0.6036
125.000	6.6644	0.0406	-0.0136	0.0072	0.0041	-0.0066	0.8179	0.5738
130.000	6.6701	0.0342	-0.0127	0.0067	0.0035	-0.0062	0.8412	0.5395
135.000	6.6723	0.0282	-0.0118	0.0062	0.0030	-0.0058	0.8650	0.5008
140.000	6.6718	0.0227	-0.0107	0.0056	0.0024	-0.0053	0.8886	0.4579
145.000	6.6693	0.0177	-0.0096	0.0050	0.0019	-0.0048	0.9114	0.4110
150.000	6.6657	0.0133	-0.0083	0.0043	0.0014	-0.0042	0.9327	0.3602
155.000	6.6617	0.0094	-0.0071	0.0036	0.0010	-0.0036	0.9520	0.3059
160.000	6.6579	0.0061	-0.0057	0.0029	0.0007	-0.0029	0.9686	0.2486
165.000	6.6546	0.0035	-0.0043	0.0022	0.0004	-0.0022	0.9820	0.1888
170.000	6.6521	0.0016	-0.0029	0.0015	0.0002	-0.0015	0.9919	0.1270
175.000	6.6506	0.0004	-0.0015	0.0007	0.0000	-0.0007	0.9980	0.0638
180.000	6.6501	0.0000	0.0000	0.0000	0.0000	0.0000	1.0000	0.0000
