0.000	6.6358	0.0000	0.0000	0.0000	0.0000	0.0000	1.0000	0.0000
5.000	6.6179	0.0030	-0.0012	0.0010	0.0001	-0.0010	0.9979	0.0645
10.000	6.5664	0.0118	-0.0025	0.0020	0.0006	-0.0020	0.9915	0.1292
15.000	6.4882	0.0257	-0.0038	0.0030	0.0013	-0.0030	0.9806	0.1943
20.000	6.3928	0.0435	-0.0052	0.0041	0.0022	-0.0039	0.9648	0.2594
25.000	6.2913	0.0636	-0.0066	0.0052	0.0033	-0.0048	0.9439	0.3241
30.000	6.1943	0.0844	-0.0081	0.0063	0.0045	-0.0057	0.9180	0.3873
35.000	6.1108	0.1043	-0.0095	0.0075	0.0059	-0.0066	0.8879	0.4480
40.000	6.0471	0.1218	-0.0110	0.0086	0.0072	-0.0074	0.8545	0.5048
45.000	6.0068	0.1360	-0.0123	0.0096	0.0084	-0.0080	0.8194	0.5566
50.000	5.9907	0.1462	-0.0136	0.0105	0.0095	-0.0087	0.7844	0.6026
55.000	5.9978	0.1523	-0.0146	0.0114	0.0104	-0.0092	0.7511	0.6422
60.000	6.0253	0.1545	-0.0156	0.0121	0.0112	-0.0096	0.7210	0.6753
65.000	6.0698	0.1533	-0.0163	0.0126	0.0117	-0.0100	0.6954	0.7018
70.000	6.1274	0.1494	-0.0169	0.0131	0.0120	-0.0103	0.6751	0.7222
75.000	6.1944	0.1433	-0.0172	0.0133	0.0121	-0.0105	0.6605	0.7368
80.000	6.2672	0.1356	-0.0175	0.0135	0.0120	-0.0106	0.6518	0.7459
85.000	6.3431	0.1268	-0.0175	0.0135	0.0117	-0.0107	0.6490	0.7499
90.000	6.4197	0.1173	-0.0174	0.0134	0.0113	-0.0107	0.6517	0.7491
95.000	6.4951	0.1074	-0.0172	0.0131	0.0107	-0.0106	0.6596	0.7436
100.000	6.5680	0.0973	-0.0168	0.0128	0.0100	-0.0105	0.6724	0.7336
105.000	6.6375	0.0872	-0.0164	0.0124	0.0093	-0.0103	0.6893	0.7190
110.000	6.7028	0.0771	-0.0158	0.0118	0.0085	-0.0100	0.7100	0.6998
115.000	6.7634	0.0673	-0.0151	0.0113	0.0076	-0.0097	0.7336	0.6760
120.000	6.8190	0.0577	-0.0143	0.0106	0.0067	-0.0093	0.7596	0.6476
125.000	6.8691	0.0486	-0.0134	0.0099	0.0058	-0.0089	0.7873	0.6145
130.000	6.9135	0.0400	-0.0125	0.0092	0.0050	-0.0084	0.8158	0.5768
135.000	6.9521	0.0321	-0.0114	0.0084	0.0041	-0.0078	0.8445	0.5344
140.000	6.9848	0.0250	-0.0103	0.0076	0.0033	-0.0071	0.8726	0.4877
145.000	7.0117	0.0187	-0.0091	0.0067	0.0026	-0.0064	0.8993	0.4369
150.000	7.0332	0.0134	-0.0079	0.0058	0.0019	-0.0056	0.9240	0.3822
155.000	7.0497	0.0091	-0.0067	0.0049	0.0014	-0.0048	0.9460	0.3241
160.000	7.0617	0.0057	-0.0054	0.0040	0.0009	-0.0039	0.9648	0.2630
165.000	7.0701	0.0031	-0.0041	0.0030	0.0005	-0.0030	0.9799	0.1994
170.000	7.0755	0.0014	-0.0027	0.0020	0.0002	-0.0020	0.9910	0.1340
175.000	7.0785	0.0003	-0.0014	0.0010	0.0001	-0.0010	0.9977	0.0673
180.000	7.0795	0.0000	0.0000	0.0000	0.0000	0.0000	1.0000	0.0000
