0.000	4.9295	0.0000	0.0000	0.0000	0.0000	0.0000	1.0000	0.0000
5.000	4.8650	0.0321	0.1629	0.0287	-0.0052	-0.0254	0.9655	0.2011
10.000	4.7263	0.1203	0.3260	0.0655	-0.0191	-0.0396	0.8527	0.3929
15.000	4.6416	0.2374	0.4765	0.1142	-0.0364	-0.0327	0.6485	0.5537
20.000	4.7373	0.3418	0.5885	0.1701	-0.0483	-0.0014	0.3675	0.6545
25.000	5.0838	0.4005	0.6429	0.2220	-0.0477	0.0457	0.0637	0.6835
30.000	5.6855	0.4098	0.6438	0.2606	-0.0341	0.0941	-0.2037	0.6587
35.000	6.5022	0.3877	0.6117	0.2839	-0.0120	0.1332	-0.4064	0.6109
40.000	7.4749	0.3538	0.5660	0.2950	0.0136	0.1595	-0.5465	0.5633
45.000	8.5435	0.3202	0.5188	0.2979	0.0390	0.1743	-0.6381	0.5273
50.000	9.6556	0.2921	0.4753	0.2956	0.0627	0.1798	-0.6955	0.5061
55.000	10.7684	0.2706	0.4374	0.2902	0.0837	0.1784	-0.7291	0.4992
60.000	11.8479	0.2551	0.4051	0.2830	0.1020	0.1718	-0.7457	0.5048
65.000	12.8672	0.2444	0.3777	0.2745	0.1175	0.1615	-0.7494	0.5211
70.000	13.8058	0.2370	0.3546	0.2653	0.1304	0.1482	-0.7425	0.5461
75.000	14.6479	0.2319	0.3350	0.2555	0.1407	0.1328	-0.7262	0.5783
80.000	15.3820	0.2278	0.3185	0.2453	0.1487	0.1157	-0.7012	0.6161
85.000	16.0006	0.2240	0.3043	0.2348	0.1543	0.0974	-0.6676	0.6583
90.000	16.4995	0.2196	0.2920	0.2240	0.1577	0.0784	-0.6253	0.7034
95.000	16.8778	0.2140	0.2812	0.2132	0.1589	0.0590	-0.5741	0.7498
100.000	17.1372	0.2070	0.2716	0.2025	0.1581	0.0396	-0.5136	0.7962
105.000	17.2823	0.1982	0.2627	0.1918	0.1552	0.0207	-0.4437	0.8409
110.000	17.3204	0.1875	0.2543	0.1813	0.1504	0.0026	-0.3640	0.8820
115.000	17.2617	0.1751	0.2461	0.1711	0.1437	-0.0143	-0.2745	0.9175
120.000	17.1194	0.1611	0.2376	0.1609	0.1352	-0.0297	-0.1751	0.9453
125.000	16.9089	0.1456	0.2284	0.1508	0.1250	-0.0433	-0.0663	0.9630
130.000	16.6477	0.1290	0.2183	0.1405	0.1132	-0.0547	0.0511	0.9680
135.000	16.3544	0.1116	0.2067	0.1299	0.0999	-0.0634	0.1754	0.9576
140.000	16.0474	0.0938	0.1932	0.1187	0.0856	-0.0692	0.3043	0.9291
145.000	15.7443	0.0760	0.1775	0.1068	0.0706	-0.0717	0.4344	0.8805
150.000	15.4598	0.0588	0.1592	0.0940	0.0554	-0.0708	0.5616	0.8103
155.000	15.2060	0.0427	0.1382	0.0803	0.0408	-0.0662	0.6812	0.7180
160.000	14.9914	0.0284	0.1146	0.0656	0.0274	-0.0581	0.7880	0.6045
165.000	14.8216	0.0165	0.0884	0.0500	0.0160	-0.0467	0.8771	0.4719
170.000	14.6994	0.0075	0.0602	0.0338	0.0073	-0.0328	0.9442	0.3238
175.000	14.6259	0.0019	0.0305	0.0170	0.0019	-0.0169	0.9859	0.1648
180.000	14.6014	0.0000	0.0000	0.0000	0.0000	0.0000	1.0000	0.0000
