0.000	7.3816	0.0000	0.0000	0.0000	0.0000	0.0000	1.0000	0.0000
5.000	7.3312	0.0098	0.0091	0.0028	0.0004	-0.0027	0.9919	0.1267
10.000	7.1947	0.0380	0.0181	0.0061	0.0018	-0.0051	0.9663	0.2541
15.000	7.0107	0.0805	0.0269	0.0100	0.0041	-0.0068	0.9205	0.3816
20.000	6.8281	0.1308	0.0350	0.0147	0.0073	-0.0075	0.8520	0.5058
25.000	6.6913	0.1813	0.0421	0.0202	0.0113	-0.0072	0.7612	0.6214
30.000	6.6307	0.2246	0.0477	0.0260	0.0159	-0.0059	0.6524	0.7225
35.000	6.6598	0.2559	0.0515	0.0319	0.0207	-0.0039	0.5336	0.8048
40.000	6.7777	0.2733	0.0536	0.0374	0.0255	-0.0015	0.4143	0.8669
45.000	6.9733	0.2781	0.0542	0.0420	0.0299	0.0009	0.3030	0.9104
50.000	7.2304	0.2731	0.0536	0.0457	0.0337	0.0029	0.2056	0.9387
55.000	7.5306	0.2614	0.0522	0.0484	0.0369	0.0043	0.1252	0.9562
60.000	7.8563	0.2459	0.0504	0.0502	0.0394	0.0051	0.0625	0.9664
65.000	8.1914	0.2287	0.0483	0.0512	0.0413	0.0053	0.0172	0.9726
70.000	8.5223	0.2111	0.0463	0.0514	0.0426	0.0049	-0.0120	0.9767
75.000	8.8377	0.1940	0.0443	0.0511	0.0433	0.0039	-0.0264	0.9800
80.000	9.1291	0.1778	0.0424	0.0503	0.0434	0.0025	-0.0274	0.9831
85.000	9.3900	0.1624	0.0407	0.0491	0.0431	0.0007	-0.0164	0.9860
90.000	9.6158	0.1479	0.0391	0.0476	0.0423	-0.0014	0.0056	0.9884
95.000	9.8039	0.1343	0.0376	0.0458	0.0410	-0.0036	0.0375	0.9897
100.000	9.9529	0.1214	0.0362	0.0438	0.0393	-0.0059	0.0784	0.9890
105.000	10.0628	0.1091	0.0349	0.0416	0.0373	-0.0082	0.1275	0.9853
110.000	10.1348	0.0974	0.0336	0.0393	0.0349	-0.0104	0.1837	0.9777
115.000	10.1712	0.0863	0.0323	0.0370	0.0323	-0.0123	0.2464	0.9649
120.000	10.1754	0.0758	0.0309	0.0345	0.0294	-0.0139	0.3145	0.9458
125.000	10.1520	0.0658	0.0294	0.0320	0.0263	-0.0152	0.3871	0.9193
130.000	10.1063	0.0564	0.0277	0.0295	0.0231	-0.0161	0.4629	0.8842
135.000	10.0443	0.0475	0.0259	0.0268	0.0198	-0.0166	0.5405	0.8396
140.000	9.9723	0.0391	0.0239	0.0241	0.0165	-0.0166	0.6182	0.7847
145.000	9.8962	0.0313	0.0217	0.0213	0.0133	-0.0160	0.6941	0.7189
150.000	9.8214	0.0240	0.0192	0.0185	0.0102	-0.0150	0.7661	0.6420
155.000	9.7524	0.0173	0.0164	0.0155	0.0073	-0.0134	0.8319	0.5545
160.000	9.6927	0.0115	0.0135	0.0125	0.0048	-0.0114	0.8893	0.4570
165.000	9.6445	0.0067	0.0103	0.0094	0.0028	-0.0089	0.9363	0.3509
170.000	9.6095	0.0030	0.0070	0.0063	0.0013	-0.0061	0.9712	0.2380
175.000	9.5882	0.0008	0.0035	0.0032	0.0003	-0.0031	0.9927	0.1202
180.000	9.5811	0.0000	0.0000	0.0000	0.0000	0.0000	1.0000	0.0000
