0.000	21.7637	0.0000	0.0000	0.0000	0.0000	0.0000	1.0000	0.0000
5.000	20.9630	0.0381	0.0594	0.0155	-0.0132	-0.0123	0.9946	-0.0756
10.000	19.0102	0.1445	0.1248	0.0389	-0.0516	-0.0134	0.9690	-0.1523
15.000	16.8005	0.2949	0.1978	0.0762	-0.1091	0.0075	0.9038	-0.2257
20.000	14.9737	0.4534	0.2733	0.1290	-0.1719	0.0559	0.7886	-0.2860
25.000	13.7204	0.5879	0.3433	0.1929	-0.2223	0.1278	0.6346	-0.3244
30.000	12.9636	0.6839	0.4023	0.2607	-0.2483	0.2117	0.4660	-0.3388
35.000	12.5528	0.7437	0.4490	0.3263	-0.2470	0.2954	0.3044	-0.3329
40.000	12.3547	0.7772	0.4851	0.3864	-0.2219	0.3703	0.1616	-0.3121
45.000	12.2731	0.7941	0.5131	0.4402	-0.1790	0.4323	0.0409	-0.2814
50.000	12.2434	0.8014	0.5357	0.4878	-0.1240	0.4800	-0.0588	-0.2438
55.000	12.2220	0.8035	0.5546	0.5300	-0.0615	0.5136	-0.1402	-0.2014
60.000	12.1793	0.8025	0.5714	0.5677	0.0053	0.5340	-0.2059	-0.1554
65.000	12.0946	0.7999	0.5870	0.6016	0.0742	0.5422	-0.2581	-0.1065
70.000	11.9546	0.7961	0.6021	0.6322	0.1438	0.5391	-0.2983	-0.0553
75.000	11.7522	0.7912	0.6169	0.6598	0.2131	0.5254	-0.3275	-0.0018
80.000	11.4860	0.7851	0.6316	0.6846	0.2815	0.5013	-0.3464	0.0536
85.000	11.1597	0.7774	0.6459	0.7066	0.3481	0.4670	-0.3551	0.1109
90.000	10.7809	0.7677	0.6597	0.7258	0.4123	0.4223	-0.3535	0.1698
95.000	10.3604	0.7552	0.6725	0.7420	0.4729	0.3674	-0.3414	0.2300
100.000	9.9099	0.7393	0.6839	0.7554	0.5285	0.3022	-0.3181	0.2908
105.000	9.4417	0.7192	0.6934	0.7658	0.5772	0.2273	-0.2832	0.3513
110.000	8.9671	0.6942	0.7006	0.7734	0.6170	0.1437	-0.2362	0.4102
115.000	8.4958	0.6635	0.7052	0.7779	0.6455	0.0529	-0.1766	0.4658
120.000	8.0362	0.6265	0.7066	0.7790	0.6605	-0.0426	-0.1042	0.5160
125.000	7.5949	0.5828	0.7040	0.7761	0.6596	-0.1396	-0.0193	0.5585
130.000	7.1777	0.5323	0.6966	0.7678	0.6413	-0.2338	0.0777	0.5908
135.000	6.7894	0.4751	0.6828	0.7525	0.6044	-0.3200	0.1855	0.6100
140.000	6.4342	0.4120	0.6606	0.7277	0.5492	-0.3925	0.3019	0.6137
145.000	6.1161	0.3442	0.6276	0.6908	0.4775	-0.4448	0.4238	0.5995
150.000	5.8380	0.2739	0.5814	0.6391	0.3928	-0.4709	0.5471	0.5657
155.000	5.6022	0.2043	0.5201	0.5707	0.3009	-0.4661	0.6664	0.5116
160.000	5.4101	0.1389	0.4424	0.4846	0.2089	-0.4277	0.7757	0.4377
165.000	5.2618	0.0820	0.3489	0.3814	0.1253	-0.3562	0.8688	0.3458
170.000	5.1570	0.0378	0.2413	0.2635	0.0583	-0.2557	0.9400	0.2393
175.000	5.0945	0.0096	0.1235	0.1346	0.0150	-0.1336	0.9848	0.1224
180.000	5.0738	0.0000	0.0001	0.0001	0.0000	-0.0001	1.0000	0.0000
