0.000	21.3981	0.0000	0.0000	0.0000	0.0000	0.0000	1.0000	0.0000
5.000	20.6821	0.0354	0.0736	0.0189	-0.0137	-0.0154	0.9936	-0.0779
10.000	18.9226	0.1342	0.1537	0.0468	-0.0531	-0.0184	0.9657	-0.1578
15.000	16.9100	0.2741	0.2413	0.0903	-0.1117	0.0024	0.8981	-0.2362
20.000	15.2360	0.4222	0.3303	0.1509	-0.1746	0.0532	0.7809	-0.3038
25.000	14.0989	0.5488	0.4109	0.2232	-0.2239	0.1296	0.6243	-0.3510
30.000	13.4438	0.6397	0.4767	0.2988	-0.2473	0.2187	0.4514	-0.3742
35.000	13.1349	0.6969	0.5263	0.3705	-0.2421	0.3070	0.2840	-0.3757
40.000	13.0443	0.7292	0.5619	0.4345	-0.2123	0.3851	0.1345	-0.3603
45.000	13.0760	0.7458	0.5872	0.4897	-0.1648	0.4482	0.0069	-0.3327
50.000	13.1634	0.7534	0.6053	0.5366	-0.1057	0.4951	-0.0995	-0.2963
55.000	13.2606	0.7560	0.6187	0.5763	-0.0401	0.5263	-0.1871	-0.2534
60.000	13.3353	0.7559	0.6292	0.6100	0.0286	0.5431	-0.2583	-0.2057
65.000	13.3643	0.7542	0.6381	0.6386	0.0981	0.5469	-0.3154	-0.1540
70.000	13.3319	0.7512	0.6462	0.6629	0.1667	0.5389	-0.3600	-0.0991
75.000	13.2285	0.7472	0.6539	0.6833	0.2335	0.5200	-0.3930	-0.0413
80.000	13.0503	0.7418	0.6614	0.7001	0.2979	0.4909	-0.4153	0.0191
85.000	12.7987	0.7347	0.6687	0.7137	0.3592	0.4521	-0.4269	0.0817
90.000	12.4794	0.7255	0.6756	0.7241	0.4167	0.4040	-0.4280	0.1464
95.000	12.1012	0.7135	0.6819	0.7315	0.4696	0.3469	-0.4182	0.2127
100.000	11.6751	0.6982	0.6874	0.7362	0.5166	0.2812	-0.3971	0.2799
105.000	11.2129	0.6789	0.6916	0.7384	0.5566	0.2078	-0.3640	0.3471
110.000	10.7261	0.6549	0.6944	0.7383	0.5878	0.1276	-0.3184	0.4131
115.000	10.2260	0.6256	0.6955	0.7359	0.6087	0.0423	-0.2597	0.4761
120.000	9.7227	0.5905	0.6945	0.7313	0.6174	-0.0460	-0.1874	0.5341
125.000	9.2257	0.5493	0.6905	0.7237	0.6124	-0.1346	-0.1013	0.5847
130.000	8.7437	0.5017	0.6825	0.7122	0.5922	-0.2199	-0.0017	0.6250
135.000	8.2849	0.4480	0.6690	0.6950	0.5560	-0.2975	0.1104	0.6519
140.000	7.8570	0.3887	0.6478	0.6701	0.5040	-0.3623	0.2331	0.6623
145.000	7.4670	0.3251	0.6163	0.6348	0.4376	-0.4091	0.3633	0.6531
150.000	7.1209	0.2590	0.5721	0.5867	0.3599	-0.4322	0.4966	0.6219
155.000	6.8237	0.1934	0.5129	0.5237	0.2758	-0.4275	0.6271	0.5672
160.000	6.5786	0.1316	0.4373	0.4448	0.1917	-0.3924	0.7480	0.4890
165.000	6.3875	0.0778	0.3455	0.3503	0.1151	-0.3270	0.8520	0.3888
170.000	6.2512	0.0359	0.2394	0.2421	0.0537	-0.2349	0.9321	0.2704
175.000	6.1696	0.0092	0.1226	0.1237	0.0138	-0.1228	0.9827	0.1387
180.000	6.1424	0.0000	0.0000	0.0001	0.0000	-0.0001	1.0000	0.0000
