0.000	21.0500	0.0000	0.0000	0.0000	0.0000	0.0000	1.0000	0.0000
5.000	20.3487	0.0359	0.0743	0.0175	-0.0135	-0.0138	0.9933	-0.0807
10.000	18.6220	0.1367	0.1550	0.0441	-0.0526	-0.0149	0.9642	-0.1628
15.000	16.6452	0.2804	0.2432	0.0871	-0.1108	0.0089	0.8938	-0.2421
20.000	15.0081	0.4333	0.3323	0.1482	-0.1737	0.0640	0.7710	-0.3083
25.000	13.9153	0.5635	0.4125	0.2224	-0.2229	0.1457	0.6062	-0.3513
30.000	13.3145	0.6554	0.4767	0.3007	-0.2456	0.2403	0.4246	-0.3679
35.000	13.0659	0.7105	0.5240	0.3754	-0.2390	0.3330	0.2504	-0.3617
40.000	13.0345	0.7389	0.5575	0.4420	-0.2075	0.4138	0.0973	-0.3390
45.000	13.1182	0.7509	0.5811	0.4994	-0.1580	0.4781	-0.0309	-0.3056
50.000	13.2466	0.7540	0.5985	0.5481	-0.0972	0.5249	-0.1353	-0.2653
55.000	13.3732	0.7529	0.6121	0.5892	-0.0300	0.5550	-0.2193	-0.2204
60.000	13.4677	0.7499	0.6237	0.6239	0.0400	0.5700	-0.2862	-0.1720
65.000	13.5107	0.7459	0.6341	0.6532	0.1106	0.5716	-0.3386	-0.1207
70.000	13.4906	0.7414	0.6439	0.6778	0.1802	0.5613	-0.3786	-0.0666
75.000	13.4014	0.7361	0.6532	0.6985	0.2478	0.5402	-0.4074	-0.0098
80.000	13.2417	0.7299	0.6623	0.7156	0.3128	0.5093	-0.4256	0.0495
85.000	13.0137	0.7222	0.6708	0.7294	0.3744	0.4690	-0.4335	0.1112
90.000	12.7223	0.7126	0.6788	0.7402	0.4322	0.4198	-0.4310	0.1748
95.000	12.3747	0.7005	0.6860	0.7481	0.4852	0.3619	-0.4177	0.2399
100.000	11.9795	0.6852	0.6923	0.7532	0.5323	0.2958	-0.3929	0.3056
105.000	11.5463	0.6662	0.6974	0.7558	0.5722	0.2219	-0.3562	0.3707
110.000	11.0851	0.6428	0.7012	0.7558	0.6033	0.1411	-0.3069	0.4338
115.000	10.6060	0.6142	0.7033	0.7530	0.6237	0.0548	-0.2446	0.4932
120.000	10.1190	0.5799	0.7030	0.7473	0.6317	-0.0349	-0.1689	0.5469
125.000	9.6334	0.5395	0.6995	0.7379	0.6254	-0.1250	-0.0800	0.5924
130.000	9.1585	0.4927	0.6915	0.7238	0.6035	-0.2118	0.0216	0.6272
135.000	8.7025	0.4396	0.6773	0.7035	0.5652	-0.2908	0.1345	0.6486
140.000	8.2731	0.3810	0.6549	0.6753	0.5110	-0.3567	0.2566	0.6540
145.000	7.8776	0.3182	0.6218	0.6369	0.4425	-0.4041	0.3848	0.6408
150.000	7.5220	0.2532	0.5758	0.5863	0.3631	-0.4277	0.5147	0.6070
155.000	7.2120	0.1888	0.5149	0.5217	0.2777	-0.4233	0.6411	0.5515
160.000	6.9520	0.1284	0.4381	0.4421	0.1928	-0.3887	0.7576	0.4742
165.000	6.7460	0.0758	0.3457	0.3477	0.1157	-0.3240	0.8576	0.3765
170.000	6.5968	0.0349	0.2393	0.2401	0.0539	-0.2329	0.9347	0.2616
175.000	6.5065	0.0089	0.1225	0.1227	0.0139	-0.1218	0.9833	0.1341
180.000	6.4762	0.0000	0.0000	0.0001	0.0000	-0.0001	1.0000	0.0000
