0.000	5.9601	0.0000	0.0000	0.0000	0.0000	0.0000	1.0000	0.0000
5.000	5.9472	0.0023	-0.0011	0.0009	0.0001	-0.0008	0.9983	0.0577
10.000	5.9102	0.0089	-0.0022	0.0017	0.0004	-0.0017	0.9933	0.1155
15.000	5.8533	0.0193	-0.0033	0.0026	0.0009	-0.0025	0.9846	0.1735
20.000	5.7831	0.0327	-0.0045	0.0035	0.0016	-0.0034	0.9723	0.2315
25.000	5.7071	0.0481	-0.0057	0.0044	0.0024	-0.0042	0.9561	0.2891
30.000	5.6327	0.0641	-0.0070	0.0053	0.0033	-0.0049	0.9362	0.3455
35.000	5.5664	0.0798	-0.0082	0.0062	0.0042	-0.0057	0.9131	0.3998
40.000	5.5131	0.0939	-0.0094	0.0071	0.0052	-0.0063	0.8875	0.4509
45.000	5.4757	0.1058	-0.0106	0.0079	0.0061	-0.0070	0.8606	0.4981
50.000	5.4555	0.1149	-0.0117	0.0087	0.0069	-0.0075	0.8335	0.5403
55.000	5.4521	0.1211	-0.0126	0.0094	0.0077	-0.0080	0.8074	0.5772
60.000	5.4639	0.1244	-0.0134	0.0100	0.0083	-0.0085	0.7836	0.6085
65.000	5.4886	0.1250	-0.0141	0.0105	0.0087	-0.0088	0.7630	0.6340
70.000	5.5237	0.1234	-0.0146	0.0109	0.0090	-0.0091	0.7463	0.6539
75.000	5.5664	0.1199	-0.0150	0.0112	0.0091	-0.0093	0.7338	0.6685
80.000	5.6144	0.1150	-0.0153	0.0113	0.0091	-0.0095	0.7259	0.6779
85.000	5.6656	0.1090	-0.0154	0.0114	0.0090	-0.0096	0.7225	0.6825
90.000	5.7183	0.1021	-0.0154	0.0113	0.0088	-0.0096	0.7235	0.6825
95.000	5.7711	0.0946	-0.0152	0.0112	0.0084	-0.0095	0.7287	0.6780
100.000	5.8233	0.0866	-0.0150	0.0109	0.0079	-0.0094	0.7379	0.6691
105.000	5.8739	0.0782	-0.0146	0.0106	0.0074	-0.0092	0.7506	0.6559
110.000	5.9226	0.0696	-0.0142	0.0102	0.0068	-0.0090	0.7665	0.6383
115.000	5.9689	0.0608	-0.0136	0.0097	0.0061	-0.0087	0.7850	0.6163
120.000	6.0123	0.0521	-0.0130	0.0092	0.0054	-0.0083	0.8056	0.5900
125.000	6.0524	0.0436	-0.0122	0.0086	0.0047	-0.0079	0.8278	0.5592
130.000	6.0888	0.0356	-0.0114	0.0080	0.0040	-0.0075	0.8508	0.5242
135.000	6.1211	0.0281	-0.0104	0.0074	0.0033	-0.0070	0.8740	0.4850
140.000	6.1492	0.0215	-0.0094	0.0067	0.0026	-0.0064	0.8968	0.4419
145.000	6.1727	0.0157	-0.0084	0.0060	0.0021	-0.0058	0.9185	0.3951
150.000	6.1919	0.0109	-0.0073	0.0052	0.0015	-0.0051	0.9385	0.3450
155.000	6.2069	0.0072	-0.0061	0.0044	0.0011	-0.0043	0.9564	0.2920
160.000	6.2180	0.0043	-0.0049	0.0036	0.0007	-0.0035	0.9716	0.2366
165.000	6.2260	0.0023	-0.0037	0.0027	0.0004	-0.0027	0.9838	0.1792
170.000	6.2311	0.0010	-0.0025	0.0018	0.0002	-0.0018	0.9927	0.1203
175.000	6.2340	0.0002	-0.0012	0.0009	0.0000	-0.0009	0.9982	0.0604
180.000	6.2349	0.0000	0.0000	0.0000	0.0000	0.0000	1.0000	0.0000
