0.000	7.4206	0.0000	0.0000	0.0000	0.0000	0.0000	1.0000	0.0000
5.000	7.3150	0.0341	0.2551	0.0494	-0.0175	-0.0424	0.9664	0.0150
10.000	7.0994	0.1259	0.5079	0.1143	-0.0652	-0.0603	0.8550	0.0173
15.000	6.9958	0.2428	0.7337	0.2003	-0.1265	-0.0337	0.6525	-0.0017
20.000	7.1940	0.3415	0.8914	0.2967	-0.1750	0.0385	0.3784	-0.0391
25.000	7.7658	0.3956	0.9600	0.3832	-0.1904	0.1342	0.0890	-0.0805
30.000	8.6779	0.4088	0.9555	0.4464	-0.1717	0.2251	-0.1633	-0.1111
35.000	9.8448	0.3995	0.9100	0.4855	-0.1302	0.2953	-0.3584	-0.1239
40.000	11.1729	0.3834	0.8494	0.5058	-0.0782	0.3414	-0.5007	-0.1188
45.000	12.5810	0.3686	0.7877	0.5135	-0.0239	0.3666	-0.6022	-0.0987
50.000	14.0057	0.3581	0.7309	0.5130	0.0281	0.3754	-0.6741	-0.0666
55.000	15.3983	0.3519	0.6810	0.5072	0.0758	0.3719	-0.7246	-0.0251
60.000	16.7215	0.3493	0.6379	0.4981	0.1184	0.3592	-0.7587	0.0239
65.000	17.9458	0.3491	0.6009	0.4868	0.1556	0.3394	-0.7800	0.0789
70.000	19.0478	0.3502	0.5694	0.4738	0.1876	0.3142	-0.7902	0.1390
75.000	20.0092	0.3516	0.5425	0.4595	0.2147	0.2849	-0.7904	0.2031
80.000	20.8160	0.3524	0.5194	0.4444	0.2371	0.2523	-0.7812	0.2706
85.000	21.4590	0.3520	0.4997	0.4285	0.2551	0.2173	-0.7627	0.3407
90.000	21.9330	0.3496	0.4826	0.4122	0.2688	0.1805	-0.7346	0.4127
95.000	22.2369	0.3447	0.4677	0.3956	0.2783	0.1425	-0.6967	0.4855
100.000	22.3741	0.3371	0.4546	0.3791	0.2838	0.1040	-0.6485	0.5582
105.000	22.3521	0.3263	0.4428	0.3628	0.2853	0.0657	-0.5892	0.6294
110.000	22.1826	0.3123	0.4319	0.3468	0.2828	0.0281	-0.5183	0.6976
115.000	21.8820	0.2951	0.4214	0.3311	0.2763	-0.0081	-0.4352	0.7610
120.000	21.4704	0.2748	0.4108	0.3157	0.2657	-0.0422	-0.3392	0.8173
125.000	20.9719	0.2515	0.3993	0.3003	0.2509	-0.0735	-0.2303	0.8637
130.000	20.4131	0.2256	0.3863	0.2844	0.2321	-0.1009	-0.1088	0.8972
135.000	19.8219	0.1975	0.3706	0.2674	0.2092	-0.1236	0.0241	0.9141
140.000	19.2261	0.1679	0.3513	0.2488	0.1828	-0.1405	0.1662	0.9108
145.000	18.6514	0.1374	0.3274	0.2279	0.1536	-0.1503	0.3139	0.8839
150.000	18.1201	0.1073	0.2978	0.2042	0.1227	-0.1521	0.4621	0.8305
155.000	17.6501	0.0786	0.2619	0.1772	0.0917	-0.1453	0.6047	0.7493
160.000	17.2544	0.0526	0.2196	0.1469	0.0624	-0.1298	0.7347	0.6404
165.000	16.9416	0.0306	0.1711	0.1134	0.0369	-0.1059	0.8451	0.5059
170.000	16.7163	0.0140	0.1173	0.0772	0.0170	-0.0749	0.9293	0.3501
175.000	16.5807	0.0036	0.0597	0.0391	0.0043	-0.0388	0.9820	0.1791
180.000	16.5355	0.0000	0.0000	0.0000	0.0000	0.0000	1.0000	0.0000
