0.000	21.1941	0.0000	0.0000	0.0000	0.0000	0.0000	1.0000	0.0000
5.000	20.3612	0.0419	0.0547	0.0136	-0.0129	-0.0106	0.9959	-0.0573
10.000	18.3482	0.1596	0.1166	0.0346	-0.0508	-0.0105	0.9730	-0.1129
15.000	16.1133	0.3262	0.1881	0.0691	-0.1081	0.0106	0.9085	-0.1604
20.000	14.3230	0.5002	0.2646	0.1189	-0.1711	0.0582	0.7906	-0.1902
25.000	13.1540	0.6433	0.3379	0.1797	-0.2213	0.1280	0.6328	-0.1963
30.000	12.5005	0.7390	0.4017	0.2447	-0.2461	0.2080	0.4646	-0.1806
35.000	12.1861	0.7922	0.4549	0.3079	-0.2431	0.2860	0.3111	-0.1504
40.000	12.0603	0.8163	0.4991	0.3665	-0.2161	0.3542	0.1843	-0.1127
45.000	12.0189	0.8237	0.5371	0.4196	-0.1713	0.4089	0.0860	-0.0726
50.000	11.9971	0.8226	0.5708	0.4674	-0.1142	0.4491	0.0131	-0.0327
55.000	11.9571	0.8179	0.6019	0.5105	-0.0491	0.4748	-0.0390	0.0057
60.000	11.8786	0.8117	0.6311	0.5493	0.0208	0.4867	-0.0743	0.0424
65.000	11.7520	0.8050	0.6587	0.5841	0.0928	0.4852	-0.0962	0.0775
70.000	11.5742	0.7979	0.6849	0.6153	0.1650	0.4710	-0.1072	0.1111
75.000	11.3465	0.7899	0.7098	0.6431	0.2354	0.4447	-0.1092	0.1437
80.000	11.0726	0.7806	0.7330	0.6673	0.3025	0.4071	-0.1033	0.1755
85.000	10.7579	0.7691	0.7544	0.6881	0.3648	0.3589	-0.0904	0.2067
90.000	10.4089	0.7549	0.7736	0.7053	0.4206	0.3012	-0.0710	0.2376
95.000	10.0328	0.7373	0.7903	0.7189	0.4685	0.2351	-0.0450	0.2682
100.000	9.6371	0.7154	0.8040	0.7286	0.5070	0.1620	-0.0126	0.2985
105.000	9.2293	0.6887	0.8141	0.7341	0.5350	0.0838	0.0266	0.3281
110.000	8.8169	0.6567	0.8200	0.7350	0.5513	0.0027	0.0728	0.3566
115.000	8.4070	0.6190	0.8209	0.7308	0.5550	-0.0788	0.1263	0.3833
120.000	8.0062	0.5754	0.8158	0.7211	0.5455	-0.1579	0.1874	0.4072
125.000	7.6205	0.5260	0.8036	0.7052	0.5230	-0.2313	0.2560	0.4268
130.000	7.2551	0.4713	0.7834	0.6824	0.4878	-0.2957	0.3318	0.4408
135.000	6.9147	0.4121	0.7538	0.6519	0.4412	-0.3477	0.4139	0.4473
140.000	6.6029	0.3496	0.7138	0.6130	0.3852	-0.3840	0.5007	0.4445
145.000	6.3228	0.2857	0.6624	0.5653	0.3224	-0.4019	0.5902	0.4306
150.000	6.0767	0.2226	0.5989	0.5082	0.2561	-0.3995	0.6793	0.4043
155.000	5.8663	0.1627	0.5232	0.4418	0.1901	-0.3758	0.7646	0.3647
160.000	5.6929	0.1087	0.4357	0.3664	0.1285	-0.3313	0.8421	0.3118
165.000	5.5574	0.0632	0.3374	0.2828	0.0755	-0.2676	0.9078	0.2465
170.000	5.4604	0.0288	0.2303	0.1926	0.0346	-0.1880	0.9579	0.1708
175.000	5.4020	0.0073	0.1168	0.0976	0.0088	-0.0970	0.9893	0.0874
180.000	5.3825	0.0000	0.0000	0.0000	0.0000	0.0000	1.0000	0.0000
