0.000	5.5717	0.0000	0.0000	0.0000	0.0000	0.0000	1.0000	0.0000
5.000	5.4896	0.0362	0.2036	0.0342	-0.0083	-0.0293	0.9641	0.1675
10.000	5.3178	0.1350	0.4080	0.0805	-0.0308	-0.0419	0.8446	0.3253
15.000	5.2284	0.2633	0.5945	0.1445	-0.0590	-0.0235	0.6245	0.4519
20.000	5.3852	0.3709	0.7263	0.2190	-0.0789	0.0289	0.3227	0.5212
25.000	5.8714	0.4222	0.7804	0.2870	-0.0794	0.0996	0.0052	0.5281
30.000	6.6817	0.4194	0.7686	0.3362	-0.0605	0.1664	-0.2630	0.4957
35.000	7.7544	0.3872	0.7215	0.3651	-0.0296	0.2165	-0.4577	0.4534
40.000	9.0074	0.3477	0.6637	0.3785	0.0058	0.2475	-0.5871	0.4194
45.000	10.3615	0.3122	0.6085	0.3820	0.0410	0.2625	-0.6687	0.4006
50.000	11.7506	0.2846	0.5604	0.3792	0.0738	0.2653	-0.7176	0.3974
55.000	13.1236	0.2647	0.5203	0.3727	0.1031	0.2592	-0.7442	0.4079
60.000	14.4421	0.2512	0.4873	0.3638	0.1287	0.2465	-0.7547	0.4299
65.000	15.6777	0.2424	0.4604	0.3534	0.1505	0.2290	-0.7528	0.4608
70.000	16.8094	0.2367	0.4382	0.3419	0.1686	0.2080	-0.7404	0.4989
75.000	17.8218	0.2328	0.4199	0.3297	0.1831	0.1845	-0.7188	0.5421
80.000	18.7039	0.2298	0.4046	0.3170	0.1941	0.1593	-0.6884	0.5891
85.000	19.4485	0.2268	0.3916	0.3039	0.2017	0.1330	-0.6494	0.6384
90.000	20.0517	0.2233	0.3802	0.2907	0.2060	0.1062	-0.6018	0.6886
95.000	20.5131	0.2188	0.3701	0.2773	0.2071	0.0795	-0.5456	0.7383
100.000	20.8352	0.2130	0.3608	0.2638	0.2053	0.0532	-0.4805	0.7863
105.000	21.0236	0.2056	0.3518	0.2503	0.2005	0.0279	-0.4065	0.8309
110.000	21.0868	0.1964	0.3427	0.2367	0.1930	0.0040	-0.3234	0.8707
115.000	21.0360	0.1855	0.3330	0.2229	0.1829	-0.0181	-0.2315	0.9039
120.000	20.8847	0.1726	0.3225	0.2091	0.1705	-0.0380	-0.1310	0.9286
125.000	20.6484	0.1580	0.3106	0.1949	0.1561	-0.0552	-0.0226	0.9427
130.000	20.3444	0.1418	0.2968	0.1805	0.1398	-0.0693	0.0927	0.9442
135.000	19.9909	0.1242	0.2807	0.1656	0.1221	-0.0799	0.2133	0.9308
140.000	19.6068	0.1056	0.2619	0.1501	0.1035	-0.0867	0.3369	0.9006
145.000	19.2114	0.0866	0.2401	0.1339	0.0845	-0.0893	0.4609	0.8516
150.000	18.8234	0.0677	0.2149	0.1170	0.0658	-0.0876	0.5816	0.7827
155.000	18.4604	0.0496	0.1861	0.0993	0.0481	-0.0816	0.6950	0.6934
160.000	18.1389	0.0332	0.1540	0.0807	0.0321	-0.0713	0.7965	0.5840
165.000	17.8729	0.0194	0.1187	0.0613	0.0187	-0.0572	0.8817	0.4564
170.000	17.6742	0.0089	0.0807	0.0413	0.0085	-0.0401	0.9461	0.3135
175.000	17.5514	0.0023	0.0409	0.0208	0.0022	-0.0206	0.9863	0.1597
180.000	17.5099	0.0000	0.0000	0.0000	0.0000	0.0000	1.0000	0.0000
