0.000	18.1535	0.0000	0.0000	0.0000	0.0000	0.0000	1.0000	0.0000
5.000	17.6482	0.0338	0.1166	0.0269	-0.0153	-0.0221	0.9901	-0.0705
10.000	16.4088	0.1284	0.2410	0.0661	-0.0594	-0.0279	0.9512	-0.1438
15.000	15.0200	0.2620	0.3724	0.1265	-0.1234	-0.0024	0.8639	-0.2172
20.000	13.9531	0.4008	0.4987	0.2088	-0.1894	0.0616	0.7181	-0.2809
25.000	13.3884	0.5137	0.6035	0.3039	-0.2359	0.1564	0.5282	-0.3242
30.000	13.2880	0.5870	0.6781	0.3980	-0.2496	0.2630	0.3248	-0.3422
35.000	13.5262	0.6251	0.7240	0.4810	-0.2301	0.3626	0.1355	-0.3372
40.000	13.9720	0.6399	0.7487	0.5487	-0.1848	0.4439	-0.0257	-0.3149
45.000	14.5209	0.6423	0.7600	0.6012	-0.1229	0.5029	-0.1562	-0.2808
50.000	15.0980	0.6394	0.7637	0.6404	-0.0520	0.5399	-0.2587	-0.2387
55.000	15.6528	0.6348	0.7634	0.6685	0.0222	0.5567	-0.3379	-0.1911
60.000	16.1519	0.6302	0.7612	0.6877	0.0959	0.5562	-0.3980	-0.1393
65.000	16.5733	0.6259	0.7584	0.6997	0.1666	0.5407	-0.4423	-0.0843
70.000	16.9029	0.6216	0.7553	0.7059	0.2325	0.5125	-0.4733	-0.0265
75.000	17.1319	0.6168	0.7524	0.7073	0.2923	0.4739	-0.4926	0.0337
80.000	17.2554	0.6111	0.7497	0.7050	0.3452	0.4265	-0.5013	0.0958
85.000	17.2716	0.6037	0.7472	0.6995	0.3906	0.3720	-0.5000	0.1596
90.000	17.1817	0.5943	0.7448	0.6913	0.4280	0.3120	-0.4889	0.2247
95.000	16.9895	0.5823	0.7423	0.6809	0.4571	0.2478	-0.4679	0.2904
100.000	16.7015	0.5673	0.7395	0.6685	0.4775	0.1807	-0.4367	0.3562
105.000	16.3265	0.5487	0.7359	0.6541	0.4891	0.1121	-0.3949	0.4212
110.000	15.8755	0.5262	0.7312	0.6378	0.4918	0.0433	-0.3418	0.4843
115.000	15.3616	0.4994	0.7247	0.6194	0.4855	-0.0241	-0.2771	0.5441
120.000	14.7989	0.4681	0.7155	0.5987	0.4701	-0.0885	-0.2001	0.5987
125.000	14.2028	0.4322	0.7027	0.5754	0.4459	-0.1481	-0.1107	0.6461
130.000	13.5892	0.3916	0.6851	0.5490	0.4133	-0.2009	-0.0091	0.6837
135.000	12.9739	0.3468	0.6613	0.5190	0.3729	-0.2447	0.1038	0.7086
140.000	12.3726	0.2984	0.6298	0.4846	0.3259	-0.2772	0.2265	0.7175
145.000	11.8005	0.2476	0.5890	0.4451	0.2739	-0.2962	0.3563	0.7072
150.000	11.2717	0.1959	0.5376	0.3998	0.2190	-0.2999	0.4892	0.6747
155.000	10.7995	0.1454	0.4745	0.3480	0.1639	-0.2868	0.6198	0.6177
160.000	10.3956	0.0985	0.3992	0.2894	0.1118	-0.2566	0.7417	0.5351
165.000	10.0701	0.0580	0.3121	0.2243	0.0662	-0.2098	0.8474	0.4278
170.000	9.8315	0.0267	0.2146	0.1532	0.0306	-0.1488	0.9297	0.2988
175.000	9.6858	0.0068	0.1094	0.0778	0.0078	-0.0773	0.9820	0.1538
180.000	9.6368	0.0000	0.0000	0.0000	0.0000	0.0000	1.0000	0.0000
