0.000	7.4389	0.0000	0.0000	0.0000	0.0000	0.0000	1.0000	0.0000
5.000	7.4098	0.0047	-0.0008	0.0014	0.0002	-0.0013	0.9969	0.0781
10.000	7.3272	0.0184	-0.0016	0.0028	0.0010	-0.0027	0.9875	0.1568
15.000	7.2042	0.0397	-0.0025	0.0042	0.0021	-0.0040	0.9709	0.2361
20.000	7.0591	0.0666	-0.0036	0.0058	0.0037	-0.0052	0.9465	0.3157
25.000	6.9118	0.0965	-0.0047	0.0076	0.0057	-0.0063	0.9137	0.3946
30.000	6.7803	0.1265	-0.0060	0.0094	0.0078	-0.0074	0.8729	0.4712
35.000	6.6783	0.1538	-0.0073	0.0112	0.0101	-0.0083	0.8252	0.5435
40.000	6.6138	0.1763	-0.0086	0.0130	0.0123	-0.0091	0.7728	0.6096
45.000	6.5901	0.1927	-0.0099	0.0146	0.0143	-0.0097	0.7186	0.6680
50.000	6.6058	0.2024	-0.0111	0.0161	0.0161	-0.0102	0.6657	0.7181
55.000	6.6567	0.2058	-0.0121	0.0174	0.0176	-0.0106	0.6169	0.7595
60.000	6.7366	0.2039	-0.0130	0.0184	0.0186	-0.0109	0.5743	0.7926
65.000	6.8388	0.1976	-0.0137	0.0192	0.0193	-0.0112	0.5396	0.8182
70.000	6.9565	0.1882	-0.0142	0.0197	0.0197	-0.0114	0.5135	0.8370
75.000	7.0835	0.1766	-0.0145	0.0199	0.0197	-0.0116	0.4964	0.8498
80.000	7.2143	0.1638	-0.0146	0.0200	0.0194	-0.0118	0.4880	0.8572
85.000	7.3447	0.1503	-0.0146	0.0198	0.0188	-0.0120	0.4879	0.8597
90.000	7.4712	0.1367	-0.0145	0.0195	0.0180	-0.0121	0.4956	0.8576
95.000	7.5913	0.1234	-0.0142	0.0190	0.0171	-0.0121	0.5103	0.8510
100.000	7.7031	0.1104	-0.0138	0.0184	0.0160	-0.0121	0.5312	0.8399
105.000	7.8056	0.0980	-0.0133	0.0176	0.0148	-0.0121	0.5576	0.8242
110.000	7.8982	0.0862	-0.0127	0.0168	0.0135	-0.0119	0.5885	0.8038
115.000	7.9805	0.0750	-0.0121	0.0159	0.0121	-0.0117	0.6232	0.7784
120.000	8.0524	0.0646	-0.0113	0.0149	0.0108	-0.0114	0.6607	0.7478
125.000	8.1142	0.0548	-0.0106	0.0138	0.0094	-0.0110	0.7000	0.7119
130.000	8.1663	0.0457	-0.0097	0.0127	0.0080	-0.0105	0.7404	0.6706
135.000	8.2090	0.0373	-0.0089	0.0115	0.0067	-0.0098	0.7807	0.6237
140.000	8.2431	0.0297	-0.0080	0.0103	0.0054	-0.0091	0.8201	0.5714
145.000	8.2693	0.0229	-0.0070	0.0091	0.0042	-0.0083	0.8576	0.5138
150.000	8.2887	0.0169	-0.0061	0.0079	0.0032	-0.0073	0.8923	0.4512
155.000	8.3023	0.0118	-0.0051	0.0066	0.0023	-0.0063	0.9233	0.3839
160.000	8.3112	0.0076	-0.0041	0.0053	0.0015	-0.0051	0.9499	0.3125
165.000	8.3167	0.0043	-0.0031	0.0040	0.0008	-0.0039	0.9714	0.2376
170.000	8.3198	0.0019	-0.0021	0.0027	0.0004	-0.0026	0.9871	0.1600
175.000	8.3213	0.0005	-0.0010	0.0013	0.0001	-0.0013	0.9968	0.0805
180.000	8.3217	0.0000	0.0000	0.0000	0.0000	0.0000	1.0000	0.0000
