0.000	11.3701	0.0000	0.0000	0.0000	0.0000	0.0000	1.0000	0.0000
5.000	11.1479	0.0316	0.1969	0.0389	-0.0175	-0.0325	0.9787	-0.0493
10.000	10.6304	0.1184	0.3979	0.0930	-0.0665	-0.0430	0.9049	-0.1059
15.000	10.1431	0.2348	0.5909	0.1710	-0.1335	-0.0125	0.7602	-0.1705
20.000	9.9635	0.3443	0.7478	0.2683	-0.1943	0.0637	0.5454	-0.2344
25.000	10.2037	0.4186	0.8448	0.3680	-0.2257	0.1692	0.2937	-0.2840
30.000	10.8336	0.4529	0.8813	0.4535	-0.2195	0.2770	0.0498	-0.3105
35.000	11.7548	0.4596	0.8747	0.5172	-0.1828	0.3670	-0.1576	-0.3133
40.000	12.8592	0.4536	0.8449	0.5599	-0.1278	0.4314	-0.3215	-0.2966
45.000	14.0548	0.4445	0.8061	0.5857	-0.0648	0.4707	-0.4466	-0.2653
50.000	15.2720	0.4369	0.7661	0.5993	-0.0006	0.4889	-0.5408	-0.2231
55.000	16.4600	0.4322	0.7285	0.6039	0.0608	0.4902	-0.6111	-0.1726
60.000	17.5818	0.4302	0.6945	0.6023	0.1175	0.4784	-0.6628	-0.1155
65.000	18.6097	0.4301	0.6646	0.5961	0.1687	0.4565	-0.6993	-0.0532
70.000	19.5225	0.4308	0.6384	0.5866	0.2139	0.4269	-0.7230	0.0136
75.000	20.3034	0.4315	0.6156	0.5748	0.2534	0.3914	-0.7353	0.0841
80.000	20.9395	0.4314	0.5958	0.5613	0.2872	0.3515	-0.7370	0.1575
85.000	21.4216	0.4297	0.5786	0.5466	0.3157	0.3080	-0.7283	0.2333
90.000	21.7446	0.4259	0.5636	0.5311	0.3390	0.2619	-0.7092	0.3107
95.000	21.9072	0.4196	0.5505	0.5152	0.3573	0.2138	-0.6795	0.3890
100.000	21.9132	0.4102	0.5391	0.4990	0.3705	0.1641	-0.6385	0.4672
105.000	21.7709	0.3975	0.5289	0.4827	0.3785	0.1135	-0.5856	0.5442
110.000	21.4934	0.3812	0.5195	0.4663	0.3811	0.0626	-0.5201	0.6185
115.000	21.0980	0.3611	0.5105	0.4497	0.3779	0.0121	-0.4413	0.6882
120.000	20.6060	0.3373	0.5011	0.4327	0.3684	-0.0370	-0.3486	0.7509
125.000	20.0409	0.3096	0.4904	0.4149	0.3524	-0.0833	-0.2419	0.8039
130.000	19.4282	0.2785	0.4773	0.3958	0.3296	-0.1254	-0.1217	0.8438
135.000	18.7933	0.2445	0.4607	0.3746	0.3001	-0.1615	0.0108	0.8672
140.000	18.1609	0.2082	0.4392	0.3506	0.2645	-0.1894	0.1532	0.8703
145.000	17.5536	0.1707	0.4113	0.3230	0.2239	-0.2072	0.3016	0.8497
150.000	16.9915	0.1334	0.3758	0.2908	0.1800	-0.2133	0.4512	0.8025
155.000	16.4912	0.0977	0.3319	0.2537	0.1353	-0.2063	0.5957	0.7273
160.000	16.0660	0.0654	0.2792	0.2113	0.0925	-0.1859	0.7280	0.6239
165.000	15.7261	0.0381	0.2182	0.1639	0.0548	-0.1527	0.8408	0.4945
170.000	15.4787	0.0174	0.1499	0.1120	0.0253	-0.1086	0.9272	0.3430
175.000	15.3285	0.0044	0.0764	0.0569	0.0065	-0.0564	0.9815	0.1757
180.000	15.2782	0.0000	0.0000	0.0000	0.0000	0.0000	1.0000	0.0000
