0.000	6.4666	0.0000	0.0000	0.0000	0.0000	0.0000	1.0000	0.0000
5.000	6.3627	0.0359	0.2494	0.0454	-0.0151	-0.0387	0.9658	0.0643
10.000	6.1435	0.1334	0.4997	0.1065	-0.0568	-0.0546	0.8509	0.1165
15.000	6.0161	0.2588	0.7271	0.1901	-0.1112	-0.0279	0.6379	0.1430
20.000	6.1669	0.3635	0.8868	0.2860	-0.1544	0.0443	0.3447	0.1365
25.000	6.6777	0.4152	0.9522	0.3728	-0.1669	0.1402	0.0346	0.1060
30.000	7.5281	0.4180	0.9389	0.4354	-0.1474	0.2306	-0.2311	0.0706
35.000	8.6407	0.3952	0.8830	0.4725	-0.1069	0.2986	-0.4298	0.0450
40.000	9.9236	0.3664	0.8136	0.4902	-0.0573	0.3417	-0.5682	0.0350
45.000	11.2946	0.3416	0.7460	0.4952	-0.0064	0.3636	-0.6620	0.0406
50.000	12.6881	0.3239	0.6858	0.4923	0.0418	0.3693	-0.7249	0.0599
55.000	14.0554	0.3130	0.6344	0.4844	0.0855	0.3630	-0.7661	0.0904
60.000	15.3601	0.3074	0.5910	0.4733	0.1241	0.3480	-0.7917	0.1303
65.000	16.5750	0.3054	0.5546	0.4603	0.1576	0.3266	-0.8049	0.1776
70.000	17.6788	0.3056	0.5240	0.4460	0.1861	0.3007	-0.8078	0.2312
75.000	18.6548	0.3066	0.4982	0.4309	0.2100	0.2713	-0.8012	0.2897
80.000	19.4898	0.3073	0.4762	0.4154	0.2295	0.2396	-0.7857	0.3521
85.000	20.1738	0.3070	0.4574	0.3997	0.2449	0.2063	-0.7612	0.4175
90.000	20.7007	0.3049	0.4413	0.3839	0.2566	0.1718	-0.7276	0.4848
95.000	21.0682	0.3007	0.4274	0.3683	0.2645	0.1367	-0.6843	0.5529
100.000	21.2785	0.2939	0.4151	0.3529	0.2688	0.1014	-0.6307	0.6209
105.000	21.3385	0.2842	0.4041	0.3376	0.2696	0.0663	-0.5663	0.6871
110.000	21.2599	0.2716	0.3940	0.3226	0.2667	0.0318	-0.4903	0.7500
115.000	21.0584	0.2560	0.3841	0.3076	0.2600	-0.0016	-0.4023	0.8076
120.000	20.7538	0.2374	0.3739	0.2925	0.2493	-0.0331	-0.3019	0.8573
125.000	20.3684	0.2161	0.3628	0.2771	0.2348	-0.0621	-0.1893	0.8964
130.000	19.9261	0.1926	0.3500	0.2610	0.2162	-0.0876	-0.0654	0.9219
135.000	19.4511	0.1672	0.3345	0.2438	0.1940	-0.1086	0.0683	0.9303
140.000	18.9667	0.1408	0.3157	0.2252	0.1686	-0.1240	0.2091	0.9186
145.000	18.4942	0.1141	0.2926	0.2048	0.1408	-0.1329	0.3531	0.8838
150.000	18.0521	0.0881	0.2648	0.1821	0.1118	-0.1344	0.4958	0.8240
155.000	17.6561	0.0638	0.2316	0.1570	0.0831	-0.1281	0.6313	0.7383
160.000	17.3180	0.0423	0.1933	0.1294	0.0563	-0.1140	0.7536	0.6274
165.000	17.0472	0.0245	0.1500	0.0995	0.0331	-0.0928	0.8565	0.4934
170.000	16.8497	0.0111	0.1025	0.0676	0.0152	-0.0655	0.9346	0.3404
175.000	16.7298	0.0028	0.0520	0.0342	0.0039	-0.0339	0.9834	0.1738
180.000	16.6896	0.0000	0.0000	0.0000	0.0000	0.0000	1.0000	0.0000
