0.000	7.7494	0.0000	0.0000	0.0000	0.0000	0.0000	1.0000	0.0000
5.000	7.7134	0.0062	0.0019	0.0017	0.0003	-0.0016	0.9949	0.1011
10.000	7.6134	0.0242	0.0038	0.0034	0.0013	-0.0031	0.9790	0.2025
15.000	7.4705	0.0518	0.0055	0.0054	0.0028	-0.0045	0.9512	0.3041
20.000	7.3132	0.0855	0.0070	0.0077	0.0050	-0.0056	0.9105	0.4046
25.000	7.1696	0.1214	0.0081	0.0103	0.0076	-0.0064	0.8565	0.5016
30.000	7.0623	0.1554	0.0089	0.0130	0.0105	-0.0069	0.7907	0.5921
35.000	7.0053	0.1840	0.0093	0.0158	0.0135	-0.0070	0.7160	0.6733
40.000	7.0038	0.2052	0.0092	0.0186	0.0165	-0.0070	0.6368	0.7432
45.000	7.0560	0.2182	0.0089	0.0211	0.0192	-0.0067	0.5578	0.8007
50.000	7.1552	0.2235	0.0083	0.0233	0.0216	-0.0065	0.4834	0.8464
55.000	7.2919	0.2222	0.0075	0.0251	0.0236	-0.0062	0.4168	0.8814
60.000	7.4559	0.2160	0.0067	0.0265	0.0252	-0.0060	0.3605	0.9074
65.000	7.6366	0.2063	0.0058	0.0275	0.0263	-0.0060	0.3157	0.9262
70.000	7.8247	0.1943	0.0050	0.0281	0.0270	-0.0062	0.2828	0.9393
75.000	8.0118	0.1809	0.0043	0.0283	0.0273	-0.0065	0.2618	0.9480
80.000	8.1910	0.1670	0.0036	0.0283	0.0272	-0.0069	0.2522	0.9532
85.000	8.3569	0.1528	0.0031	0.0279	0.0268	-0.0075	0.2533	0.9552
90.000	8.5053	0.1389	0.0026	0.0274	0.0260	-0.0081	0.2643	0.9544
95.000	8.6329	0.1253	0.0023	0.0266	0.0250	-0.0089	0.2843	0.9505
100.000	8.7380	0.1123	0.0020	0.0256	0.0238	-0.0096	0.3125	0.9433
105.000	8.8194	0.0998	0.0018	0.0246	0.0223	-0.0103	0.3479	0.9322
110.000	8.8771	0.0881	0.0017	0.0234	0.0207	-0.0109	0.3897	0.9167
115.000	8.9119	0.0770	0.0016	0.0221	0.0189	-0.0114	0.4370	0.8962
120.000	8.9256	0.0668	0.0015	0.0207	0.0171	-0.0118	0.4887	0.8699
125.000	8.9207	0.0573	0.0014	0.0193	0.0151	-0.0120	0.5438	0.8372
130.000	8.9005	0.0485	0.0014	0.0178	0.0132	-0.0120	0.6014	0.7975
135.000	8.8686	0.0404	0.0013	0.0162	0.0112	-0.0118	0.6600	0.7502
140.000	8.8290	0.0329	0.0013	0.0146	0.0092	-0.0113	0.7184	0.6948
145.000	8.7857	0.0260	0.0012	0.0129	0.0074	-0.0106	0.7751	0.6313
150.000	8.7421	0.0198	0.0011	0.0112	0.0056	-0.0097	0.8285	0.5596
155.000	8.7013	0.0142	0.0010	0.0094	0.0040	-0.0085	0.8771	0.4801
160.000	8.6655	0.0094	0.0008	0.0075	0.0026	-0.0071	0.9193	0.3935
165.000	8.6364	0.0054	0.0006	0.0057	0.0015	-0.0055	0.9537	0.3009
170.000	8.6151	0.0025	0.0004	0.0038	0.0007	-0.0037	0.9791	0.2034
175.000	8.6021	0.0006	0.0002	0.0019	0.0002	-0.0019	0.9947	0.1026
180.000	8.5978	0.0000	0.0000	0.0000	0.0000	0.0000	1.0000	0.0000
