0.000	5.8326	0.0000	0.0000	0.0000	0.0000	0.0000	1.0000	0.0000
5.000	5.7396	0.0371	0.2175	0.0374	-0.0099	-0.0319	0.9651	0.1418
10.000	5.5419	0.1386	0.4365	0.0887	-0.0371	-0.0452	0.8482	0.2743
15.000	5.4252	0.2710	0.6374	0.1603	-0.0721	-0.0236	0.6305	0.3778
20.000	5.5640	0.3829	0.7801	0.2444	-0.0983	0.0364	0.3291	0.4304
25.000	6.0441	0.4373	0.8388	0.3216	-0.1024	0.1170	0.0100	0.4295
30.000	6.8572	0.4362	0.8261	0.3776	-0.0836	0.1932	-0.2609	0.3968
35.000	7.9362	0.4048	0.7751	0.4106	-0.0503	0.2504	-0.4584	0.3585
40.000	9.1940	0.3658	0.7128	0.4260	-0.0110	0.2861	-0.5906	0.3300
45.000	10.5480	0.3307	0.6531	0.4301	0.0285	0.3038	-0.6750	0.3167
50.000	11.9303	0.3034	0.6013	0.4270	0.0656	0.3077	-0.7268	0.3186
55.000	13.2886	0.2839	0.5581	0.4196	0.0992	0.3016	-0.7563	0.3336
60.000	14.5844	0.2707	0.5226	0.4094	0.1287	0.2880	-0.7698	0.3594
65.000	15.7895	0.2621	0.4936	0.3974	0.1542	0.2689	-0.7710	0.3939
70.000	16.8834	0.2566	0.4698	0.3842	0.1755	0.2458	-0.7619	0.4351
75.000	17.8510	0.2529	0.4503	0.3702	0.1929	0.2198	-0.7436	0.4816
80.000	18.6821	0.2500	0.4339	0.3557	0.2064	0.1919	-0.7166	0.5317
85.000	19.3696	0.2472	0.4202	0.3409	0.2161	0.1626	-0.6812	0.5843
90.000	19.9104	0.2438	0.4084	0.3259	0.2222	0.1327	-0.6371	0.6380
95.000	20.3045	0.2394	0.3980	0.3108	0.2247	0.1028	-0.5843	0.6917
100.000	20.5552	0.2336	0.3885	0.2956	0.2239	0.0732	-0.5224	0.7439
105.000	20.6689	0.2261	0.3795	0.2803	0.2198	0.0445	-0.4512	0.7934
110.000	20.6551	0.2168	0.3705	0.2650	0.2127	0.0171	-0.3705	0.8385
115.000	20.5262	0.2053	0.3610	0.2495	0.2026	-0.0084	-0.2803	0.8776
120.000	20.2967	0.1918	0.3506	0.2339	0.1898	-0.0317	-0.1806	0.9085
125.000	19.9829	0.1762	0.3387	0.2181	0.1745	-0.0522	-0.0721	0.9292
130.000	19.6030	0.1586	0.3248	0.2019	0.1571	-0.0693	0.0445	0.9374
135.000	19.1759	0.1393	0.3084	0.1852	0.1379	-0.0827	0.1675	0.9305
140.000	18.7213	0.1187	0.2888	0.1679	0.1175	-0.0918	0.2950	0.9063
145.000	18.2592	0.0975	0.2657	0.1499	0.0965	-0.0962	0.4240	0.8626
150.000	17.8091	0.0764	0.2387	0.1311	0.0755	-0.0956	0.5508	0.7976
155.000	17.3901	0.0561	0.2076	0.1113	0.0554	-0.0899	0.6710	0.7105
160.000	17.0197	0.0376	0.1723	0.0906	0.0372	-0.0792	0.7796	0.6013
165.000	16.7137	0.0220	0.1332	0.0690	0.0217	-0.0640	0.8714	0.4719
170.000	16.4852	0.0100	0.0908	0.0465	0.0099	-0.0450	0.9413	0.3252
175.000	16.3440	0.0026	0.0460	0.0234	0.0025	-0.0232	0.9851	0.1659
180.000	16.2962	0.0000	0.0000	0.0000	0.0000	0.0000	1.0000	0.0000
