0.000	21.4738	0.0000	0.0000	0.0000	0.0000	0.0000	1.0000	0.0000
5.000	20.5241	0.0452	0.0357	0.0079	-0.0130	-0.0054	0.9957	-0.0712
10.000	18.2656	0.1709	0.0761	0.0214	-0.0512	-0.0012	0.9710	-0.1415
15.000	15.8133	0.3462	0.1224	0.0449	-0.1093	0.0218	0.9018	-0.2036
20.000	13.8718	0.5256	0.1713	0.0799	-0.1735	0.0679	0.7781	-0.2462
25.000	12.5790	0.6710	0.2177	0.1236	-0.2260	0.1324	0.6168	-0.2620
30.000	11.7961	0.7688	0.2582	0.1712	-0.2555	0.2055	0.4473	-0.2532
35.000	11.3404	0.8254	0.2926	0.2192	-0.2595	0.2773	0.2924	-0.2268
40.000	11.0701	0.8538	0.3221	0.2657	-0.2417	0.3420	0.1619	-0.1902
45.000	10.8916	0.8656	0.3486	0.3101	-0.2072	0.3966	0.0564	-0.1483
50.000	10.7462	0.8681	0.3733	0.3527	-0.1609	0.4404	-0.0269	-0.1039
55.000	10.5970	0.8659	0.3973	0.3938	-0.1062	0.4736	-0.0920	-0.0582
60.000	10.4200	0.8612	0.4214	0.4340	-0.0459	0.4966	-0.1420	-0.0119
65.000	10.2001	0.8552	0.4459	0.4735	0.0184	0.5101	-0.1794	0.0350
70.000	9.9291	0.8484	0.4711	0.5124	0.0859	0.5144	-0.2056	0.0823
75.000	9.6049	0.8407	0.4970	0.5509	0.1557	0.5094	-0.2215	0.1301
80.000	9.2307	0.8322	0.5234	0.5888	0.2274	0.4948	-0.2277	0.1785
85.000	8.8145	0.8222	0.5500	0.6258	0.3004	0.4701	-0.2240	0.2274
90.000	8.3677	0.8103	0.5762	0.6616	0.3739	0.4343	-0.2102	0.2766
95.000	7.9039	0.7957	0.6011	0.6956	0.4464	0.3865	-0.1860	0.3258
100.000	7.4367	0.7774	0.6237	0.7271	0.5160	0.3260	-0.1509	0.3741
105.000	6.9791	0.7545	0.6433	0.7556	0.5800	0.2526	-0.1046	0.4204
110.000	6.5416	0.7260	0.6586	0.7801	0.6350	0.1667	-0.0472	0.4632
115.000	6.1320	0.6910	0.6690	0.7999	0.6773	0.0701	0.0210	0.5006
120.000	5.7557	0.6491	0.6735	0.8139	0.7033	-0.0342	0.0994	0.5308
125.000	5.4154	0.5999	0.6715	0.8207	0.7097	-0.1419	0.1868	0.5516
130.000	5.1120	0.5436	0.6621	0.8188	0.6939	-0.2472	0.2813	0.5611
135.000	4.8454	0.4807	0.6444	0.8060	0.6550	-0.3432	0.3810	0.5580
140.000	4.6149	0.4126	0.6172	0.7802	0.5940	-0.4227	0.4830	0.5411
145.000	4.4195	0.3410	0.5794	0.7390	0.5137	-0.4783	0.5843	0.5100
150.000	4.2576	0.2683	0.5297	0.6806	0.4194	-0.5038	0.6815	0.4652
155.000	4.1274	0.1978	0.4674	0.6039	0.3184	-0.4950	0.7711	0.4077
160.000	4.0268	0.1331	0.3925	0.5092	0.2190	-0.4505	0.8494	0.3391
165.000	3.9528	0.0779	0.3061	0.3981	0.1303	-0.3723	0.9136	0.2618
170.000	3.9028	0.0356	0.2099	0.2734	0.0602	-0.2655	0.9610	0.1780
175.000	3.8740	0.0091	0.1068	0.1392	0.0154	-0.1382	0.9902	0.0900
180.000	3.8646	0.0000	0.0001	0.0001	0.0000	-0.0001	1.0000	0.0000
