0.000	6.3551	0.0000	0.0000	0.0000	0.0000	0.0000	1.0000	0.0000
5.000	6.2675	0.0236	0.0643	0.0114	-0.0005	-0.0102	0.9813	0.1798
10.000	6.0496	0.0901	0.1298	0.0263	-0.0015	-0.0165	0.9193	0.3609
15.000	5.8117	0.1853	0.1945	0.0473	-0.0018	-0.0152	0.8011	0.5367
20.000	5.6753	0.2845	0.2519	0.0744	0.0005	-0.0039	0.6208	0.6897
25.000	5.7259	0.3603	0.2937	0.1047	0.0067	0.0165	0.3943	0.7994
30.000	5.9956	0.3968	0.3153	0.1332	0.0170	0.0413	0.1571	0.8569
35.000	6.4712	0.3958	0.3185	0.1559	0.0302	0.0651	-0.0554	0.8706
40.000	7.1123	0.3705	0.3096	0.1717	0.0445	0.0838	-0.2243	0.8585
45.000	7.8692	0.3349	0.2948	0.1812	0.0585	0.0964	-0.3472	0.8370
50.000	8.6936	0.2981	0.2782	0.1857	0.0715	0.1029	-0.4305	0.8168
55.000	9.5442	0.2651	0.2623	0.1866	0.0830	0.1044	-0.4826	0.8031
60.000	10.3879	0.2373	0.2480	0.1850	0.0929	0.1019	-0.5109	0.7977
65.000	11.1993	0.2149	0.2357	0.1816	0.1010	0.0963	-0.5208	0.8004
70.000	11.9598	0.1970	0.2251	0.1770	0.1075	0.0883	-0.5160	0.8101
75.000	12.6557	0.1827	0.2162	0.1715	0.1123	0.0787	-0.4988	0.8256
80.000	13.2778	0.1711	0.2086	0.1653	0.1155	0.0679	-0.4710	0.8454
85.000	13.8200	0.1615	0.2020	0.1586	0.1171	0.0562	-0.4334	0.8681
90.000	14.2790	0.1529	0.1962	0.1515	0.1171	0.0441	-0.3867	0.8921
95.000	14.6540	0.1450	0.1909	0.1442	0.1157	0.0318	-0.3314	0.9160
100.000	14.9462	0.1373	0.1859	0.1367	0.1129	0.0198	-0.2676	0.9384
105.000	15.1587	0.1294	0.1810	0.1291	0.1087	0.0081	-0.1959	0.9576
110.000	15.2962	0.1211	0.1759	0.1213	0.1032	-0.0029	-0.1164	0.9721
115.000	15.3649	0.1122	0.1704	0.1134	0.0966	-0.0130	-0.0299	0.9802
120.000	15.3721	0.1027	0.1644	0.1054	0.0889	-0.0220	0.0629	0.9804
125.000	15.3261	0.0925	0.1575	0.0973	0.0803	-0.0295	0.1611	0.9710
130.000	15.2360	0.0818	0.1497	0.0892	0.0711	-0.0356	0.2634	0.9503
135.000	15.1115	0.0707	0.1407	0.0809	0.0613	-0.0399	0.3680	0.9170
140.000	14.9627	0.0594	0.1304	0.0725	0.0514	-0.0424	0.4730	0.8698
145.000	14.7998	0.0481	0.1186	0.0639	0.0415	-0.0429	0.5760	0.8077
150.000	14.6330	0.0372	0.1054	0.0552	0.0319	-0.0415	0.6742	0.7302
155.000	14.4721	0.0270	0.0907	0.0463	0.0231	-0.0381	0.7647	0.6376
160.000	14.3262	0.0180	0.0746	0.0373	0.0153	-0.0330	0.8443	0.5305
165.000	14.2035	0.0104	0.0572	0.0281	0.0088	-0.0263	0.9100	0.4105
170.000	14.1107	0.0047	0.0387	0.0188	0.0040	-0.0183	0.9592	0.2799
175.000	14.0528	0.0012	0.0196	0.0094	0.0010	-0.0094	0.9897	0.1419
180.000	14.0332	0.0000	0.0000	0.0000	0.0000	0.0000	1.0000	0.0000
