0.000	18.8272	0.0000	0.0000	0.0000	0.0000	0.0000	1.0000	0.0000
5.000	18.2813	0.0343	0.1077	0.0254	-0.0150	-0.0208	0.9910	-0.0710
10.000	16.9399	0.1305	0.2232	0.0626	-0.0583	-0.0262	0.9550	-0.1445
15.000	15.4269	0.2668	0.3466	0.1202	-0.1216	-0.0015	0.8725	-0.2172
20.000	14.2393	0.4094	0.4669	0.1993	-0.1876	0.0604	0.7328	-0.2797
25.000	13.5641	0.5266	0.5693	0.2916	-0.2354	0.1527	0.5492	-0.3215
30.000	13.3606	0.6042	0.6446	0.3842	-0.2514	0.2574	0.3510	-0.3381
35.000	13.4991	0.6459	0.6938	0.4671	-0.2345	0.3564	0.1653	-0.3322
40.000	13.8466	0.6633	0.7229	0.5360	-0.1914	0.4385	0.0063	-0.3095
45.000	14.2979	0.6673	0.7390	0.5905	-0.1309	0.4991	-0.1229	-0.2755
50.000	14.7788	0.6652	0.7474	0.6323	-0.0606	0.5383	-0.2248	-0.2342
55.000	15.2395	0.6610	0.7515	0.6635	0.0138	0.5576	-0.3037	-0.1877
60.000	15.6478	0.6565	0.7533	0.6858	0.0886	0.5594	-0.3638	-0.1375
65.000	15.9829	0.6520	0.7540	0.7009	0.1609	0.5459	-0.4083	-0.0843
70.000	16.2318	0.6475	0.7541	0.7101	0.2289	0.5195	-0.4396	-0.0285
75.000	16.3869	0.6424	0.7541	0.7145	0.2912	0.4819	-0.4595	0.0294
80.000	16.4442	0.6364	0.7540	0.7149	0.3469	0.4352	-0.4690	0.0893
85.000	16.4029	0.6287	0.7537	0.7119	0.3951	0.3807	-0.4687	0.1509
90.000	16.2650	0.6188	0.7534	0.7061	0.4353	0.3201	-0.4587	0.2138
95.000	16.0347	0.6063	0.7527	0.6978	0.4671	0.2548	-0.4390	0.2775
100.000	15.7187	0.5906	0.7514	0.6872	0.4901	0.1860	-0.4093	0.3413
105.000	15.3257	0.5713	0.7493	0.6745	0.5039	0.1153	-0.3691	0.4046
110.000	14.8664	0.5479	0.7457	0.6596	0.5083	0.0440	-0.3179	0.4662
115.000	14.3531	0.5201	0.7402	0.6423	0.5033	-0.0261	-0.2550	0.5246
120.000	13.7991	0.4875	0.7318	0.6225	0.4886	-0.0935	-0.1800	0.5783
125.000	13.2188	0.4501	0.7195	0.5997	0.4645	-0.1560	-0.0928	0.6251
130.000	12.6265	0.4079	0.7022	0.5735	0.4313	-0.2115	0.0067	0.6623
135.000	12.0369	0.3613	0.6783	0.5433	0.3898	-0.2576	0.1174	0.6873
140.000	11.4641	0.3109	0.6464	0.5082	0.3412	-0.2919	0.2380	0.6967
145.000	10.9217	0.2580	0.6050	0.4675	0.2870	-0.3121	0.3656	0.6874
150.000	10.4223	0.2041	0.5524	0.4205	0.2297	-0.3161	0.4964	0.6564
155.000	9.9778	0.1515	0.4877	0.3664	0.1720	-0.3025	0.6251	0.6014
160.000	9.5986	0.1027	0.4104	0.3050	0.1174	-0.2706	0.7452	0.5213
165.000	9.2938	0.0605	0.3209	0.2364	0.0695	-0.2214	0.8495	0.4169
170.000	9.0705	0.0278	0.2207	0.1616	0.0321	-0.1570	0.9306	0.2914
175.000	8.9344	0.0071	0.1125	0.0821	0.0082	-0.0815	0.9823	0.1499
180.000	8.8886	0.0000	0.0000	0.0000	0.0000	0.0000	1.0000	0.0000
