0.000	7.7632	0.0000	0.0000	0.0000	0.0000	0.0000	1.0000	0.0000
5.000	7.7338	0.0045	-0.0006	0.0011	0.0002	-0.0011	0.9965	0.0831
10.000	7.6503	0.0175	-0.0012	0.0023	0.0009	-0.0022	0.9859	0.1665
15.000	7.5254	0.0378	-0.0018	0.0035	0.0019	-0.0032	0.9674	0.2503
20.000	7.3771	0.0633	-0.0027	0.0049	0.0033	-0.0042	0.9405	0.3339
25.000	7.2250	0.0917	-0.0036	0.0063	0.0050	-0.0051	0.9047	0.4161
30.000	7.0866	0.1200	-0.0047	0.0079	0.0069	-0.0059	0.8604	0.4953
35.000	6.9754	0.1459	-0.0059	0.0095	0.0089	-0.0065	0.8089	0.5696
40.000	6.8994	0.1671	-0.0071	0.0111	0.0110	-0.0071	0.7524	0.6371
45.000	6.8616	0.1825	-0.0084	0.0126	0.0128	-0.0075	0.6938	0.6966
50.000	6.8607	0.1916	-0.0096	0.0140	0.0145	-0.0079	0.6361	0.7473
55.000	6.8925	0.1948	-0.0108	0.0152	0.0159	-0.0082	0.5823	0.7892
60.000	6.9507	0.1928	-0.0118	0.0162	0.0170	-0.0084	0.5346	0.8227
65.000	7.0283	0.1867	-0.0127	0.0170	0.0177	-0.0087	0.4946	0.8487
70.000	7.1183	0.1776	-0.0134	0.0175	0.0182	-0.0089	0.4634	0.8680
75.000	7.2142	0.1664	-0.0140	0.0179	0.0183	-0.0091	0.4413	0.8816
80.000	7.3101	0.1541	-0.0144	0.0180	0.0182	-0.0094	0.4284	0.8902
85.000	7.4012	0.1411	-0.0146	0.0180	0.0178	-0.0096	0.4244	0.8942
90.000	7.4837	0.1281	-0.0147	0.0178	0.0173	-0.0098	0.4289	0.8941
95.000	7.5549	0.1153	-0.0147	0.0174	0.0165	-0.0100	0.4411	0.8898
100.000	7.6128	0.1029	-0.0146	0.0170	0.0156	-0.0102	0.4606	0.8815
105.000	7.6565	0.0911	-0.0143	0.0164	0.0146	-0.0103	0.4866	0.8687
110.000	7.6858	0.0799	-0.0139	0.0158	0.0135	-0.0104	0.5183	0.8513
115.000	7.7010	0.0694	-0.0134	0.0150	0.0123	-0.0104	0.5549	0.8289
120.000	7.7034	0.0595	-0.0129	0.0142	0.0110	-0.0103	0.5955	0.8010
125.000	7.6942	0.0504	-0.0122	0.0133	0.0097	-0.0101	0.6391	0.7673
130.000	7.6754	0.0420	-0.0114	0.0123	0.0084	-0.0098	0.6848	0.7274
135.000	7.6491	0.0343	-0.0106	0.0113	0.0071	-0.0093	0.7315	0.6809
140.000	7.6175	0.0273	-0.0096	0.0102	0.0058	-0.0088	0.7779	0.6277
145.000	7.5829	0.0211	-0.0086	0.0091	0.0046	-0.0081	0.8228	0.5678
150.000	7.5476	0.0156	-0.0075	0.0079	0.0035	-0.0072	0.8651	0.5014
155.000	7.5136	0.0109	-0.0064	0.0066	0.0025	-0.0062	0.9033	0.4287
160.000	7.4830	0.0070	-0.0052	0.0054	0.0016	-0.0051	0.9365	0.3504
165.000	7.4573	0.0040	-0.0039	0.0040	0.0009	-0.0040	0.9636	0.2674
170.000	7.4379	0.0018	-0.0026	0.0027	0.0004	-0.0027	0.9836	0.1805
175.000	7.4259	0.0004	-0.0013	0.0014	0.0001	-0.0014	0.9959	0.0909
180.000	7.4218	0.0000	0.0000	0.0000	0.0000	0.0000	1.0000	0.0000
