0.000	6.5946	0.0000	0.0000	0.0000	0.0000	0.0000	1.0000	0.0000
5.000	6.5079	0.0215	0.0504	0.0094	0.0000	-0.0084	0.9837	0.1713
10.000	6.2885	0.0824	0.1018	0.0214	0.0001	-0.0140	0.9297	0.3445
15.000	6.0368	0.1705	0.1528	0.0381	0.0014	-0.0138	0.8268	0.5150
20.000	5.8661	0.2649	0.1990	0.0600	0.0049	-0.0060	0.6682	0.6687
25.000	5.8597	0.3413	0.2345	0.0849	0.0115	0.0092	0.4644	0.7873
30.000	6.0533	0.3835	0.2553	0.1092	0.0212	0.0285	0.2436	0.8597
35.000	6.4401	0.3900	0.2617	0.1296	0.0329	0.0480	0.0377	0.8896
40.000	6.9867	0.3711	0.2576	0.1445	0.0454	0.0641	-0.1326	0.8905
45.000	7.6488	0.3391	0.2478	0.1541	0.0574	0.0754	-0.2612	0.8776
50.000	8.3819	0.3036	0.2356	0.1593	0.0684	0.0819	-0.3515	0.8618
55.000	9.1468	0.2702	0.2233	0.1612	0.0781	0.0841	-0.4103	0.8494
60.000	9.9118	0.2411	0.2120	0.1606	0.0862	0.0827	-0.4443	0.8432
65.000	10.6524	0.2169	0.2020	0.1583	0.0929	0.0786	-0.4588	0.8437
70.000	11.3504	0.1972	0.1933	0.1547	0.0981	0.0724	-0.4575	0.8506
75.000	11.9925	0.1813	0.1859	0.1502	0.1018	0.0645	-0.4432	0.8626
80.000	12.5695	0.1682	0.1795	0.1450	0.1042	0.0556	-0.4176	0.8787
85.000	13.0755	0.1571	0.1740	0.1392	0.1052	0.0458	-0.3819	0.8975
90.000	13.5071	0.1475	0.1691	0.1331	0.1048	0.0357	-0.3368	0.9174
95.000	13.8633	0.1387	0.1646	0.1267	0.1032	0.0253	-0.2829	0.9372
100.000	14.1446	0.1302	0.1604	0.1201	0.1004	0.0151	-0.2207	0.9554
105.000	14.3535	0.1218	0.1561	0.1133	0.0964	0.0052	-0.1506	0.9704
110.000	14.4939	0.1131	0.1517	0.1064	0.0913	-0.0041	-0.0731	0.9807
115.000	14.5712	0.1041	0.1470	0.0994	0.0852	-0.0127	0.0112	0.9848
120.000	14.5918	0.0947	0.1417	0.0923	0.0783	-0.0202	0.1015	0.9811
125.000	14.5634	0.0849	0.1358	0.0851	0.0706	-0.0266	0.1968	0.9681
130.000	14.4942	0.0747	0.1289	0.0778	0.0623	-0.0317	0.2957	0.9442
135.000	14.3934	0.0643	0.1211	0.0705	0.0537	-0.0352	0.3967	0.9081
140.000	14.2702	0.0538	0.1122	0.0631	0.0448	-0.0372	0.4978	0.8587
145.000	14.1340	0.0435	0.1020	0.0555	0.0361	-0.0375	0.5966	0.7951
150.000	13.9941	0.0335	0.0906	0.0479	0.0277	-0.0361	0.6906	0.7169
155.000	13.8591	0.0243	0.0779	0.0401	0.0200	-0.0331	0.7769	0.6245
160.000	13.7368	0.0161	0.0640	0.0322	0.0132	-0.0285	0.8526	0.5185
165.000	13.6342	0.0093	0.0490	0.0243	0.0076	-0.0227	0.9150	0.4005
170.000	13.5568	0.0042	0.0332	0.0162	0.0035	-0.0157	0.9615	0.2728
175.000	13.5086	0.0011	0.0168	0.0081	0.0009	-0.0081	0.9903	0.1382
180.000	13.4923	0.0000	0.0000	0.0000	0.0000	0.0000	1.0000	0.0000
