0.000	18.6209	0.0000	0.0000	0.0000	0.0000	0.0000	1.0000	0.0000
5.000	18.1296	0.0311	0.1168	0.0276	-0.0153	-0.0230	0.9894	-0.0802
10.000	16.9208	0.1176	0.2400	0.0667	-0.0589	-0.0303	0.9495	-0.1643
15.000	15.5547	0.2389	0.3680	0.1250	-0.1214	-0.0077	0.8635	-0.2504
20.000	14.4819	0.3650	0.4891	0.2025	-0.1849	0.0510	0.7235	-0.3291
25.000	13.8765	0.4694	0.5888	0.2905	-0.2294	0.1384	0.5426	-0.3888
30.000	13.7083	0.5412	0.6592	0.3771	-0.2430	0.2373	0.3472	-0.4229
35.000	13.8660	0.5834	0.7018	0.4535	-0.2254	0.3308	0.1612	-0.4319
40.000	14.2340	0.6054	0.7230	0.5158	-0.1835	0.4085	-0.0027	-0.4200
45.000	14.7196	0.6156	0.7297	0.5643	-0.1262	0.4663	-0.1408	-0.3922
50.000	15.2543	0.6199	0.7277	0.6008	-0.0607	0.5044	-0.2544	-0.3527
55.000	15.7884	0.6214	0.7208	0.6275	0.0075	0.5246	-0.3467	-0.3044
60.000	16.2851	0.6217	0.7115	0.6463	0.0750	0.5294	-0.4207	-0.2494
65.000	16.7165	0.6212	0.7014	0.6588	0.1397	0.5211	-0.4789	-0.1892
70.000	17.0618	0.6201	0.6914	0.6663	0.2006	0.5017	-0.5234	-0.1247
75.000	17.3060	0.6180	0.6821	0.6695	0.2568	0.4726	-0.5554	-0.0567
80.000	17.4400	0.6146	0.6737	0.6691	0.3080	0.4353	-0.5758	0.0143
85.000	17.4595	0.6095	0.6661	0.6656	0.3541	0.3906	-0.5850	0.0878
90.000	17.3652	0.6021	0.6593	0.6594	0.3946	0.3396	-0.5830	0.1635
95.000	17.1618	0.5919	0.6531	0.6511	0.4294	0.2829	-0.5699	0.2406
100.000	16.8574	0.5785	0.6474	0.6410	0.4579	0.2215	-0.5450	0.3185
105.000	16.4626	0.5613	0.6419	0.6298	0.4797	0.1563	-0.5079	0.3962
110.000	15.9903	0.5400	0.6365	0.6176	0.4940	0.0884	-0.4578	0.4724
115.000	15.4550	0.5142	0.6309	0.6048	0.5003	0.0191	-0.3940	0.5455
120.000	14.8723	0.4836	0.6245	0.5912	0.4975	-0.0502	-0.3157	0.6132
125.000	14.2592	0.4480	0.6165	0.5765	0.4851	-0.1175	-0.2226	0.6730
130.000	13.6333	0.4075	0.6059	0.5598	0.4622	-0.1805	-0.1146	0.7217
135.000	13.0124	0.3622	0.5911	0.5398	0.4286	-0.2364	0.0075	0.7558
140.000	12.4139	0.3129	0.5700	0.5149	0.3845	-0.2819	0.1420	0.7713
145.000	11.8538	0.2605	0.5405	0.4834	0.3310	-0.3134	0.2857	0.7644
150.000	11.3462	0.2067	0.5002	0.4432	0.2704	-0.3274	0.4336	0.7315
155.000	10.9029	0.1537	0.4473	0.3930	0.2061	-0.3212	0.5793	0.6705
160.000	10.5323	0.1043	0.3806	0.3320	0.1427	-0.2929	0.7150	0.5806
165.000	10.2403	0.0615	0.3002	0.2604	0.0855	-0.2431	0.8322	0.4636
170.000	10.0302	0.0283	0.2078	0.1794	0.0398	-0.1741	0.9229	0.3233
175.000	9.9038	0.0072	0.1063	0.0916	0.0102	-0.0909	0.9803	0.1661
180.000	9.8616	0.0000	0.0000	0.0000	0.0000	0.0000	1.0000	0.0000
