0.000	7.6615	0.0000	0.0000	0.0000	0.0000	0.0000	1.0000	0.0000
5.000	7.6264	0.0056	-0.0001	0.0016	0.0003	-0.0015	0.9964	0.0850
10.000	7.5272	0.0220	-0.0003	0.0032	0.0012	-0.0031	0.9851	0.1707
15.000	7.3814	0.0474	-0.0006	0.0050	0.0027	-0.0045	0.9652	0.2572
20.000	7.2126	0.0792	-0.0010	0.0070	0.0046	-0.0058	0.9355	0.3442
25.000	7.0461	0.1141	-0.0016	0.0091	0.0070	-0.0070	0.8955	0.4301
30.000	6.9039	0.1484	-0.0024	0.0114	0.0097	-0.0080	0.8455	0.5129
35.000	6.8015	0.1788	-0.0033	0.0138	0.0126	-0.0088	0.7873	0.5901
40.000	6.7474	0.2028	-0.0044	0.0161	0.0153	-0.0094	0.7238	0.6594
45.000	6.7436	0.2189	-0.0054	0.0182	0.0179	-0.0099	0.6591	0.7194
50.000	6.7867	0.2270	-0.0064	0.0200	0.0201	-0.0102	0.5969	0.7695
55.000	6.8702	0.2280	-0.0073	0.0216	0.0218	-0.0104	0.5405	0.8098
60.000	6.9860	0.2230	-0.0081	0.0228	0.0231	-0.0106	0.4924	0.8412
65.000	7.1251	0.2137	-0.0088	0.0237	0.0239	-0.0107	0.4542	0.8648
70.000	7.2792	0.2014	-0.0092	0.0242	0.0243	-0.0109	0.4264	0.8817
75.000	7.4409	0.1873	-0.0095	0.0244	0.0242	-0.0112	0.4090	0.8930
80.000	7.6039	0.1723	-0.0097	0.0244	0.0239	-0.0114	0.4018	0.8993
85.000	7.7632	0.1571	-0.0097	0.0241	0.0232	-0.0117	0.4039	0.9011
90.000	7.9149	0.1421	-0.0096	0.0236	0.0223	-0.0119	0.4147	0.8987
95.000	8.0564	0.1276	-0.0094	0.0229	0.0211	-0.0122	0.4331	0.8922
100.000	8.1859	0.1138	-0.0091	0.0221	0.0198	-0.0124	0.4585	0.8813
105.000	8.3023	0.1008	-0.0087	0.0211	0.0184	-0.0125	0.4897	0.8660
110.000	8.4052	0.0886	-0.0082	0.0201	0.0168	-0.0126	0.5259	0.8459
115.000	8.4946	0.0772	-0.0077	0.0189	0.0152	-0.0125	0.5661	0.8207
120.000	8.5708	0.0665	-0.0072	0.0177	0.0135	-0.0123	0.6094	0.7900
125.000	8.6344	0.0566	-0.0066	0.0164	0.0118	-0.0120	0.6547	0.7537
130.000	8.6861	0.0474	-0.0060	0.0150	0.0101	-0.0116	0.7010	0.7115
135.000	8.7269	0.0390	-0.0054	0.0136	0.0084	-0.0110	0.7473	0.6633
140.000	8.7579	0.0313	-0.0048	0.0122	0.0069	-0.0103	0.7925	0.6090
145.000	8.7803	0.0243	-0.0042	0.0107	0.0054	-0.0094	0.8356	0.5488
150.000	8.7955	0.0181	-0.0036	0.0092	0.0041	-0.0084	0.8755	0.4828
155.000	8.8048	0.0127	-0.0030	0.0077	0.0029	-0.0072	0.9113	0.4115
160.000	8.8099	0.0082	-0.0024	0.0062	0.0019	-0.0059	0.9420	0.3355
165.000	8.8122	0.0047	-0.0018	0.0046	0.0011	-0.0045	0.9668	0.2554
170.000	8.8127	0.0021	-0.0012	0.0031	0.0005	-0.0031	0.9851	0.1721
175.000	8.8127	0.0005	-0.0006	0.0016	0.0001	-0.0015	0.9962	0.0866
180.000	8.8126	0.0000	0.0000	0.0000	0.0000	0.0000	1.0000	0.0000
