0.000	6.6393	0.0000	0.0000	0.0000	0.0000	0.0000	1.0000	0.0000
5.000	6.5618	0.0177	0.0352	0.0069	0.0002	-0.0063	0.9859	0.1627
10.000	6.3602	0.0681	0.0708	0.0154	0.0009	-0.0110	0.9399	0.3272
15.000	6.1131	0.1423	0.1062	0.0269	0.0027	-0.0123	0.8536	0.4904
20.000	5.9124	0.2253	0.1391	0.0417	0.0062	-0.0089	0.7207	0.6420
25.000	5.8317	0.2985	0.1659	0.0588	0.0117	-0.0007	0.5460	0.7672
30.000	5.9091	0.3472	0.1836	0.0763	0.0192	0.0110	0.3480	0.8544
35.000	6.1487	0.3664	0.1916	0.0919	0.0281	0.0239	0.1522	0.9016
40.000	6.5304	0.3609	0.1916	0.1042	0.0374	0.0355	-0.0208	0.9170
45.000	7.0215	0.3397	0.1861	0.1127	0.0464	0.0445	-0.1604	0.9126
50.000	7.5864	0.3114	0.1777	0.1179	0.0546	0.0504	-0.2655	0.8996
55.000	8.1915	0.2820	0.1683	0.1203	0.0618	0.0533	-0.3396	0.8858
60.000	8.8080	0.2547	0.1589	0.1206	0.0678	0.0535	-0.3881	0.8754
65.000	9.4124	0.2309	0.1502	0.1194	0.0727	0.0516	-0.4156	0.8705
70.000	9.9863	0.2107	0.1424	0.1171	0.0765	0.0480	-0.4261	0.8714
75.000	10.5156	0.1937	0.1354	0.1140	0.0792	0.0431	-0.4223	0.8779
80.000	10.9896	0.1793	0.1292	0.1103	0.0810	0.0373	-0.4063	0.8890
85.000	11.4011	0.1669	0.1238	0.1062	0.0818	0.0307	-0.3792	0.9037
90.000	11.7455	0.1558	0.1191	0.1018	0.0816	0.0237	-0.3421	0.9207
95.000	12.0207	0.1455	0.1147	0.0972	0.0806	0.0165	-0.2953	0.9387
100.000	12.2271	0.1356	0.1108	0.0925	0.0787	0.0092	-0.2394	0.9562
105.000	12.3668	0.1257	0.1071	0.0877	0.0760	0.0020	-0.1745	0.9717
110.000	12.4443	0.1156	0.1035	0.0828	0.0725	-0.0049	-0.1011	0.9835
115.000	12.4656	0.1052	0.0998	0.0778	0.0682	-0.0113	-0.0196	0.9899
120.000	12.4379	0.0944	0.0959	0.0727	0.0631	-0.0171	0.0694	0.9890
125.000	12.3697	0.0834	0.0918	0.0675	0.0574	-0.0221	0.1647	0.9789
130.000	12.2700	0.0722	0.0871	0.0622	0.0512	-0.0262	0.2650	0.9579
135.000	12.1479	0.0610	0.0819	0.0568	0.0445	-0.0291	0.3687	0.9242
140.000	12.0126	0.0501	0.0759	0.0512	0.0375	-0.0308	0.4733	0.8764
145.000	11.8725	0.0396	0.0691	0.0455	0.0304	-0.0312	0.5763	0.8135
150.000	11.7355	0.0300	0.0615	0.0395	0.0236	-0.0302	0.6747	0.7350
155.000	11.6084	0.0213	0.0529	0.0333	0.0171	-0.0277	0.7653	0.6412
160.000	11.4968	0.0139	0.0436	0.0270	0.0114	-0.0240	0.8449	0.5329
165.000	11.4054	0.0079	0.0334	0.0204	0.0066	-0.0191	0.9106	0.4120
170.000	11.3377	0.0036	0.0227	0.0137	0.0030	-0.0133	0.9595	0.2807
175.000	11.2961	0.0009	0.0114	0.0069	0.0008	-0.0068	0.9898	0.1422
180.000	11.2821	0.0000	0.0000	0.0000	0.0000	0.0000	1.0000	0.0000
