0.000	21.1447	0.0000	0.0000	0.0000	0.0000	0.0000	1.0000	0.0000
5.000	20.1447	0.0484	0.0279	0.0045	-0.0132	-0.0022	0.9959	-0.0699
10.000	17.7963	0.1828	0.0597	0.0134	-0.0524	0.0049	0.9703	-0.1379
15.000	15.3003	0.3684	0.0963	0.0307	-0.1121	0.0298	0.8968	-0.1955
20.000	13.3730	0.5548	0.1349	0.0577	-0.1779	0.0760	0.7660	-0.2304
25.000	12.1200	0.7017	0.1715	0.0923	-0.2316	0.1384	0.5983	-0.2364
30.000	11.3752	0.7968	0.2039	0.1311	-0.2621	0.2074	0.4263	-0.2175
35.000	10.9443	0.8490	0.2322	0.1711	-0.2675	0.2744	0.2729	-0.1825
40.000	10.6836	0.8730	0.2577	0.2110	-0.2516	0.3342	0.1467	-0.1391
45.000	10.5019	0.8810	0.2819	0.2505	-0.2198	0.3849	0.0471	-0.0923
50.000	10.3435	0.8804	0.3057	0.2897	-0.1763	0.4259	-0.0299	-0.0444
55.000	10.1739	0.8756	0.3299	0.3289	-0.1247	0.4574	-0.0884	0.0034
60.000	9.9718	0.8687	0.3550	0.3684	-0.0671	0.4800	-0.1320	0.0510
65.000	9.7242	0.8608	0.3813	0.4083	-0.0051	0.4940	-0.1631	0.0982
70.000	9.4249	0.8521	0.4088	0.4488	0.0605	0.4997	-0.1834	0.1454
75.000	9.0735	0.8428	0.4374	0.4897	0.1293	0.4969	-0.1935	0.1925
80.000	8.6752	0.8326	0.4669	0.5309	0.2008	0.4851	-0.1938	0.2397
85.000	8.2394	0.8210	0.4968	0.5720	0.2745	0.4634	-0.1843	0.2870
90.000	7.7788	0.8074	0.5263	0.6126	0.3496	0.4307	-0.1646	0.3341
95.000	7.3079	0.7910	0.5546	0.6520	0.4246	0.3858	-0.1343	0.3805
100.000	6.8411	0.7707	0.5804	0.6894	0.4974	0.3278	-0.0931	0.4253
105.000	6.3914	0.7456	0.6026	0.7237	0.5650	0.2560	-0.0408	0.4672
110.000	5.9690	0.7148	0.6200	0.7539	0.6236	0.1710	0.0224	0.5044
115.000	5.5814	0.6773	0.6315	0.7788	0.6692	0.0744	0.0956	0.5352
120.000	5.2327	0.6329	0.6361	0.7968	0.6975	-0.0305	0.1777	0.5575
125.000	4.9248	0.5814	0.6330	0.8065	0.7049	-0.1389	0.2670	0.5695
130.000	4.6572	0.5232	0.6218	0.8061	0.6890	-0.2444	0.3612	0.5696
135.000	4.4285	0.4594	0.6017	0.7935	0.6491	-0.3400	0.4577	0.5570
140.000	4.2366	0.3912	0.5724	0.7668	0.5864	-0.4178	0.5539	0.5312
145.000	4.0791	0.3208	0.5330	0.7242	0.5047	-0.4709	0.6467	0.4927
150.000	3.9532	0.2505	0.4832	0.6642	0.4097	-0.4935	0.7333	0.4426
155.000	3.8559	0.1834	0.4229	0.5867	0.3092	-0.4821	0.8109	0.3824
160.000	3.7839	0.1226	0.3524	0.4924	0.2115	-0.4364	0.8771	0.3142
165.000	3.7334	0.0713	0.2730	0.3833	0.1251	-0.3589	0.9302	0.2401
170.000	3.7008	0.0325	0.1863	0.2624	0.0576	-0.2550	0.9688	0.1620
175.000	3.6826	0.0082	0.0945	0.1333	0.0147	-0.1324	0.9922	0.0815
180.000	3.6769	0.0000	0.0000	0.0001	0.0000	-0.0001	1.0000	0.0000
