0.000	5.9060	0.0000	0.0000	0.0000	0.0000	0.0000	1.0000	0.0000
5.000	5.8188	0.0281	0.1010	0.0171	-0.0019	-0.0149	0.9757	0.1925
10.000	5.6113	0.1064	0.2038	0.0398	-0.0069	-0.0232	0.8948	0.3841
15.000	5.4138	0.2154	0.3036	0.0720	-0.0124	-0.0183	0.7413	0.5627
20.000	5.3634	0.3218	0.3869	0.1127	-0.0146	0.0030	0.5139	0.7037
25.000	5.5478	0.3923	0.4393	0.1554	-0.0101	0.0371	0.2439	0.7850
30.000	5.9891	0.4143	0.4569	0.1922	0.0019	0.0750	-0.0179	0.8066
35.000	6.6593	0.3983	0.4480	0.2186	0.0190	0.1078	-0.2335	0.7886
40.000	7.5036	0.3631	0.4248	0.2347	0.0383	0.1314	-0.3918	0.7553
45.000	8.4617	0.3235	0.3971	0.2426	0.0576	0.1454	-0.4990	0.7233
50.000	9.4781	0.2872	0.3700	0.2449	0.0756	0.1512	-0.5670	0.7004
55.000	10.5074	0.2571	0.3458	0.2434	0.0917	0.1506	-0.6063	0.6891
60.000	11.5142	0.2335	0.3250	0.2393	0.1057	0.1451	-0.6245	0.6891
65.000	12.4720	0.2154	0.3076	0.2336	0.1175	0.1360	-0.6268	0.6989
70.000	13.3611	0.2016	0.2931	0.2266	0.1270	0.1241	-0.6163	0.7166
75.000	14.1676	0.1910	0.2809	0.2189	0.1345	0.1104	-0.5950	0.7404
80.000	14.8815	0.1825	0.2706	0.2105	0.1397	0.0952	-0.5640	0.7688
85.000	15.4968	0.1753	0.2618	0.2018	0.1429	0.0792	-0.5241	0.8001
90.000	16.0103	0.1688	0.2540	0.1927	0.1441	0.0628	-0.4754	0.8327
95.000	16.4217	0.1625	0.2471	0.1834	0.1433	0.0463	-0.4182	0.8653
100.000	16.7330	0.1559	0.2405	0.1740	0.1405	0.0300	-0.3526	0.8962
105.000	16.9485	0.1487	0.2341	0.1645	0.1360	0.0143	-0.2786	0.9240
110.000	17.0742	0.1407	0.2276	0.1548	0.1297	-0.0004	-0.1966	0.9470
115.000	17.1181	0.1317	0.2207	0.1451	0.1219	-0.0140	-0.1068	0.9636
120.000	17.0892	0.1217	0.2130	0.1352	0.1127	-0.0261	-0.0099	0.9719
125.000	16.9975	0.1106	0.2044	0.1252	0.1023	-0.0364	0.0931	0.9702
130.000	16.8541	0.0986	0.1945	0.1151	0.0909	-0.0448	0.2011	0.9565
135.000	16.6705	0.0858	0.1832	0.1048	0.0788	-0.0508	0.3123	0.9294
140.000	16.4590	0.0725	0.1701	0.0943	0.0663	-0.0545	0.4246	0.8872
145.000	16.2319	0.0590	0.1551	0.0835	0.0537	-0.0556	0.5354	0.8287
150.000	16.0018	0.0458	0.1381	0.0724	0.0416	-0.0541	0.6418	0.7533
155.000	15.7812	0.0334	0.1190	0.0610	0.0302	-0.0500	0.7404	0.6609
160.000	15.5817	0.0222	0.0980	0.0493	0.0201	-0.0435	0.8277	0.5521
165.000	15.4140	0.0129	0.0753	0.0373	0.0116	-0.0348	0.9002	0.4287
170.000	15.2873	0.0059	0.0511	0.0250	0.0053	-0.0242	0.9547	0.2931
175.000	15.2083	0.0015	0.0258	0.0125	0.0013	-0.0125	0.9885	0.1488
180.000	15.1815	0.0000	0.0000	0.0000	0.0000	0.0000	1.0000	0.0000
