0.000	21.7971	0.0000	0.0000	0.0000	0.0000	0.0000	1.0000	0.0000
5.000	20.9479	0.0400	0.0515	0.0133	-0.0130	-0.0103	0.9951	-0.0742
10.000	18.8902	0.1518	0.1088	0.0339	-0.0511	-0.0100	0.9703	-0.1489
15.000	16.5850	0.3093	0.1733	0.0673	-0.1083	0.0111	0.9050	-0.2189
20.000	14.6970	0.4743	0.2406	0.1150	-0.1711	0.0584	0.7890	-0.2742
25.000	13.4057	0.6130	0.3037	0.1732	-0.2222	0.1278	0.6344	-0.3063
30.000	12.6176	0.7108	0.3577	0.2354	-0.2494	0.2084	0.4667	-0.3143
35.000	12.1725	0.7710	0.4013	0.2963	-0.2501	0.2887	0.3078	-0.3028
40.000	11.9338	0.8040	0.4363	0.3530	-0.2275	0.3610	0.1689	-0.2778
45.000	11.8058	0.8202	0.4647	0.4047	-0.1874	0.4214	0.0528	-0.2441
50.000	11.7253	0.8266	0.4888	0.4515	-0.1351	0.4686	-0.0422	-0.2050
55.000	11.6507	0.8278	0.5102	0.4942	-0.0749	0.5027	-0.1189	-0.1621
60.000	11.5539	0.8261	0.5299	0.5335	-0.0098	0.5246	-0.1803	-0.1165
65.000	11.4160	0.8227	0.5490	0.5698	0.0582	0.5350	-0.2284	-0.0689
70.000	11.2251	0.8182	0.5677	0.6037	0.1276	0.5347	-0.2649	-0.0194
75.000	10.9757	0.8126	0.5865	0.6353	0.1977	0.5240	-0.2908	0.0318
80.000	10.6678	0.8060	0.6053	0.6646	0.2677	0.5030	-0.3065	0.0846
85.000	10.3065	0.7978	0.6238	0.6917	0.3370	0.4717	-0.3121	0.1388
90.000	9.9006	0.7877	0.6417	0.7163	0.4048	0.4297	-0.3077	0.1943
95.000	9.4618	0.7748	0.6585	0.7382	0.4697	0.3766	-0.2927	0.2507
100.000	9.0025	0.7585	0.6736	0.7573	0.5302	0.3125	-0.2668	0.3074
105.000	8.5351	0.7378	0.6864	0.7733	0.5842	0.2375	-0.2295	0.3635
110.000	8.0707	0.7120	0.6964	0.7860	0.6291	0.1524	-0.1803	0.4175
115.000	7.6184	0.6803	0.7030	0.7951	0.6624	0.0590	-0.1190	0.4678
120.000	7.1854	0.6420	0.7057	0.8002	0.6812	-0.0402	-0.0456	0.5123
125.000	6.7772	0.5968	0.7038	0.8004	0.6829	-0.1415	0.0394	0.5488
130.000	6.3976	0.5444	0.6962	0.7942	0.6657	-0.2404	0.1353	0.5749
135.000	6.0498	0.4852	0.6817	0.7800	0.6283	-0.3311	0.2405	0.5881
140.000	5.7363	0.4200	0.6583	0.7551	0.5713	-0.4072	0.3527	0.5863
145.000	5.4590	0.3503	0.6240	0.7170	0.4964	-0.4619	0.4689	0.5678
150.000	5.2197	0.2782	0.5766	0.6632	0.4080	-0.4889	0.5849	0.5313
155.000	5.0191	0.2070	0.5143	0.5916	0.3120	-0.4834	0.6959	0.4768
160.000	4.8574	0.1404	0.4364	0.5018	0.2163	-0.4430	0.7966	0.4051
165.000	4.7337	0.0828	0.3433	0.3944	0.1295	-0.3685	0.8815	0.3182
170.000	4.6469	0.0381	0.2370	0.2721	0.0602	-0.2642	0.9460	0.2192
175.000	4.5956	0.0097	0.1211	0.1390	0.0155	-0.1379	0.9863	0.1118
180.000	4.5786	0.0000	0.0001	0.0001	0.0000	-0.0001	1.0000	0.0000
