0.000	20.2873	0.0000	0.0000	0.0000	0.0000	0.0000	1.0000	0.0000
5.000	19.6235	0.0365	0.0843	0.0196	-0.0139	-0.0158	0.9938	-0.0624
10.000	17.9950	0.1390	0.1767	0.0491	-0.0540	-0.0184	0.9659	-0.1253
15.000	16.1495	0.2848	0.2789	0.0960	-0.1135	0.0049	0.8963	-0.1845
20.000	14.6583	0.4384	0.3834	0.1622	-0.1768	0.0605	0.7738	-0.2312
25.000	13.7169	0.5665	0.4783	0.2415	-0.2244	0.1430	0.6096	-0.2572
30.000	13.2670	0.6536	0.5552	0.3239	-0.2430	0.2374	0.4312	-0.2611
35.000	13.1632	0.7027	0.6131	0.4012	-0.2307	0.3281	0.2637	-0.2469
40.000	13.2659	0.7254	0.6555	0.4692	-0.1927	0.4049	0.1205	-0.2204
45.000	13.4704	0.7329	0.6870	0.5267	-0.1366	0.4635	0.0049	-0.1867
50.000	13.7063	0.7327	0.7114	0.5746	-0.0695	0.5029	-0.0855	-0.1488
55.000	13.9288	0.7293	0.7312	0.6139	0.0036	0.5241	-0.1546	-0.1084
60.000	14.1104	0.7246	0.7480	0.6458	0.0785	0.5286	-0.2062	-0.0663
65.000	14.2351	0.7194	0.7626	0.6713	0.1526	0.5181	-0.2434	-0.0228
70.000	14.2936	0.7137	0.7756	0.6912	0.2236	0.4941	-0.2686	0.0220
75.000	14.2820	0.7070	0.7872	0.7061	0.2900	0.4583	-0.2832	0.0680
80.000	14.1992	0.6989	0.7974	0.7166	0.3503	0.4122	-0.2885	0.1152
85.000	14.0469	0.6888	0.8063	0.7231	0.4035	0.3572	-0.2848	0.1634
90.000	13.8285	0.6762	0.8137	0.7259	0.4486	0.2949	-0.2726	0.2125
95.000	13.5492	0.6605	0.8194	0.7254	0.4848	0.2267	-0.2518	0.2622
100.000	13.2155	0.6411	0.8231	0.7215	0.5114	0.1543	-0.2222	0.3120
105.000	12.8350	0.6176	0.8246	0.7145	0.5279	0.0793	-0.1834	0.3611
110.000	12.4163	0.5897	0.8233	0.7042	0.5339	0.0036	-0.1350	0.4087
115.000	11.9688	0.5570	0.8185	0.6905	0.5292	-0.0708	-0.0765	0.4536
120.000	11.5024	0.5192	0.8093	0.6730	0.5137	-0.1417	-0.0078	0.4943
125.000	11.0272	0.4765	0.7949	0.6515	0.4876	-0.2068	0.0712	0.5290
130.000	10.5533	0.4290	0.7740	0.6252	0.4516	-0.2635	0.1602	0.5556
135.000	10.0907	0.3774	0.7452	0.5935	0.4066	-0.3092	0.2582	0.5718
140.000	9.6489	0.3224	0.7072	0.5558	0.3542	-0.3415	0.3635	0.5750
145.000	9.2367	0.2655	0.6585	0.5113	0.2963	-0.3580	0.4737	0.5629
150.000	8.8623	0.2085	0.5980	0.4592	0.2357	-0.3569	0.5851	0.5334
155.000	8.5329	0.1536	0.5250	0.3993	0.1754	-0.3369	0.6932	0.4852
160.000	8.2547	0.1034	0.4393	0.3315	0.1190	-0.2981	0.7929	0.4177
165.000	8.0330	0.0606	0.3418	0.2563	0.0701	-0.2417	0.8784	0.3322
170.000	7.8716	0.0277	0.2341	0.1748	0.0322	-0.1703	0.9442	0.2311
175.000	7.7737	0.0071	0.1190	0.0886	0.0082	-0.0881	0.9858	0.1186
180.000	7.7408	0.0000	0.0000	0.0000	0.0000	0.0000	1.0000	0.0000
