0.000	6.9521	0.0000	0.0000	0.0000	0.0000	0.0000	1.0000	0.0000
5.000	6.8940	0.0128	0.0181	0.0042	0.0004	-0.0040	0.9891	0.1453
10.000	6.7401	0.0492	0.0361	0.0092	0.0018	-0.0072	0.9546	0.2915
15.000	6.5429	0.1034	0.0538	0.0155	0.0043	-0.0090	0.8921	0.4367
20.000	6.3663	0.1657	0.0703	0.0233	0.0079	-0.0089	0.7981	0.5753
25.000	6.2645	0.2251	0.0844	0.0323	0.0128	-0.0066	0.6746	0.6985
30.000	6.2702	0.2715	0.0949	0.0419	0.0185	-0.0025	0.5305	0.7983
35.000	6.3930	0.2998	0.1014	0.0510	0.0248	0.0027	0.3797	0.8704
40.000	6.6246	0.3100	0.1042	0.0589	0.0311	0.0080	0.2360	0.9164
45.000	6.9459	0.3058	0.1040	0.0652	0.0369	0.0126	0.1095	0.9415
50.000	7.3333	0.2922	0.1017	0.0698	0.0421	0.0162	0.0053	0.9524
55.000	7.7626	0.2735	0.0983	0.0727	0.0466	0.0185	-0.0757	0.9553
60.000	8.2117	0.2531	0.0943	0.0744	0.0502	0.0195	-0.1348	0.9547
65.000	8.6615	0.2328	0.0901	0.0749	0.0530	0.0193	-0.1743	0.9538
70.000	9.0960	0.2138	0.0861	0.0745	0.0550	0.0181	-0.1965	0.9542
75.000	9.5029	0.1964	0.0823	0.0733	0.0563	0.0160	-0.2037	0.9566
80.000	9.8727	0.1806	0.0788	0.0716	0.0569	0.0133	-0.1974	0.9612
85.000	10.1987	0.1662	0.0757	0.0694	0.0569	0.0100	-0.1792	0.9675
90.000	10.4766	0.1528	0.0728	0.0669	0.0562	0.0063	-0.1501	0.9747
95.000	10.7041	0.1403	0.0702	0.0640	0.0549	0.0024	-0.1111	0.9819
100.000	10.8805	0.1283	0.0677	0.0610	0.0531	-0.0016	-0.0630	0.9879
105.000	11.0066	0.1167	0.0653	0.0578	0.0507	-0.0056	-0.0064	0.9914
110.000	11.0844	0.1055	0.0629	0.0545	0.0478	-0.0093	0.0579	0.9910
115.000	11.1175	0.0946	0.0605	0.0512	0.0445	-0.0127	0.1291	0.9855
120.000	11.1107	0.0839	0.0579	0.0478	0.0407	-0.0157	0.2065	0.9733
125.000	11.0699	0.0736	0.0552	0.0443	0.0367	-0.0182	0.2891	0.9530
130.000	11.0022	0.0636	0.0522	0.0408	0.0324	-0.0200	0.3756	0.9232
135.000	10.9153	0.0540	0.0488	0.0372	0.0280	-0.0212	0.4645	0.8827
140.000	10.8170	0.0447	0.0451	0.0334	0.0234	-0.0216	0.5540	0.8301
145.000	10.7149	0.0359	0.0409	0.0296	0.0189	-0.0213	0.6418	0.7649
150.000	10.6157	0.0276	0.0363	0.0257	0.0146	-0.0202	0.7255	0.6867
155.000	10.5249	0.0200	0.0311	0.0216	0.0105	-0.0183	0.8023	0.5957
160.000	10.4468	0.0133	0.0256	0.0174	0.0070	-0.0157	0.8696	0.4929
165.000	10.3842	0.0077	0.0196	0.0131	0.0040	-0.0124	0.9249	0.3796
170.000	10.3387	0.0035	0.0132	0.0088	0.0018	-0.0086	0.9661	0.2579
175.000	10.3112	0.0009	0.0067	0.0044	0.0005	-0.0044	0.9914	0.1305
180.000	10.3020	0.0000	0.0000	0.0000	0.0000	0.0000	1.0000	0.0000
