0.000	7.6614	0.0000	0.0000	0.0000	0.0000	0.0000	1.0000	0.0000
5.000	7.5964	0.0114	0.0089	0.0031	0.0006	-0.0030	0.9926	0.1204
10.000	7.4196	0.0442	0.0178	0.0068	0.0023	-0.0056	0.9689	0.2426
15.000	7.1789	0.0939	0.0265	0.0113	0.0051	-0.0074	0.9251	0.3671
20.000	6.9351	0.1532	0.0347	0.0168	0.0092	-0.0082	0.8570	0.4909
25.000	6.7435	0.2125	0.0419	0.0235	0.0144	-0.0076	0.7638	0.6083
30.000	6.6423	0.2626	0.0476	0.0307	0.0203	-0.0057	0.6494	0.7125
35.000	6.6483	0.2968	0.0515	0.0379	0.0264	-0.0030	0.5231	0.7977
40.000	6.7604	0.3131	0.0536	0.0446	0.0323	0.0001	0.3966	0.8618
45.000	6.9651	0.3133	0.0541	0.0502	0.0376	0.0031	0.2801	0.9064
50.000	7.2423	0.3014	0.0536	0.0545	0.0421	0.0056	0.1807	0.9353
55.000	7.5702	0.2822	0.0524	0.0576	0.0457	0.0073	0.1015	0.9532
60.000	7.9284	0.2593	0.0509	0.0595	0.0484	0.0081	0.0428	0.9641
65.000	8.2990	0.2355	0.0494	0.0604	0.0503	0.0081	0.0034	0.9711
70.000	8.6673	0.2125	0.0479	0.0605	0.0514	0.0073	-0.0187	0.9763
75.000	9.0220	0.1910	0.0465	0.0599	0.0518	0.0059	-0.0256	0.9806
80.000	9.3544	0.1715	0.0453	0.0587	0.0516	0.0040	-0.0191	0.9843
85.000	9.6584	0.1539	0.0443	0.0570	0.0509	0.0018	-0.0008	0.9874
90.000	9.9298	0.1380	0.0433	0.0551	0.0496	-0.0008	0.0277	0.9894
95.000	10.1662	0.1238	0.0425	0.0528	0.0478	-0.0034	0.0655	0.9895
100.000	10.3662	0.1108	0.0416	0.0503	0.0456	-0.0061	0.1113	0.9869
105.000	10.5299	0.0989	0.0407	0.0476	0.0430	-0.0087	0.1644	0.9808
110.000	10.6583	0.0879	0.0397	0.0448	0.0400	-0.0111	0.2236	0.9700
115.000	10.7532	0.0776	0.0386	0.0419	0.0367	-0.0133	0.2882	0.9538
120.000	10.8174	0.0679	0.0373	0.0388	0.0332	-0.0151	0.3571	0.9309
125.000	10.8543	0.0587	0.0358	0.0358	0.0295	-0.0165	0.4292	0.9007
130.000	10.8679	0.0500	0.0340	0.0326	0.0257	-0.0174	0.5033	0.8621
135.000	10.8627	0.0417	0.0320	0.0294	0.0218	-0.0179	0.5779	0.8145
140.000	10.8433	0.0340	0.0296	0.0262	0.0180	-0.0178	0.6514	0.7574
145.000	10.8142	0.0268	0.0269	0.0230	0.0143	-0.0171	0.7223	0.6905
150.000	10.7799	0.0203	0.0238	0.0197	0.0109	-0.0159	0.7887	0.6140
155.000	10.7441	0.0144	0.0204	0.0165	0.0078	-0.0142	0.8488	0.5282
160.000	10.7103	0.0094	0.0168	0.0132	0.0051	-0.0120	0.9007	0.4339
165.000	10.6813	0.0054	0.0128	0.0099	0.0029	-0.0094	0.9431	0.3323
170.000	10.6591	0.0024	0.0087	0.0066	0.0013	-0.0064	0.9743	0.2250
175.000	10.6452	0.0006	0.0044	0.0033	0.0003	-0.0033	0.9935	0.1135
180.000	10.6405	0.0000	0.0000	0.0000	0.0000	0.0000	1.0000	0.0000
