0.000	9.0072	0.0000	0.0000	0.0000	0.0000	0.0000	1.0000	0.0000
5.000	8.8484	0.0331	0.2271	0.0433	-0.0176	-0.0364	0.9733	-0.0172
10.000	8.4941	0.1233	0.4565	0.1025	-0.0665	-0.0491	0.8821	-0.0437
15.000	8.2129	0.2416	0.6704	0.1859	-0.1319	-0.0182	0.7085	-0.0839
20.000	8.2371	0.3468	0.8327	0.2860	-0.1881	0.0600	0.4601	-0.1323
25.000	8.6609	0.4097	0.9178	0.3831	-0.2120	0.1655	0.1825	-0.1756
30.000	9.4545	0.4298	0.9323	0.4604	-0.1987	0.2689	-0.0725	-0.2025
35.000	10.5258	0.4239	0.9024	0.5132	-0.1579	0.3510	-0.2780	-0.2095
40.000	11.7719	0.4086	0.8529	0.5448	-0.1025	0.4066	-0.4326	-0.1984
45.000	13.1042	0.3937	0.7990	0.5608	-0.0423	0.4380	-0.5455	-0.1729
50.000	14.4544	0.3828	0.7478	0.5662	0.0170	0.4499	-0.6273	-0.1361
55.000	15.7724	0.3765	0.7022	0.5643	0.0723	0.4467	-0.6861	-0.0904
60.000	17.0215	0.3739	0.6624	0.5575	0.1224	0.4323	-0.7273	-0.0375
65.000	18.1740	0.3739	0.6282	0.5473	0.1668	0.4094	-0.7545	0.0213
70.000	19.2085	0.3752	0.5988	0.5347	0.2054	0.3801	-0.7699	0.0849
75.000	20.1078	0.3767	0.5737	0.5205	0.2385	0.3461	-0.7747	0.1525
80.000	20.8586	0.3775	0.5520	0.5053	0.2664	0.3086	-0.7695	0.2233
85.000	21.4510	0.3769	0.5334	0.4894	0.2893	0.2685	-0.7545	0.2965
90.000	21.8790	0.3742	0.5174	0.4731	0.3075	0.2265	-0.7296	0.3714
95.000	22.1406	0.3691	0.5034	0.4566	0.3212	0.1832	-0.6944	0.4472
100.000	22.2390	0.3610	0.4912	0.4402	0.3304	0.1390	-0.6484	0.5227
105.000	22.1819	0.3498	0.4804	0.4238	0.3350	0.0945	-0.5908	0.5969
110.000	21.9822	0.3351	0.4704	0.4075	0.3349	0.0501	-0.5210	0.6681
115.000	21.6572	0.3170	0.4608	0.3912	0.3299	0.0066	-0.4382	0.7344
120.000	21.2284	0.2953	0.4509	0.3747	0.3196	-0.0352	-0.3421	0.7934
125.000	20.7197	0.2703	0.4398	0.3575	0.3038	-0.0744	-0.2324	0.8423
130.000	20.1570	0.2423	0.4267	0.3393	0.2825	-0.1095	-0.1099	0.8778
135.000	19.5664	0.2119	0.4104	0.3196	0.2558	-0.1391	0.0240	0.8964
140.000	18.9731	0.1797	0.3897	0.2976	0.2242	-0.1616	0.1669	0.8945
145.000	18.4000	0.1467	0.3636	0.2727	0.1889	-0.1755	0.3150	0.8689
150.000	17.8676	0.1141	0.3310	0.2444	0.1511	-0.1795	0.4633	0.8170
155.000	17.3925	0.0833	0.2913	0.2123	0.1131	-0.1727	0.6057	0.7374
160.000	16.9882	0.0555	0.2443	0.1761	0.0771	-0.1550	0.7354	0.6305
165.000	16.6648	0.0323	0.1904	0.1361	0.0456	-0.1269	0.8454	0.4983
170.000	16.4293	0.0147	0.1306	0.0928	0.0210	-0.0900	0.9294	0.3451
175.000	16.2863	0.0037	0.0665	0.0470	0.0054	-0.0467	0.9820	0.1765
180.000	16.2383	0.0000	0.0000	0.0000	0.0000	0.0000	1.0000	0.0000
