0.000	6.3729	0.0000	0.0000	0.0000	0.0000	0.0000	1.0000	0.0000
5.000	6.2933	0.0197	0.0455	0.0085	-0.0001	-0.0078	0.9839	0.1715
10.000	6.0892	0.0754	0.0917	0.0192	0.0000	-0.0132	0.9313	0.3445
15.000	5.8478	0.1569	0.1376	0.0338	0.0009	-0.0141	0.8322	0.5147
20.000	5.6691	0.2459	0.1797	0.0525	0.0037	-0.0086	0.6802	0.6688
25.000	5.6297	0.3210	0.2127	0.0739	0.0091	0.0031	0.4834	0.7896
30.000	5.7661	0.3665	0.2329	0.0951	0.0171	0.0189	0.2663	0.8654
35.000	6.0774	0.3792	0.2400	0.1132	0.0271	0.0354	0.0588	0.8978
40.000	6.5374	0.3668	0.2369	0.1267	0.0378	0.0498	-0.1177	0.8987
45.000	7.1085	0.3403	0.2276	0.1355	0.0484	0.0603	-0.2550	0.8830
50.000	7.7515	0.3089	0.2155	0.1403	0.0581	0.0667	-0.3547	0.8627
55.000	8.4302	0.2783	0.2028	0.1421	0.0666	0.0694	-0.4227	0.8448
60.000	9.1147	0.2511	0.1907	0.1416	0.0739	0.0690	-0.4652	0.8330
65.000	9.7807	0.2283	0.1797	0.1395	0.0799	0.0661	-0.4876	0.8286
70.000	10.4093	0.2094	0.1699	0.1362	0.0847	0.0613	-0.4938	0.8313
75.000	10.9862	0.1940	0.1613	0.1322	0.0882	0.0551	-0.4866	0.8404
80.000	11.5008	0.1812	0.1538	0.1277	0.0906	0.0478	-0.4677	0.8548
85.000	11.9457	0.1702	0.1473	0.1227	0.0919	0.0397	-0.4382	0.8731
90.000	12.3164	0.1603	0.1415	0.1175	0.0921	0.0312	-0.3989	0.8941
95.000	12.6109	0.1509	0.1364	0.1121	0.0913	0.0224	-0.3502	0.9163
100.000	12.8297	0.1417	0.1317	0.1066	0.0895	0.0136	-0.2923	0.9382
105.000	12.9756	0.1323	0.1273	0.1010	0.0867	0.0050	-0.2254	0.9582
110.000	13.0535	0.1224	0.1230	0.0953	0.0829	-0.0033	-0.1497	0.9745
115.000	13.0701	0.1119	0.1187	0.0896	0.0782	-0.0111	-0.0656	0.9853
120.000	13.0336	0.1010	0.1142	0.0838	0.0726	-0.0181	0.0263	0.9887
125.000	12.9532	0.0895	0.1093	0.0779	0.0663	-0.0242	0.1250	0.9826
130.000	12.8390	0.0777	0.1039	0.0719	0.0592	-0.0292	0.2293	0.9651
135.000	12.7011	0.0659	0.0977	0.0657	0.0516	-0.0329	0.3371	0.9344
140.000	12.5495	0.0542	0.0907	0.0594	0.0436	-0.0352	0.4463	0.8888
145.000	12.3937	0.0430	0.0827	0.0528	0.0355	-0.0358	0.5541	0.8273
150.000	12.2419	0.0326	0.0736	0.0459	0.0275	-0.0348	0.6573	0.7494
155.000	12.1016	0.0232	0.0635	0.0388	0.0200	-0.0321	0.7526	0.6551
160.000	11.9789	0.0152	0.0523	0.0314	0.0133	-0.0279	0.8364	0.5454
165.000	11.8787	0.0087	0.0401	0.0238	0.0077	-0.0223	0.9056	0.4222
170.000	11.8046	0.0039	0.0272	0.0160	0.0035	-0.0155	0.9573	0.2880
175.000	11.7591	0.0010	0.0137	0.0080	0.0009	-0.0080	0.9892	0.1460
180.000	11.7438	0.0000	0.0000	0.0000	0.0000	0.0000	1.0000	0.0000
