0.000	16.1678	0.0000	0.0000	0.0000	0.0000	0.0000	1.0000	0.0000
5.000	15.7779	0.0311	0.1407	0.0299	-0.0161	-0.0246	0.9866	-0.0767
10.000	14.8262	0.1175	0.2875	0.0727	-0.0616	-0.0312	0.9376	-0.1578
15.000	13.7812	0.2378	0.4366	0.1372	-0.1264	-0.0035	0.8351	-0.2414
20.000	13.0330	0.3603	0.5719	0.2230	-0.1906	0.0649	0.6719	-0.3176
25.000	12.7400	0.4569	0.6750	0.3190	-0.2325	0.1639	0.4657	-0.3736
30.000	12.8753	0.5170	0.7386	0.4107	-0.2402	0.2723	0.2491	-0.4026
35.000	13.3312	0.5464	0.7677	0.4884	-0.2153	0.3706	0.0496	-0.4056
40.000	13.9908	0.5566	0.7731	0.5487	-0.1669	0.4482	-0.1197	-0.3880
45.000	14.7573	0.5575	0.7649	0.5928	-0.1047	0.5022	-0.2572	-0.3553
50.000	15.5591	0.5552	0.7499	0.6234	-0.0367	0.5340	-0.3663	-0.3120
55.000	16.3452	0.5525	0.7324	0.6435	0.0322	0.5468	-0.4520	-0.2607
60.000	17.0793	0.5504	0.7147	0.6553	0.0986	0.5438	-0.5185	-0.2034
65.000	17.7351	0.5489	0.6979	0.6608	0.1608	0.5281	-0.5690	-0.1412
70.000	18.2934	0.5476	0.6824	0.6615	0.2180	0.5021	-0.6057	-0.0748
75.000	18.7401	0.5459	0.6684	0.6583	0.2697	0.4678	-0.6301	-0.0050
80.000	19.0652	0.5433	0.6559	0.6522	0.3158	0.4267	-0.6432	0.0679
85.000	19.2628	0.5390	0.6448	0.6437	0.3563	0.3800	-0.6452	0.1432
90.000	19.3305	0.5327	0.6350	0.6335	0.3912	0.3286	-0.6363	0.2204
95.000	19.2700	0.5237	0.6263	0.6219	0.4204	0.2732	-0.6162	0.2987
100.000	19.0865	0.5117	0.6186	0.6093	0.4437	0.2144	-0.5843	0.3774
105.000	18.7890	0.4962	0.6116	0.5958	0.4607	0.1529	-0.5402	0.4553
110.000	18.3899	0.4768	0.6051	0.5817	0.4708	0.0895	-0.4831	0.5309
115.000	17.9047	0.4531	0.5985	0.5668	0.4733	0.0251	-0.4122	0.6026
120.000	17.3515	0.4250	0.5913	0.5509	0.4675	-0.0388	-0.3270	0.6680
125.000	16.7499	0.3924	0.5824	0.5336	0.4527	-0.1006	-0.2273	0.7245
130.000	16.1208	0.3553	0.5706	0.5142	0.4284	-0.1580	-0.1133	0.7690
135.000	15.4850	0.3141	0.5544	0.4917	0.3944	-0.2084	0.0137	0.7978
140.000	14.8623	0.2697	0.5321	0.4648	0.3512	-0.2488	0.1517	0.8074
145.000	14.2713	0.2230	0.5018	0.4323	0.3001	-0.2761	0.2972	0.7942
150.000	13.7283	0.1757	0.4616	0.3930	0.2435	-0.2875	0.4452	0.7552
155.000	13.2474	0.1298	0.4104	0.3458	0.1844	-0.2809	0.5894	0.6885
160.000	12.8398	0.0875	0.3473	0.2902	0.1270	-0.2552	0.7227	0.5937
165.000	12.5144	0.0514	0.2728	0.2265	0.0757	-0.2111	0.8371	0.4725
170.000	12.2778	0.0235	0.1882	0.1555	0.0351	-0.1508	0.9253	0.3288
175.000	12.1341	0.0060	0.0961	0.0792	0.0090	-0.0786	0.9809	0.1688
180.000	12.0859	0.0000	0.0000	0.0000	0.0000	0.0000	1.0000	0.0000
