0.000	6.5435	0.0000	0.0000	0.0000	0.0000	0.0000	1.0000	0.0000
5.000	6.4386	0.0376	0.2435	0.0433	-0.0137	-0.0366	0.9655	0.0867
10.000	6.2192	0.1398	0.4880	0.1027	-0.0514	-0.0504	0.8493	0.1627
15.000	6.0995	0.2717	0.7100	0.1856	-0.1002	-0.0222	0.6330	0.2130
20.000	6.2730	0.3816	0.8651	0.2819	-0.1379	0.0507	0.3356	0.2263
25.000	6.8253	0.4351	0.9275	0.3695	-0.1469	0.1461	0.0229	0.2087
30.000	7.7355	0.4364	0.9137	0.4330	-0.1264	0.2349	-0.2423	0.1795
35.000	8.9222	0.4102	0.8600	0.4710	-0.0869	0.3010	-0.4377	0.1558
40.000	10.2873	0.3773	0.7945	0.4896	-0.0394	0.3424	-0.5711	0.1454
45.000	11.7419	0.3481	0.7319	0.4954	0.0091	0.3630	-0.6591	0.1497
50.000	13.2145	0.3261	0.6772	0.4931	0.0551	0.3676	-0.7156	0.1671
55.000	14.6514	0.3110	0.6314	0.4858	0.0970	0.3605	-0.7503	0.1955
60.000	16.0136	0.3014	0.5937	0.4752	0.1341	0.3446	-0.7691	0.2329
65.000	17.2725	0.2957	0.5627	0.4624	0.1663	0.3222	-0.7754	0.2775
70.000	18.4072	0.2925	0.5372	0.4480	0.1936	0.2950	-0.7712	0.3277
75.000	19.4027	0.2905	0.5161	0.4327	0.2160	0.2643	-0.7576	0.3822
80.000	20.2481	0.2889	0.4985	0.4167	0.2338	0.2311	-0.7349	0.4399
85.000	20.9366	0.2868	0.4836	0.4002	0.2469	0.1964	-0.7035	0.4995
90.000	21.4646	0.2837	0.4709	0.3835	0.2557	0.1608	-0.6632	0.5601
95.000	21.8320	0.2792	0.4596	0.3666	0.2603	0.1250	-0.6139	0.6204
100.000	22.0424	0.2728	0.4494	0.3495	0.2608	0.0896	-0.5551	0.6794
105.000	22.1025	0.2644	0.4397	0.3324	0.2574	0.0551	-0.4867	0.7356
110.000	22.0228	0.2538	0.4300	0.3152	0.2502	0.0221	-0.4084	0.7875
115.000	21.8168	0.2406	0.4197	0.2978	0.2395	-0.0089	-0.3199	0.8335
120.000	21.5010	0.2250	0.4084	0.2802	0.2254	-0.0373	-0.2214	0.8717
125.000	21.0942	0.2070	0.3955	0.2622	0.2083	-0.0624	-0.1131	0.8997
130.000	20.6174	0.1866	0.3802	0.2437	0.1883	-0.0837	0.0043	0.9152
135.000	20.0928	0.1642	0.3619	0.2245	0.1661	-0.1004	0.1293	0.9154
140.000	19.5431	0.1403	0.3400	0.2044	0.1421	-0.1121	0.2599	0.8979
145.000	18.9915	0.1155	0.3138	0.1833	0.1171	-0.1180	0.3931	0.8600
150.000	18.4601	0.0907	0.2828	0.1610	0.0920	-0.1177	0.5251	0.7998
155.000	17.9701	0.0667	0.2466	0.1373	0.0677	-0.1111	0.6512	0.7160
160.000	17.5405	0.0449	0.2053	0.1121	0.0456	-0.0982	0.7657	0.6086
165.000	17.1879	0.0263	0.1590	0.0856	0.0267	-0.0795	0.8630	0.4791
170.000	16.9259	0.0120	0.1086	0.0578	0.0122	-0.0560	0.9373	0.3309
175.000	16.7646	0.0031	0.0551	0.0292	0.0031	-0.0289	0.9841	0.1691
180.000	16.7102	0.0000	0.0000	0.0000	0.0000	0.0000	1.0000	0.0000
