0.000	21.0467	0.0000	0.0000	0.0000	0.0000	0.0000	1.0000	0.0000
5.000	20.2438	0.0408	0.0597	0.0164	-0.0132	-0.0131	0.9952	-0.0647
10.000	18.2931	0.1554	0.1265	0.0410	-0.0518	-0.0151	0.9705	-0.1290
15.000	16.1075	0.3186	0.2028	0.0807	-0.1106	0.0052	0.9036	-0.1874
20.000	14.3370	0.4905	0.2834	0.1370	-0.1754	0.0542	0.7819	-0.2297
25.000	13.1685	0.6337	0.3594	0.2052	-0.2279	0.1279	0.6178	-0.2479
30.000	12.5111	0.7309	0.4240	0.2773	-0.2547	0.2141	0.4401	-0.2420
35.000	12.1973	0.7856	0.4758	0.3466	-0.2526	0.2995	0.2747	-0.2180
40.000	12.0788	0.8106	0.5169	0.4095	-0.2252	0.3753	0.1352	-0.1831
45.000	12.0505	0.8182	0.5505	0.4653	-0.1788	0.4371	0.0244	-0.1429
50.000	12.0452	0.8171	0.5790	0.5142	-0.1192	0.4834	-0.0604	-0.1005
55.000	12.0227	0.8122	0.6043	0.5571	-0.0508	0.5142	-0.1232	-0.0578
60.000	11.9607	0.8060	0.6276	0.5948	0.0228	0.5302	-0.1683	-0.0153
65.000	11.8478	0.7997	0.6494	0.6278	0.0989	0.5318	-0.1991	0.0266
70.000	11.6801	0.7932	0.6700	0.6569	0.1754	0.5200	-0.2182	0.0681
75.000	11.4575	0.7863	0.6896	0.6823	0.2503	0.4953	-0.2275	0.1094
80.000	11.1832	0.7784	0.7081	0.7044	0.3219	0.4587	-0.2283	0.1506
85.000	10.8619	0.7689	0.7253	0.7234	0.3887	0.4110	-0.2214	0.1920
90.000	10.4997	0.7571	0.7412	0.7393	0.4491	0.3531	-0.2072	0.2335
95.000	10.1034	0.7423	0.7555	0.7520	0.5017	0.2861	-0.1857	0.2753
100.000	9.6809	0.7237	0.7677	0.7616	0.5450	0.2115	-0.1567	0.3172
105.000	9.2404	0.7006	0.7775	0.7675	0.5778	0.1307	-0.1198	0.3587
110.000	8.7901	0.6723	0.7841	0.7695	0.5987	0.0457	-0.0743	0.3992
115.000	8.3386	0.6382	0.7868	0.7670	0.6067	-0.0412	-0.0197	0.4379
120.000	7.8939	0.5979	0.7846	0.7592	0.6009	-0.1271	0.0444	0.4734
125.000	7.4632	0.5511	0.7764	0.7454	0.5809	-0.2089	0.1184	0.5041
130.000	7.0533	0.4981	0.7607	0.7247	0.5468	-0.2828	0.2021	0.5279
135.000	6.6697	0.4394	0.7361	0.6960	0.4994	-0.3450	0.2946	0.5425
140.000	6.3171	0.3762	0.7012	0.6584	0.4403	-0.3916	0.3944	0.5454
145.000	5.9992	0.3101	0.6547	0.6109	0.3722	-0.4188	0.4991	0.5341
150.000	5.7189	0.2436	0.5956	0.5528	0.2985	-0.4238	0.6051	0.5065
155.000	5.4785	0.1794	0.5234	0.4836	0.2236	-0.4047	0.7081	0.4610
160.000	5.2796	0.1207	0.4381	0.4034	0.1525	-0.3611	0.8029	0.3973
165.000	5.1235	0.0706	0.3409	0.3130	0.0902	-0.2945	0.8843	0.3161
170.000	5.0114	0.0323	0.2334	0.2140	0.0416	-0.2084	0.9469	0.2201
175.000	4.9438	0.0082	0.1187	0.1087	0.0106	-0.1080	0.9865	0.1130
180.000	4.9213	0.0000	0.0001	0.0001	0.0000	-0.0001	1.0000	0.0000
