0.000	6.1000	0.0000	0.0000	0.0000	0.0000	0.0000	1.0000	0.0000
5.000	6.0037	0.0377	0.2347	0.0410	-0.0120	-0.0348	0.9646	0.1157
10.000	5.8022	0.1403	0.4703	0.0972	-0.0448	-0.0486	0.8458	0.2208
15.000	5.6943	0.2730	0.6845	0.1754	-0.0871	-0.0232	0.6254	0.2975
20.000	5.8626	0.3835	0.8338	0.2663	-0.1192	0.0441	0.3228	0.3290
25.000	6.3919	0.4363	0.8927	0.3489	-0.1255	0.1328	0.0054	0.3178
30.000	7.2671	0.4352	0.8771	0.4082	-0.1053	0.2156	-0.2622	0.2855
35.000	8.4132	0.4056	0.8226	0.4430	-0.0685	0.2772	-0.4572	0.2539
40.000	9.7375	0.3693	0.7572	0.4595	-0.0249	0.3155	-0.5885	0.2344
45.000	11.1540	0.3372	0.6949	0.4639	0.0193	0.3343	-0.6734	0.2301
50.000	12.5929	0.3127	0.6410	0.4609	0.0609	0.3384	-0.7266	0.2400
55.000	14.0013	0.2955	0.5960	0.4532	0.0986	0.3315	-0.7580	0.2620
60.000	15.3403	0.2843	0.5590	0.4426	0.1319	0.3166	-0.7737	0.2939
65.000	16.5814	0.2774	0.5288	0.4301	0.1606	0.2957	-0.7771	0.3337
70.000	17.7041	0.2732	0.5040	0.4162	0.1848	0.2705	-0.7701	0.3796
75.000	18.6933	0.2706	0.4835	0.4014	0.2046	0.2421	-0.7540	0.4304
80.000	19.5384	0.2685	0.4665	0.3861	0.2201	0.2115	-0.7290	0.4845
85.000	20.2324	0.2662	0.4521	0.3704	0.2315	0.1795	-0.6954	0.5408
90.000	20.7719	0.2631	0.4398	0.3544	0.2388	0.1467	-0.6531	0.5982
95.000	21.1569	0.2588	0.4289	0.3384	0.2423	0.1139	-0.6019	0.6555
100.000	21.3907	0.2528	0.4191	0.3222	0.2421	0.0814	-0.5414	0.7113
105.000	21.4800	0.2449	0.4097	0.3060	0.2383	0.0498	-0.4714	0.7644
110.000	21.4347	0.2349	0.4003	0.2897	0.2311	0.0197	-0.3918	0.8131
115.000	21.2679	0.2226	0.3905	0.2732	0.2207	-0.0086	-0.3023	0.8559
120.000	20.9950	0.2080	0.3796	0.2566	0.2072	-0.0344	-0.2030	0.8906
125.000	20.6340	0.1912	0.3672	0.2396	0.1910	-0.0571	-0.0944	0.9151
130.000	20.2043	0.1722	0.3525	0.2222	0.1724	-0.0763	0.0227	0.9270
135.000	19.7267	0.1513	0.3352	0.2043	0.1517	-0.0914	0.1469	0.9239
140.000	19.2227	0.1291	0.3144	0.1857	0.1295	-0.1017	0.2761	0.9031
145.000	18.7137	0.1062	0.2897	0.1661	0.1065	-0.1068	0.4075	0.8623
150.000	18.2210	0.0832	0.2607	0.1456	0.0835	-0.1063	0.5371	0.7997
155.000	17.7645	0.0611	0.2270	0.1239	0.0614	-0.1002	0.6605	0.7142
160.000	17.3629	0.0411	0.1887	0.1010	0.0413	-0.0884	0.7722	0.6058
165.000	17.0323	0.0240	0.1460	0.0770	0.0241	-0.0715	0.8669	0.4762
170.000	16.7860	0.0110	0.0997	0.0520	0.0110	-0.0503	0.9392	0.3286
175.000	16.6342	0.0028	0.0506	0.0262	0.0028	-0.0260	0.9845	0.1678
180.000	16.5828	0.0000	0.0000	0.0000	0.0000	0.0000	1.0000	0.0000
