0.000	21.0631	0.0000	0.0000	0.0000	0.0000	0.0000	1.0000	0.0000
5.000	20.2806	0.0400	0.0630	0.0154	-0.0131	-0.0121	0.9954	-0.0589
10.000	18.3780	0.1524	0.1336	0.0390	-0.0516	-0.0130	0.9716	-0.1167
15.000	16.2456	0.3120	0.2140	0.0773	-0.1094	0.0086	0.9070	-0.1680
20.000	14.5234	0.4796	0.2990	0.1322	-0.1724	0.0586	0.7896	-0.2033
25.000	13.3989	0.6187	0.3793	0.1991	-0.2220	0.1323	0.6320	-0.2162
30.000	12.7836	0.7130	0.4481	0.2700	-0.2452	0.2170	0.4622	-0.2073
35.000	12.5114	0.7662	0.5039	0.3385	-0.2395	0.2994	0.3052	-0.1828
40.000	12.4350	0.7910	0.5489	0.4010	-0.2092	0.3711	0.1736	-0.1493
45.000	12.4496	0.7992	0.5862	0.4566	-0.1607	0.4278	0.0698	-0.1119
50.000	12.4885	0.7990	0.6183	0.5056	-0.1000	0.4685	-0.0090	-0.0733
55.000	12.5119	0.7950	0.6470	0.5485	-0.0318	0.4935	-0.0670	-0.0350
60.000	12.4972	0.7895	0.6733	0.5862	0.0405	0.5035	-0.1081	0.0028
65.000	12.4330	0.7834	0.6978	0.6190	0.1140	0.4994	-0.1356	0.0399
70.000	12.3146	0.7768	0.7207	0.6474	0.1867	0.4822	-0.1520	0.0765
75.000	12.1418	0.7692	0.7419	0.6716	0.2568	0.4528	-0.1589	0.1128
80.000	11.9168	0.7603	0.7615	0.6920	0.3225	0.4122	-0.1576	0.1491
85.000	11.6439	0.7493	0.7793	0.7086	0.3826	0.3613	-0.1487	0.1855
90.000	11.3284	0.7356	0.7950	0.7214	0.4355	0.3015	-0.1326	0.2220
95.000	10.9767	0.7185	0.8083	0.7305	0.4800	0.2340	-0.1094	0.2586
100.000	10.5956	0.6974	0.8190	0.7358	0.5150	0.1604	-0.0789	0.2951
105.000	10.1927	0.6718	0.8265	0.7372	0.5394	0.0825	-0.0408	0.3311
110.000	9.7754	0.6411	0.8302	0.7343	0.5524	0.0023	0.0053	0.3659
115.000	9.3517	0.6049	0.8293	0.7269	0.5533	-0.0777	0.0596	0.3988
120.000	8.9290	0.5630	0.8231	0.7145	0.5417	-0.1550	0.1225	0.4285
125.000	8.5149	0.5155	0.8103	0.6965	0.5178	-0.2266	0.1940	0.4537
130.000	8.1161	0.4627	0.7898	0.6723	0.4820	-0.2892	0.2738	0.4725
135.000	7.7390	0.4053	0.7604	0.6411	0.4354	-0.3399	0.3609	0.4829
140.000	7.3891	0.3446	0.7207	0.6023	0.3799	-0.3754	0.4538	0.4830
145.000	7.0712	0.2823	0.6696	0.5550	0.3180	-0.3932	0.5502	0.4707
150.000	6.7892	0.2204	0.6063	0.4989	0.2527	-0.3911	0.6469	0.4442
155.000	6.5463	0.1614	0.5305	0.4338	0.1877	-0.3683	0.7401	0.4026
160.000	6.3448	0.1080	0.4424	0.3599	0.1271	-0.3250	0.8252	0.3456
165.000	6.1865	0.0629	0.3430	0.2779	0.0747	-0.2627	0.8977	0.2741
170.000	6.0727	0.0287	0.2343	0.1893	0.0343	-0.1847	0.9532	0.1903
175.000	6.0041	0.0073	0.1189	0.0959	0.0087	-0.0954	0.9881	0.0975
180.000	5.9812	0.0000	0.0000	0.0000	0.0000	0.0000	1.0000	0.0000
