0.000	21.6913	0.0000	0.0000	0.0000	0.0000	0.0000	1.0000	0.0000
5.000	20.9171	0.0372	0.0637	0.0166	-0.0133	-0.0133	0.9943	-0.0764
10.000	19.0235	0.1410	0.1337	0.0414	-0.0520	-0.0150	0.9681	-0.1542
15.000	16.8717	0.2878	0.2113	0.0808	-0.1098	0.0057	0.9025	-0.2292
20.000	15.0869	0.4430	0.2910	0.1361	-0.1726	0.0548	0.7871	-0.2919
25.000	13.8634	0.5750	0.3647	0.2028	-0.2227	0.1281	0.6328	-0.3334
30.000	13.1323	0.6696	0.4261	0.2733	-0.2479	0.2138	0.4631	-0.3509
35.000	12.7480	0.7289	0.4740	0.3411	-0.2454	0.2991	0.2998	-0.3476
40.000	12.5787	0.7623	0.5102	0.4028	-0.2189	0.3752	0.1549	-0.3288
45.000	12.5283	0.7793	0.5377	0.4572	-0.1745	0.4378	0.0320	-0.2992
50.000	12.5315	0.7868	0.5591	0.5049	-0.1182	0.4854	-0.0701	-0.2622
55.000	12.5438	0.7891	0.5765	0.5465	-0.0546	0.5184	-0.1537	-0.2198
60.000	12.5348	0.7885	0.5914	0.5832	0.0130	0.5378	-0.2214	-0.1734
65.000	12.4829	0.7863	0.6050	0.6155	0.0822	0.5447	-0.2754	-0.1238
70.000	12.3741	0.7828	0.6179	0.6442	0.1517	0.5401	-0.3172	-0.0714
75.000	12.2004	0.7781	0.6305	0.6696	0.2204	0.5247	-0.3480	-0.0167
80.000	11.9597	0.7723	0.6429	0.6918	0.2876	0.4990	-0.3682	0.0403
85.000	11.6549	0.7648	0.6550	0.7111	0.3527	0.4631	-0.3782	0.0993
90.000	11.2931	0.7552	0.6666	0.7274	0.4148	0.4172	-0.3777	0.1600
95.000	10.8844	0.7429	0.6773	0.7407	0.4730	0.3614	-0.3666	0.2222
100.000	10.4403	0.7272	0.6867	0.7512	0.5258	0.2960	-0.3443	0.2851
105.000	9.9729	0.7074	0.6945	0.7589	0.5717	0.2214	-0.3103	0.3479
110.000	9.4936	0.6827	0.7003	0.7638	0.6087	0.1387	-0.2640	0.4092
115.000	9.0127	0.6525	0.7037	0.7660	0.6347	0.0495	-0.2049	0.4674
120.000	8.5389	0.6161	0.7043	0.7651	0.6477	-0.0438	-0.1328	0.5203
125.000	8.0798	0.5732	0.7014	0.7606	0.6454	-0.1382	-0.0476	0.5657
130.000	7.6421	0.5237	0.6939	0.7513	0.6265	-0.2296	0.0501	0.6008
135.000	7.2316	0.4676	0.6802	0.7353	0.5898	-0.3133	0.1592	0.6229
140.000	6.8536	0.4056	0.6584	0.7105	0.5357	-0.3834	0.2777	0.6290
145.000	6.5129	0.3391	0.6260	0.6742	0.4656	-0.4341	0.4025	0.6168
150.000	6.2135	0.2701	0.5805	0.6237	0.3831	-0.4594	0.5292	0.5840
155.000	5.9584	0.2015	0.5198	0.5570	0.2935	-0.4548	0.6525	0.5299
160.000	5.7496	0.1371	0.4426	0.4731	0.2040	-0.4174	0.7659	0.4547
165.000	5.5879	0.0810	0.3493	0.3725	0.1224	-0.3478	0.8628	0.3601
170.000	5.4731	0.0373	0.2418	0.2574	0.0570	-0.2498	0.9372	0.2497
175.000	5.4047	0.0095	0.1238	0.1315	0.0147	-0.1306	0.9840	0.1278
180.000	5.3819	0.0000	0.0001	0.0001	0.0000	-0.0001	1.0000	0.0000
