0.000	19.3432	0.0000	0.0000	0.0000	0.0000	0.0000	1.0000	0.0000
5.000	18.8091	0.0317	0.1077	0.0259	-0.0150	-0.0215	0.9904	-0.0804
10.000	17.4925	0.1198	0.2220	0.0628	-0.0577	-0.0280	0.9535	-0.1644
15.000	15.9935	0.2439	0.3419	0.1183	-0.1194	-0.0059	0.8723	-0.2498
20.000	14.7902	0.3736	0.4572	0.1928	-0.1829	0.0512	0.7385	-0.3273
25.000	14.0649	0.4823	0.5543	0.2785	-0.2286	0.1366	0.5639	-0.3857
30.000	13.7855	0.5582	0.6255	0.3640	-0.2444	0.2341	0.3738	-0.4190
35.000	13.8375	0.6038	0.6710	0.4406	-0.2293	0.3274	0.1913	-0.4277
40.000	14.1032	0.6283	0.6964	0.5044	-0.1896	0.4060	0.0296	-0.4160
45.000	14.4891	0.6401	0.7078	0.5552	-0.1338	0.4656	-0.1075	-0.3889
50.000	14.9268	0.6453	0.7103	0.5944	-0.0691	0.5059	-0.2210	-0.3504
55.000	15.3671	0.6472	0.7077	0.6240	-0.0007	0.5285	-0.3137	-0.3033
60.000	15.7738	0.6475	0.7023	0.6459	0.0676	0.5357	-0.3884	-0.2497
65.000	16.1197	0.6468	0.6958	0.6615	0.1338	0.5295	-0.4476	-0.1910
70.000	16.3849	0.6453	0.6890	0.6719	0.1965	0.5119	-0.4932	-0.1281
75.000	16.5552	0.6428	0.6826	0.6780	0.2551	0.4843	-0.5264	-0.0616
80.000	16.6223	0.6390	0.6768	0.6804	0.3089	0.4480	-0.5480	0.0078
85.000	16.5832	0.6334	0.6716	0.6795	0.3578	0.4038	-0.5585	0.0797
90.000	16.4392	0.6256	0.6669	0.6758	0.4014	0.3527	-0.5580	0.1539
95.000	16.1959	0.6150	0.6626	0.6697	0.4393	0.2954	-0.5462	0.2296
100.000	15.8619	0.6012	0.6585	0.6616	0.4708	0.2327	-0.5227	0.3061
105.000	15.4481	0.5835	0.6544	0.6521	0.4955	0.1656	-0.4869	0.3826
110.000	14.9670	0.5617	0.6502	0.6415	0.5125	0.0952	-0.4383	0.4577
115.000	14.4327	0.5352	0.6456	0.6300	0.5209	0.0228	-0.3759	0.5297
120.000	13.8597	0.5037	0.6400	0.6176	0.5198	-0.0499	-0.2991	0.5965
125.000	13.2636	0.4671	0.6327	0.6037	0.5084	-0.1210	-0.2075	0.6556
130.000	12.6602	0.4253	0.6226	0.5876	0.4857	-0.1879	-0.1012	0.7038
135.000	12.0656	0.3785	0.6081	0.5680	0.4515	-0.2476	0.0193	0.7376
140.000	11.4952	0.3273	0.5871	0.5430	0.4059	-0.2965	0.1520	0.7531
145.000	10.9636	0.2729	0.5573	0.5106	0.3501	-0.3306	0.2938	0.7466
150.000	10.4832	0.2168	0.5163	0.4691	0.2865	-0.3463	0.4399	0.7148
155.000	10.0644	0.1614	0.4621	0.4166	0.2187	-0.3403	0.5839	0.6553
160.000	9.7148	0.1096	0.3936	0.3524	0.1516	-0.3109	0.7180	0.5675
165.000	9.4398	0.0647	0.3107	0.2767	0.0909	-0.2583	0.8340	0.4531
170.000	9.2421	0.0298	0.2152	0.1908	0.0423	-0.1852	0.9237	0.3160
175.000	9.1231	0.0076	0.1101	0.0974	0.0109	-0.0967	0.9805	0.1624
180.000	9.0834	0.0000	0.0000	0.0000	0.0000	0.0000	1.0000	0.0000
