0.000	21.2114	0.0000	0.0000	0.0000	0.0000	0.0000	1.0000	0.0000
5.000	20.3553	0.0429	0.0510	0.0127	-0.0128	-0.0098	0.9961	-0.0566
10.000	18.2933	0.1632	0.1090	0.0325	-0.0505	-0.0094	0.9734	-0.1111
15.000	16.0164	0.3334	0.1764	0.0652	-0.1078	0.0115	0.9086	-0.1568
20.000	14.2022	0.5104	0.2489	0.1125	-0.1708	0.0582	0.7898	-0.1838
25.000	13.0204	0.6550	0.3187	0.1704	-0.2213	0.1261	0.6314	-0.1865
30.000	12.3564	0.7510	0.3801	0.2323	-0.2469	0.2038	0.4636	-0.1676
35.000	12.0288	0.8039	0.4317	0.2929	-0.2449	0.2796	0.3115	-0.1345
40.000	11.8856	0.8273	0.4752	0.3493	-0.2195	0.3459	0.1869	-0.0947
45.000	11.8232	0.8340	0.5131	0.4009	-0.1764	0.3995	0.0912	-0.0531
50.000	11.7778	0.8323	0.5474	0.4478	-0.1211	0.4392	0.0211	-0.0125
55.000	11.7126	0.8271	0.5792	0.4906	-0.0576	0.4652	-0.0281	0.0262
60.000	11.6082	0.8205	0.6094	0.5296	0.0110	0.4777	-0.0605	0.0627
65.000	11.4560	0.8135	0.6383	0.5652	0.0820	0.4773	-0.0796	0.0970
70.000	11.2537	0.8060	0.6659	0.5975	0.1536	0.4645	-0.0880	0.1295
75.000	11.0032	0.7978	0.6922	0.6266	0.2240	0.4398	-0.0874	0.1605
80.000	10.7090	0.7882	0.7170	0.6526	0.2915	0.4038	-0.0791	0.1903
85.000	10.3769	0.7766	0.7400	0.6753	0.3545	0.3571	-0.0641	0.2193
90.000	10.0141	0.7622	0.7608	0.6946	0.4114	0.3005	-0.0427	0.2477
95.000	9.6281	0.7442	0.7790	0.7102	0.4608	0.2353	-0.0152	0.2756
100.000	9.2268	0.7219	0.7940	0.7220	0.5010	0.1628	0.0185	0.3029
105.000	8.8176	0.6948	0.8054	0.7294	0.5306	0.0848	0.0585	0.3295
110.000	8.4081	0.6622	0.8122	0.7322	0.5484	0.0035	0.1051	0.3549
115.000	8.0050	0.6238	0.8138	0.7296	0.5535	-0.0785	0.1586	0.3786
120.000	7.6144	0.5794	0.8092	0.7212	0.5451	-0.1582	0.2191	0.3994
125.000	7.2418	0.5292	0.7973	0.7063	0.5233	-0.2323	0.2865	0.4163
130.000	6.8918	0.4736	0.7770	0.6842	0.4886	-0.2973	0.3605	0.4277
135.000	6.5680	0.4136	0.7473	0.6540	0.4421	-0.3497	0.4402	0.4320
140.000	6.2734	0.3505	0.7072	0.6153	0.3860	-0.3862	0.5241	0.4276
145.000	6.0104	0.2861	0.6557	0.5674	0.3229	-0.4041	0.6101	0.4127
150.000	5.7805	0.2225	0.5923	0.5100	0.2563	-0.4014	0.6955	0.3862
155.000	5.5850	0.1624	0.5169	0.4432	0.1902	-0.3774	0.7769	0.3474
160.000	5.4244	0.1084	0.4301	0.3674	0.1285	-0.3324	0.8506	0.2963
165.000	5.2994	0.0630	0.3328	0.2835	0.0754	-0.2683	0.9129	0.2338
170.000	5.2099	0.0287	0.2270	0.1930	0.0346	-0.1883	0.9602	0.1617
175.000	5.1563	0.0073	0.1151	0.0977	0.0088	-0.0971	0.9899	0.0827
180.000	5.1384	0.0000	0.0000	0.0000	0.0000	0.0000	1.0000	0.0000
