0.000	10.7447	0.0000	0.0000	0.0000	0.0000	0.0000	1.0000	0.0000
5.000	10.5575	0.0312	0.2107	0.0434	-0.0180	-0.0369	0.9761	-0.0456
10.000	10.1336	0.1159	0.4233	0.1017	-0.0677	-0.0512	0.8947	-0.0998
15.000	9.7716	0.2281	0.6228	0.1821	-0.1340	-0.0244	0.7401	-0.1640
20.000	9.7212	0.3315	0.7795	0.2780	-0.1919	0.0470	0.5179	-0.2292
25.000	10.0767	0.4007	0.8717	0.3724	-0.2193	0.1455	0.2647	-0.2810
30.000	10.8020	0.4334	0.9023	0.4501	-0.2101	0.2451	0.0243	-0.3097
35.000	11.8019	0.4416	0.8907	0.5059	-0.1725	0.3274	-0.1780	-0.3144
40.000	12.9743	0.4386	0.8572	0.5417	-0.1186	0.3860	-0.3374	-0.2988
45.000	14.2333	0.4329	0.8153	0.5623	-0.0582	0.4219	-0.4594	-0.2678
50.000	15.5127	0.4281	0.7723	0.5720	0.0025	0.4387	-0.5515	-0.2254
55.000	16.7628	0.4254	0.7318	0.5741	0.0601	0.4402	-0.6206	-0.1745
60.000	17.9452	0.4248	0.6951	0.5708	0.1130	0.4300	-0.6714	-0.1169
65.000	19.0298	0.4255	0.6625	0.5638	0.1603	0.4106	-0.7075	-0.0542
70.000	19.9927	0.4268	0.6340	0.5539	0.2020	0.3840	-0.7309	0.0129
75.000	20.8150	0.4279	0.6091	0.5418	0.2382	0.3516	-0.7431	0.0834
80.000	21.4830	0.4280	0.5874	0.5279	0.2689	0.3147	-0.7446	0.1569
85.000	21.9875	0.4266	0.5686	0.5128	0.2945	0.2740	-0.7360	0.2327
90.000	22.3238	0.4231	0.5522	0.4967	0.3150	0.2306	-0.7170	0.3101
95.000	22.4920	0.4168	0.5379	0.4799	0.3306	0.1851	-0.6876	0.3885
100.000	22.4963	0.4075	0.5252	0.4628	0.3412	0.1383	-0.6472	0.4669
105.000	22.3455	0.3949	0.5137	0.4458	0.3469	0.0910	-0.5952	0.5441
110.000	22.0525	0.3786	0.5032	0.4289	0.3476	0.0439	-0.5309	0.6187
115.000	21.6345	0.3587	0.4931	0.4123	0.3431	-0.0022	-0.4535	0.6890
120.000	21.1127	0.3351	0.4828	0.3958	0.3332	-0.0463	-0.3626	0.7528
125.000	20.5114	0.3079	0.4716	0.3791	0.3177	-0.0874	-0.2576	0.8072
130.000	19.8578	0.2775	0.4586	0.3617	0.2965	-0.1243	-0.1387	0.8491
135.000	19.1798	0.2442	0.4425	0.3429	0.2697	-0.1556	-0.0070	0.8747
140.000	18.5053	0.2086	0.4220	0.3215	0.2377	-0.1796	0.1355	0.8802
145.000	17.8601	0.1717	0.3956	0.2969	0.2013	-0.1946	0.2852	0.8617
150.000	17.2666	0.1347	0.3620	0.2679	0.1620	-0.1990	0.4370	0.8159
155.000	16.7431	0.0991	0.3202	0.2342	0.1219	-0.1918	0.5845	0.7411
160.000	16.3030	0.0666	0.2699	0.1953	0.0834	-0.1725	0.7201	0.6369
165.000	15.9549	0.0390	0.2111	0.1516	0.0495	-0.1415	0.8361	0.5054
170.000	15.7042	0.0178	0.1452	0.1036	0.0229	-0.1006	0.9250	0.3509
175.000	15.5532	0.0045	0.0740	0.0526	0.0059	-0.0522	0.9809	0.1798
180.000	15.5027	0.0000	0.0000	0.0000	0.0000	0.0000	1.0000	0.0000
