0.000	20.8156	0.0000	0.0000	0.0000	0.0000	0.0000	1.0000	0.0000
5.000	19.7841	0.0522	0.0261	0.0051	-0.0129	-0.0031	0.9970	-0.0501
10.000	17.3857	0.1973	0.0570	0.0143	-0.0515	0.0019	0.9728	-0.0954
15.000	14.8891	0.3976	0.0947	0.0311	-0.1112	0.0229	0.8973	-0.1260
20.000	13.0277	0.5954	0.1367	0.0566	-0.1774	0.0630	0.7599	-0.1305
25.000	11.8835	0.7447	0.1785	0.0888	-0.2315	0.1175	0.5854	-0.1066
30.000	11.2579	0.8333	0.2172	0.1243	-0.2622	0.1770	0.4123	-0.0622
35.000	10.9317	0.8742	0.2525	0.1606	-0.2683	0.2340	0.2664	-0.0080
40.000	10.7463	0.8862	0.2856	0.1967	-0.2540	0.2841	0.1558	0.0478
45.000	10.6046	0.8833	0.3178	0.2325	-0.2244	0.3259	0.0783	0.1009
50.000	10.4521	0.8739	0.3498	0.2681	-0.1837	0.3590	0.0282	0.1495
55.000	10.2613	0.8624	0.3822	0.3036	-0.1348	0.3834	-0.0001	0.1930
60.000	10.0210	0.8506	0.4152	0.3393	-0.0798	0.3989	-0.0115	0.2315
65.000	9.7297	0.8391	0.4487	0.3749	-0.0204	0.4054	-0.0095	0.2653
70.000	9.3916	0.8277	0.4825	0.4105	0.0423	0.4025	0.0032	0.2947
75.000	9.0147	0.8159	0.5161	0.4457	0.1068	0.3900	0.0246	0.3201
80.000	8.6087	0.8030	0.5491	0.4801	0.1718	0.3673	0.0534	0.3418
85.000	8.1842	0.7882	0.5809	0.5132	0.2359	0.3342	0.0884	0.3599
90.000	7.7517	0.7706	0.6106	0.5444	0.2971	0.2906	0.1288	0.3748
95.000	7.3209	0.7492	0.6373	0.5729	0.3535	0.2369	0.1739	0.3865
100.000	6.9005	0.7232	0.6603	0.5979	0.4028	0.1739	0.2231	0.3954
105.000	6.4980	0.6917	0.6783	0.6186	0.4429	0.1031	0.2759	0.4014
110.000	6.1193	0.6542	0.6905	0.6337	0.4715	0.0266	0.3317	0.4047
115.000	5.7688	0.6104	0.6956	0.6424	0.4868	-0.0526	0.3902	0.4052
120.000	5.4499	0.5603	0.6928	0.6436	0.4874	-0.1309	0.4508	0.4029
125.000	5.1643	0.5046	0.6812	0.6364	0.4730	-0.2042	0.5129	0.3973
130.000	4.9131	0.4441	0.6600	0.6199	0.4438	-0.2681	0.5760	0.3882
135.000	4.6960	0.3805	0.6290	0.5936	0.4017	-0.3187	0.6392	0.3747
140.000	4.5120	0.3157	0.5880	0.5574	0.3492	-0.3526	0.7015	0.3562
145.000	4.3596	0.2520	0.5374	0.5114	0.2898	-0.3673	0.7616	0.3320
150.000	4.2362	0.1916	0.4779	0.4562	0.2275	-0.3619	0.8182	0.3015
155.000	4.1391	0.1367	0.4105	0.3929	0.1667	-0.3366	0.8696	0.2644
160.000	4.0653	0.0893	0.3363	0.3226	0.1112	-0.2931	0.9143	0.2209
165.000	4.0118	0.0510	0.2568	0.2467	0.0645	-0.2341	0.9508	0.1715
170.000	3.9758	0.0229	0.1734	0.1667	0.0293	-0.1630	0.9778	0.1173
175.000	3.9552	0.0058	0.0873	0.0840	0.0074	-0.0836	0.9944	0.0595
180.000	3.9484	0.0000	0.0000	0.0000	0.0000	0.0000	1.0000	0.0000
