0.000	7.3789	0.0000	0.0000	0.0000	0.0000	0.0000	1.0000	0.0000
5.000	7.3114	0.0127	0.0148	0.0037	0.0005	-0.0035	0.9905	0.1365
10.000	7.1297	0.0489	0.0297	0.0081	0.0019	-0.0064	0.9599	0.2746
15.000	6.8881	0.1036	0.0443	0.0138	0.0044	-0.0081	0.9035	0.4136
20.000	6.6540	0.1678	0.0581	0.0209	0.0082	-0.0081	0.8169	0.5490
25.000	6.4874	0.2304	0.0701	0.0293	0.0131	-0.0061	0.6999	0.6728
30.000	6.4271	0.2810	0.0793	0.0383	0.0190	-0.0024	0.5596	0.7764
35.000	6.4877	0.3129	0.0851	0.0472	0.0253	0.0025	0.4087	0.8540
40.000	6.6640	0.3251	0.0876	0.0551	0.0316	0.0076	0.2619	0.9056
45.000	6.9382	0.3208	0.0874	0.0615	0.0374	0.0121	0.1308	0.9352
50.000	7.2861	0.3054	0.0854	0.0661	0.0425	0.0156	0.0218	0.9493
55.000	7.6826	0.2840	0.0824	0.0692	0.0468	0.0179	-0.0632	0.9544
60.000	8.1042	0.2604	0.0788	0.0708	0.0502	0.0189	-0.1253	0.9552
65.000	8.5306	0.2371	0.0752	0.0713	0.0528	0.0187	-0.1667	0.9552
70.000	8.9452	0.2153	0.0717	0.0710	0.0546	0.0175	-0.1901	0.9561
75.000	9.3348	0.1955	0.0684	0.0699	0.0557	0.0155	-0.1981	0.9589
80.000	9.6894	0.1778	0.0655	0.0682	0.0562	0.0129	-0.1924	0.9635
85.000	10.0016	0.1621	0.0628	0.0662	0.0560	0.0097	-0.1747	0.9698
90.000	10.2668	0.1479	0.0604	0.0638	0.0553	0.0062	-0.1461	0.9768
95.000	10.4824	0.1349	0.0582	0.0612	0.0540	0.0026	-0.1076	0.9837
100.000	10.6479	0.1228	0.0562	0.0584	0.0522	-0.0012	-0.0599	0.9894
105.000	10.7643	0.1114	0.0543	0.0555	0.0498	-0.0049	-0.0036	0.9926
110.000	10.8345	0.1005	0.0524	0.0525	0.0471	-0.0084	0.0606	0.9919
115.000	10.8623	0.0898	0.0505	0.0493	0.0438	-0.0117	0.1321	0.9861
120.000	10.8529	0.0793	0.0485	0.0461	0.0402	-0.0146	0.2099	0.9734
125.000	10.8121	0.0691	0.0463	0.0427	0.0363	-0.0171	0.2929	0.9526
130.000	10.7465	0.0591	0.0438	0.0393	0.0320	-0.0190	0.3798	0.9222
135.000	10.6625	0.0495	0.0411	0.0358	0.0276	-0.0202	0.4689	0.8810
140.000	10.5669	0.0403	0.0380	0.0322	0.0231	-0.0207	0.5583	0.8278
145.000	10.4662	0.0317	0.0346	0.0285	0.0186	-0.0205	0.6457	0.7622
150.000	10.3662	0.0238	0.0307	0.0247	0.0143	-0.0194	0.7287	0.6837
155.000	10.2723	0.0169	0.0264	0.0208	0.0104	-0.0176	0.8048	0.5928
160.000	10.1891	0.0110	0.0217	0.0168	0.0069	-0.0151	0.8713	0.4902
165.000	10.1204	0.0063	0.0166	0.0127	0.0040	-0.0119	0.9259	0.3775
170.000	10.0692	0.0028	0.0112	0.0085	0.0018	-0.0083	0.9665	0.2565
175.000	10.0377	0.0007	0.0057	0.0043	0.0005	-0.0042	0.9915	0.1297
180.000	10.0270	0.0000	0.0000	0.0000	0.0000	0.0000	1.0000	0.0000
