0.000	9.5211	0.0000	0.0000	0.0000	0.0000	0.0000	1.0000	0.0000
5.000	9.3666	0.0320	0.2272	0.0458	-0.0181	-0.0391	0.9730	-0.0303
10.000	9.0272	0.1186	0.4549	0.1069	-0.0679	-0.0546	0.8820	-0.0703
15.000	8.7725	0.2316	0.6648	0.1899	-0.1335	-0.0274	0.7118	-0.1232
20.000	8.8293	0.3329	0.8234	0.2870	-0.1890	0.0451	0.4723	-0.1812
25.000	9.2824	0.3967	0.9086	0.3796	-0.2124	0.1437	0.2064	-0.2297
30.000	10.0955	0.4226	0.9276	0.4529	-0.1996	0.2412	-0.0390	-0.2579
35.000	11.1759	0.4250	0.9043	0.5032	-0.1600	0.3198	-0.2400	-0.2636
40.000	12.4240	0.4177	0.8608	0.5336	-0.1059	0.3743	-0.3944	-0.2498
45.000	13.7552	0.4090	0.8114	0.5495	-0.0469	0.4064	-0.5100	-0.2210
50.000	15.1044	0.4025	0.7630	0.5554	0.0114	0.4201	-0.5957	-0.1808
55.000	16.4219	0.3989	0.7186	0.5544	0.0660	0.4196	-0.6588	-0.1319
60.000	17.6697	0.3978	0.6791	0.5488	0.1156	0.4082	-0.7042	-0.0763
65.000	18.8179	0.3984	0.6446	0.5399	0.1596	0.3883	-0.7354	-0.0154
70.000	19.8426	0.3999	0.6146	0.5286	0.1981	0.3618	-0.7544	0.0500
75.000	20.7250	0.4012	0.5886	0.5155	0.2312	0.3301	-0.7626	0.1191
80.000	21.4511	0.4018	0.5662	0.5009	0.2591	0.2944	-0.7606	0.1911
85.000	22.0116	0.4008	0.5468	0.4853	0.2820	0.2554	-0.7487	0.2655
90.000	22.4016	0.3977	0.5300	0.4688	0.3001	0.2140	-0.7267	0.3416
95.000	22.6206	0.3921	0.5153	0.4519	0.3135	0.1709	-0.6945	0.4186
100.000	22.6725	0.3834	0.5023	0.4348	0.3223	0.1268	-0.6514	0.4955
105.000	22.5656	0.3714	0.4906	0.4178	0.3264	0.0824	-0.5970	0.5712
110.000	22.3127	0.3560	0.4798	0.4011	0.3259	0.0385	-0.5305	0.6441
115.000	21.9307	0.3370	0.4695	0.3847	0.3205	-0.0042	-0.4511	0.7125
120.000	21.4408	0.3145	0.4591	0.3685	0.3102	-0.0449	-0.3584	0.7742
125.000	20.8676	0.2886	0.4477	0.3521	0.2949	-0.0827	-0.2519	0.8264
130.000	20.2384	0.2597	0.4346	0.3351	0.2744	-0.1163	-0.1320	0.8659
135.000	19.5816	0.2282	0.4186	0.3168	0.2489	-0.1446	0.0004	0.8889
140.000	18.9253	0.1946	0.3985	0.2964	0.2187	-0.1660	0.1431	0.8918
145.000	18.2958	0.1599	0.3728	0.2729	0.1848	-0.1792	0.2925	0.8707
150.000	17.7159	0.1253	0.3405	0.2457	0.1484	-0.1827	0.4436	0.8225
155.000	17.2037	0.0920	0.3007	0.2143	0.1114	-0.1756	0.5899	0.7455
160.000	16.7729	0.0618	0.2530	0.1784	0.0761	-0.1575	0.7241	0.6396
165.000	16.4323	0.0361	0.1977	0.1382	0.0451	-0.1290	0.8385	0.5069
170.000	16.1869	0.0165	0.1358	0.0943	0.0208	-0.0915	0.9261	0.3516
175.000	16.0391	0.0042	0.0692	0.0479	0.0053	-0.0475	0.9812	0.1801
180.000	15.9898	0.0000	0.0000	0.0000	0.0000	0.0000	1.0000	0.0000
