0.000	19.4747	0.0000	0.0000	0.0000	0.0000	0.0000	1.0000	0.0000
5.000	18.9139	0.0329	0.1010	0.0228	-0.0146	-0.0185	0.9909	-0.0819
10.000	17.5283	0.1249	0.2087	0.0565	-0.0564	-0.0221	0.9553	-0.1665
15.000	15.9435	0.2555	0.3227	0.1091	-0.1175	0.0032	0.8751	-0.2508
20.000	14.6611	0.3932	0.4335	0.1820	-0.1814	0.0640	0.7403	-0.3248
25.000	13.8750	0.5087	0.5275	0.2680	-0.2284	0.1539	0.5626	-0.3773
30.000	13.5528	0.5881	0.5968	0.3556	-0.2456	0.2565	0.3683	-0.4031
35.000	13.5735	0.6338	0.6417	0.4355	-0.2314	0.3546	0.1828	-0.4043
40.000	13.8112	0.6559	0.6675	0.5032	-0.1920	0.4371	0.0201	-0.3863
45.000	14.1655	0.6642	0.6804	0.5579	-0.1356	0.4995	-0.1159	-0.3548
50.000	14.5647	0.6656	0.6857	0.6010	-0.0696	0.5415	-0.2266	-0.3140
55.000	14.9592	0.6641	0.6866	0.6342	0.0004	0.5648	-0.3156	-0.2665
60.000	15.3154	0.6617	0.6855	0.6593	0.0710	0.5719	-0.3863	-0.2138
65.000	15.6100	0.6588	0.6834	0.6778	0.1397	0.5651	-0.4416	-0.1568
70.000	15.8274	0.6556	0.6811	0.6910	0.2052	0.5465	-0.4835	-0.0962
75.000	15.9575	0.6518	0.6789	0.6998	0.2667	0.5179	-0.5135	-0.0323
80.000	15.9947	0.6469	0.6770	0.7048	0.3237	0.4804	-0.5322	0.0347
85.000	15.9373	0.6405	0.6752	0.7067	0.3759	0.4352	-0.5401	0.1042
90.000	15.7868	0.6321	0.6737	0.7059	0.4229	0.3830	-0.5371	0.1758
95.000	15.5478	0.6211	0.6722	0.7027	0.4643	0.3245	-0.5228	0.2489
100.000	15.2273	0.6071	0.6708	0.6976	0.4995	0.2601	-0.4969	0.3226
105.000	14.8346	0.5894	0.6693	0.6908	0.5276	0.1906	-0.4587	0.3958
110.000	14.3809	0.5676	0.6674	0.6823	0.5477	0.1168	-0.4075	0.4672
115.000	13.8788	0.5411	0.6649	0.6723	0.5585	0.0401	-0.3426	0.5349
120.000	13.3418	0.5096	0.6610	0.6604	0.5589	-0.0379	-0.2637	0.5968
125.000	12.7844	0.4726	0.6548	0.6461	0.5476	-0.1149	-0.1705	0.6505
130.000	12.2207	0.4303	0.6450	0.6285	0.5237	-0.1880	-0.0634	0.6930
135.000	11.6651	0.3827	0.6300	0.6065	0.4868	-0.2534	0.0565	0.7211
140.000	11.1309	0.3306	0.6078	0.5784	0.4374	-0.3072	0.1872	0.7315
145.000	10.6305	0.2752	0.5760	0.5425	0.3768	-0.3450	0.3254	0.7210
150.000	10.1751	0.2182	0.5325	0.4969	0.3079	-0.3629	0.4664	0.6868
155.000	9.7742	0.1622	0.4756	0.4404	0.2347	-0.3574	0.6044	0.6271
160.000	9.4358	0.1100	0.4042	0.3719	0.1625	-0.3269	0.7323	0.5415
165.000	9.1664	0.0649	0.3186	0.2917	0.0973	-0.2718	0.8425	0.4315
170.000	8.9706	0.0298	0.2204	0.2011	0.0453	-0.1950	0.9276	0.3006
175.000	8.8519	0.0076	0.1127	0.1026	0.0116	-0.1019	0.9815	0.1544
180.000	8.8121	0.0000	0.0000	0.0000	0.0000	0.0000	1.0000	0.0000
