0.000	10.8973	0.0000	0.0000	0.0000	0.0000	0.0000	1.0000	0.0000
5.000	10.6843	0.0339	0.2065	0.0408	-0.0174	-0.0340	0.9775	-0.0316
10.000	10.1958	0.1269	0.4175	0.0980	-0.0661	-0.0449	0.8988	-0.0701
15.000	9.7605	0.2513	0.6198	0.1809	-0.1322	-0.0130	0.7444	-0.1170
20.000	9.6579	0.3665	0.7818	0.2837	-0.1909	0.0665	0.5166	-0.1651
25.000	9.9987	0.4414	0.8783	0.3875	-0.2188	0.1750	0.2540	-0.2021
30.000	10.7479	0.4722	0.9108	0.4744	-0.2089	0.2837	0.0057	-0.2196
35.000	11.8005	0.4737	0.9002	0.5374	-0.1694	0.3724	-0.1996	-0.2167
40.000	13.0402	0.4622	0.8681	0.5784	-0.1127	0.4342	-0.3569	-0.1968
45.000	14.3679	0.4482	0.8290	0.6023	-0.0492	0.4705	-0.4730	-0.1642
50.000	15.7077	0.4365	0.7904	0.6138	0.0150	0.4856	-0.5574	-0.1220
55.000	17.0047	0.4281	0.7553	0.6166	0.0761	0.4837	-0.6175	-0.0725
60.000	18.2192	0.4229	0.7247	0.6131	0.1323	0.4687	-0.6591	-0.0173
65.000	19.3228	0.4198	0.6984	0.6050	0.1827	0.4433	-0.6858	0.0425
70.000	20.2949	0.4179	0.6760	0.5936	0.2268	0.4101	-0.6999	0.1059
75.000	21.1205	0.4163	0.6570	0.5797	0.2645	0.3708	-0.7029	0.1722
80.000	21.7892	0.4142	0.6407	0.5640	0.2957	0.3271	-0.6955	0.2406
85.000	22.2943	0.4109	0.6268	0.5471	0.3204	0.2802	-0.6782	0.3105
90.000	22.6332	0.4059	0.6146	0.5292	0.3390	0.2313	-0.6511	0.3810
95.000	22.8068	0.3988	0.6038	0.5107	0.3513	0.1812	-0.6141	0.4514
100.000	22.8197	0.3893	0.5939	0.4916	0.3577	0.1309	-0.5668	0.5207
105.000	22.6803	0.3770	0.5844	0.4721	0.3581	0.0812	-0.5089	0.5878
110.000	22.4008	0.3617	0.5747	0.4521	0.3528	0.0329	-0.4400	0.6513
115.000	21.9966	0.3433	0.5642	0.4316	0.3419	-0.0130	-0.3598	0.7096
120.000	21.4862	0.3216	0.5523	0.4104	0.3256	-0.0558	-0.2681	0.7609
125.000	20.8905	0.2967	0.5381	0.3883	0.3041	-0.0943	-0.1649	0.8029
130.000	20.2325	0.2686	0.5206	0.3649	0.2779	-0.1275	-0.0506	0.8330
135.000	19.5365	0.2376	0.4990	0.3399	0.2476	-0.1544	0.0736	0.8483
140.000	18.8273	0.2042	0.4720	0.3130	0.2139	-0.1736	0.2059	0.8457
145.000	18.1298	0.1692	0.4387	0.2837	0.1778	-0.1842	0.3434	0.8221
150.000	17.4680	0.1337	0.3982	0.2516	0.1408	-0.1852	0.4820	0.7749
155.000	16.8646	0.0991	0.3496	0.2165	0.1045	-0.1760	0.6166	0.7020
160.000	16.3401	0.0671	0.2927	0.1783	0.0708	-0.1565	0.7407	0.6028
165.000	15.9123	0.0395	0.2279	0.1370	0.0417	-0.1275	0.8475	0.4786
170.000	15.5960	0.0182	0.1563	0.0930	0.0192	-0.0901	0.9299	0.3326
175.000	15.4017	0.0046	0.0795	0.0470	0.0049	-0.0467	0.9821	0.1706
180.000	15.3362	0.0000	0.0000	0.0000	0.0000	0.0000	1.0000	0.0000
