0.000	4.0541	0.0000	0.0000	0.0000	0.0000	0.0000	1.0000	0.0000
5.000	4.0902	-0.0043	-0.0021	0.0014	-0.0001	-0.0014	0.9971	0.0756
10.000	4.1961	-0.0165	-0.0041	0.0028	-0.0004	-0.0028	0.9889	0.1478
15.000	4.3650	-0.0345	-0.0058	0.0039	-0.0009	-0.0040	0.9762	0.2143
20.000	4.5853	-0.0556	-0.0072	0.0049	-0.0013	-0.0051	0.9603	0.2734
25.000	4.8408	-0.0769	-0.0083	0.0057	-0.0018	-0.0059	0.9425	0.3250
30.000	5.1114	-0.0957	-0.0091	0.0063	-0.0021	-0.0067	0.9241	0.3699
35.000	5.3751	-0.1102	-0.0098	0.0068	-0.0022	-0.0073	0.9056	0.4094
40.000	5.6101	-0.1188	-0.0103	0.0072	-0.0021	-0.0078	0.8877	0.4448
45.000	5.7983	-0.1209	-0.0108	0.0076	-0.0018	-0.0083	0.8702	0.4775
50.000	5.9277	-0.1160	-0.0114	0.0081	-0.0012	-0.0087	0.8531	0.5086
55.000	5.9944	-0.1046	-0.0120	0.0086	-0.0004	-0.0090	0.8359	0.5387
60.000	6.0033	-0.0874	-0.0126	0.0091	0.0006	-0.0094	0.8184	0.5679
65.000	5.9662	-0.0655	-0.0133	0.0097	0.0017	-0.0097	0.8003	0.5958
70.000	5.8997	-0.0407	-0.0140	0.0103	0.0030	-0.0100	0.7820	0.6218
75.000	5.8223	-0.0150	-0.0147	0.0109	0.0043	-0.0103	0.7642	0.6446
80.000	5.7509	0.0095	-0.0153	0.0114	0.0056	-0.0104	0.7483	0.6632
85.000	5.6995	0.0308	-0.0157	0.0118	0.0066	-0.0105	0.7359	0.6762
90.000	5.6777	0.0472	-0.0159	0.0120	0.0074	-0.0105	0.7287	0.6830
95.000	5.6903	0.0576	-0.0159	0.0120	0.0078	-0.0105	0.7281	0.6828
100.000	5.7382	0.0616	-0.0156	0.0118	0.0078	-0.0103	0.7345	0.6756
105.000	5.8179	0.0594	-0.0150	0.0115	0.0074	-0.0100	0.7475	0.6614
110.000	5.9223	0.0518	-0.0143	0.0109	0.0067	-0.0097	0.7657	0.6409
115.000	6.0405	0.0402	-0.0135	0.0103	0.0057	-0.0093	0.7876	0.6148
120.000	6.1589	0.0263	-0.0125	0.0096	0.0047	-0.0088	0.8112	0.5840
125.000	6.2624	0.0116	-0.0116	0.0088	0.0037	-0.0083	0.8353	0.5496
130.000	6.3363	-0.0020	-0.0106	0.0081	0.0027	-0.0077	0.8587	0.5123
135.000	6.3688	-0.0133	-0.0097	0.0073	0.0019	-0.0071	0.8810	0.4729
140.000	6.3534	-0.0213	-0.0088	0.0066	0.0012	-0.0065	0.9019	0.4314
145.000	6.2903	-0.0254	-0.0079	0.0059	0.0006	-0.0059	0.9214	0.3878
150.000	6.1864	-0.0258	-0.0070	0.0051	0.0003	-0.0052	0.9394	0.3418
155.000	6.0549	-0.0229	-0.0061	0.0044	0.0000	-0.0045	0.9559	0.2928
160.000	5.9128	-0.0177	-0.0051	0.0036	-0.0001	-0.0037	0.9705	0.2405
165.000	5.7782	-0.0115	-0.0039	0.0028	-0.0001	-0.0028	0.9827	0.1846
170.000	5.6683	-0.0056	-0.0027	0.0019	0.0000	-0.0019	0.9921	0.1253
175.000	5.5965	-0.0015	-0.0014	0.0010	0.0000	-0.0010	0.9980	0.0634
180.000	5.5716	0.0000	0.0000	0.0000	0.0000	0.0000	1.0000	0.0000
