0.000	8.3977	0.0000	0.0000	0.0000	0.0000	0.0000	1.0000	0.0000
5.000	8.2706	0.0330	0.2426	0.0479	-0.0180	-0.0410	0.9697	-0.0103
10.000	8.0011	0.1220	0.4842	0.1113	-0.0672	-0.0577	0.8685	-0.0317
15.000	7.8334	0.2366	0.7032	0.1964	-0.1313	-0.0305	0.6819	-0.0698
20.000	7.9739	0.3362	0.8621	0.2936	-0.1836	0.0424	0.4248	-0.1187
25.000	8.5001	0.3948	0.9391	0.3835	-0.2031	0.1402	0.1466	-0.1637
30.000	9.3764	0.4142	0.9461	0.4520	-0.1870	0.2348	-0.1028	-0.1924
35.000	10.5134	0.4106	0.9110	0.4965	-0.1460	0.3093	-0.3012	-0.2007
40.000	11.8141	0.3989	0.8583	0.5217	-0.0925	0.3596	-0.4497	-0.1904
45.000	13.1957	0.3873	0.8021	0.5332	-0.0355	0.3880	-0.5584	-0.1651
50.000	14.5938	0.3789	0.7491	0.5356	0.0199	0.3991	-0.6372	-0.1283
55.000	15.9592	0.3741	0.7015	0.5320	0.0712	0.3969	-0.6940	-0.0826
60.000	17.2542	0.3724	0.6598	0.5244	0.1173	0.3846	-0.7338	-0.0298
65.000	18.4492	0.3727	0.6238	0.5141	0.1580	0.3646	-0.7599	0.0286
70.000	19.5204	0.3741	0.5928	0.5018	0.1933	0.3386	-0.7746	0.0917
75.000	20.4492	0.3756	0.5662	0.4879	0.2234	0.3080	-0.7788	0.1586
80.000	21.2217	0.3764	0.5434	0.4729	0.2485	0.2737	-0.7732	0.2287
85.000	21.8284	0.3758	0.5237	0.4571	0.2688	0.2365	-0.7580	0.3012
90.000	22.2643	0.3731	0.5066	0.4406	0.2847	0.1973	-0.7330	0.3755
95.000	22.5285	0.3679	0.4917	0.4237	0.2961	0.1567	-0.6979	0.4507
100.000	22.6247	0.3598	0.4786	0.4069	0.3031	0.1154	-0.6522	0.5257
105.000	22.5607	0.3485	0.4668	0.3901	0.3059	0.0741	-0.5954	0.5994
110.000	22.3489	0.3338	0.4559	0.3737	0.3043	0.0333	-0.5267	0.6702
115.000	22.0060	0.3158	0.4455	0.3576	0.2983	-0.0062	-0.4454	0.7364
120.000	21.5529	0.2944	0.4350	0.3417	0.2878	-0.0435	-0.3510	0.7956
125.000	21.0139	0.2698	0.4236	0.3258	0.2727	-0.0780	-0.2432	0.8452
130.000	20.4163	0.2424	0.4105	0.3093	0.2530	-0.1085	-0.1224	0.8819
135.000	19.7884	0.2126	0.3946	0.2917	0.2288	-0.1339	0.0105	0.9021
140.000	19.1584	0.1810	0.3749	0.2721	0.2005	-0.1530	0.1531	0.9021
145.000	18.5524	0.1485	0.3501	0.2500	0.1689	-0.1644	0.3018	0.8782
150.000	17.9931	0.1161	0.3191	0.2245	0.1353	-0.1671	0.4517	0.8275
155.000	17.4988	0.0852	0.2813	0.1953	0.1013	-0.1601	0.5965	0.7484
160.000	17.0828	0.0571	0.2362	0.1622	0.0691	-0.1433	0.7288	0.6409
165.000	16.7539	0.0333	0.1843	0.1254	0.0409	-0.1171	0.8415	0.5071
170.000	16.5170	0.0152	0.1265	0.0855	0.0189	-0.0830	0.9275	0.3514
175.000	16.3744	0.0039	0.0644	0.0434	0.0048	-0.0431	0.9816	0.1799
180.000	16.3267	0.0000	0.0000	0.0000	0.0000	0.0000	1.0000	0.0000
