0.000	5.0327	0.0000	0.0000	0.0000	0.0000	0.0000	1.0000	0.0000
5.000	4.9674	0.0299	0.1356	0.0238	-0.0036	-0.0211	0.9687	0.2061
10.000	4.8218	0.1122	0.2718	0.0542	-0.0133	-0.0335	0.8665	0.4053
15.000	4.7146	0.2236	0.3994	0.0946	-0.0251	-0.0292	0.6804	0.5789
20.000	4.7662	0.3267	0.4986	0.1421	-0.0327	-0.0049	0.4194	0.6985
25.000	5.0475	0.3897	0.5526	0.1879	-0.0309	0.0335	0.1286	0.7480
30.000	5.5689	0.4053	0.5615	0.2237	-0.0190	0.0746	-0.1366	0.7388
35.000	6.2975	0.3878	0.5400	0.2468	-0.0002	0.1091	-0.3447	0.6988
40.000	7.1803	0.3557	0.5041	0.2589	0.0214	0.1333	-0.4925	0.6524
45.000	8.1614	0.3219	0.4647	0.2632	0.0431	0.1475	-0.5913	0.6136
50.000	9.1908	0.2922	0.4275	0.2625	0.0633	0.1534	-0.6542	0.5876
55.000	10.2272	0.2687	0.3943	0.2586	0.0813	0.1531	-0.6916	0.5751
60.000	11.2371	0.2510	0.3657	0.2527	0.0969	0.1480	-0.7107	0.5750
65.000	12.1944	0.2382	0.3413	0.2456	0.1101	0.1394	-0.7159	0.5857
70.000	13.0787	0.2289	0.3206	0.2376	0.1210	0.1281	-0.7098	0.6053
75.000	13.8746	0.2222	0.3030	0.2290	0.1297	0.1148	-0.6938	0.6324
80.000	14.5710	0.2168	0.2880	0.2199	0.1363	0.0998	-0.6687	0.6653
85.000	15.1606	0.2119	0.2752	0.2105	0.1408	0.0838	-0.6348	0.7028
90.000	15.6393	0.2067	0.2641	0.2009	0.1434	0.0671	-0.5921	0.7432
95.000	16.0062	0.2006	0.2543	0.1911	0.1440	0.0501	-0.5404	0.7851
100.000	16.2628	0.1933	0.2455	0.1814	0.1428	0.0330	-0.4796	0.8269
105.000	16.4132	0.1844	0.2373	0.1717	0.1398	0.0164	-0.4095	0.8670
110.000	16.4643	0.1740	0.2296	0.1622	0.1351	0.0005	-0.3299	0.9034
115.000	16.4253	0.1620	0.2219	0.1528	0.1287	-0.0143	-0.2408	0.9344
120.000	16.3081	0.1487	0.2140	0.1435	0.1207	-0.0277	-0.1422	0.9577
125.000	16.1270	0.1341	0.2055	0.1342	0.1113	-0.0395	-0.0348	0.9709
130.000	15.8981	0.1186	0.1961	0.1249	0.1005	-0.0493	0.0806	0.9716
135.000	15.6383	0.1025	0.1854	0.1152	0.0885	-0.0567	0.2024	0.9573
140.000	15.3647	0.0860	0.1731	0.1051	0.0756	-0.0616	0.3281	0.9255
145.000	15.0934	0.0696	0.1587	0.0943	0.0622	-0.0635	0.4546	0.8742
150.000	14.8380	0.0538	0.1421	0.0828	0.0487	-0.0625	0.5779	0.8022
155.000	14.6098	0.0391	0.1232	0.0706	0.0358	-0.0582	0.6934	0.7091
160.000	14.4167	0.0260	0.1020	0.0576	0.0240	-0.0510	0.7963	0.5958
165.000	14.2637	0.0151	0.0786	0.0438	0.0140	-0.0410	0.8820	0.4644
170.000	14.1535	0.0069	0.0534	0.0296	0.0064	-0.0287	0.9464	0.3184
175.000	14.0873	0.0017	0.0271	0.0149	0.0016	-0.0148	0.9864	0.1619
180.000	14.0652	0.0000	0.0000	0.0000	0.0000	0.0000	1.0000	0.0000
