0.000	5.6315	0.0000	0.0000	0.0000	0.0000	0.0000	1.0000	0.0000
5.000	5.5420	0.0345	0.1718	0.0291	-0.0060	-0.0251	0.9684	0.1781
10.000	5.3425	0.1297	0.3459	0.0688	-0.0225	-0.0368	0.8624	0.3502
15.000	5.1950	0.2572	0.5094	0.1247	-0.0435	-0.0230	0.6632	0.4976
20.000	5.2585	0.3708	0.6328	0.1921	-0.0586	0.0205	0.3803	0.5920
25.000	5.6209	0.4323	0.6924	0.2570	-0.0590	0.0826	0.0689	0.6202
30.000	6.2873	0.4374	0.6924	0.3065	-0.0436	0.1445	-0.2060	0.5983
35.000	7.2065	0.4076	0.6564	0.3373	-0.0176	0.1929	-0.4126	0.5560
40.000	8.3042	0.3660	0.6069	0.3528	0.0128	0.2243	-0.5529	0.5157
45.000	9.5055	0.3264	0.5573	0.3578	0.0434	0.2408	-0.6426	0.4879
50.000	10.7468	0.2939	0.5133	0.3562	0.0720	0.2456	-0.6969	0.4753
55.000	11.9779	0.2694	0.4760	0.3505	0.0979	0.2416	-0.7269	0.4769
60.000	13.1613	0.2518	0.4453	0.3422	0.1205	0.2313	-0.7394	0.4906
65.000	14.2694	0.2394	0.4200	0.3322	0.1398	0.2162	-0.7388	0.5142
70.000	15.2822	0.2308	0.3993	0.3211	0.1560	0.1977	-0.7275	0.5456
75.000	16.1853	0.2247	0.3823	0.3092	0.1689	0.1768	-0.7067	0.5829
80.000	16.9689	0.2199	0.3680	0.2968	0.1787	0.1541	-0.6772	0.6246
85.000	17.6265	0.2157	0.3560	0.2841	0.1854	0.1303	-0.6392	0.6690
90.000	18.1550	0.2113	0.3456	0.2712	0.1893	0.1060	-0.5927	0.7149
95.000	18.5544	0.2064	0.3364	0.2581	0.1903	0.0816	-0.5376	0.7609
100.000	18.8273	0.2005	0.3279	0.2450	0.1886	0.0576	-0.4738	0.8055
105.000	18.9792	0.1934	0.3199	0.2318	0.1843	0.0343	-0.4010	0.8474
110.000	19.0183	0.1848	0.3118	0.2185	0.1775	0.0122	-0.3193	0.8848
115.000	18.9548	0.1746	0.3032	0.2052	0.1683	-0.0084	-0.2285	0.9160
120.000	18.8011	0.1626	0.2939	0.1918	0.1570	-0.0270	-0.1291	0.9391
125.000	18.5711	0.1490	0.2833	0.1781	0.1438	-0.0433	-0.0217	0.9520
130.000	18.2802	0.1338	0.2710	0.1643	0.1289	-0.0568	0.0927	0.9525
135.000	17.9444	0.1174	0.2565	0.1501	0.1126	-0.0672	0.2125	0.9384
140.000	17.5807	0.0999	0.2396	0.1355	0.0955	-0.0741	0.3357	0.9076
145.000	17.2061	0.0819	0.2198	0.1205	0.0781	-0.0772	0.4593	0.8582
150.000	16.8378	0.0640	0.1969	0.1049	0.0608	-0.0764	0.5798	0.7889
155.000	16.4922	0.0470	0.1708	0.0887	0.0445	-0.0715	0.6933	0.6991
160.000	16.1850	0.0315	0.1414	0.0719	0.0297	-0.0628	0.7952	0.5891
165.000	15.9300	0.0184	0.1091	0.0546	0.0173	-0.0506	0.8808	0.4606
170.000	15.7389	0.0084	0.0742	0.0367	0.0079	-0.0355	0.9456	0.3165
175.000	15.6205	0.0021	0.0376	0.0184	0.0020	-0.0183	0.9862	0.1612
180.000	15.5805	0.0000	0.0000	0.0000	0.0000	0.0000	1.0000	0.0000
