0.000	5.2839	0.0000	0.0000	0.0000	0.0000	0.0000	1.0000	0.0000
5.000	5.2019	0.0308	0.1376	0.0238	-0.0040	-0.0209	0.9709	0.1936
10.000	5.0120	0.1166	0.2777	0.0551	-0.0150	-0.0326	0.8742	0.3832
15.000	4.8474	0.2339	0.4118	0.0984	-0.0289	-0.0260	0.6924	0.5519
20.000	4.8448	0.3437	0.5187	0.1510	-0.0389	0.0029	0.4291	0.6708
25.000	5.0868	0.4098	0.5781	0.2031	-0.0384	0.0481	0.1285	0.7203
30.000	5.5886	0.4231	0.5880	0.2445	-0.0262	0.0962	-0.1492	0.7091
35.000	6.3159	0.3995	0.5637	0.2713	-0.0058	0.1362	-0.3669	0.6656
40.000	7.2107	0.3606	0.5238	0.2853	0.0183	0.1636	-0.5202	0.6159
45.000	8.2113	0.3212	0.4806	0.2901	0.0427	0.1791	-0.6210	0.5748
50.000	9.2630	0.2878	0.4403	0.2891	0.0655	0.1849	-0.6841	0.5481
55.000	10.3215	0.2621	0.4050	0.2843	0.0858	0.1833	-0.7208	0.5363
60.000	11.3524	0.2436	0.3749	0.2773	0.1035	0.1763	-0.7388	0.5379
65.000	12.3296	0.2307	0.3495	0.2689	0.1186	0.1655	-0.7429	0.5510
70.000	13.2330	0.2219	0.3282	0.2596	0.1310	0.1517	-0.7358	0.5735
75.000	14.0475	0.2158	0.3102	0.2498	0.1410	0.1360	-0.7190	0.6036
80.000	14.7619	0.2112	0.2950	0.2397	0.1486	0.1188	-0.6932	0.6396
85.000	15.3679	0.2071	0.2820	0.2295	0.1540	0.1007	-0.6588	0.6800
90.000	15.8607	0.2026	0.2708	0.2192	0.1574	0.0820	-0.6156	0.7233
95.000	16.2384	0.1973	0.2610	0.2089	0.1587	0.0631	-0.5635	0.7681
100.000	16.5025	0.1907	0.2523	0.1988	0.1581	0.0443	-0.5020	0.8127
105.000	16.6577	0.1825	0.2443	0.1887	0.1555	0.0258	-0.4309	0.8557
110.000	16.7120	0.1726	0.2367	0.1787	0.1509	0.0079	-0.3498	0.8949
115.000	16.6760	0.1610	0.2292	0.1687	0.1445	-0.0090	-0.2586	0.9285
120.000	16.5630	0.1477	0.2215	0.1587	0.1361	-0.0246	-0.1575	0.9541
125.000	16.3879	0.1329	0.2131	0.1486	0.1259	-0.0384	-0.0472	0.9693
130.000	16.1667	0.1170	0.2036	0.1382	0.1140	-0.0502	0.0712	0.9713
135.000	15.9156	0.1003	0.1927	0.1273	0.1007	-0.0594	0.1957	0.9576
140.000	15.6500	0.0834	0.1800	0.1160	0.0861	-0.0657	0.3238	0.9260
145.000	15.3843	0.0667	0.1651	0.1040	0.0709	-0.0686	0.4521	0.8746
150.000	15.1313	0.0509	0.1479	0.0913	0.0556	-0.0680	0.5765	0.8023
155.000	14.9014	0.0365	0.1282	0.0777	0.0408	-0.0637	0.6927	0.7090
160.000	14.7032	0.0240	0.1061	0.0634	0.0274	-0.0560	0.7960	0.5955
165.000	14.5430	0.0138	0.0818	0.0483	0.0160	-0.0451	0.8819	0.4642
170.000	14.4257	0.0062	0.0556	0.0326	0.0073	-0.0316	0.9464	0.3181
175.000	14.3542	0.0016	0.0281	0.0164	0.0019	-0.0163	0.9864	0.1618
180.000	14.3301	0.0000	0.0000	0.0000	0.0000	0.0000	1.0000	0.0000
