0.000	19.4795	0.0000	0.0000	0.0000	0.0000	0.0000	1.0000	0.0000
5.000	18.8873	0.0350	0.0982	0.0222	-0.0144	-0.0179	0.9925	-0.0640
10.000	17.4329	0.1333	0.2047	0.0551	-0.0560	-0.0214	0.9608	-0.1292
15.000	15.7878	0.2725	0.3203	0.1070	-0.1169	0.0031	0.8854	-0.1922
20.000	14.4788	0.4186	0.4359	0.1793	-0.1805	0.0624	0.7556	-0.2440
25.000	13.6966	0.5392	0.5375	0.2649	-0.2266	0.1500	0.5835	-0.2759
30.000	13.3935	0.6200	0.6165	0.3523	-0.2419	0.2491	0.3972	-0.2851
35.000	13.4336	0.6645	0.6724	0.4324	-0.2252	0.3428	0.2225	-0.2748
40.000	13.6818	0.6841	0.7103	0.5009	-0.1827	0.4207	0.0731	-0.2505
45.000	14.0338	0.6897	0.7358	0.5572	-0.1228	0.4783	-0.0481	-0.2173
50.000	14.4179	0.6887	0.7534	0.6022	-0.0530	0.5153	-0.1433	-0.1784
55.000	14.7871	0.6850	0.7663	0.6375	0.0214	0.5331	-0.2166	-0.1356
60.000	15.1117	0.6804	0.7762	0.6646	0.0963	0.5338	-0.2719	-0.0900
65.000	15.3729	0.6755	0.7842	0.6848	0.1690	0.5194	-0.3122	-0.0421
70.000	15.5595	0.6702	0.7909	0.6991	0.2375	0.4920	-0.3398	0.0077
75.000	15.6649	0.6641	0.7964	0.7084	0.3004	0.4534	-0.3565	0.0593
80.000	15.6864	0.6567	0.8011	0.7133	0.3565	0.4053	-0.3630	0.1125
85.000	15.6238	0.6474	0.8048	0.7144	0.4050	0.3494	-0.3601	0.1669
90.000	15.4794	0.6357	0.8075	0.7122	0.4452	0.2871	-0.3478	0.2224
95.000	15.2574	0.6210	0.8091	0.7069	0.4765	0.2200	-0.3263	0.2784
100.000	14.9641	0.6029	0.8092	0.6987	0.4985	0.1496	-0.2953	0.3342
105.000	14.6072	0.5810	0.8076	0.6878	0.5109	0.0775	-0.2543	0.3892
110.000	14.1959	0.5548	0.8038	0.6741	0.5135	0.0053	-0.2031	0.4423
115.000	13.7407	0.5241	0.7970	0.6576	0.5062	-0.0650	-0.1413	0.4921
120.000	13.2531	0.4887	0.7865	0.6381	0.4891	-0.1316	-0.0685	0.5371
125.000	12.7449	0.4487	0.7712	0.6150	0.4624	-0.1924	0.0151	0.5754
130.000	12.2283	0.4042	0.7500	0.5880	0.4269	-0.2452	0.1092	0.6047
135.000	11.7158	0.3557	0.7216	0.5565	0.3833	-0.2876	0.2128	0.6225
140.000	11.2193	0.3042	0.6845	0.5198	0.3333	-0.3175	0.3242	0.6263
145.000	10.7503	0.2507	0.6374	0.4772	0.2784	-0.3327	0.4407	0.6133
150.000	10.3197	0.1971	0.5790	0.4280	0.2213	-0.3316	0.5587	0.5815
155.000	9.9373	0.1454	0.5085	0.3719	0.1646	-0.3131	0.6733	0.5292
160.000	9.6118	0.0979	0.4258	0.3086	0.1117	-0.2771	0.7792	0.4559
165.000	9.3506	0.0574	0.3315	0.2385	0.0658	-0.2248	0.8702	0.3628
170.000	9.1597	0.0263	0.2272	0.1626	0.0303	-0.1585	0.9404	0.2525
175.000	9.0433	0.0067	0.1156	0.0825	0.0077	-0.0819	0.9848	0.1296
180.000	9.0043	0.0000	0.0000	0.0000	0.0000	0.0000	1.0000	0.0000
