0.000	5.3248	0.0000	0.0000	0.0000	0.0000	0.0000	1.0000	0.0000
5.000	5.2402	0.0358	0.2129	0.0374	-0.0095	-0.0324	0.9645	0.1528
10.000	5.0581	0.1339	0.4277	0.0872	-0.0357	-0.0478	0.8461	0.2955
15.000	4.9441	0.2622	0.6256	0.1552	-0.0696	-0.0311	0.6266	0.4069
20.000	5.0559	0.3713	0.7675	0.2337	-0.0956	0.0219	0.3228	0.4625
25.000	5.4745	0.4245	0.8268	0.3050	-0.1004	0.0956	-0.0003	0.4583
30.000	6.1964	0.4232	0.8141	0.3558	-0.0829	0.1668	-0.2756	0.4174
35.000	7.1645	0.3918	0.7615	0.3848	-0.0512	0.2208	-0.4770	0.3686
40.000	8.3024	0.3529	0.6962	0.3972	-0.0139	0.2550	-0.6120	0.3297
45.000	9.5366	0.3185	0.6329	0.3990	0.0237	0.2721	-0.6988	0.3071
50.000	10.8062	0.2924	0.5771	0.3944	0.0586	0.2764	-0.7527	0.3011
55.000	12.0640	0.2745	0.5297	0.3861	0.0899	0.2713	-0.7846	0.3096
60.000	13.2744	0.2633	0.4902	0.3755	0.1172	0.2594	-0.8008	0.3303
65.000	14.4107	0.2569	0.4573	0.3636	0.1406	0.2427	-0.8050	0.3611
70.000	15.4524	0.2537	0.4298	0.3508	0.1601	0.2224	-0.7994	0.3998
75.000	16.3835	0.2521	0.4067	0.3376	0.1762	0.1996	-0.7849	0.4450
80.000	17.1917	0.2510	0.3873	0.3242	0.1889	0.1751	-0.7620	0.4951
85.000	17.8681	0.2495	0.3707	0.3107	0.1985	0.1494	-0.7306	0.5490
90.000	18.4070	0.2470	0.3564	0.2972	0.2052	0.1231	-0.6904	0.6053
95.000	18.8062	0.2427	0.3441	0.2840	0.2092	0.0964	-0.6411	0.6627
100.000	19.0678	0.2365	0.3332	0.2709	0.2103	0.0698	-0.5822	0.7200
105.000	19.1974	0.2279	0.3233	0.2580	0.2088	0.0435	-0.5129	0.7755
110.000	19.2048	0.2170	0.3141	0.2452	0.2046	0.0180	-0.4330	0.8275
115.000	19.1036	0.2036	0.3051	0.2325	0.1975	-0.0064	-0.3419	0.8738
120.000	18.9102	0.1879	0.2957	0.2198	0.1877	-0.0292	-0.2397	0.9121
125.000	18.6436	0.1701	0.2856	0.2069	0.1751	-0.0497	-0.1268	0.9397
130.000	18.3240	0.1507	0.2741	0.1935	0.1599	-0.0675	-0.0042	0.9537
135.000	17.9715	0.1300	0.2606	0.1795	0.1423	-0.0817	0.1264	0.9511
140.000	17.6060	0.1087	0.2446	0.1646	0.1226	-0.0918	0.2622	0.9291
145.000	17.2453	0.0875	0.2254	0.1485	0.1016	-0.0971	0.3995	0.8855
150.000	16.9051	0.0672	0.2028	0.1312	0.0802	-0.0972	0.5341	0.8188
155.000	16.5984	0.0484	0.1766	0.1124	0.0592	-0.0918	0.6607	0.7284
160.000	16.3356	0.0319	0.1466	0.0921	0.0399	-0.0812	0.7741	0.6153
165.000	16.1244	0.0184	0.1134	0.0705	0.0234	-0.0657	0.8689	0.4816
170.000	15.9701	0.0083	0.0773	0.0477	0.0107	-0.0463	0.9404	0.3312
175.000	15.8763	0.0021	0.0392	0.0241	0.0027	-0.0239	0.9849	0.1687
180.000	15.8448	0.0000	0.0000	0.0000	0.0000	0.0000	1.0000	0.0000
