0.000	21.5278	0.0000	0.0000	0.0000	0.0000	0.0000	1.0000	0.0000
5.000	20.6937	0.0406	0.0517	0.0120	-0.0128	-0.0090	0.9948	-0.0775
10.000	18.6687	0.1543	0.1090	0.0313	-0.0501	-0.0069	0.9689	-0.1551
15.000	16.3973	0.3158	0.1734	0.0639	-0.1067	0.0167	0.9007	-0.2265
20.000	14.5440	0.4860	0.2403	0.1117	-0.1688	0.0673	0.7790	-0.2805
25.000	13.2956	0.6288	0.3025	0.1711	-0.2192	0.1407	0.6161	-0.3082
30.000	12.5601	0.7279	0.3549	0.2352	-0.2454	0.2251	0.4395	-0.3091
35.000	12.1723	0.7862	0.3967	0.2983	-0.2446	0.3083	0.2736	-0.2895
40.000	11.9880	0.8155	0.4299	0.3571	-0.2204	0.3821	0.1310	-0.2569
45.000	11.9047	0.8271	0.4572	0.4107	-0.1788	0.4428	0.0144	-0.2172
50.000	11.8560	0.8293	0.4810	0.4592	-0.1253	0.4895	-0.0786	-0.1740
55.000	11.8001	0.8268	0.5029	0.5034	-0.0641	0.5226	-0.1517	-0.1291
60.000	11.7114	0.8222	0.5240	0.5438	0.0018	0.5430	-0.2084	-0.0830
65.000	11.5753	0.8167	0.5447	0.5812	0.0703	0.5518	-0.2517	-0.0359
70.000	11.3846	0.8107	0.5654	0.6159	0.1402	0.5498	-0.2834	0.0125
75.000	11.1379	0.8041	0.5860	0.6482	0.2105	0.5376	-0.3048	0.0623
80.000	10.8379	0.7967	0.6063	0.6780	0.2807	0.5153	-0.3164	0.1137
85.000	10.4907	0.7879	0.6261	0.7054	0.3498	0.4829	-0.3184	0.1667
90.000	10.1047	0.7773	0.6449	0.7301	0.4171	0.4402	-0.3104	0.2210
95.000	9.6894	0.7643	0.6624	0.7521	0.4813	0.3868	-0.2921	0.2761
100.000	9.2551	0.7480	0.6780	0.7710	0.5409	0.3225	-0.2628	0.3311
105.000	8.8116	0.7277	0.6913	0.7865	0.5936	0.2477	-0.2220	0.3849
110.000	8.3679	0.7026	0.7018	0.7984	0.6373	0.1628	-0.1693	0.4358
115.000	7.9322	0.6719	0.7091	0.8062	0.6690	0.0696	-0.1046	0.4820
120.000	7.5111	0.6347	0.7124	0.8093	0.6861	-0.0295	-0.0281	0.5217
125.000	7.1101	0.5905	0.7109	0.8068	0.6860	-0.1309	0.0597	0.5527
130.000	6.7335	0.5392	0.7033	0.7974	0.6669	-0.2297	0.1573	0.5728
135.000	6.3848	0.4808	0.6883	0.7796	0.6279	-0.3203	0.2631	0.5803
140.000	6.0666	0.4162	0.6640	0.7513	0.5694	-0.3961	0.3746	0.5734
145.000	5.7813	0.3470	0.6284	0.7103	0.4937	-0.4506	0.4886	0.5511
150.000	5.5306	0.2755	0.5797	0.6546	0.4050	-0.4778	0.6013	0.5125
155.000	5.3159	0.2050	0.5163	0.5825	0.3094	-0.4730	0.7083	0.4578
160.000	5.1386	0.1391	0.4376	0.4933	0.2144	-0.4340	0.8049	0.3879
165.000	4.9997	0.0820	0.3440	0.3876	0.1284	-0.3614	0.8863	0.3042
170.000	4.9000	0.0377	0.2375	0.2674	0.0597	-0.2594	0.9481	0.2095
175.000	4.8399	0.0096	0.1213	0.1366	0.0154	-0.1356	0.9868	0.1068
180.000	4.8199	0.0000	0.0001	0.0001	0.0000	-0.0001	1.0000	0.0000
