0.000	7.0562	0.0000	0.0000	0.0000	0.0000	0.0000	1.0000	0.0000
5.000	6.9735	0.0176	0.0302	0.0063	0.0004	-0.0058	0.9876	0.1529
10.000	6.7575	0.0678	0.0608	0.0141	0.0018	-0.0100	0.9470	0.3083
15.000	6.4903	0.1418	0.0914	0.0248	0.0046	-0.0111	0.8696	0.4645
20.000	6.2681	0.2249	0.1199	0.0386	0.0093	-0.0080	0.7490	0.6127
25.000	6.1677	0.2986	0.1435	0.0550	0.0161	-0.0004	0.5883	0.7395
30.000	6.2295	0.3483	0.1598	0.0719	0.0246	0.0105	0.4039	0.8334
35.000	6.4580	0.3685	0.1680	0.0873	0.0340	0.0224	0.2192	0.8910
40.000	6.8326	0.3632	0.1695	0.0997	0.0436	0.0333	0.0546	0.9183
45.000	7.3198	0.3414	0.1663	0.1087	0.0525	0.0419	-0.0792	0.9256
50.000	7.8828	0.3117	0.1606	0.1144	0.0604	0.0475	-0.1800	0.9229
55.000	8.4876	0.2803	0.1541	0.1174	0.0672	0.0502	-0.2505	0.9174
60.000	9.1051	0.2507	0.1475	0.1183	0.0728	0.0504	-0.2955	0.9134
65.000	9.7124	0.2245	0.1414	0.1177	0.0772	0.0485	-0.3194	0.9128
70.000	10.2922	0.2019	0.1360	0.1158	0.0805	0.0449	-0.3261	0.9162
75.000	10.8317	0.1828	0.1312	0.1130	0.0826	0.0400	-0.3182	0.9233
80.000	11.3220	0.1666	0.1271	0.1095	0.0838	0.0341	-0.2980	0.9333
85.000	11.7572	0.1528	0.1235	0.1055	0.0839	0.0276	-0.2669	0.9453
90.000	12.1339	0.1407	0.1202	0.1011	0.0830	0.0207	-0.2260	0.9579
95.000	12.4504	0.1299	0.1171	0.0963	0.0812	0.0136	-0.1762	0.9700
100.000	12.7067	0.1198	0.1142	0.0914	0.0785	0.0065	-0.1183	0.9802
105.000	12.9041	0.1102	0.1112	0.0862	0.0749	-0.0004	-0.0527	0.9872
110.000	13.0452	0.1008	0.1080	0.0809	0.0706	-0.0068	0.0198	0.9896
115.000	13.1338	0.0915	0.1046	0.0755	0.0656	-0.0127	0.0985	0.9860
120.000	13.1749	0.0822	0.1007	0.0700	0.0599	-0.0179	0.1826	0.9751
125.000	13.1746	0.0728	0.0964	0.0644	0.0538	-0.0222	0.2710	0.9554
130.000	13.1398	0.0633	0.0914	0.0588	0.0473	-0.0255	0.3625	0.9256
135.000	13.0782	0.0539	0.0858	0.0532	0.0406	-0.0278	0.4556	0.8847
140.000	12.9977	0.0447	0.0793	0.0475	0.0338	-0.0289	0.5482	0.8316
145.000	12.9061	0.0358	0.0720	0.0417	0.0271	-0.0288	0.6383	0.7657
150.000	12.8108	0.0274	0.0638	0.0359	0.0208	-0.0275	0.7235	0.6869
155.000	12.7187	0.0197	0.0548	0.0300	0.0149	-0.0250	0.8012	0.5955
160.000	12.6355	0.0130	0.0450	0.0241	0.0098	-0.0214	0.8691	0.4924
165.000	12.5661	0.0075	0.0344	0.0181	0.0057	-0.0170	0.9247	0.3791
170.000	12.5139	0.0034	0.0233	0.0121	0.0026	-0.0117	0.9660	0.2576
175.000	12.4816	0.0009	0.0118	0.0061	0.0006	-0.0060	0.9914	0.1303
180.000	12.4707	0.0000	0.0000	0.0000	0.0000	0.0000	1.0000	0.0000
