0.000	5.9963	0.0000	0.0000	0.0000	0.0000	0.0000	1.0000	0.0000
5.000	5.9172	0.0361	0.2623	0.0492	-0.0150	-0.0426	0.9613	0.0789
10.000	5.7639	0.1329	0.5213	0.1130	-0.0559	-0.0620	0.8343	0.1427
15.000	5.7238	0.2553	0.7491	0.1962	-0.1074	-0.0393	0.6070	0.1752
20.000	5.9615	0.3550	0.9009	0.2870	-0.1460	0.0266	0.3065	0.1693
25.000	6.5446	0.4037	0.9564	0.3650	-0.1544	0.1138	-0.0004	0.1367
30.000	7.4478	0.4076	0.9367	0.4187	-0.1335	0.1951	-0.2570	0.0991
35.000	8.5964	0.3885	0.8783	0.4488	-0.0942	0.2562	-0.4465	0.0721
40.000	9.9045	0.3640	0.8085	0.4619	-0.0477	0.2950	-0.5780	0.0612
45.000	11.2955	0.3427	0.7411	0.4642	-0.0006	0.3151	-0.6672	0.0662
50.000	12.7080	0.3271	0.6811	0.4598	0.0435	0.3210	-0.7270	0.0847
55.000	14.0945	0.3172	0.6294	0.4516	0.0833	0.3164	-0.7662	0.1143
60.000	15.4182	0.3118	0.5856	0.4409	0.1183	0.3040	-0.7902	0.1529
65.000	16.6504	0.3095	0.5486	0.4286	0.1486	0.2858	-0.8023	0.1987
70.000	17.7682	0.3091	0.5174	0.4153	0.1743	0.2632	-0.8043	0.2504
75.000	18.7540	0.3095	0.4909	0.4011	0.1956	0.2373	-0.7970	0.3071
80.000	19.5942	0.3097	0.4683	0.3864	0.2130	0.2088	-0.7810	0.3677
85.000	20.2800	0.3089	0.4491	0.3712	0.2264	0.1783	-0.7561	0.4312
90.000	20.8062	0.3064	0.4325	0.3558	0.2362	0.1466	-0.7221	0.4968
95.000	21.1716	0.3018	0.4180	0.3403	0.2425	0.1142	-0.6787	0.5634
100.000	21.3789	0.2946	0.4052	0.3248	0.2453	0.0815	-0.6254	0.6298
105.000	21.4346	0.2847	0.3936	0.3096	0.2447	0.0492	-0.5616	0.6945
110.000	21.3495	0.2718	0.3828	0.2948	0.2409	0.0179	-0.4866	0.7559
115.000	21.1381	0.2561	0.3724	0.2803	0.2336	-0.0120	-0.4001	0.8121
120.000	20.8192	0.2377	0.3618	0.2660	0.2231	-0.0399	-0.3016	0.8609
125.000	20.4148	0.2167	0.3504	0.2518	0.2093	-0.0651	-0.1911	0.8995
130.000	19.9496	0.1936	0.3375	0.2372	0.1923	-0.0868	-0.0692	0.9249
135.000	19.4496	0.1689	0.3224	0.2218	0.1722	-0.1045	0.0628	0.9339
140.000	18.9404	0.1429	0.3043	0.2052	0.1495	-0.1172	0.2024	0.9231
145.000	18.4462	0.1166	0.2822	0.1869	0.1249	-0.1241	0.3462	0.8893
150.000	17.9876	0.0907	0.2555	0.1665	0.0992	-0.1246	0.4894	0.8303
155.000	17.5812	0.0662	0.2237	0.1437	0.0738	-0.1182	0.6260	0.7449
160.000	17.2388	0.0442	0.1868	0.1186	0.0500	-0.1049	0.7498	0.6336
165.000	16.9682	0.0257	0.1451	0.0912	0.0294	-0.0852	0.8543	0.4987
170.000	16.7735	0.0117	0.0992	0.0619	0.0135	-0.0601	0.9336	0.3442
175.000	16.6563	0.0030	0.0504	0.0313	0.0034	-0.0311	0.9831	0.1758
180.000	16.6172	0.0000	0.0000	0.0000	0.0000	0.0000	1.0000	0.0000
