0.000	5.6748	0.0000	0.0000	0.0000	0.0000	0.0000	1.0000	0.0000
5.000	5.5843	0.0360	0.1962	0.0334	-0.0079	-0.0286	0.9663	0.1631
10.000	5.3878	0.1350	0.3945	0.0790	-0.0296	-0.0412	0.8535	0.3184
15.000	5.2587	0.2657	0.5782	0.1432	-0.0573	-0.0235	0.6425	0.4459
20.000	5.3637	0.3786	0.7122	0.2193	-0.0778	0.0285	0.3474	0.5197
25.000	5.7896	0.4359	0.7711	0.2906	-0.0800	0.1001	0.0298	0.5316
30.000	6.5347	0.4368	0.7637	0.3433	-0.0628	0.1693	-0.2437	0.5018
35.000	7.5399	0.4053	0.7189	0.3750	-0.0331	0.2221	-0.4450	0.4594
40.000	8.7241	0.3644	0.6619	0.3901	0.0016	0.2555	-0.5801	0.4236
45.000	10.0086	0.3268	0.6065	0.3943	0.0365	0.2724	-0.6659	0.4023
50.000	11.3272	0.2970	0.5580	0.3917	0.0693	0.2766	-0.7179	0.3965
55.000	12.6286	0.2750	0.5174	0.3849	0.0988	0.2714	-0.7468	0.4046
60.000	13.8747	0.2598	0.4840	0.3755	0.1247	0.2593	-0.7592	0.4244
65.000	15.0375	0.2494	0.4568	0.3644	0.1470	0.2422	-0.7590	0.4535
70.000	16.0965	0.2425	0.4344	0.3521	0.1656	0.2213	-0.7484	0.4899
75.000	17.0371	0.2376	0.4160	0.3391	0.1807	0.1979	-0.7285	0.5319
80.000	17.8489	0.2339	0.4007	0.3256	0.1923	0.1726	-0.7000	0.5779
85.000	18.5252	0.2304	0.3877	0.3118	0.2004	0.1461	-0.6631	0.6266
90.000	19.0629	0.2266	0.3766	0.2978	0.2053	0.1191	-0.6176	0.6765
95.000	19.4619	0.2220	0.3668	0.2837	0.2071	0.0920	-0.5635	0.7265
100.000	19.7254	0.2163	0.3578	0.2695	0.2058	0.0652	-0.5005	0.7751
105.000	19.8596	0.2091	0.3493	0.2553	0.2015	0.0393	-0.4284	0.8208
110.000	19.8733	0.2002	0.3408	0.2410	0.1945	0.0147	-0.3470	0.8622
115.000	19.7782	0.1895	0.3318	0.2266	0.1849	-0.0083	-0.2563	0.8975
120.000	19.5876	0.1768	0.3219	0.2121	0.1728	-0.0292	-0.1566	0.9246
125.000	19.3168	0.1623	0.3107	0.1974	0.1585	-0.0475	-0.0484	0.9415
130.000	18.9824	0.1459	0.2976	0.1823	0.1424	-0.0627	0.0673	0.9459
135.000	18.6018	0.1281	0.2821	0.1669	0.1248	-0.0746	0.1889	0.9354
140.000	18.1932	0.1091	0.2639	0.1510	0.1061	-0.0825	0.3144	0.9079
145.000	17.7750	0.0895	0.2424	0.1346	0.0869	-0.0862	0.4409	0.8614
150.000	17.3655	0.0700	0.2175	0.1174	0.0679	-0.0855	0.5647	0.7942
155.000	16.9826	0.0514	0.1889	0.0995	0.0497	-0.0803	0.6817	0.7057
160.000	16.6428	0.0345	0.1566	0.0809	0.0333	-0.0706	0.7871	0.5960
165.000	16.3612	0.0201	0.1209	0.0614	0.0194	-0.0570	0.8759	0.4669
170.000	16.1504	0.0092	0.0824	0.0414	0.0089	-0.0400	0.9434	0.3213
175.000	16.0199	0.0023	0.0417	0.0208	0.0023	-0.0206	0.9856	0.1638
180.000	15.9758	0.0000	0.0000	0.0000	0.0000	0.0000	1.0000	0.0000
