0.000	7.5712	0.0000	0.0000	0.0000	0.0000	0.0000	1.0000	0.0000
5.000	7.5307	0.0067	0.0008	0.0018	0.0004	-0.0018	0.9956	0.0934
10.000	7.4173	0.0261	0.0016	0.0037	0.0014	-0.0035	0.9819	0.1878
15.000	7.2528	0.0560	0.0022	0.0058	0.0032	-0.0050	0.9574	0.2832
20.000	7.0668	0.0931	0.0026	0.0083	0.0056	-0.0064	0.9207	0.3790
25.000	6.8899	0.1330	0.0028	0.0110	0.0085	-0.0075	0.8709	0.4731
30.000	6.7473	0.1710	0.0027	0.0139	0.0118	-0.0084	0.8088	0.5627
35.000	6.6556	0.2031	0.0023	0.0169	0.0152	-0.0089	0.7370	0.6446
40.000	6.6225	0.2265	0.0017	0.0198	0.0186	-0.0092	0.6600	0.7163
45.000	6.6479	0.2400	0.0010	0.0224	0.0216	-0.0093	0.5827	0.7764
50.000	6.7259	0.2442	0.0002	0.0247	0.0242	-0.0092	0.5100	0.8248
55.000	6.8476	0.2405	-0.0005	0.0266	0.0262	-0.0092	0.4456	0.8623
60.000	7.0025	0.2308	-0.0012	0.0280	0.0277	-0.0092	0.3922	0.8904
65.000	7.1802	0.2173	-0.0018	0.0289	0.0286	-0.0093	0.3507	0.9109
70.000	7.3709	0.2014	-0.0023	0.0295	0.0291	-0.0094	0.3217	0.9251
75.000	7.5660	0.1846	-0.0026	0.0296	0.0290	-0.0097	0.3046	0.9344
80.000	7.7584	0.1677	-0.0028	0.0295	0.0286	-0.0101	0.2988	0.9394
85.000	7.9424	0.1512	-0.0028	0.0290	0.0279	-0.0106	0.3034	0.9408
90.000	8.1134	0.1356	-0.0028	0.0284	0.0269	-0.0111	0.3174	0.9385
95.000	8.2685	0.1209	-0.0027	0.0275	0.0256	-0.0116	0.3398	0.9327
100.000	8.4057	0.1072	-0.0025	0.0265	0.0241	-0.0121	0.3697	0.9229
105.000	8.5240	0.0945	-0.0022	0.0253	0.0224	-0.0125	0.4060	0.9089
110.000	8.6233	0.0827	-0.0019	0.0240	0.0206	-0.0129	0.4479	0.8902
115.000	8.7043	0.0717	-0.0016	0.0226	0.0187	-0.0131	0.4944	0.8663
120.000	8.7683	0.0615	-0.0013	0.0211	0.0167	-0.0132	0.5443	0.8366
125.000	8.8167	0.0520	-0.0009	0.0195	0.0147	-0.0131	0.5966	0.8008
130.000	8.8515	0.0433	-0.0007	0.0179	0.0126	-0.0129	0.6502	0.7585
135.000	8.8746	0.0353	-0.0004	0.0162	0.0106	-0.0124	0.7039	0.7094
140.000	8.8881	0.0280	-0.0002	0.0145	0.0087	-0.0117	0.7565	0.6534
145.000	8.8941	0.0215	0.0000	0.0128	0.0068	-0.0108	0.8068	0.5905
150.000	8.8945	0.0158	0.0001	0.0110	0.0051	-0.0097	0.8535	0.5209
155.000	8.8911	0.0110	0.0002	0.0092	0.0036	-0.0085	0.8955	0.4450
160.000	8.8857	0.0070	0.0002	0.0074	0.0024	-0.0070	0.9316	0.3635
165.000	8.8798	0.0040	0.0002	0.0055	0.0014	-0.0054	0.9608	0.2772
170.000	8.8746	0.0018	0.0001	0.0037	0.0006	-0.0037	0.9824	0.1870
175.000	8.8711	0.0004	0.0001	0.0019	0.0002	-0.0018	0.9956	0.0942
180.000	8.8699	0.0000	0.0000	0.0000	0.0000	0.0000	1.0000	0.0000
