0.000	7.0668	0.0000	0.0000	0.0000	0.0000	0.0000	1.0000	0.0000
5.000	7.0406	0.0047	-0.0008	0.0014	0.0002	-0.0014	0.9968	0.0799
10.000	6.9662	0.0182	-0.0016	0.0028	0.0010	-0.0027	0.9869	0.1603
15.000	6.8557	0.0392	-0.0025	0.0043	0.0022	-0.0040	0.9696	0.2414
20.000	6.7257	0.0657	-0.0036	0.0059	0.0037	-0.0053	0.9442	0.3227
25.000	6.5943	0.0949	-0.0047	0.0077	0.0057	-0.0064	0.9102	0.4032
30.000	6.4779	0.1239	-0.0060	0.0096	0.0078	-0.0075	0.8678	0.4812
35.000	6.3887	0.1501	-0.0073	0.0114	0.0101	-0.0085	0.8183	0.5547
40.000	6.3341	0.1714	-0.0087	0.0133	0.0124	-0.0093	0.7641	0.6219
45.000	6.3169	0.1865	-0.0100	0.0150	0.0144	-0.0099	0.7079	0.6811
50.000	6.3357	0.1951	-0.0112	0.0165	0.0163	-0.0104	0.6530	0.7316
55.000	6.3865	0.1976	-0.0123	0.0178	0.0177	-0.0108	0.6023	0.7733
60.000	6.4640	0.1949	-0.0131	0.0189	0.0188	-0.0112	0.5580	0.8064
65.000	6.5620	0.1881	-0.0138	0.0196	0.0196	-0.0114	0.5218	0.8319
70.000	6.6744	0.1784	-0.0143	0.0202	0.0199	-0.0117	0.4945	0.8505
75.000	6.7956	0.1667	-0.0147	0.0204	0.0200	-0.0119	0.4765	0.8630
80.000	6.9206	0.1538	-0.0148	0.0205	0.0197	-0.0120	0.4676	0.8703
85.000	7.0452	0.1404	-0.0148	0.0203	0.0191	-0.0122	0.4673	0.8727
90.000	7.1659	0.1269	-0.0146	0.0200	0.0184	-0.0123	0.4750	0.8706
95.000	7.2795	0.1137	-0.0143	0.0195	0.0175	-0.0124	0.4899	0.8642
100.000	7.3839	0.1009	-0.0139	0.0189	0.0164	-0.0124	0.5112	0.8534
105.000	7.4770	0.0888	-0.0134	0.0182	0.0152	-0.0124	0.5380	0.8381
110.000	7.5579	0.0775	-0.0128	0.0174	0.0139	-0.0123	0.5696	0.8181
115.000	7.6259	0.0671	-0.0122	0.0164	0.0125	-0.0121	0.6051	0.7932
120.000	7.6813	0.0575	-0.0115	0.0155	0.0111	-0.0118	0.6436	0.7631
125.000	7.7250	0.0488	-0.0107	0.0144	0.0097	-0.0114	0.6843	0.7275
130.000	7.7583	0.0409	-0.0099	0.0133	0.0084	-0.0109	0.7263	0.6861
135.000	7.7830	0.0338	-0.0090	0.0121	0.0070	-0.0103	0.7685	0.6389
140.000	7.8011	0.0273	-0.0081	0.0108	0.0057	-0.0095	0.8099	0.5858
145.000	7.8145	0.0215	-0.0071	0.0095	0.0045	-0.0086	0.8495	0.5270
150.000	7.8247	0.0162	-0.0061	0.0082	0.0034	-0.0076	0.8863	0.4629
155.000	7.8329	0.0116	-0.0051	0.0069	0.0024	-0.0065	0.9191	0.3938
160.000	7.8397	0.0076	-0.0041	0.0055	0.0016	-0.0053	0.9473	0.3204
165.000	7.8453	0.0044	-0.0031	0.0041	0.0009	-0.0041	0.9699	0.2435
170.000	7.8497	0.0020	-0.0020	0.0028	0.0004	-0.0027	0.9865	0.1638
175.000	7.8524	0.0005	-0.0010	0.0014	0.0001	-0.0014	0.9966	0.0824
180.000	7.8534	0.0000	0.0000	0.0000	0.0000	0.0000	1.0000	0.0000
