0.000	11.1498	0.0000	0.0000	0.0000	0.0000	0.0000	1.0000	0.0000
5.000	10.9389	0.0333	0.2075	0.0392	-0.0174	-0.0325	0.9773	-0.0302
10.000	10.4588	0.1245	0.4192	0.0943	-0.0657	-0.0420	0.8984	-0.0671
15.000	10.0416	0.2457	0.6214	0.1742	-0.1307	-0.0093	0.7444	-0.1122
20.000	9.9676	0.3569	0.7831	0.2731	-0.1871	0.0694	0.5187	-0.1583
25.000	10.3456	0.4290	0.8800	0.3730	-0.2122	0.1752	0.2600	-0.1934
30.000	11.1375	0.4589	0.9142	0.4568	-0.1998	0.2800	0.0160	-0.2093
35.000	12.2357	0.4612	0.9062	0.5181	-0.1584	0.3645	-0.1857	-0.2051
40.000	13.5233	0.4515	0.8772	0.5585	-0.1006	0.4226	-0.3406	-0.1841
45.000	14.9014	0.4397	0.8411	0.5827	-0.0364	0.4556	-0.4552	-0.1504
50.000	16.2949	0.4298	0.8051	0.5950	0.0279	0.4679	-0.5385	-0.1070
55.000	17.6495	0.4231	0.7721	0.5989	0.0889	0.4637	-0.5978	-0.0564
60.000	18.9258	0.4191	0.7431	0.5965	0.1448	0.4467	-0.6384	-0.0001
65.000	20.0950	0.4169	0.7180	0.5898	0.1945	0.4197	-0.6640	0.0606
70.000	21.1355	0.4155	0.6964	0.5797	0.2377	0.3852	-0.6768	0.1247
75.000	22.0311	0.4141	0.6778	0.5671	0.2742	0.3450	-0.6781	0.1915
80.000	22.7699	0.4120	0.6617	0.5528	0.3040	0.3006	-0.6690	0.2601
85.000	23.3441	0.4085	0.6477	0.5371	0.3273	0.2533	-0.6496	0.3298
90.000	23.7499	0.4032	0.6352	0.5204	0.3442	0.2043	-0.6203	0.3998
95.000	23.9875	0.3957	0.6239	0.5030	0.3548	0.1544	-0.5809	0.4691
100.000	24.0614	0.3856	0.6133	0.4849	0.3593	0.1046	-0.5312	0.5368
105.000	23.9797	0.3726	0.6029	0.4664	0.3580	0.0558	-0.4709	0.6018
110.000	23.7545	0.3567	0.5921	0.4472	0.3509	0.0088	-0.3999	0.6627
115.000	23.4014	0.3376	0.5803	0.4275	0.3383	-0.0355	-0.3178	0.7178
120.000	22.9386	0.3152	0.5668	0.4069	0.3206	-0.0763	-0.2248	0.7654
125.000	22.3871	0.2897	0.5508	0.3853	0.2979	-0.1125	-0.1210	0.8031
130.000	21.7693	0.2612	0.5314	0.3623	0.2710	-0.1431	-0.0072	0.8287
135.000	21.1092	0.2301	0.5076	0.3377	0.2402	-0.1671	0.1154	0.8394
140.000	20.4312	0.1969	0.4784	0.3110	0.2065	-0.1835	0.2448	0.8324
145.000	19.7599	0.1624	0.4429	0.2819	0.1710	-0.1912	0.3781	0.8051
150.000	19.1193	0.1278	0.4003	0.2500	0.1348	-0.1897	0.5113	0.7552
155.000	18.5323	0.0943	0.3501	0.2150	0.0997	-0.1784	0.6396	0.6811
160.000	18.0198	0.0636	0.2921	0.1770	0.0673	-0.1574	0.7571	0.5827
165.000	17.6004	0.0373	0.2267	0.1359	0.0395	-0.1273	0.8575	0.4611
170.000	17.2893	0.0171	0.1551	0.0922	0.0181	-0.0896	0.9347	0.3197
175.000	17.0979	0.0044	0.0788	0.0466	0.0046	-0.0463	0.9833	0.1638
180.000	17.0332	0.0000	0.0000	0.0000	0.0000	0.0000	1.0000	0.0000
