0.000	5.6468	0.0000	0.0000	0.0000	0.0000	0.0000	1.0000	0.0000
5.000	5.5799	0.0226	0.0703	0.0126	-0.0008	-0.0114	0.9783	0.1937
10.000	5.4172	0.0858	0.1411	0.0284	-0.0026	-0.0190	0.9079	0.3859
15.000	5.2510	0.1754	0.2098	0.0494	-0.0041	-0.0192	0.7783	0.5670
20.000	5.1821	0.2675	0.2693	0.0755	-0.0034	-0.0100	0.5882	0.7180
25.000	5.2802	0.3377	0.3112	0.1034	0.0012	0.0077	0.3572	0.8198
30.000	5.5698	0.3727	0.3317	0.1287	0.0099	0.0294	0.1209	0.8672
35.000	6.0383	0.3751	0.3334	0.1484	0.0216	0.0504	-0.0884	0.8714
40.000	6.6510	0.3563	0.3226	0.1616	0.0346	0.0672	-0.2548	0.8511
45.000	7.3656	0.3282	0.3056	0.1692	0.0476	0.0788	-0.3773	0.8226
50.000	8.1408	0.2986	0.2865	0.1725	0.0597	0.0852	-0.4624	0.7962
55.000	8.9401	0.2717	0.2679	0.1727	0.0704	0.0874	-0.5181	0.7767
60.000	9.7333	0.2490	0.2507	0.1709	0.0797	0.0860	-0.5512	0.7660
65.000	10.4960	0.2305	0.2355	0.1675	0.0874	0.0820	-0.5666	0.7642
70.000	11.2090	0.2158	0.2221	0.1632	0.0937	0.0758	-0.5678	0.7706
75.000	11.8578	0.2039	0.2105	0.1580	0.0985	0.0680	-0.5569	0.7840
80.000	12.4321	0.1940	0.2005	0.1523	0.1019	0.0589	-0.5352	0.8031
85.000	12.9250	0.1853	0.1918	0.1461	0.1039	0.0489	-0.5037	0.8266
90.000	13.3324	0.1771	0.1841	0.1396	0.1046	0.0383	-0.4626	0.8531
95.000	13.6532	0.1688	0.1772	0.1329	0.1041	0.0274	-0.4124	0.8810
100.000	13.8881	0.1600	0.1710	0.1261	0.1022	0.0164	-0.3530	0.9087
105.000	14.0401	0.1506	0.1651	0.1192	0.0992	0.0058	-0.2848	0.9345
110.000	14.1141	0.1403	0.1595	0.1124	0.0950	-0.0044	-0.2078	0.9567
115.000	14.1170	0.1293	0.1538	0.1055	0.0897	-0.0138	-0.1222	0.9735
120.000	14.0576	0.1175	0.1479	0.0988	0.0835	-0.0223	-0.0286	0.9828
125.000	13.9466	0.1051	0.1415	0.0920	0.0763	-0.0295	0.0725	0.9826
130.000	13.7961	0.0924	0.1345	0.0851	0.0683	-0.0354	0.1798	0.9708
135.000	13.6190	0.0794	0.1266	0.0781	0.0597	-0.0398	0.2917	0.9453
140.000	13.4284	0.0664	0.1176	0.0708	0.0506	-0.0424	0.4061	0.9042
145.000	13.2366	0.0536	0.1074	0.0632	0.0414	-0.0431	0.5200	0.8460
150.000	13.0544	0.0414	0.0957	0.0551	0.0322	-0.0419	0.6299	0.7698
155.000	12.8903	0.0301	0.0826	0.0467	0.0235	-0.0387	0.7321	0.6756
160.000	12.7508	0.0200	0.0681	0.0379	0.0157	-0.0337	0.8226	0.5643
165.000	12.6400	0.0116	0.0524	0.0288	0.0091	-0.0269	0.8975	0.4378
170.000	12.5600	0.0053	0.0355	0.0193	0.0042	-0.0188	0.9535	0.2991
175.000	12.5119	0.0013	0.0180	0.0097	0.0011	-0.0096	0.9882	0.1518
180.000	12.4958	0.0000	0.0000	0.0000	0.0000	0.0000	1.0000	0.0000
