0.000	20.7083	0.0000	0.0000	0.0000	0.0000	0.0000	1.0000	0.0000
5.000	19.9880	0.0381	0.0738	0.0193	-0.0137	-0.0156	0.9942	-0.0676
10.000	18.2245	0.1450	0.1552	0.0480	-0.0536	-0.0188	0.9672	-0.1358
15.000	16.2277	0.2976	0.2461	0.0935	-0.1137	0.0027	0.8981	-0.2000
20.000	14.6020	0.4591	0.3400	0.1577	-0.1790	0.0558	0.7750	-0.2506
25.000	13.5442	0.5946	0.4262	0.2349	-0.2304	0.1358	0.6089	-0.2787
30.000	12.9867	0.6874	0.4971	0.3156	-0.2544	0.2291	0.4276	-0.2827
35.000	12.7765	0.7402	0.5513	0.3918	-0.2479	0.3207	0.2570	-0.2671
40.000	12.7701	0.7648	0.5916	0.4594	-0.2154	0.4006	0.1110	-0.2385
45.000	12.8616	0.7729	0.6223	0.5174	-0.1637	0.4640	-0.0071	-0.2024
50.000	12.9806	0.7727	0.6465	0.5664	-0.0994	0.5096	-0.0994	-0.1622
55.000	13.0834	0.7689	0.6668	0.6073	-0.0276	0.5377	-0.1700	-0.1197
60.000	13.1441	0.7638	0.6844	0.6414	0.0480	0.5496	-0.2227	-0.0760
65.000	13.1486	0.7584	0.7003	0.6696	0.1245	0.5463	-0.2608	-0.0313
70.000	13.0899	0.7527	0.7148	0.6927	0.1997	0.5292	-0.2870	0.0144
75.000	12.9659	0.7464	0.7282	0.7113	0.2716	0.4995	-0.3029	0.0610
80.000	12.7776	0.7389	0.7405	0.7260	0.3388	0.4584	-0.3096	0.1087
85.000	12.5279	0.7299	0.7517	0.7370	0.4000	0.4072	-0.3079	0.1575
90.000	12.2218	0.7185	0.7618	0.7448	0.4539	0.3471	-0.2979	0.2072
95.000	11.8652	0.7041	0.7706	0.7494	0.4993	0.2794	-0.2796	0.2576
100.000	11.4654	0.6863	0.7778	0.7508	0.5354	0.2055	-0.2527	0.3085
105.000	11.0306	0.6642	0.7830	0.7491	0.5611	0.1271	-0.2167	0.3591
110.000	10.5697	0.6374	0.7859	0.7440	0.5756	0.0458	-0.1709	0.4087
115.000	10.0922	0.6053	0.7856	0.7350	0.5782	-0.0361	-0.1148	0.4561
120.000	9.6075	0.5675	0.7812	0.7219	0.5684	-0.1163	-0.0479	0.4998
125.000	9.1250	0.5238	0.7717	0.7038	0.5461	-0.1920	0.0302	0.5380
130.000	8.6538	0.4743	0.7557	0.6802	0.5115	-0.2601	0.1193	0.5684
135.000	8.2020	0.4195	0.7317	0.6502	0.4655	-0.3172	0.2185	0.5886
140.000	7.7772	0.3603	0.6980	0.6129	0.4095	-0.3600	0.3264	0.5956
145.000	7.3860	0.2982	0.6533	0.5673	0.3457	-0.3853	0.4403	0.5868
150.000	7.0345	0.2352	0.5961	0.5126	0.2772	-0.3903	0.5567	0.5594
155.000	6.7278	0.1740	0.5255	0.4482	0.2078	-0.3733	0.6708	0.5117
160.000	6.4704	0.1175	0.4414	0.3740	0.1418	-0.3337	0.7768	0.4429
165.000	6.2661	0.0690	0.3445	0.2903	0.0840	-0.2727	0.8685	0.3538
170.000	6.1179	0.0317	0.2365	0.1986	0.0388	-0.1933	0.9395	0.2470
175.000	6.0280	0.0081	0.1204	0.1009	0.0099	-0.1002	0.9845	0.1270
180.000	5.9979	0.0000	0.0000	0.0000	0.0000	0.0000	1.0000	0.0000
