0.000	10.1486	0.0000	0.0000	0.0000	0.0000	0.0000	1.0000	0.0000
5.000	9.9606	0.0323	0.2124	0.0412	-0.0177	-0.0346	0.9761	-0.0354
10.000	9.5312	0.1204	0.4280	0.0981	-0.0669	-0.0461	0.8939	-0.0789
15.000	9.1562	0.2375	0.6320	0.1791	-0.1335	-0.0153	0.7352	-0.1330
20.000	9.0890	0.3445	0.7923	0.2781	-0.1923	0.0623	0.5040	-0.1901
25.000	9.4319	0.4130	0.8840	0.3770	-0.2201	0.1682	0.2392	-0.2367
30.000	10.1546	0.4402	0.9100	0.4588	-0.2103	0.2742	-0.0106	-0.2629
35.000	11.1616	0.4407	0.8918	0.5172	-0.1712	0.3605	-0.2176	-0.2671
40.000	12.3473	0.4301	0.8520	0.5543	-0.1156	0.4206	-0.3774	-0.2526
45.000	13.6212	0.4181	0.8053	0.5752	-0.0537	0.4559	-0.4968	-0.2235
50.000	14.9143	0.4089	0.7594	0.5845	0.0083	0.4708	-0.5851	-0.1834
55.000	16.1763	0.4035	0.7174	0.5857	0.0669	0.4697	-0.6498	-0.1348
60.000	17.3701	0.4013	0.6803	0.5813	0.1204	0.4564	-0.6964	-0.0794
65.000	18.4681	0.4013	0.6479	0.5729	0.1682	0.4338	-0.7283	-0.0185
70.000	19.4489	0.4024	0.6199	0.5617	0.2102	0.4042	-0.7480	0.0470
75.000	20.2954	0.4036	0.5958	0.5485	0.2465	0.3692	-0.7566	0.1163
80.000	20.9945	0.4040	0.5749	0.5339	0.2773	0.3303	-0.7548	0.1887
85.000	21.5364	0.4029	0.5568	0.5185	0.3029	0.2884	-0.7430	0.2635
90.000	21.9155	0.3997	0.5412	0.5024	0.3236	0.2443	-0.7210	0.3399
95.000	22.1303	0.3940	0.5276	0.4861	0.3395	0.1985	-0.6886	0.4171
100.000	22.1840	0.3853	0.5156	0.4697	0.3506	0.1515	-0.6451	0.4942
105.000	22.0848	0.3734	0.5050	0.4533	0.3569	0.1039	-0.5899	0.5700
110.000	21.8456	0.3579	0.4953	0.4368	0.3580	0.0563	-0.5222	0.6430
115.000	21.4841	0.3388	0.4859	0.4203	0.3538	0.0093	-0.4413	0.7111
120.000	21.0214	0.3160	0.4762	0.4034	0.3438	-0.0362	-0.3469	0.7722
125.000	20.4817	0.2897	0.4653	0.3859	0.3279	-0.0789	-0.2386	0.8233
130.000	19.8907	0.2602	0.4522	0.3672	0.3057	-0.1174	-0.1172	0.8612
135.000	19.2744	0.2279	0.4357	0.3467	0.2776	-0.1501	0.0162	0.8824
140.000	18.6579	0.1937	0.4145	0.3237	0.2440	-0.1753	0.1590	0.8831
145.000	18.0642	0.1585	0.3874	0.2974	0.2061	-0.1911	0.3074	0.8601
150.000	17.5136	0.1235	0.3534	0.2672	0.1653	-0.1961	0.4566	0.8106
155.000	17.0229	0.0903	0.3116	0.2325	0.1239	-0.1891	0.6002	0.7331
160.000	16.6057	0.0604	0.2617	0.1933	0.0846	-0.1701	0.7313	0.6279
165.000	16.2720	0.0351	0.2043	0.1496	0.0501	-0.1395	0.8429	0.4970
170.000	16.0291	0.0160	0.1402	0.1021	0.0231	-0.0990	0.9282	0.3445
175.000	15.8817	0.0041	0.0714	0.0518	0.0059	-0.0514	0.9817	0.1763
180.000	15.8322	0.0000	0.0000	0.0000	0.0000	0.0000	1.0000	0.0000
