0.000	21.2594	0.0000	0.0000	0.0000	0.0000	0.0000	1.0000	0.0000
5.000	20.2755	0.0473	0.0304	0.0056	-0.0131	-0.0033	0.9959	-0.0703
10.000	17.9551	0.1788	0.0650	0.0161	-0.0519	0.0028	0.9706	-0.1390
15.000	15.4709	0.3610	0.1048	0.0356	-0.1110	0.0270	0.8987	-0.1982
20.000	13.5360	0.5453	0.1468	0.0652	-0.1761	0.0731	0.7704	-0.2356
25.000	12.2675	0.6919	0.1866	0.1029	-0.2295	0.1362	0.6049	-0.2449
30.000	11.5081	0.7880	0.2217	0.1446	-0.2596	0.2065	0.4338	-0.2293
35.000	11.0672	0.8418	0.2520	0.1873	-0.2646	0.2750	0.2800	-0.1971
40.000	10.8018	0.8675	0.2789	0.2294	-0.2481	0.3365	0.1524	-0.1559
45.000	10.6197	0.8767	0.3039	0.2705	-0.2154	0.3885	0.0508	-0.1107
50.000	10.4642	0.8772	0.3281	0.3109	-0.1711	0.4305	-0.0282	-0.0640
55.000	10.3001	0.8733	0.3523	0.3508	-0.1185	0.4626	-0.0888	-0.0168
60.000	10.1051	0.8672	0.3772	0.3906	-0.0601	0.4854	-0.1345	0.0303
65.000	9.8656	0.8599	0.4029	0.4304	0.0027	0.4993	-0.1677	0.0773
70.000	9.5747	0.8519	0.4298	0.4705	0.0690	0.5046	-0.1898	0.1244
75.000	9.2314	0.8432	0.4576	0.5107	0.1381	0.5012	-0.2018	0.1717
80.000	8.8402	0.8335	0.4862	0.5509	0.2098	0.4885	-0.2041	0.2192
85.000	8.4102	0.8226	0.5151	0.5909	0.2834	0.4659	-0.1964	0.2670
90.000	7.9537	0.8096	0.5436	0.6300	0.3580	0.4322	-0.1787	0.3146
95.000	7.4848	0.7938	0.5709	0.6677	0.4324	0.3865	-0.1504	0.3618
100.000	7.0177	0.7743	0.5958	0.7033	0.5043	0.3276	-0.1112	0.4076
105.000	6.5652	0.7500	0.6172	0.7358	0.5709	0.2552	-0.0609	0.4508
110.000	6.1379	0.7200	0.6341	0.7643	0.6285	0.1698	0.0003	0.4898
115.000	5.7433	0.6834	0.6452	0.7876	0.6732	0.0731	0.0719	0.5227
120.000	5.3859	0.6398	0.6499	0.8044	0.7009	-0.0318	0.1528	0.5475
125.000	5.0677	0.5890	0.6472	0.8133	0.7081	-0.1402	0.2414	0.5623
130.000	4.7889	0.5314	0.6366	0.8124	0.6923	-0.2459	0.3357	0.5655
135.000	4.5483	0.4678	0.6174	0.7998	0.6527	-0.3419	0.4332	0.5560
140.000	4.3444	0.3995	0.5887	0.7734	0.5905	-0.4205	0.5313	0.5331
145.000	4.1750	0.3285	0.5497	0.7312	0.5091	-0.4746	0.6269	0.4970
150.000	4.0378	0.2572	0.4998	0.6716	0.4141	-0.4983	0.7169	0.4486
155.000	3.9302	0.1888	0.4387	0.5942	0.3131	-0.4878	0.7983	0.3894
160.000	3.8492	0.1265	0.3666	0.4995	0.2146	-0.4424	0.8684	0.3212
165.000	3.7914	0.0737	0.2846	0.3894	0.1272	-0.3644	0.9250	0.2462
170.000	3.7532	0.0336	0.1945	0.2668	0.0586	-0.2592	0.9664	0.1665
175.000	3.7317	0.0085	0.0987	0.1356	0.0150	-0.1347	0.9915	0.0839
180.000	3.7248	0.0000	0.0000	0.0001	0.0000	-0.0001	1.0000	0.0000
