0.000	5.2114	0.0000	0.0000	0.0000	0.0000	0.0000	1.0000	0.0000
5.000	5.1287	0.0346	0.1893	0.0330	-0.0075	-0.0287	0.9660	0.1731
10.000	4.9467	0.1299	0.3809	0.0767	-0.0281	-0.0431	0.8527	0.3379
15.000	4.8195	0.2562	0.5596	0.1367	-0.0547	-0.0301	0.6418	0.4735
20.000	4.8974	0.3664	0.6917	0.2070	-0.0749	0.0147	0.3461	0.5518
25.000	5.2619	0.4233	0.7517	0.2723	-0.0778	0.0791	0.0259	0.5630
30.000	5.9161	0.4249	0.7458	0.3201	-0.0621	0.1428	-0.2522	0.5272
35.000	6.8102	0.3941	0.7011	0.3481	-0.0343	0.1922	-0.4584	0.4755
40.000	7.8737	0.3538	0.6428	0.3606	-0.0016	0.2241	-0.5975	0.4296
45.000	9.0368	0.3169	0.5849	0.3630	0.0313	0.2405	-0.6866	0.3987
50.000	10.2404	0.2880	0.5334	0.3592	0.0620	0.2451	-0.7415	0.3845
55.000	11.4381	0.2675	0.4894	0.3518	0.0894	0.2411	-0.7733	0.3856
60.000	12.5947	0.2540	0.4525	0.3422	0.1132	0.2307	-0.7887	0.3996
65.000	13.6836	0.2456	0.4218	0.3312	0.1336	0.2159	-0.7918	0.4243
70.000	14.6845	0.2407	0.3961	0.3195	0.1506	0.1978	-0.7849	0.4576
75.000	15.5818	0.2378	0.3746	0.3073	0.1644	0.1774	-0.7689	0.4978
80.000	16.3635	0.2358	0.3564	0.2949	0.1752	0.1554	-0.7445	0.5434
85.000	17.0210	0.2336	0.3409	0.2824	0.1833	0.1323	-0.7116	0.5929
90.000	17.5489	0.2305	0.3276	0.2700	0.1888	0.1086	-0.6700	0.6450
95.000	17.9452	0.2261	0.3160	0.2577	0.1917	0.0846	-0.6194	0.6984
100.000	18.2115	0.2198	0.3058	0.2456	0.1921	0.0607	-0.5593	0.7517
105.000	18.3534	0.2115	0.2965	0.2336	0.1901	0.0371	-0.4891	0.8032
110.000	18.3801	0.2010	0.2878	0.2217	0.1857	0.0143	-0.4084	0.8511
115.000	18.3041	0.1883	0.2792	0.2099	0.1788	-0.0074	-0.3170	0.8934
120.000	18.1408	0.1734	0.2704	0.1981	0.1694	-0.0276	-0.2148	0.9276
125.000	17.9078	0.1567	0.2608	0.1861	0.1576	-0.0458	-0.1024	0.9511
130.000	17.6239	0.1385	0.2499	0.1737	0.1435	-0.0613	0.0192	0.9612
135.000	17.3079	0.1193	0.2372	0.1608	0.1273	-0.0737	0.1480	0.9549
140.000	16.9782	0.0996	0.2222	0.1471	0.1095	-0.0824	0.2816	0.9297
145.000	16.6515	0.0800	0.2045	0.1324	0.0905	-0.0868	0.4162	0.8834
150.000	16.3424	0.0613	0.1837	0.1167	0.0712	-0.0866	0.5476	0.8146
155.000	16.0631	0.0441	0.1597	0.0998	0.0525	-0.0816	0.6710	0.7231
160.000	15.8234	0.0290	0.1325	0.0816	0.0353	-0.0720	0.7812	0.6096
165.000	15.6304	0.0167	0.1023	0.0624	0.0207	-0.0582	0.8731	0.4765
170.000	15.4893	0.0075	0.0697	0.0422	0.0095	-0.0409	0.9423	0.3273
175.000	15.4034	0.0019	0.0353	0.0213	0.0024	-0.0211	0.9854	0.1666
180.000	15.3746	0.0000	0.0000	0.0000	0.0000	0.0000	1.0000	0.0000
