0.000	7.1416	0.0000	0.0000	0.0000	0.0000	0.0000	1.0000	0.0000
5.000	7.0248	0.0351	0.2476	0.0457	-0.0164	-0.0388	0.9678	0.0332
10.000	6.7751	0.1303	0.4962	0.1074	-0.0617	-0.0537	0.8594	0.0549
15.000	6.6173	0.2531	0.7231	0.1926	-0.1212	-0.0247	0.6572	0.0550
20.000	6.7503	0.3569	0.8851	0.2913	-0.1696	0.0512	0.3765	0.0316
25.000	7.2578	0.4110	0.9560	0.3822	-0.1857	0.1518	0.0756	-0.0040
30.000	8.1152	0.4185	0.9495	0.4496	-0.1673	0.2473	-0.1870	-0.0357
35.000	9.2393	0.4006	0.8997	0.4913	-0.1256	0.3202	-0.3876	-0.0535
40.000	10.5342	0.3762	0.8346	0.5128	-0.0731	0.3671	-0.5308	-0.0547
45.000	11.9150	0.3548	0.7698	0.5207	-0.0185	0.3916	-0.6304	-0.0409
50.000	13.3154	0.3397	0.7113	0.5199	0.0338	0.3988	-0.6990	-0.0145
55.000	14.6859	0.3306	0.6607	0.5134	0.0817	0.3931	-0.7457	0.0222
60.000	15.9903	0.3264	0.6178	0.5032	0.1242	0.3778	-0.7761	0.0673
65.000	17.2011	0.3255	0.5815	0.4907	0.1614	0.3555	-0.7937	0.1193
70.000	18.2970	0.3263	0.5508	0.4766	0.1933	0.3281	-0.8006	0.1769
75.000	19.2610	0.3278	0.5248	0.4615	0.2201	0.2969	-0.7977	0.2391
80.000	20.0797	0.3288	0.5027	0.4458	0.2423	0.2630	-0.7855	0.3049
85.000	20.7433	0.3286	0.4837	0.4297	0.2601	0.2272	-0.7641	0.3735
90.000	21.2454	0.3266	0.4674	0.4136	0.2738	0.1901	-0.7334	0.4439
95.000	21.5838	0.3222	0.4533	0.3975	0.2835	0.1522	-0.6927	0.5151
100.000	21.7611	0.3151	0.4410	0.3816	0.2893	0.1139	-0.6416	0.5861
105.000	21.7843	0.3050	0.4299	0.3659	0.2912	0.0756	-0.5794	0.6555
110.000	21.6658	0.2918	0.4197	0.3503	0.2891	0.0379	-0.5054	0.7217
115.000	21.4219	0.2754	0.4099	0.3347	0.2828	0.0012	-0.4190	0.7827
120.000	21.0733	0.2559	0.3998	0.3191	0.2722	-0.0338	-0.3198	0.8361
125.000	20.6431	0.2334	0.3886	0.3030	0.2571	-0.0660	-0.2080	0.8790
130.000	20.1561	0.2084	0.3756	0.2861	0.2376	-0.0946	-0.0842	0.9082
135.000	19.6374	0.1814	0.3598	0.2681	0.2139	-0.1183	0.0500	0.9205
140.000	19.1114	0.1531	0.3403	0.2483	0.1864	-0.1359	0.1919	0.9123
145.000	18.6002	0.1244	0.3162	0.2263	0.1562	-0.1464	0.3379	0.8808
150.000	18.1232	0.0963	0.2867	0.2018	0.1244	-0.1486	0.4829	0.8237
155.000	17.6964	0.0700	0.2513	0.1744	0.0926	-0.1421	0.6212	0.7400
160.000	17.3326	0.0465	0.2101	0.1441	0.0629	-0.1269	0.7465	0.6302
165.000	17.0413	0.0269	0.1633	0.1110	0.0370	-0.1035	0.8522	0.4965
170.000	16.8290	0.0122	0.1117	0.0755	0.0170	-0.0732	0.9326	0.3430
175.000	16.7001	0.0031	0.0568	0.0382	0.0043	-0.0379	0.9829	0.1752
180.000	16.6569	0.0000	0.0000	0.0000	0.0000	0.0000	1.0000	0.0000
