0.000	21.2014	0.0000	0.0000	0.0000	0.0000	0.0000	1.0000	0.0000
5.000	20.3236	0.0439	0.0476	0.0119	-0.0127	-0.0091	0.9963	-0.0558
10.000	18.2168	0.1670	0.1019	0.0305	-0.0504	-0.0082	0.9737	-0.1092
15.000	15.9041	0.3406	0.1654	0.0615	-0.1077	0.0125	0.9084	-0.1532
20.000	14.0724	0.5204	0.2341	0.1063	-0.1708	0.0582	0.7884	-0.1775
25.000	12.8840	0.6664	0.3006	0.1613	-0.2217	0.1244	0.6290	-0.1770
30.000	12.2147	0.7624	0.3593	0.2201	-0.2479	0.1998	0.4613	-0.1548
35.000	11.8785	0.8145	0.4093	0.2779	-0.2470	0.2734	0.3104	-0.1190
40.000	11.7222	0.8371	0.4520	0.3321	-0.2230	0.3379	0.1880	-0.0771
45.000	11.6426	0.8430	0.4897	0.3820	-0.1815	0.3902	0.0949	-0.0340
50.000	11.5770	0.8407	0.5242	0.4279	-0.1278	0.4294	0.0275	0.0075
55.000	11.4898	0.8349	0.5566	0.4702	-0.0659	0.4554	-0.0189	0.0466
60.000	11.3626	0.8278	0.5876	0.5093	0.0012	0.4685	-0.0485	0.0829
65.000	11.1876	0.8204	0.6175	0.5454	0.0712	0.4692	-0.0649	0.1167
70.000	10.9633	0.8126	0.6464	0.5787	0.1421	0.4578	-0.0707	0.1482
75.000	10.6924	0.8042	0.6740	0.6091	0.2121	0.4346	-0.0676	0.1778
80.000	10.3800	0.7944	0.7002	0.6366	0.2798	0.4001	-0.0570	0.2060
85.000	10.0328	0.7825	0.7246	0.6611	0.3434	0.3549	-0.0398	0.2329
90.000	9.6581	0.7679	0.7468	0.6823	0.4013	0.2997	-0.0164	0.2590
95.000	9.2639	0.7496	0.7664	0.6999	0.4519	0.2355	0.0128	0.2843
100.000	8.8581	0.7270	0.7827	0.7136	0.4936	0.1637	0.0479	0.3089
105.000	8.4484	0.6995	0.7951	0.7230	0.5248	0.0860	0.0890	0.3325
110.000	8.0420	0.6663	0.8028	0.7275	0.5441	0.0047	0.1362	0.3550
115.000	7.6453	0.6273	0.8050	0.7265	0.5505	-0.0776	0.1898	0.3756
120.000	7.2641	0.5821	0.8008	0.7194	0.5433	-0.1577	0.2499	0.3935
125.000	6.9033	0.5311	0.7891	0.7055	0.5223	-0.2323	0.3163	0.4076
130.000	6.5669	0.4747	0.7688	0.6840	0.4880	-0.2978	0.3887	0.4164
135.000	6.2581	0.4140	0.7390	0.6542	0.4417	-0.3505	0.4661	0.4186
140.000	5.9793	0.3502	0.6987	0.6156	0.3856	-0.3871	0.5472	0.4125
145.000	5.7321	0.2854	0.6471	0.5675	0.3224	-0.4049	0.6299	0.3966
150.000	5.5176	0.2216	0.5839	0.5099	0.2556	-0.4019	0.7116	0.3699
155.000	5.3363	0.1614	0.5089	0.4428	0.1894	-0.3774	0.7891	0.3317
160.000	5.1884	0.1075	0.4229	0.3667	0.1278	-0.3320	0.8590	0.2822
165.000	5.0738	0.0624	0.3269	0.2827	0.0749	-0.2676	0.9179	0.2222
170.000	4.9922	0.0284	0.2228	0.1923	0.0343	-0.1877	0.9626	0.1535
175.000	4.9434	0.0072	0.1129	0.0973	0.0087	-0.0968	0.9905	0.0784
180.000	4.9272	0.0000	0.0000	0.0000	0.0000	0.0000	1.0000	0.0000
