0.000	12.3493	0.0000	0.0000	0.0000	0.0000	0.0000	1.0000	0.0000
5.000	12.0998	0.0329	0.1918	0.0370	-0.0172	-0.0306	0.9801	-0.0414
10.000	11.5193	0.1231	0.3890	0.0893	-0.0652	-0.0392	0.9099	-0.0887
15.000	10.9728	0.2445	0.5808	0.1662	-0.1305	-0.0073	0.7702	-0.1421
20.000	10.7666	0.3591	0.7400	0.2632	-0.1891	0.0697	0.5611	-0.1933
25.000	11.0201	0.4375	0.8429	0.3639	-0.2179	0.1748	0.3152	-0.2306
30.000	11.6955	0.4745	0.8882	0.4514	-0.2092	0.2813	0.0772	-0.2466
35.000	12.6825	0.4828	0.8921	0.5178	-0.1701	0.3693	-0.1246	-0.2414
40.000	13.8621	0.4773	0.8735	0.5637	-0.1127	0.4316	-0.2829	-0.2191
45.000	15.1343	0.4679	0.8456	0.5929	-0.0472	0.4685	-0.4024	-0.1840
50.000	16.4241	0.4594	0.8159	0.6096	0.0196	0.4839	-0.4907	-0.1396
55.000	17.6773	0.4532	0.7877	0.6170	0.0838	0.4819	-0.5548	-0.0881
60.000	18.8554	0.4493	0.7623	0.6176	0.1431	0.4660	-0.5999	-0.0313
65.000	19.9300	0.4469	0.7399	0.6131	0.1963	0.4394	-0.6294	0.0298
70.000	20.8803	0.4452	0.7205	0.6049	0.2430	0.4045	-0.6458	0.0942
75.000	21.6907	0.4433	0.7036	0.5937	0.2828	0.3632	-0.6505	0.1612
80.000	22.3502	0.4406	0.6888	0.5804	0.3156	0.3172	-0.6444	0.2300
85.000	22.8514	0.4364	0.6758	0.5655	0.3415	0.2678	-0.6280	0.2998
90.000	23.1910	0.4303	0.6642	0.5493	0.3607	0.2163	-0.6015	0.3700
95.000	23.3698	0.4219	0.6535	0.5321	0.3731	0.1636	-0.5647	0.4396
100.000	23.3921	0.4108	0.6434	0.5142	0.3791	0.1109	-0.5175	0.5078
105.000	23.2663	0.3968	0.6333	0.4955	0.3787	0.0589	-0.4597	0.5734
110.000	23.0044	0.3797	0.6228	0.4762	0.3721	0.0087	-0.3910	0.6350
115.000	22.6217	0.3592	0.6111	0.4560	0.3596	-0.0388	-0.3112	0.6912
120.000	22.1361	0.3353	0.5976	0.4349	0.3415	-0.0826	-0.2202	0.7400
125.000	21.5679	0.3082	0.5814	0.4126	0.3180	-0.1216	-0.1182	0.7794
130.000	20.9390	0.2778	0.5615	0.3888	0.2897	-0.1547	-0.0060	0.8067
135.000	20.2727	0.2447	0.5369	0.3630	0.2573	-0.1807	0.1153	0.8194
140.000	19.5925	0.2094	0.5066	0.3350	0.2215	-0.1986	0.2438	0.8147
145.000	18.9222	0.1728	0.4695	0.3042	0.1837	-0.2072	0.3765	0.7898
150.000	18.2850	0.1360	0.4248	0.2702	0.1451	-0.2057	0.5095	0.7424
155.000	17.7027	0.1004	0.3718	0.2328	0.1074	-0.1936	0.6379	0.6708
160.000	17.1956	0.0677	0.3105	0.1919	0.0726	-0.1709	0.7557	0.5747
165.000	16.7812	0.0397	0.2412	0.1475	0.0427	-0.1384	0.8566	0.4553
170.000	16.4743	0.0182	0.1651	0.1002	0.0196	-0.0974	0.9342	0.3160
175.000	16.2856	0.0046	0.0839	0.0507	0.0050	-0.0503	0.9832	0.1619
180.000	16.2219	0.0000	0.0000	0.0000	0.0000	0.0000	1.0000	0.0000
