0.000	7.8407	0.0000	0.0000	0.0000	0.0000	0.0000	1.0000	0.0000
5.000	7.7804	0.0101	0.0064	0.0028	0.0005	-0.0027	0.9935	0.1130
10.000	7.6148	0.0392	0.0127	0.0059	0.0021	-0.0051	0.9729	0.2277
15.000	7.3849	0.0837	0.0188	0.0097	0.0048	-0.0069	0.9350	0.3441
20.000	7.1433	0.1375	0.0245	0.0143	0.0085	-0.0080	0.8767	0.4604
25.000	6.9401	0.1928	0.0295	0.0197	0.0131	-0.0081	0.7967	0.5721
30.000	6.8114	0.2417	0.0335	0.0256	0.0184	-0.0073	0.6979	0.6736
35.000	6.7759	0.2781	0.0363	0.0316	0.0239	-0.0057	0.5869	0.7598
40.000	6.8363	0.2991	0.0378	0.0372	0.0292	-0.0037	0.4732	0.8281
45.000	6.9833	0.3053	0.0382	0.0421	0.0340	-0.0016	0.3658	0.8787
50.000	7.2012	0.2994	0.0379	0.0460	0.0380	0.0002	0.2715	0.9142
55.000	7.4714	0.2853	0.0370	0.0489	0.0412	0.0015	0.1942	0.9382
60.000	7.7757	0.2663	0.0359	0.0508	0.0435	0.0023	0.1352	0.9541
65.000	8.0977	0.2450	0.0347	0.0518	0.0451	0.0024	0.0939	0.9647
70.000	8.4234	0.2234	0.0336	0.0520	0.0459	0.0019	0.0691	0.9720
75.000	8.7416	0.2024	0.0325	0.0516	0.0461	0.0009	0.0590	0.9773
80.000	9.0434	0.1828	0.0316	0.0507	0.0458	-0.0005	0.0621	0.9809
85.000	9.3223	0.1647	0.0308	0.0494	0.0449	-0.0021	0.0767	0.9831
90.000	9.5738	0.1481	0.0300	0.0478	0.0436	-0.0040	0.1016	0.9835
95.000	9.7950	0.1329	0.0294	0.0458	0.0419	-0.0060	0.1356	0.9815
100.000	9.9847	0.1190	0.0287	0.0437	0.0398	-0.0079	0.1777	0.9766
105.000	10.1428	0.1062	0.0281	0.0414	0.0374	-0.0099	0.2268	0.9678
110.000	10.2701	0.0943	0.0274	0.0389	0.0346	-0.0116	0.2820	0.9545
115.000	10.3684	0.0831	0.0266	0.0364	0.0317	-0.0132	0.3424	0.9356
120.000	10.4403	0.0726	0.0257	0.0337	0.0285	-0.0144	0.4068	0.9103
125.000	10.4886	0.0626	0.0247	0.0310	0.0252	-0.0154	0.4741	0.8779
130.000	10.5164	0.0532	0.0235	0.0283	0.0219	-0.0160	0.5431	0.8377
135.000	10.5273	0.0443	0.0220	0.0255	0.0185	-0.0161	0.6124	0.7890
140.000	10.5247	0.0359	0.0204	0.0227	0.0153	-0.0158	0.6805	0.7316
145.000	10.5120	0.0282	0.0185	0.0198	0.0121	-0.0151	0.7459	0.6653
150.000	10.4927	0.0212	0.0164	0.0170	0.0092	-0.0139	0.8068	0.5902
155.000	10.4699	0.0150	0.0141	0.0142	0.0066	-0.0123	0.8619	0.5067
160.000	10.4467	0.0097	0.0115	0.0113	0.0043	-0.0104	0.9094	0.4156
165.000	10.4256	0.0056	0.0088	0.0085	0.0025	-0.0081	0.9481	0.3179
170.000	10.4089	0.0025	0.0060	0.0057	0.0011	-0.0055	0.9766	0.2150
175.000	10.3982	0.0006	0.0030	0.0028	0.0003	-0.0028	0.9941	0.1085
180.000	10.3946	0.0000	0.0000	0.0000	0.0000	0.0000	1.0000	0.0000
