0.000	21.7700	0.0000	0.0000	0.0000	0.0000	0.0000	1.0000	0.0000
5.000	20.8986	0.0410	0.0480	0.0122	-0.0130	-0.0094	0.9952	-0.0735
10.000	18.7943	0.1555	0.1015	0.0314	-0.0509	-0.0084	0.9706	-0.1472
15.000	16.4503	0.3166	0.1621	0.0629	-0.1082	0.0130	0.9050	-0.2157
20.000	14.5415	0.4847	0.2255	0.1081	-0.1711	0.0599	0.7880	-0.2684
25.000	13.2406	0.6252	0.2852	0.1634	-0.2224	0.1282	0.6326	-0.2973
30.000	12.4453	0.7235	0.3365	0.2227	-0.2502	0.2072	0.4649	-0.3020
35.000	11.9907	0.7834	0.3785	0.2812	-0.2517	0.2858	0.3071	-0.2875
40.000	11.7389	0.8159	0.4126	0.3359	-0.2303	0.3567	0.1701	-0.2603
45.000	11.5943	0.8314	0.4410	0.3863	-0.1914	0.4160	0.0562	-0.2251
50.000	11.4948	0.8373	0.4655	0.4326	-0.1404	0.4627	-0.0364	-0.1850
55.000	11.3995	0.8379	0.4877	0.4752	-0.0814	0.4970	-0.1109	-0.1417
60.000	11.2813	0.8357	0.5086	0.5150	-0.0172	0.5193	-0.1700	-0.0962
65.000	11.1219	0.8318	0.5291	0.5523	0.0501	0.5306	-0.2160	-0.0489
70.000	10.9104	0.8269	0.5494	0.5875	0.1193	0.5315	-0.2505	0.0000
75.000	10.6418	0.8211	0.5699	0.6208	0.1896	0.5221	-0.2744	0.0502
80.000	10.3170	0.8141	0.5905	0.6521	0.2602	0.5026	-0.2883	0.1018
85.000	9.9415	0.8057	0.6109	0.6815	0.3306	0.4727	-0.2923	0.1547
90.000	9.5249	0.7952	0.6308	0.7086	0.3998	0.4320	-0.2861	0.2087
95.000	9.0790	0.7821	0.6494	0.7333	0.4667	0.3800	-0.2695	0.2634
100.000	8.6168	0.7655	0.6662	0.7551	0.5294	0.3165	-0.2420	0.3182
105.000	8.1507	0.7446	0.6806	0.7737	0.5857	0.2416	-0.2032	0.3721
110.000	7.6917	0.7183	0.6918	0.7890	0.6330	0.1561	-0.1526	0.4238
115.000	7.2486	0.6860	0.6993	0.8005	0.6685	0.0617	-0.0902	0.4714
120.000	6.8281	0.6471	0.7026	0.8075	0.6890	-0.0390	-0.0160	0.5130
125.000	6.4350	0.6010	0.7008	0.8091	0.6919	-0.1421	0.0693	0.5464
130.000	6.0726	0.5478	0.6931	0.8040	0.6751	-0.2429	0.1648	0.5692
135.000	5.7432	0.4878	0.6781	0.7901	0.6375	-0.3353	0.2688	0.5792
140.000	5.4485	0.4217	0.6540	0.7651	0.5795	-0.4127	0.3789	0.5745
145.000	5.1899	0.3512	0.6190	0.7264	0.5034	-0.4682	0.4921	0.5535
150.000	4.9681	0.2785	0.5710	0.6715	0.4133	-0.4954	0.6044	0.5156
155.000	4.7835	0.2069	0.5084	0.5987	0.3157	-0.4894	0.7111	0.4606
160.000	4.6355	0.1402	0.4307	0.5073	0.2186	-0.4480	0.8073	0.3898
165.000	4.5231	0.0825	0.3383	0.3984	0.1307	-0.3723	0.8881	0.3052
170.000	4.4445	0.0379	0.2333	0.2747	0.0607	-0.2667	0.9491	0.2098
175.000	4.3983	0.0097	0.1191	0.1402	0.0156	-0.1392	0.9871	0.1068
180.000	4.3830	0.0000	0.0001	0.0001	0.0000	-0.0001	1.0000	0.0000
