0.000	6.3858	0.0000	0.0000	0.0000	0.0000	0.0000	1.0000	0.0000
5.000	6.2970	0.0236	0.0652	0.0116	-0.0005	-0.0104	0.9815	0.1785
10.000	6.0754	0.0901	0.1316	0.0269	-0.0014	-0.0169	0.9201	0.3582
15.000	5.8307	0.1858	0.1972	0.0483	-0.0017	-0.0156	0.8030	0.5329
20.000	5.6838	0.2863	0.2557	0.0761	0.0005	-0.0041	0.6238	0.6850
25.000	5.7206	0.3644	0.2985	0.1073	0.0066	0.0168	0.3979	0.7944
30.000	5.9738	0.4035	0.3207	0.1369	0.0168	0.0425	0.1600	0.8517
35.000	6.4309	0.4048	0.3243	0.1607	0.0298	0.0672	-0.0544	0.8651
40.000	7.0522	0.3811	0.3153	0.1773	0.0441	0.0870	-0.2256	0.8523
45.000	7.7884	0.3463	0.3000	0.1873	0.0581	0.1003	-0.3508	0.8298
50.000	8.5915	0.3098	0.2829	0.1921	0.0711	0.1075	-0.4362	0.8087
55.000	9.4204	0.2766	0.2665	0.1930	0.0827	0.1095	-0.4901	0.7942
60.000	10.2423	0.2485	0.2517	0.1914	0.0927	0.1073	-0.5199	0.7881
65.000	11.0319	0.2255	0.2389	0.1878	0.1010	0.1018	-0.5311	0.7904
70.000	11.7706	0.2071	0.2279	0.1829	0.1076	0.0940	-0.5275	0.8000
75.000	12.4449	0.1922	0.2186	0.1770	0.1126	0.0843	-0.5115	0.8156
80.000	13.0450	0.1801	0.2107	0.1704	0.1160	0.0733	-0.4848	0.8357
85.000	13.5648	0.1700	0.2039	0.1634	0.1178	0.0615	-0.4483	0.8588
90.000	14.0006	0.1610	0.1979	0.1559	0.1180	0.0492	-0.4027	0.8836
95.000	14.3514	0.1528	0.1925	0.1482	0.1167	0.0367	-0.3483	0.9084
100.000	14.6185	0.1448	0.1875	0.1403	0.1140	0.0243	-0.2855	0.9319
105.000	14.8051	0.1367	0.1825	0.1322	0.1099	0.0123	-0.2145	0.9525
110.000	14.9163	0.1282	0.1774	0.1240	0.1045	0.0009	-0.1356	0.9686
115.000	14.9588	0.1190	0.1719	0.1157	0.0978	-0.0096	-0.0493	0.9786
120.000	14.9404	0.1091	0.1659	0.1074	0.0902	-0.0190	0.0437	0.9807
125.000	14.8698	0.0984	0.1591	0.0989	0.0816	-0.0270	0.1424	0.9732
130.000	14.7566	0.0870	0.1513	0.0904	0.0723	-0.0335	0.2456	0.9545
135.000	14.6104	0.0751	0.1423	0.0818	0.0625	-0.0383	0.3515	0.9230
140.000	14.4414	0.0630	0.1320	0.0731	0.0524	-0.0411	0.4582	0.8772
145.000	14.2600	0.0509	0.1202	0.0644	0.0423	-0.0420	0.5632	0.8163
150.000	14.0761	0.0392	0.1069	0.0555	0.0327	-0.0409	0.6638	0.7395
155.000	13.8998	0.0284	0.0921	0.0465	0.0237	-0.0378	0.7567	0.6468
160.000	13.7405	0.0188	0.0758	0.0374	0.0157	-0.0328	0.8387	0.5390
165.000	13.6067	0.0109	0.0581	0.0282	0.0091	-0.0262	0.9067	0.4177
170.000	13.5055	0.0049	0.0394	0.0189	0.0041	-0.0183	0.9577	0.2851
175.000	13.4425	0.0012	0.0199	0.0095	0.0010	-0.0094	0.9893	0.1447
180.000	13.4210	0.0000	0.0000	0.0000	0.0000	0.0000	1.0000	0.0000
