0.000	6.3485	0.0000	0.0000	0.0000	0.0000	0.0000	1.0000	0.0000
5.000	6.3361	0.0021	-0.0012	0.0006	0.0001	-0.0006	0.9982	0.0605
10.000	6.3003	0.0083	-0.0025	0.0013	0.0003	-0.0013	0.9926	0.1209
15.000	6.2446	0.0181	-0.0038	0.0019	0.0007	-0.0019	0.9833	0.1811
20.000	6.1745	0.0307	-0.0051	0.0026	0.0013	-0.0025	0.9701	0.2408
25.000	6.0964	0.0452	-0.0064	0.0033	0.0019	-0.0031	0.9530	0.2995
30.000	6.0165	0.0605	-0.0077	0.0040	0.0027	-0.0037	0.9323	0.3566
35.000	5.9408	0.0755	-0.0090	0.0046	0.0035	-0.0043	0.9083	0.4114
40.000	5.8735	0.0893	-0.0103	0.0053	0.0043	-0.0048	0.8818	0.4631
45.000	5.8179	0.1010	-0.0115	0.0060	0.0050	-0.0054	0.8536	0.5108
50.000	5.7755	0.1102	-0.0127	0.0066	0.0057	-0.0058	0.8250	0.5541
55.000	5.7466	0.1165	-0.0138	0.0071	0.0064	-0.0063	0.7971	0.5923
60.000	5.7304	0.1200	-0.0147	0.0076	0.0069	-0.0066	0.7710	0.6252
65.000	5.7252	0.1207	-0.0155	0.0081	0.0073	-0.0069	0.7477	0.6528
70.000	5.7291	0.1191	-0.0162	0.0084	0.0075	-0.0072	0.7281	0.6749
75.000	5.7397	0.1153	-0.0167	0.0087	0.0076	-0.0074	0.7127	0.6917
80.000	5.7549	0.1100	-0.0171	0.0088	0.0077	-0.0076	0.7020	0.7034
85.000	5.7725	0.1034	-0.0173	0.0089	0.0075	-0.0077	0.6961	0.7102
90.000	5.7906	0.0960	-0.0174	0.0089	0.0073	-0.0077	0.6952	0.7122
95.000	5.8075	0.0880	-0.0173	0.0089	0.0070	-0.0077	0.6990	0.7095
100.000	5.8222	0.0798	-0.0171	0.0087	0.0067	-0.0077	0.7073	0.7022
105.000	5.8337	0.0714	-0.0168	0.0085	0.0062	-0.0076	0.7197	0.6904
110.000	5.8413	0.0632	-0.0164	0.0083	0.0057	-0.0074	0.7358	0.6740
115.000	5.8450	0.0553	-0.0158	0.0080	0.0052	-0.0072	0.7551	0.6530
120.000	5.8446	0.0476	-0.0151	0.0076	0.0046	-0.0070	0.7771	0.6274
125.000	5.8405	0.0404	-0.0143	0.0072	0.0041	-0.0067	0.8010	0.5972
130.000	5.8332	0.0337	-0.0134	0.0067	0.0035	-0.0063	0.8262	0.5622
135.000	5.8232	0.0275	-0.0124	0.0062	0.0029	-0.0058	0.8520	0.5226
140.000	5.8113	0.0219	-0.0113	0.0056	0.0024	-0.0054	0.8778	0.4785
145.000	5.7982	0.0168	-0.0101	0.0050	0.0019	-0.0048	0.9026	0.4299
150.000	5.7849	0.0124	-0.0089	0.0044	0.0014	-0.0042	0.9260	0.3772
155.000	5.7720	0.0087	-0.0075	0.0037	0.0010	-0.0036	0.9471	0.3208
160.000	5.7604	0.0056	-0.0061	0.0030	0.0006	-0.0029	0.9653	0.2609
165.000	5.7506	0.0031	-0.0046	0.0023	0.0004	-0.0022	0.9801	0.1983
170.000	5.7432	0.0014	-0.0031	0.0015	0.0002	-0.0015	0.9910	0.1335
175.000	5.7386	0.0004	-0.0016	0.0008	0.0000	-0.0008	0.9977	0.0671
180.000	5.7370	0.0000	0.0000	0.0000	0.0000	0.0000	1.0000	0.0000
