0.000	15.7299	0.0000	0.0000	0.0000	0.0000	0.0000	1.0000	0.0000
5.000	15.3746	0.0301	0.1503	0.0336	-0.0165	-0.0283	0.9853	-0.0753
10.000	14.5145	0.1134	0.3060	0.0801	-0.0630	-0.0382	0.9328	-0.1559
15.000	13.5899	0.2281	0.4619	0.1476	-0.1280	-0.0139	0.8258	-0.2406
20.000	12.9628	0.3434	0.6006	0.2340	-0.1908	0.0503	0.6596	-0.3195
25.000	12.7752	0.4338	0.7042	0.3278	-0.2300	0.1436	0.4534	-0.3798
30.000	12.9966	0.4909	0.7664	0.4149	-0.2353	0.2453	0.2392	-0.4136
35.000	13.5236	0.5205	0.7934	0.4866	-0.2090	0.3371	0.0426	-0.4211
40.000	14.2463	0.5333	0.7962	0.5411	-0.1607	0.4093	-0.1248	-0.4068
45.000	15.0744	0.5375	0.7849	0.5798	-0.0999	0.4595	-0.2618	-0.3761
50.000	15.9399	0.5385	0.7665	0.6059	-0.0342	0.4892	-0.3715	-0.3333
55.000	16.7924	0.5386	0.7452	0.6223	0.0317	0.5013	-0.4585	-0.2816
60.000	17.5936	0.5387	0.7235	0.6312	0.0948	0.4989	-0.5264	-0.2231
65.000	18.3142	0.5389	0.7026	0.6345	0.1536	0.4847	-0.5784	-0.1594
70.000	18.9311	0.5389	0.6834	0.6333	0.2073	0.4606	-0.6165	-0.0915
75.000	19.4272	0.5382	0.6661	0.6286	0.2555	0.4285	-0.6422	-0.0200
80.000	19.7906	0.5364	0.6506	0.6208	0.2982	0.3896	-0.6564	0.0543
85.000	20.0145	0.5328	0.6368	0.6107	0.3353	0.3450	-0.6596	0.1310
90.000	20.0968	0.5269	0.6246	0.5986	0.3669	0.2956	-0.6517	0.2096
95.000	20.0400	0.5183	0.6137	0.5851	0.3927	0.2424	-0.6327	0.2894
100.000	19.8503	0.5064	0.6040	0.5705	0.4126	0.1861	-0.6022	0.3696
105.000	19.5379	0.4910	0.5951	0.5553	0.4265	0.1278	-0.5595	0.4492
110.000	19.1159	0.4717	0.5867	0.5398	0.4339	0.0682	-0.5040	0.5269
115.000	18.6005	0.4482	0.5785	0.5241	0.4345	0.0086	-0.4349	0.6010
120.000	18.0106	0.4203	0.5700	0.5083	0.4277	-0.0498	-0.3515	0.6692
125.000	17.3671	0.3882	0.5603	0.4918	0.4130	-0.1056	-0.2533	0.7290
130.000	16.6927	0.3518	0.5483	0.4740	0.3901	-0.1569	-0.1403	0.7771
135.000	16.0106	0.3114	0.5326	0.4538	0.3589	-0.2017	-0.0133	0.8097
140.000	15.3438	0.2679	0.5114	0.4299	0.3197	-0.2373	0.1258	0.8229
145.000	14.7133	0.2220	0.4829	0.4009	0.2735	-0.2611	0.2737	0.8127
150.000	14.1379	0.1754	0.4450	0.3653	0.2221	-0.2705	0.4252	0.7754
155.000	13.6327	0.1299	0.3964	0.3221	0.1684	-0.2635	0.5739	0.7090
160.000	13.2090	0.0878	0.3361	0.2707	0.1161	-0.2390	0.7118	0.6127
165.000	12.8744	0.0516	0.2643	0.2115	0.0693	-0.1974	0.8306	0.4883
170.000	12.6333	0.0237	0.1825	0.1453	0.0322	-0.1410	0.9223	0.3402
175.000	12.4881	0.0060	0.0933	0.0740	0.0083	-0.0735	0.9802	0.1747
180.000	12.4396	0.0000	0.0000	0.0000	0.0000	0.0000	1.0000	0.0000
