0.000	7.4001	0.0000	0.0000	0.0000	0.0000	0.0000	1.0000	0.0000
5.000	7.3659	0.0057	-0.0001	0.0016	0.0003	-0.0016	0.9962	0.0870
10.000	7.2693	0.0223	-0.0003	0.0032	0.0012	-0.0031	0.9844	0.1747
15.000	7.1274	0.0480	-0.0006	0.0050	0.0027	-0.0045	0.9635	0.2633
20.000	6.9636	0.0801	-0.0011	0.0070	0.0047	-0.0059	0.9325	0.3521
25.000	6.8025	0.1151	-0.0017	0.0092	0.0071	-0.0070	0.8907	0.4397
30.000	6.6655	0.1492	-0.0025	0.0115	0.0098	-0.0080	0.8386	0.5238
35.000	6.5677	0.1790	-0.0034	0.0139	0.0126	-0.0088	0.7782	0.6020
40.000	6.5171	0.2019	-0.0044	0.0162	0.0154	-0.0094	0.7125	0.6719
45.000	6.5154	0.2167	-0.0054	0.0183	0.0180	-0.0099	0.6456	0.7322
50.000	6.5593	0.2234	-0.0064	0.0202	0.0201	-0.0102	0.5815	0.7822
55.000	6.6424	0.2229	-0.0073	0.0218	0.0219	-0.0104	0.5235	0.8223
60.000	6.7566	0.2165	-0.0081	0.0230	0.0231	-0.0106	0.4741	0.8533
65.000	6.8935	0.2060	-0.0087	0.0239	0.0239	-0.0108	0.4348	0.8765
70.000	7.0448	0.1928	-0.0092	0.0244	0.0243	-0.0109	0.4061	0.8931
75.000	7.2032	0.1781	-0.0095	0.0246	0.0243	-0.0112	0.3881	0.9041
80.000	7.3624	0.1628	-0.0096	0.0246	0.0240	-0.0114	0.3804	0.9103
85.000	7.5169	0.1476	-0.0096	0.0243	0.0233	-0.0117	0.3823	0.9121
90.000	7.6629	0.1327	-0.0095	0.0238	0.0224	-0.0119	0.3929	0.9099
95.000	7.7971	0.1186	-0.0093	0.0232	0.0213	-0.0122	0.4115	0.9036
100.000	7.9176	0.1053	-0.0089	0.0223	0.0200	-0.0124	0.4372	0.8931
105.000	8.0231	0.0928	-0.0085	0.0214	0.0186	-0.0126	0.4690	0.8782
110.000	8.1134	0.0811	-0.0081	0.0204	0.0170	-0.0126	0.5061	0.8586
115.000	8.1886	0.0702	-0.0076	0.0192	0.0154	-0.0126	0.5474	0.8339
120.000	8.2494	0.0600	-0.0070	0.0180	0.0137	-0.0125	0.5921	0.8036
125.000	8.2972	0.0507	-0.0064	0.0167	0.0120	-0.0122	0.6390	0.7675
130.000	8.3332	0.0420	-0.0058	0.0153	0.0103	-0.0118	0.6871	0.7253
135.000	8.3590	0.0341	-0.0052	0.0139	0.0086	-0.0112	0.7353	0.6769
140.000	8.3764	0.0270	-0.0046	0.0125	0.0070	-0.0105	0.7825	0.6221
145.000	8.3869	0.0207	-0.0040	0.0110	0.0055	-0.0096	0.8275	0.5610
150.000	8.3923	0.0152	-0.0034	0.0095	0.0041	-0.0086	0.8694	0.4939
155.000	8.3938	0.0105	-0.0028	0.0079	0.0029	-0.0074	0.9069	0.4213
160.000	8.3931	0.0067	-0.0022	0.0064	0.0019	-0.0061	0.9391	0.3436
165.000	8.3911	0.0038	-0.0017	0.0048	0.0011	-0.0047	0.9652	0.2616
170.000	8.3890	0.0017	-0.0011	0.0032	0.0005	-0.0032	0.9843	0.1764
175.000	8.3875	0.0004	-0.0006	0.0016	0.0001	-0.0016	0.9961	0.0888
180.000	8.3869	0.0000	0.0000	0.0000	0.0000	0.0000	1.0000	0.0000
