0.000	19.3896	0.0000	0.0000	0.0000	0.0000	0.0000	1.0000	0.0000
5.000	18.8044	0.0349	0.0995	0.0240	-0.0147	-0.0197	0.9919	-0.0709
10.000	17.3656	0.1329	0.2069	0.0593	-0.0572	-0.0246	0.9584	-0.1439
15.000	15.7355	0.2721	0.3228	0.1143	-0.1197	-0.0007	0.8798	-0.2155
20.000	14.4362	0.4185	0.4374	0.1902	-0.1857	0.0592	0.7453	-0.2762
25.000	13.6598	0.5399	0.5369	0.2795	-0.2344	0.1489	0.5669	-0.3159
30.000	13.3622	0.6215	0.6124	0.3702	-0.2525	0.2515	0.3734	-0.3306
35.000	13.4096	0.6663	0.6640	0.4525	-0.2379	0.3496	0.1912	-0.3232
40.000	13.6669	0.6858	0.6968	0.5220	-0.1971	0.4320	0.0347	-0.2998
45.000	14.0286	0.6912	0.7170	0.5781	-0.1382	0.4940	-0.0928	-0.2658
50.000	14.4208	0.6898	0.7295	0.6222	-0.0688	0.5351	-0.1935	-0.2250
55.000	14.7947	0.6859	0.7376	0.6561	0.0056	0.5567	-0.2716	-0.1796
60.000	15.1189	0.6813	0.7432	0.6814	0.0810	0.5608	-0.3311	-0.1310
65.000	15.3739	0.6767	0.7473	0.6996	0.1546	0.5495	-0.3752	-0.0797
70.000	15.5478	0.6720	0.7506	0.7119	0.2245	0.5248	-0.4065	-0.0262
75.000	15.6341	0.6667	0.7535	0.7192	0.2891	0.4886	-0.4265	0.0294
80.000	15.6301	0.6603	0.7560	0.7225	0.3473	0.4427	-0.4362	0.0868
85.000	15.5361	0.6523	0.7581	0.7222	0.3983	0.3885	-0.4364	0.1459
90.000	15.3547	0.6421	0.7598	0.7188	0.4414	0.3275	-0.4272	0.2063
95.000	15.0908	0.6291	0.7610	0.7128	0.4760	0.2611	-0.4084	0.2677
100.000	14.7514	0.6128	0.7613	0.7043	0.5016	0.1909	-0.3799	0.3293
105.000	14.3450	0.5928	0.7606	0.6933	0.5178	0.1181	-0.3410	0.3905
110.000	13.8819	0.5685	0.7583	0.6800	0.5241	0.0445	-0.2913	0.4502
115.000	13.3735	0.5396	0.7537	0.6641	0.5205	-0.0284	-0.2301	0.5071
120.000	12.8322	0.5059	0.7461	0.6453	0.5066	-0.0986	-0.1570	0.5593
125.000	12.2710	0.4671	0.7344	0.6233	0.4827	-0.1639	-0.0718	0.6050
130.000	11.7030	0.4234	0.7173	0.5974	0.4490	-0.2220	0.0255	0.6415
135.000	11.1413	0.3750	0.6935	0.5670	0.4064	-0.2704	0.1339	0.6661
140.000	10.5987	0.3228	0.6613	0.5314	0.3561	-0.3065	0.2521	0.6757
145.000	10.0871	0.2679	0.6191	0.4895	0.2999	-0.3278	0.3772	0.6670
150.000	9.6180	0.2120	0.5656	0.4407	0.2401	-0.3320	0.5056	0.6371
155.000	9.2018	0.1574	0.4995	0.3844	0.1798	-0.3177	0.6319	0.5839
160.000	8.8476	0.1067	0.4204	0.3201	0.1228	-0.2842	0.7498	0.5063
165.000	8.5634	0.0629	0.3287	0.2482	0.0727	-0.2325	0.8522	0.4050
170.000	8.3556	0.0289	0.2260	0.1697	0.0336	-0.1649	0.9319	0.2831
175.000	8.2290	0.0074	0.1152	0.0862	0.0086	-0.0856	0.9826	0.1457
180.000	8.1864	0.0000	0.0000	0.0000	0.0000	0.0000	1.0000	0.0000
