0.000	19.8469	0.0000	0.0000	0.0000	0.0000	0.0000	1.0000	0.0000
5.000	19.2241	0.0356	0.0920	0.0227	-0.0144	-0.0186	0.9926	-0.0704
10.000	17.6932	0.1356	0.1919	0.0562	-0.0561	-0.0231	0.9612	-0.1424
15.000	15.9545	0.2780	0.3007	0.1086	-0.1179	0.0000	0.8861	-0.2124
20.000	14.5535	0.4282	0.4098	0.1814	-0.1836	0.0579	0.7558	-0.2708
25.000	13.6865	0.5537	0.5063	0.2677	-0.2332	0.1451	0.5819	-0.3079
30.000	13.3046	0.6387	0.5814	0.3560	-0.2531	0.2455	0.3924	-0.3202
35.000	13.2701	0.6863	0.6346	0.4373	-0.2408	0.3424	0.2135	-0.3110
40.000	13.4458	0.7077	0.6703	0.5069	-0.2021	0.4247	0.0596	-0.2865
45.000	13.7257	0.7140	0.6941	0.5642	-0.1449	0.4877	-0.0658	-0.2522
50.000	14.0366	0.7132	0.7103	0.6102	-0.0766	0.5304	-0.1648	-0.2117
55.000	14.3305	0.7094	0.7220	0.6465	-0.0025	0.5541	-0.2415	-0.1674
60.000	14.5772	0.7048	0.7311	0.6745	0.0732	0.5604	-0.2999	-0.1202
65.000	14.7582	0.7000	0.7385	0.6957	0.1479	0.5512	-0.3432	-0.0709
70.000	14.8630	0.6951	0.7449	0.7110	0.2193	0.5285	-0.3738	-0.0197
75.000	14.8862	0.6896	0.7506	0.7214	0.2860	0.4938	-0.3934	0.0334
80.000	14.8262	0.6829	0.7557	0.7276	0.3467	0.4489	-0.4030	0.0883
85.000	14.6843	0.6746	0.7602	0.7301	0.4005	0.3951	-0.4033	0.1447
90.000	14.4642	0.6640	0.7641	0.7294	0.4464	0.3340	-0.3944	0.2024
95.000	14.1712	0.6505	0.7672	0.7258	0.4839	0.2669	-0.3762	0.2611
100.000	13.8124	0.6337	0.7692	0.7195	0.5122	0.1952	-0.3484	0.3203
105.000	13.3963	0.6130	0.7699	0.7106	0.5308	0.1206	-0.3106	0.3791
110.000	12.9327	0.5879	0.7688	0.6991	0.5392	0.0447	-0.2621	0.4366
115.000	12.4322	0.5581	0.7653	0.6847	0.5370	-0.0308	-0.2024	0.4914
120.000	11.9062	0.5232	0.7584	0.6672	0.5240	-0.1037	-0.1311	0.5419
125.000	11.3664	0.4831	0.7472	0.6460	0.5004	-0.1718	-0.0478	0.5860
130.000	10.8246	0.4379	0.7304	0.6206	0.4663	-0.2325	0.0472	0.6214
135.000	10.2924	0.3879	0.7066	0.5902	0.4227	-0.2831	0.1533	0.6452
140.000	9.7811	0.3339	0.6741	0.5539	0.3707	-0.3209	0.2688	0.6544
145.000	9.3013	0.2771	0.6314	0.5110	0.3124	-0.3431	0.3913	0.6460
150.000	8.8632	0.2193	0.5768	0.4605	0.2502	-0.3475	0.5168	0.6171
155.000	8.4756	0.1628	0.5095	0.4018	0.1875	-0.3324	0.6403	0.5655
160.000	8.1468	0.1103	0.4288	0.3347	0.1280	-0.2974	0.7556	0.4902
165.000	7.8835	0.0650	0.3352	0.2596	0.0758	-0.2432	0.8556	0.3921
170.000	7.6913	0.0299	0.2305	0.1775	0.0350	-0.1725	0.9335	0.2740
175.000	7.5743	0.0076	0.1175	0.0901	0.0090	-0.0895	0.9830	0.1410
180.000	7.5350	0.0000	0.0000	0.0000	0.0000	0.0000	1.0000	0.0000
