0.000	5.5265	0.0000	0.0000	0.0000	0.0000	0.0000	1.0000	0.0000
5.000	5.4440	0.0347	0.1774	0.0297	-0.0063	-0.0255	0.9664	0.1834
10.000	5.2657	0.1298	0.3562	0.0697	-0.0232	-0.0373	0.8545	0.3593
15.000	5.1523	0.2553	0.5220	0.1255	-0.0444	-0.0229	0.6468	0.5072
20.000	5.2608	0.3641	0.6439	0.1917	-0.0590	0.0209	0.3571	0.5984
25.000	5.6759	0.4198	0.6996	0.2539	-0.0581	0.0823	0.0446	0.6218
30.000	6.3995	0.4209	0.6958	0.3004	-0.0413	0.1421	-0.2260	0.5966
35.000	7.3784	0.3900	0.6575	0.3287	-0.0143	0.1881	-0.4264	0.5534
40.000	8.5368	0.3493	0.6073	0.3426	0.0165	0.2174	-0.5611	0.5140
45.000	9.7996	0.3115	0.5579	0.3468	0.0472	0.2321	-0.6463	0.4880
50.000	11.1032	0.2811	0.5142	0.3450	0.0758	0.2356	-0.6974	0.4775
55.000	12.3975	0.2585	0.4774	0.3395	0.1013	0.2308	-0.7248	0.4812
60.000	13.6448	0.2426	0.4471	0.3316	0.1236	0.2199	-0.7354	0.4968
65.000	14.8172	0.2317	0.4222	0.3222	0.1426	0.2046	-0.7329	0.5220
70.000	15.8942	0.2242	0.4017	0.3117	0.1582	0.1859	-0.7198	0.5548
75.000	16.8610	0.2190	0.3847	0.3005	0.1707	0.1650	-0.6972	0.5932
80.000	17.7070	0.2149	0.3705	0.2888	0.1800	0.1424	-0.6658	0.6356
85.000	18.4253	0.2111	0.3584	0.2768	0.1863	0.1188	-0.6258	0.6805
90.000	19.0125	0.2071	0.3479	0.2645	0.1896	0.0948	-0.5773	0.7265
95.000	19.4679	0.2023	0.3385	0.2521	0.1902	0.0708	-0.5202	0.7722
100.000	19.7939	0.1964	0.3297	0.2396	0.1880	0.0472	-0.4545	0.8161
105.000	19.9957	0.1892	0.3213	0.2271	0.1832	0.0245	-0.3799	0.8568
110.000	20.0811	0.1805	0.3128	0.2144	0.1760	0.0031	-0.2966	0.8925
115.000	20.0601	0.1701	0.3038	0.2017	0.1665	-0.0167	-0.2047	0.9217
120.000	19.9452	0.1582	0.2939	0.1889	0.1549	-0.0345	-0.1046	0.9424
125.000	19.7504	0.1446	0.2827	0.1758	0.1415	-0.0498	0.0030	0.9527
130.000	19.4915	0.1296	0.2699	0.1625	0.1265	-0.0623	0.1169	0.9504
135.000	19.1849	0.1134	0.2550	0.1487	0.1103	-0.0717	0.2357	0.9335
140.000	18.8481	0.0964	0.2376	0.1346	0.0933	-0.0776	0.3570	0.9001
145.000	18.4986	0.0789	0.2175	0.1198	0.0760	-0.0798	0.4781	0.8486
150.000	18.1535	0.0616	0.1944	0.1045	0.0591	-0.0781	0.5957	0.7778
155.000	17.8293	0.0451	0.1682	0.0885	0.0431	-0.0726	0.7057	0.6873
160.000	17.5410	0.0302	0.1390	0.0718	0.0288	-0.0634	0.8040	0.5777
165.000	17.3019	0.0176	0.1070	0.0545	0.0167	-0.0508	0.8861	0.4507
170.000	17.1229	0.0080	0.0728	0.0366	0.0076	-0.0355	0.9482	0.3092
175.000	17.0122	0.0020	0.0368	0.0184	0.0019	-0.0183	0.9869	0.1573
180.000	16.9747	0.0000	0.0000	0.0000	0.0000	0.0000	1.0000	0.0000
