0.000	17.1730	0.0000	0.0000	0.0000	0.0000	0.0000	1.0000	0.0000
5.000	16.7385	0.0314	0.1292	0.0279	-0.0157	-0.0229	0.9880	-0.0792
10.000	15.6725	0.1187	0.2649	0.0682	-0.0602	-0.0286	0.9432	-0.1623
15.000	14.4826	0.2412	0.4042	0.1295	-0.1241	-0.0016	0.8478	-0.2471
20.000	13.5880	0.3674	0.5332	0.2120	-0.1884	0.0647	0.6937	-0.3236
25.000	13.1581	0.4691	0.6350	0.3058	-0.2320	0.1614	0.4963	-0.3796
30.000	13.1659	0.5347	0.7016	0.3973	-0.2425	0.2688	0.2861	-0.4085
35.000	13.5009	0.5688	0.7363	0.4765	-0.2205	0.3678	0.0900	-0.4115
40.000	14.0439	0.5825	0.7483	0.5396	-0.1743	0.4473	-0.0784	-0.3941
45.000	14.6973	0.5855	0.7465	0.5872	-0.1133	0.5041	-0.2164	-0.3619
50.000	15.3893	0.5843	0.7373	0.6215	-0.0453	0.5389	-0.3271	-0.3191
55.000	16.0689	0.5820	0.7248	0.6453	0.0243	0.5546	-0.4147	-0.2687
60.000	16.7006	0.5798	0.7114	0.6606	0.0923	0.5542	-0.4832	-0.2124
65.000	17.2585	0.5779	0.6983	0.6695	0.1566	0.5406	-0.5357	-0.1512
70.000	17.7243	0.5761	0.6860	0.6732	0.2162	0.5162	-0.5745	-0.0860
75.000	18.0847	0.5738	0.6749	0.6728	0.2707	0.4830	-0.6010	-0.0173
80.000	18.3309	0.5705	0.6648	0.6692	0.3197	0.4424	-0.6161	0.0545
85.000	18.4580	0.5657	0.6558	0.6631	0.3632	0.3957	-0.6201	0.1287
90.000	18.4646	0.5587	0.6479	0.6549	0.4012	0.3436	-0.6131	0.2049
95.000	18.3529	0.5492	0.6408	0.6450	0.4334	0.2870	-0.5949	0.2823
100.000	18.1288	0.5366	0.6344	0.6339	0.4596	0.2265	-0.5650	0.3602
105.000	17.8013	0.5205	0.6286	0.6218	0.4792	0.1627	-0.5227	0.4374
110.000	17.3825	0.5004	0.6231	0.6088	0.4916	0.0964	-0.4673	0.5124
115.000	16.8872	0.4759	0.6174	0.5948	0.4960	0.0288	-0.3982	0.5836
120.000	16.3324	0.4469	0.6109	0.5797	0.4916	-0.0389	-0.3148	0.6487
125.000	15.7364	0.4131	0.6027	0.5629	0.4774	-0.1045	-0.2168	0.7051
130.000	15.1185	0.3746	0.5914	0.5438	0.4530	-0.1659	-0.1046	0.7496
135.000	14.4978	0.3318	0.5755	0.5212	0.4181	-0.2200	0.0207	0.7789
140.000	13.8926	0.2853	0.5531	0.4939	0.3732	-0.2638	0.1571	0.7893
145.000	13.3199	0.2364	0.5223	0.4604	0.3197	-0.2937	0.3011	0.7773
150.000	12.7949	0.1866	0.4813	0.4194	0.2599	-0.3067	0.4478	0.7398
155.000	12.3306	0.1381	0.4284	0.3698	0.1972	-0.3003	0.5911	0.6750
160.000	11.9373	0.0933	0.3631	0.3109	0.1360	-0.2734	0.7236	0.5826
165.000	11.6236	0.0548	0.2854	0.2429	0.0812	-0.2264	0.8375	0.4639
170.000	11.3954	0.0251	0.1971	0.1670	0.0377	-0.1620	0.9254	0.3231
175.000	11.2568	0.0064	0.1007	0.0851	0.0097	-0.0845	0.9810	0.1659
180.000	11.2104	0.0000	0.0000	0.0000	0.0000	0.0000	1.0000	0.0000
