0.000	20.4438	0.0000	0.0000	0.0000	0.0000	0.0000	1.0000	0.0000
5.000	19.8084	0.0343	0.0864	0.0200	-0.0140	-0.0160	0.9923	-0.0816
10.000	18.2394	0.1305	0.1794	0.0500	-0.0543	-0.0183	0.9606	-0.1653
15.000	16.4387	0.2674	0.2795	0.0975	-0.1138	0.0061	0.8864	-0.2475
20.000	14.9553	0.4128	0.3790	0.1644	-0.1772	0.0638	0.7592	-0.3179
25.000	13.9917	0.5362	0.4663	0.2445	-0.2255	0.1494	0.5896	-0.3662
30.000	13.5073	0.6226	0.5339	0.3279	-0.2459	0.2481	0.4028	-0.3879
35.000	13.3721	0.6739	0.5812	0.4058	-0.2359	0.3439	0.2235	-0.3860
40.000	13.4554	0.6998	0.6120	0.4738	-0.2006	0.4262	0.0655	-0.3662
45.000	13.6560	0.7104	0.6314	0.5307	-0.1477	0.4902	-0.0669	-0.3342
50.000	13.9025	0.7130	0.6437	0.5774	-0.0841	0.5353	-0.1751	-0.2940
55.000	14.1469	0.7118	0.6518	0.6152	-0.0151	0.5626	-0.2622	-0.2481
60.000	14.3569	0.7091	0.6575	0.6457	0.0556	0.5740	-0.3318	-0.1978
65.000	14.5113	0.7057	0.6622	0.6700	0.1258	0.5716	-0.3864	-0.1438
70.000	14.5964	0.7017	0.6662	0.6893	0.1938	0.5572	-0.4281	-0.0865
75.000	14.6044	0.6971	0.6700	0.7042	0.2589	0.5323	-0.4582	-0.0262
80.000	14.5317	0.6915	0.6736	0.7153	0.3203	0.4979	-0.4774	0.0369
85.000	14.3786	0.6844	0.6771	0.7231	0.3776	0.4549	-0.4860	0.1025
90.000	14.1485	0.6753	0.6802	0.7280	0.4302	0.4038	-0.4838	0.1703
95.000	13.8472	0.6636	0.6831	0.7302	0.4776	0.3451	-0.4707	0.2396
100.000	13.4828	0.6489	0.6854	0.7300	0.5189	0.2794	-0.4460	0.3095
105.000	13.0646	0.6305	0.6872	0.7276	0.5530	0.2073	-0.4091	0.3789
110.000	12.6032	0.6078	0.6881	0.7231	0.5785	0.1295	-0.3594	0.4465
115.000	12.1098	0.5802	0.6878	0.7164	0.5941	0.0476	-0.2963	0.5105
120.000	11.5961	0.5472	0.6858	0.7074	0.5982	-0.0366	-0.2194	0.5688
125.000	11.0737	0.5084	0.6810	0.6954	0.5893	-0.1205	-0.1287	0.6189
130.000	10.5542	0.4637	0.6722	0.6794	0.5662	-0.2008	-0.0246	0.6582
135.000	10.0488	0.4133	0.6577	0.6582	0.5285	-0.2734	0.0917	0.6836
140.000	9.5676	0.3577	0.6354	0.6299	0.4765	-0.3335	0.2182	0.6922
145.000	9.1205	0.2984	0.6031	0.5927	0.4118	-0.3764	0.3516	0.6810
150.000	8.7158	0.2372	0.5583	0.5445	0.3373	-0.3973	0.4875	0.6475
155.000	8.3611	0.1766	0.4992	0.4837	0.2577	-0.3925	0.6203	0.5903
160.000	8.0627	0.1200	0.4247	0.4094	0.1787	-0.3599	0.7431	0.5091
165.000	7.8254	0.0709	0.3350	0.3216	0.1072	-0.2997	0.8489	0.4052
170.000	7.6533	0.0326	0.2319	0.2220	0.0499	-0.2153	0.9306	0.2821
175.000	7.5490	0.0083	0.1187	0.1134	0.0128	-0.1125	0.9823	0.1448
180.000	7.5140	0.0000	0.0000	0.0000	0.0000	0.0000	1.0000	0.0000
