0.000	5.9553	0.0000	0.0000	0.0000	0.0000	0.0000	1.0000	0.0000
5.000	5.8660	0.0281	0.1007	0.0173	-0.0019	-0.0152	0.9764	0.1893
10.000	5.6519	0.1068	0.2033	0.0403	-0.0069	-0.0236	0.8975	0.3779
15.000	5.4425	0.2171	0.3033	0.0730	-0.0125	-0.0189	0.7473	0.5543
20.000	5.3743	0.3261	0.3874	0.1146	-0.0150	0.0025	0.5234	0.6947
25.000	5.5355	0.4003	0.4411	0.1586	-0.0108	0.0373	0.2552	0.7770
30.000	5.9493	0.4257	0.4600	0.1970	0.0008	0.0763	-0.0075	0.8001
35.000	6.5887	0.4116	0.4518	0.2248	0.0176	0.1106	-0.2260	0.7832
40.000	7.4000	0.3769	0.4288	0.2419	0.0369	0.1356	-0.3877	0.7500
45.000	8.3233	0.3367	0.4007	0.2504	0.0563	0.1508	-0.4983	0.7173
50.000	9.3036	0.2994	0.3731	0.2530	0.0744	0.1575	-0.5691	0.6935
55.000	10.2959	0.2682	0.3483	0.2514	0.0907	0.1576	-0.6108	0.6811
60.000	11.2653	0.2435	0.3270	0.2472	0.1049	0.1525	-0.6311	0.6800
65.000	12.1855	0.2245	0.3091	0.2411	0.1169	0.1436	-0.6352	0.6888
70.000	13.0375	0.2101	0.2942	0.2338	0.1266	0.1319	-0.6264	0.7058
75.000	13.8075	0.1990	0.2817	0.2256	0.1342	0.1181	-0.6068	0.7292
80.000	14.4857	0.1902	0.2712	0.2168	0.1397	0.1029	-0.5774	0.7575
85.000	15.0658	0.1828	0.2622	0.2075	0.1431	0.0867	-0.5390	0.7889
90.000	15.5445	0.1762	0.2545	0.1980	0.1444	0.0700	-0.4918	0.8221
95.000	15.9210	0.1697	0.2475	0.1882	0.1438	0.0533	-0.4360	0.8555
100.000	16.1973	0.1629	0.2410	0.1783	0.1413	0.0367	-0.3716	0.8876
105.000	16.3774	0.1555	0.2348	0.1682	0.1369	0.0206	-0.2988	0.9168
110.000	16.4676	0.1471	0.2284	0.1580	0.1309	0.0053	-0.2177	0.9416
115.000	16.4760	0.1377	0.2216	0.1477	0.1233	-0.0088	-0.1285	0.9602
120.000	16.4123	0.1271	0.2142	0.1374	0.1142	-0.0216	-0.0319	0.9707
125.000	16.2872	0.1154	0.2058	0.1269	0.1038	-0.0326	0.0713	0.9714
130.000	16.1123	0.1027	0.1961	0.1163	0.0924	-0.0416	0.1800	0.9602
135.000	15.8999	0.0891	0.1849	0.1056	0.0802	-0.0483	0.2924	0.9353
140.000	15.6624	0.0751	0.1719	0.0948	0.0675	-0.0526	0.4065	0.8951
145.000	15.4127	0.0610	0.1570	0.0837	0.0548	-0.0542	0.5197	0.8382
150.000	15.1635	0.0472	0.1400	0.0724	0.0424	-0.0531	0.6288	0.7638
155.000	14.9270	0.0343	0.1209	0.0609	0.0308	-0.0494	0.7304	0.6716
160.000	14.7150	0.0228	0.0997	0.0492	0.0205	-0.0431	0.8208	0.5621
165.000	14.5379	0.0132	0.0766	0.0372	0.0119	-0.0345	0.8960	0.4371
170.000	14.4045	0.0060	0.0520	0.0249	0.0054	-0.0241	0.9527	0.2992
175.000	14.3217	0.0015	0.0263	0.0125	0.0014	-0.0124	0.9880	0.1521
180.000	14.2936	0.0000	0.0000	0.0000	0.0000	0.0000	1.0000	0.0000
