0.000	21.5722	0.0000	0.0000	0.0000	0.0000	0.0000	1.0000	0.0000
5.000	20.8262	0.0362	0.0685	0.0177	-0.0135	-0.0143	0.9940	-0.0772
10.000	18.9969	0.1375	0.1433	0.0441	-0.0525	-0.0167	0.9670	-0.1560
15.000	16.9106	0.2809	0.2257	0.0855	-0.1107	0.0041	0.9006	-0.2327
20.000	15.1764	0.4326	0.3100	0.1434	-0.1735	0.0540	0.7846	-0.2979
25.000	13.9914	0.5620	0.3871	0.2129	-0.2232	0.1287	0.6294	-0.3423
30.000	13.2939	0.6549	0.4508	0.2860	-0.2476	0.2161	0.4583	-0.3627
35.000	12.9431	0.7133	0.4997	0.3559	-0.2438	0.3030	0.2931	-0.3619
40.000	12.8094	0.7463	0.5358	0.4188	-0.2158	0.3801	0.1460	-0.3449
45.000	12.7965	0.7632	0.5624	0.4738	-0.1698	0.4431	0.0207	-0.3164
50.000	12.8385	0.7708	0.5823	0.5212	-0.1121	0.4905	-0.0836	-0.2798
55.000	12.8902	0.7733	0.5978	0.5620	-0.0474	0.5227	-0.1692	-0.2373
60.000	12.9200	0.7730	0.6107	0.5973	0.0208	0.5409	-0.2388	-0.1903
65.000	12.9059	0.7710	0.6221	0.6279	0.0902	0.5463	-0.2945	-0.1397
70.000	12.8327	0.7678	0.6327	0.6545	0.1593	0.5400	-0.3378	-0.0861
75.000	12.6919	0.7635	0.6429	0.6774	0.2272	0.5229	-0.3698	-0.0299
80.000	12.4803	0.7578	0.6529	0.6970	0.2931	0.4955	-0.3912	0.0287
85.000	12.2003	0.7505	0.6627	0.7135	0.3564	0.4582	-0.4021	0.0895
90.000	11.8582	0.7411	0.6719	0.7269	0.4163	0.4111	-0.4026	0.1522
95.000	11.4635	0.7290	0.6804	0.7372	0.4718	0.3546	-0.3923	0.2164
100.000	11.0274	0.7135	0.6879	0.7448	0.5219	0.2890	-0.3707	0.2815
105.000	10.5619	0.6939	0.6939	0.7497	0.5648	0.2148	-0.3373	0.3465
110.000	10.0785	0.6696	0.6982	0.7521	0.5990	0.1333	-0.2915	0.4102
115.000	9.5879	0.6398	0.7005	0.7520	0.6225	0.0460	-0.2327	0.4708
120.000	9.0995	0.6041	0.7003	0.7492	0.6333	-0.0449	-0.1606	0.5264
125.000	8.6219	0.5620	0.6969	0.7431	0.6296	-0.1365	-0.0750	0.5745
130.000	8.1625	0.5135	0.6892	0.7327	0.6100	-0.2250	0.0235	0.6123
135.000	7.7285	0.4585	0.6756	0.7161	0.5736	-0.3057	0.1341	0.6369
140.000	7.3262	0.3979	0.6541	0.6912	0.5205	-0.3734	0.2547	0.6453
145.000	6.9616	0.3327	0.6223	0.6554	0.4523	-0.4222	0.3823	0.6347
150.000	6.6395	0.2651	0.5774	0.6061	0.3721	-0.4465	0.5123	0.6028
155.000	6.3640	0.1978	0.5174	0.5413	0.2852	-0.4419	0.6393	0.5485
160.000	6.1375	0.1347	0.4409	0.4598	0.1982	-0.4056	0.7566	0.4718
165.000	5.9615	0.0796	0.3482	0.3621	0.1190	-0.3380	0.8572	0.3745
170.000	5.8363	0.0367	0.2412	0.2502	0.0555	-0.2428	0.9346	0.2601
175.000	5.7614	0.0094	0.1235	0.1279	0.0143	-0.1270	0.9833	0.1333
180.000	5.7365	0.0000	0.0001	0.0001	0.0000	-0.0001	1.0000	0.0000
