0.000	20.8457	0.0000	0.0000	0.0000	0.0000	0.0000	1.0000	0.0000
5.000	20.1959	0.0337	0.0854	0.0215	-0.0141	-0.0176	0.9926	-0.0793
10.000	18.5940	0.1279	0.1773	0.0527	-0.0547	-0.0220	0.9620	-0.1613
15.000	16.7565	0.2612	0.2765	0.1007	-0.1142	-0.0008	0.8908	-0.2428
20.000	15.2348	0.4020	0.3753	0.1666	-0.1774	0.0522	0.7694	-0.3149
25.000	14.2258	0.5221	0.4630	0.2445	-0.2257	0.1319	0.6079	-0.3673
30.000	13.6859	0.6081	0.5322	0.3246	-0.2466	0.2245	0.4299	-0.3955
35.000	13.4888	0.6617	0.5819	0.3993	-0.2380	0.3154	0.2573	-0.4008
40.000	13.5105	0.6918	0.6153	0.4644	-0.2046	0.3945	0.1029	-0.3879
45.000	13.6557	0.7072	0.6366	0.5191	-0.1537	0.4572	-0.0291	-0.3613
50.000	13.8570	0.7142	0.6499	0.5641	-0.0921	0.5024	-0.1393	-0.3247
55.000	14.0668	0.7168	0.6579	0.6007	-0.0248	0.5309	-0.2300	-0.2806
60.000	14.2511	0.7170	0.6629	0.6304	0.0444	0.5443	-0.3038	-0.2309
65.000	14.3853	0.7157	0.6662	0.6544	0.1133	0.5444	-0.3630	-0.1767
70.000	14.4518	0.7133	0.6688	0.6735	0.1802	0.5326	-0.4090	-0.1187
75.000	14.4393	0.7098	0.6710	0.6884	0.2444	0.5101	-0.4433	-0.0575
80.000	14.3423	0.7049	0.6733	0.6995	0.3052	0.4778	-0.4663	0.0065
85.000	14.1603	0.6984	0.6756	0.7071	0.3620	0.4364	-0.4786	0.0730
90.000	13.8977	0.6896	0.6778	0.7116	0.4142	0.3865	-0.4800	0.1417
95.000	13.5618	0.6781	0.6797	0.7133	0.4613	0.3287	-0.4704	0.2120
100.000	13.1629	0.6632	0.6811	0.7125	0.5022	0.2636	-0.4492	0.2834
105.000	12.7124	0.6444	0.6819	0.7095	0.5360	0.1921	-0.4160	0.3548
110.000	12.2223	0.6212	0.6818	0.7047	0.5614	0.1152	-0.3700	0.4250
115.000	11.7047	0.5929	0.6805	0.6983	0.5771	0.0346	-0.3105	0.4923
120.000	11.1715	0.5592	0.6776	0.6901	0.5817	-0.0480	-0.2371	0.5546
125.000	10.6343	0.5197	0.6724	0.6797	0.5739	-0.1300	-0.1493	0.6094
130.000	10.1043	0.4743	0.6637	0.6662	0.5525	-0.2082	-0.0473	0.6538
135.000	9.5926	0.4232	0.6499	0.6478	0.5169	-0.2790	0.0680	0.6845
140.000	9.1097	0.3669	0.6290	0.6228	0.4673	-0.3378	0.1948	0.6980
145.000	8.6652	0.3066	0.5983	0.5886	0.4049	-0.3798	0.3301	0.6908
150.000	8.2676	0.2442	0.5553	0.5430	0.3326	-0.4003	0.4692	0.6602
155.000	7.9237	0.1822	0.4979	0.4840	0.2546	-0.3952	0.6060	0.6041
160.000	7.6385	0.1240	0.4246	0.4107	0.1769	-0.3623	0.7332	0.5224
165.000	7.4151	0.0733	0.3356	0.3232	0.1062	-0.3017	0.8430	0.4165
170.000	7.2551	0.0338	0.2326	0.2233	0.0495	-0.2167	0.9279	0.2901
175.000	7.1591	0.0086	0.1191	0.1141	0.0127	-0.1133	0.9816	0.1490
180.000	7.1271	0.0000	0.0000	0.0000	0.0000	0.0000	1.0000	0.0000
