0.000	7.7293	0.0000	0.0000	0.0000	0.0000	0.0000	1.0000	0.0000
5.000	7.6758	0.0089	0.0038	0.0023	0.0005	-0.0023	0.9943	0.1060
10.000	7.5280	0.0345	0.0076	0.0049	0.0019	-0.0043	0.9763	0.2134
15.000	7.3196	0.0737	0.0112	0.0080	0.0042	-0.0061	0.9436	0.3227
20.000	7.0952	0.1215	0.0144	0.0116	0.0075	-0.0074	0.8934	0.4324
25.000	6.8981	0.1713	0.0172	0.0158	0.0115	-0.0080	0.8245	0.5391
30.000	6.7609	0.2164	0.0193	0.0204	0.0161	-0.0080	0.7387	0.6381
35.000	6.7024	0.2513	0.0207	0.0251	0.0208	-0.0074	0.6411	0.7249
40.000	6.7272	0.2730	0.0213	0.0295	0.0254	-0.0065	0.5392	0.7965
45.000	6.8296	0.2815	0.0213	0.0335	0.0295	-0.0054	0.4407	0.8522
50.000	6.9970	0.2787	0.0209	0.0368	0.0329	-0.0044	0.3519	0.8934
55.000	7.2140	0.2676	0.0202	0.0393	0.0357	-0.0036	0.2772	0.9227
60.000	7.4647	0.2511	0.0194	0.0411	0.0376	-0.0031	0.2184	0.9429
65.000	7.7344	0.2319	0.0187	0.0421	0.0389	-0.0030	0.1758	0.9567
70.000	8.0105	0.2117	0.0179	0.0425	0.0396	-0.0033	0.1486	0.9659
75.000	8.2825	0.1917	0.0173	0.0424	0.0397	-0.0040	0.1357	0.9720
80.000	8.5425	0.1725	0.0168	0.0419	0.0393	-0.0049	0.1356	0.9756
85.000	8.7844	0.1547	0.0165	0.0410	0.0384	-0.0060	0.1470	0.9769
90.000	9.0043	0.1382	0.0162	0.0398	0.0372	-0.0073	0.1685	0.9759
95.000	9.1993	0.1230	0.0160	0.0383	0.0356	-0.0086	0.1989	0.9722
100.000	9.3680	0.1091	0.0158	0.0367	0.0338	-0.0100	0.2373	0.9652
105.000	9.5100	0.0964	0.0156	0.0349	0.0316	-0.0113	0.2825	0.9543
110.000	9.6257	0.0848	0.0154	0.0329	0.0293	-0.0125	0.3336	0.9388
115.000	9.7162	0.0741	0.0151	0.0309	0.0267	-0.0135	0.3896	0.9179
120.000	9.7834	0.0642	0.0148	0.0287	0.0240	-0.0143	0.4494	0.8909
125.000	9.8294	0.0551	0.0144	0.0265	0.0212	-0.0148	0.5119	0.8572
130.000	9.8571	0.0467	0.0138	0.0243	0.0184	-0.0150	0.5760	0.8160
135.000	9.8694	0.0389	0.0131	0.0219	0.0155	-0.0149	0.6404	0.7670
140.000	9.8695	0.0316	0.0122	0.0196	0.0128	-0.0144	0.7036	0.7098
145.000	9.8607	0.0250	0.0112	0.0172	0.0101	-0.0136	0.7643	0.6442
150.000	9.8461	0.0189	0.0100	0.0147	0.0077	-0.0124	0.8210	0.5706
155.000	9.8285	0.0135	0.0086	0.0123	0.0055	-0.0109	0.8721	0.4891
160.000	9.8105	0.0089	0.0071	0.0099	0.0036	-0.0091	0.9161	0.4007
165.000	9.7943	0.0051	0.0054	0.0074	0.0021	-0.0071	0.9519	0.3062
170.000	9.7815	0.0023	0.0037	0.0049	0.0009	-0.0048	0.9784	0.2069
175.000	9.7734	0.0006	0.0019	0.0025	0.0002	-0.0025	0.9945	0.1043
180.000	9.7706	0.0000	0.0000	0.0000	0.0000	0.0000	1.0000	0.0000
