0.000	20.7809	0.0000	0.0000	0.0000	0.0000	0.0000	1.0000	0.0000
5.000	20.0541	0.0382	0.0727	0.0174	-0.0134	-0.0139	0.9947	-0.0606
10.000	18.2776	0.1455	0.1533	0.0437	-0.0526	-0.0156	0.9693	-0.1210
15.000	16.2720	0.2981	0.2438	0.0862	-0.1112	0.0068	0.9031	-0.1763
20.000	14.6461	0.4590	0.3381	0.1465	-0.1743	0.0593	0.7844	-0.2174
25.000	13.5939	0.5931	0.4256	0.2196	-0.2231	0.1372	0.6249	-0.2371
30.000	13.0431	0.6845	0.4989	0.2965	-0.2444	0.2267	0.4518	-0.2350
35.000	12.8383	0.7365	0.5565	0.3698	-0.2358	0.3135	0.2901	-0.2160
40.000	12.8357	0.7609	0.6010	0.4356	-0.2019	0.3880	0.1531	-0.1864
45.000	12.9306	0.7692	0.6364	0.4928	-0.1497	0.4461	0.0434	-0.1513
50.000	13.0543	0.7693	0.6655	0.5418	-0.0856	0.4867	-0.0413	-0.1134
55.000	13.1645	0.7658	0.6906	0.5835	-0.0146	0.5102	-0.1050	-0.0743
60.000	13.2363	0.7609	0.7129	0.6188	0.0595	0.5178	-0.1515	-0.0347
65.000	13.2558	0.7552	0.7331	0.6484	0.1340	0.5107	-0.1842	0.0053
70.000	13.2161	0.7489	0.7515	0.6729	0.2065	0.4902	-0.2053	0.0458
75.000	13.1148	0.7417	0.7683	0.6929	0.2754	0.4575	-0.2165	0.0868
80.000	12.9525	0.7331	0.7835	0.7086	0.3390	0.4140	-0.2190	0.1284
85.000	12.7320	0.7224	0.7970	0.7204	0.3961	0.3609	-0.2134	0.1705
90.000	12.4578	0.7092	0.8087	0.7284	0.4454	0.2995	-0.2000	0.2132
95.000	12.1357	0.6928	0.8184	0.7329	0.4860	0.2314	-0.1787	0.2563
100.000	11.7727	0.6726	0.8258	0.7338	0.5170	0.1580	-0.1493	0.2994
105.000	11.3765	0.6480	0.8304	0.7310	0.5374	0.0811	-0.1116	0.3420
110.000	10.9555	0.6187	0.8317	0.7244	0.5468	0.0028	-0.0650	0.3833
115.000	10.5185	0.5842	0.8290	0.7138	0.5447	-0.0749	-0.0091	0.4224
120.000	10.0742	0.5444	0.8215	0.6987	0.5310	-0.1494	0.0564	0.4578
125.000	9.6313	0.4991	0.8080	0.6787	0.5057	-0.2182	0.1315	0.4879
130.000	9.1979	0.4488	0.7873	0.6533	0.4696	-0.2783	0.2158	0.5109
135.000	8.7819	0.3940	0.7582	0.6217	0.4237	-0.3269	0.3083	0.5244
140.000	8.3902	0.3359	0.7192	0.5833	0.3696	-0.3612	0.4076	0.5264
145.000	8.0292	0.2759	0.6691	0.5373	0.3095	-0.3787	0.5110	0.5145
150.000	7.7046	0.2161	0.6068	0.4832	0.2463	-0.3774	0.6152	0.4868
155.000	7.4213	0.1587	0.5320	0.4205	0.1833	-0.3561	0.7160	0.4422
160.000	7.1836	0.1066	0.4445	0.3493	0.1244	-0.3149	0.8085	0.3804
165.000	6.9949	0.0623	0.3453	0.2701	0.0733	-0.2551	0.8877	0.3022
170.000	6.8581	0.0285	0.2363	0.1842	0.0337	-0.1797	0.9485	0.2101
175.000	6.7752	0.0072	0.1200	0.0934	0.0086	-0.0929	0.9869	0.1078
180.000	6.7475	0.0000	0.0000	0.0000	0.0000	0.0000	1.0000	0.0000
