0.000	9.9973	0.0000	0.0000	0.0000	0.0000	0.0000	1.0000	0.0000
5.000	9.8207	0.0340	0.2228	0.0413	-0.0174	-0.0343	0.9743	-0.0154
10.000	9.4290	0.1266	0.4484	0.0989	-0.0656	-0.0447	0.8859	-0.0387
15.000	9.1244	0.2481	0.6600	0.1813	-0.1295	-0.0114	0.7166	-0.0729
20.000	9.1637	0.3564	0.8227	0.2813	-0.1832	0.0685	0.4738	-0.1122
25.000	9.6465	0.4223	0.9119	0.3794	-0.2044	0.1741	0.2025	-0.1447
30.000	10.5350	0.4451	0.9341	0.4589	-0.1885	0.2764	-0.0464	-0.1611
35.000	11.7248	0.4414	0.9140	0.5146	-0.1455	0.3568	-0.2468	-0.1589
40.000	13.1014	0.4276	0.8749	0.5494	-0.0881	0.4105	-0.3970	-0.1404
45.000	14.5670	0.4132	0.8312	0.5687	-0.0258	0.4398	-0.5059	-0.1090
50.000	16.0466	0.4019	0.7895	0.5770	0.0356	0.4492	-0.5835	-0.0677
55.000	17.4857	0.3945	0.7524	0.5777	0.0932	0.4432	-0.6375	-0.0188
60.000	18.8443	0.3902	0.7204	0.5729	0.1453	0.4254	-0.6735	0.0361
65.000	20.0930	0.3881	0.6930	0.5642	0.1914	0.3985	-0.6948	0.0957
70.000	21.2099	0.3870	0.6697	0.5527	0.2311	0.3647	-0.7038	0.1590
75.000	22.1782	0.3860	0.6499	0.5391	0.2645	0.3259	-0.7017	0.2250
80.000	22.9856	0.3844	0.6329	0.5240	0.2914	0.2834	-0.6894	0.2929
85.000	23.6242	0.3816	0.6181	0.5079	0.3123	0.2384	-0.6671	0.3618
90.000	24.0899	0.3769	0.6051	0.4910	0.3270	0.1920	-0.6350	0.4311
95.000	24.3825	0.3702	0.5934	0.4735	0.3360	0.1450	-0.5929	0.4996
100.000	24.5062	0.3610	0.5825	0.4556	0.3393	0.0983	-0.5407	0.5664
105.000	24.4690	0.3491	0.5718	0.4373	0.3371	0.0526	-0.4781	0.6304
110.000	24.2830	0.3343	0.5609	0.4185	0.3296	0.0087	-0.4049	0.6900
115.000	23.9634	0.3165	0.5491	0.3993	0.3172	-0.0325	-0.3208	0.7437
120.000	23.5289	0.2957	0.5357	0.3793	0.2999	-0.0703	-0.2260	0.7896
125.000	23.0004	0.2718	0.5200	0.3585	0.2782	-0.1037	-0.1206	0.8255
130.000	22.4010	0.2451	0.5011	0.3365	0.2526	-0.1319	-0.0055	0.8490
135.000	21.7550	0.2159	0.4781	0.3131	0.2235	-0.1540	0.1180	0.8574
140.000	21.0875	0.1847	0.4501	0.2878	0.1919	-0.1689	0.2481	0.8481
145.000	20.4238	0.1523	0.4163	0.2604	0.1586	-0.1759	0.3816	0.8183
150.000	19.7884	0.1198	0.3759	0.2305	0.1249	-0.1744	0.5147	0.7659
155.000	19.2049	0.0884	0.3284	0.1979	0.0923	-0.1638	0.6425	0.6894
160.000	18.6947	0.0596	0.2738	0.1626	0.0622	-0.1444	0.7593	0.5888
165.000	18.2768	0.0350	0.2124	0.1247	0.0365	-0.1168	0.8589	0.4653
170.000	17.9665	0.0160	0.1452	0.0846	0.0167	-0.0822	0.9354	0.3223
175.000	17.7756	0.0041	0.0737	0.0427	0.0043	-0.0424	0.9835	0.1650
180.000	17.7111	0.0000	0.0000	0.0000	0.0000	0.0000	1.0000	0.0000
