0.000	7.9172	0.0000	0.0000	0.0000	0.0000	0.0000	1.0000	0.0000
5.000	7.7827	0.0362	0.2415	0.0446	-0.0162	-0.0375	0.9695	0.0291
10.000	7.4930	0.1349	0.4848	0.1063	-0.0609	-0.0507	0.8657	0.0486
15.000	7.3010	0.2631	0.7087	0.1932	-0.1198	-0.0190	0.6697	0.0502
20.000	7.4277	0.3733	0.8714	0.2961	-0.1677	0.0602	0.3951	0.0326
25.000	7.9650	0.4330	0.9466	0.3926	-0.1838	0.1646	0.0983	0.0060
30.000	8.8835	0.4440	0.9468	0.4658	-0.1654	0.2636	-0.1623	-0.0160
35.000	10.0903	0.4277	0.9044	0.5127	-0.1233	0.3392	-0.3621	-0.0250
40.000	11.4785	0.4031	0.8468	0.5385	-0.0701	0.3881	-0.5045	-0.0192
45.000	12.9535	0.3804	0.7889	0.5496	-0.0140	0.4137	-0.6029	0.0002
50.000	14.4414	0.3632	0.7371	0.5510	0.0401	0.4212	-0.6697	0.0308
55.000	15.8870	0.3516	0.6928	0.5460	0.0902	0.4148	-0.7137	0.0704
60.000	17.2505	0.3445	0.6557	0.5367	0.1351	0.3980	-0.7409	0.1174
65.000	18.5030	0.3406	0.6249	0.5244	0.1745	0.3734	-0.7547	0.1703
70.000	19.6233	0.3386	0.5993	0.5101	0.2083	0.3430	-0.7573	0.2278
75.000	20.5961	0.3373	0.5780	0.4944	0.2366	0.3082	-0.7498	0.2889
80.000	21.4105	0.3359	0.5601	0.4776	0.2594	0.2703	-0.7328	0.3525
85.000	22.0593	0.3337	0.5449	0.4602	0.2768	0.2303	-0.7066	0.4178
90.000	22.5391	0.3302	0.5317	0.4423	0.2891	0.1891	-0.6712	0.4837
95.000	22.8499	0.3249	0.5201	0.4242	0.2963	0.1475	-0.6265	0.5494
100.000	22.9954	0.3175	0.5095	0.4058	0.2987	0.1062	-0.5720	0.6137
105.000	22.9829	0.3077	0.4994	0.3872	0.2964	0.0657	-0.5075	0.6754
110.000	22.8234	0.2955	0.4892	0.3685	0.2897	0.0269	-0.4326	0.7330
115.000	22.5318	0.2805	0.4785	0.3495	0.2786	-0.0098	-0.3471	0.7851
120.000	22.1258	0.2627	0.4666	0.3302	0.2635	-0.0436	-0.2508	0.8295
125.000	21.6264	0.2421	0.4529	0.3103	0.2445	-0.0737	-0.1439	0.8641
130.000	21.0565	0.2188	0.4366	0.2897	0.2221	-0.0995	-0.0270	0.8863
135.000	20.4407	0.1932	0.4168	0.2681	0.1967	-0.1200	0.0987	0.8933
140.000	19.8041	0.1656	0.3928	0.2452	0.1690	-0.1345	0.2311	0.8822
145.000	19.1720	0.1368	0.3637	0.2209	0.1398	-0.1422	0.3674	0.8503
150.000	18.5684	0.1077	0.3289	0.1948	0.1102	-0.1424	0.5035	0.7951
155.000	18.0159	0.0796	0.2877	0.1667	0.0814	-0.1349	0.6342	0.7153
160.000	17.5346	0.0537	0.2402	0.1366	0.0549	-0.1196	0.7538	0.6104
165.000	17.1416	0.0315	0.1865	0.1045	0.0323	-0.0971	0.8557	0.4821
170.000	16.8508	0.0144	0.1276	0.0707	0.0148	-0.0685	0.9339	0.3338
175.000	16.6722	0.0037	0.0648	0.0357	0.0038	-0.0354	0.9832	0.1708
180.000	16.6119	0.0000	0.0000	0.0000	0.0000	0.0000	1.0000	0.0000
