0.000	7.0747	0.0000	0.0000	0.0000	0.0000	0.0000	1.0000	0.0000
5.000	6.9914	0.0177	0.0312	0.0065	0.0004	-0.0059	0.9876	0.1529
10.000	6.7738	0.0680	0.0629	0.0145	0.0018	-0.0103	0.9468	0.3082
15.000	6.5036	0.1425	0.0944	0.0255	0.0046	-0.0114	0.8694	0.4641
20.000	6.2769	0.2265	0.1240	0.0398	0.0093	-0.0081	0.7486	0.6119
25.000	6.1706	0.3017	0.1484	0.0568	0.0161	-0.0002	0.5875	0.7381
30.000	6.2257	0.3532	0.1653	0.0743	0.0246	0.0111	0.4023	0.8312
35.000	6.4471	0.3751	0.1738	0.0904	0.0341	0.0237	0.2164	0.8881
40.000	6.8146	0.3714	0.1752	0.1033	0.0437	0.0352	0.0504	0.9145
45.000	7.2949	0.3507	0.1719	0.1126	0.0528	0.0443	-0.0847	0.9210
50.000	7.8511	0.3218	0.1659	0.1186	0.0608	0.0502	-0.1866	0.9176
55.000	8.4491	0.2909	0.1590	0.1217	0.0677	0.0532	-0.2582	0.9115
60.000	9.0599	0.2615	0.1520	0.1226	0.0734	0.0536	-0.3040	0.9071
65.000	9.6604	0.2353	0.1456	0.1219	0.0779	0.0517	-0.3287	0.9064
70.000	10.2329	0.2126	0.1398	0.1199	0.0813	0.0481	-0.3360	0.9098
75.000	10.7646	0.1933	0.1347	0.1169	0.0836	0.0431	-0.3288	0.9172
80.000	11.2466	0.1768	0.1303	0.1132	0.0848	0.0371	-0.3092	0.9276
85.000	11.6727	0.1626	0.1264	0.1089	0.0850	0.0304	-0.2787	0.9400
90.000	12.0396	0.1501	0.1229	0.1042	0.0842	0.0233	-0.2384	0.9533
95.000	12.3455	0.1388	0.1196	0.0992	0.0824	0.0160	-0.1891	0.9662
100.000	12.5907	0.1284	0.1165	0.0940	0.0797	0.0087	-0.1314	0.9773
105.000	12.7767	0.1184	0.1133	0.0886	0.0762	0.0016	-0.0660	0.9853
110.000	12.9064	0.1087	0.1101	0.0830	0.0719	-0.0051	0.0066	0.9888
115.000	12.9837	0.0990	0.1065	0.0774	0.0668	-0.0112	0.0857	0.9864
120.000	13.0139	0.0892	0.1026	0.0717	0.0611	-0.0167	0.1704	0.9765
125.000	13.0029	0.0793	0.0981	0.0659	0.0549	-0.0212	0.2596	0.9579
130.000	12.9576	0.0694	0.0930	0.0601	0.0483	-0.0248	0.3521	0.9291
135.000	12.8852	0.0593	0.0873	0.0542	0.0415	-0.0272	0.4462	0.8890
140.000	12.7935	0.0494	0.0807	0.0483	0.0346	-0.0285	0.5400	0.8365
145.000	12.6902	0.0397	0.0733	0.0424	0.0278	-0.0286	0.6314	0.7711
150.000	12.5828	0.0304	0.0650	0.0364	0.0213	-0.0274	0.7179	0.6925
155.000	12.4785	0.0220	0.0558	0.0304	0.0153	-0.0250	0.7971	0.6010
160.000	12.3835	0.0145	0.0458	0.0244	0.0101	-0.0215	0.8662	0.4974
165.000	12.3036	0.0084	0.0350	0.0183	0.0058	-0.0171	0.9229	0.3833
170.000	12.2433	0.0038	0.0237	0.0122	0.0026	-0.0118	0.9652	0.2606
175.000	12.2057	0.0010	0.0120	0.0061	0.0007	-0.0061	0.9912	0.1318
180.000	12.1929	0.0000	0.0000	0.0000	0.0000	0.0000	1.0000	0.0000
