0.000	3.3128	0.0000	0.0000	0.0000	0.0000	0.0000	1.0000	0.0000
5.000	3.3090	0.0009	-0.0001	0.0007	0.0000	-0.0007	0.9990	0.0440
10.000	3.2979	0.0034	-0.0003	0.0013	0.0002	-0.0013	0.9961	0.0881
15.000	3.2807	0.0074	-0.0005	0.0020	0.0004	-0.0019	0.9912	0.1322
20.000	3.2593	0.0126	-0.0007	0.0026	0.0007	-0.0025	0.9843	0.1763
25.000	3.2357	0.0186	-0.0009	0.0033	0.0011	-0.0031	0.9754	0.2198
30.000	3.2122	0.0250	-0.0012	0.0039	0.0015	-0.0037	0.9646	0.2625
35.000	3.1906	0.0313	-0.0015	0.0045	0.0019	-0.0042	0.9523	0.3036
40.000	3.1725	0.0373	-0.0019	0.0052	0.0024	-0.0047	0.9388	0.3425
45.000	3.1589	0.0427	-0.0022	0.0057	0.0029	-0.0051	0.9246	0.3785
50.000	3.1502	0.0474	-0.0026	0.0063	0.0033	-0.0056	0.9103	0.4112
55.000	3.1462	0.0513	-0.0029	0.0068	0.0038	-0.0060	0.8965	0.4400
60.000	3.1465	0.0545	-0.0032	0.0073	0.0042	-0.0063	0.8838	0.4648
65.000	3.1504	0.0569	-0.0035	0.0078	0.0045	-0.0066	0.8725	0.4854
70.000	3.1570	0.0587	-0.0038	0.0082	0.0048	-0.0069	0.8630	0.5018
75.000	3.1656	0.0598	-0.0040	0.0085	0.0051	-0.0071	0.8555	0.5143
80.000	3.1755	0.0604	-0.0042	0.0087	0.0053	-0.0073	0.8502	0.5229
85.000	3.1862	0.0602	-0.0044	0.0089	0.0054	-0.0074	0.8472	0.5279
90.000	3.1975	0.0593	-0.0046	0.0090	0.0054	-0.0075	0.8464	0.5292
95.000	3.2092	0.0575	-0.0047	0.0089	0.0053	-0.0075	0.8479	0.5270
100.000	3.2213	0.0548	-0.0047	0.0088	0.0052	-0.0075	0.8516	0.5212
105.000	3.2338	0.0511	-0.0048	0.0087	0.0049	-0.0074	0.8575	0.5119
110.000	3.2468	0.0465	-0.0048	0.0084	0.0046	-0.0073	0.8654	0.4988
115.000	3.2601	0.0410	-0.0047	0.0081	0.0042	-0.0071	0.8752	0.4821
120.000	3.2736	0.0350	-0.0046	0.0077	0.0038	-0.0069	0.8864	0.4615
125.000	3.2870	0.0287	-0.0044	0.0073	0.0033	-0.0067	0.8989	0.4372
130.000	3.3001	0.0224	-0.0042	0.0069	0.0029	-0.0064	0.9122	0.4092
135.000	3.3123	0.0166	-0.0039	0.0064	0.0024	-0.0060	0.9257	0.3778
140.000	3.3234	0.0115	-0.0035	0.0059	0.0019	-0.0056	0.9392	0.3432
145.000	3.3331	0.0073	-0.0032	0.0053	0.0015	-0.0051	0.9520	0.3059
150.000	3.3412	0.0041	-0.0027	0.0047	0.0011	-0.0046	0.9639	0.2661
155.000	3.3475	0.0020	-0.0023	0.0040	0.0008	-0.0039	0.9745	0.2244
160.000	3.3523	0.0008	-0.0019	0.0033	0.0005	-0.0033	0.9834	0.1812
165.000	3.3556	0.0002	-0.0014	0.0025	0.0003	-0.0025	0.9906	0.1368
170.000	3.3578	0.0000	-0.0009	0.0017	0.0001	-0.0017	0.9958	0.0916
175.000	3.3589	0.0000	-0.0005	0.0009	0.0000	-0.0009	0.9989	0.0459
180.000	3.3593	0.0000	0.0000	0.0000	0.0000	0.0000	1.0000	0.0000
