0.000	20.8874	0.0000	0.0000	0.0000	0.0000	0.0000	1.0000	0.0000
5.000	19.8728	0.0511	0.0283	0.0060	-0.0128	-0.0039	0.9969	-0.0507
10.000	17.5036	0.1935	0.0617	0.0164	-0.0511	0.0005	0.9731	-0.0970
15.000	15.0194	0.3907	0.1023	0.0350	-0.1102	0.0213	0.8994	-0.1290
20.000	13.1515	0.5868	0.1473	0.0629	-0.1758	0.0620	0.7647	-0.1358
25.000	11.9935	0.7363	0.1920	0.0979	-0.2294	0.1178	0.5924	-0.1145
30.000	11.3560	0.8264	0.2331	0.1362	-0.2596	0.1791	0.4202	-0.0724
35.000	11.0231	0.8691	0.2703	0.1751	-0.2649	0.2380	0.2738	-0.0201
40.000	10.8365	0.8826	0.3047	0.2134	-0.2495	0.2899	0.1620	0.0343
45.000	10.6979	0.8809	0.3376	0.2509	-0.2186	0.3330	0.0830	0.0864
50.000	10.5518	0.8724	0.3702	0.2878	-0.1763	0.3669	0.0313	0.1342
55.000	10.3697	0.8616	0.4029	0.3244	-0.1258	0.3915	0.0013	0.1771
60.000	10.1394	0.8505	0.4359	0.3606	-0.0694	0.4069	-0.0118	0.2151
65.000	9.8588	0.8395	0.4693	0.3967	-0.0085	0.4127	-0.0116	0.2485
70.000	9.5314	0.8287	0.5028	0.4323	0.0552	0.4090	-0.0007	0.2777
75.000	9.1646	0.8174	0.5360	0.4673	0.1206	0.3952	0.0188	0.3030
80.000	8.7676	0.8050	0.5685	0.5012	0.1862	0.3711	0.0456	0.3248
85.000	8.3504	0.7907	0.5996	0.5337	0.2504	0.3365	0.0786	0.3433
90.000	7.9231	0.7736	0.6286	0.5640	0.3115	0.2915	0.1170	0.3588
95.000	7.4954	0.7528	0.6547	0.5916	0.3675	0.2363	0.1601	0.3716
100.000	7.0759	0.7273	0.6771	0.6156	0.4163	0.1720	0.2075	0.3816
105.000	6.6718	0.6964	0.6947	0.6352	0.4555	0.1000	0.2587	0.3892
110.000	6.2894	0.6595	0.7064	0.6494	0.4833	0.0226	0.3133	0.3943
115.000	5.9334	0.6163	0.7114	0.6572	0.4977	-0.0575	0.3710	0.3967
120.000	5.6073	0.5667	0.7086	0.6576	0.4974	-0.1365	0.4313	0.3964
125.000	5.3134	0.5113	0.6970	0.6497	0.4822	-0.2104	0.4937	0.3930
130.000	5.0530	0.4510	0.6760	0.6327	0.4523	-0.2750	0.5576	0.3858
135.000	4.8262	0.3873	0.6450	0.6060	0.4094	-0.3263	0.6222	0.3741
140.000	4.6325	0.3221	0.6040	0.5693	0.3560	-0.3607	0.6864	0.3573
145.000	4.4705	0.2577	0.5529	0.5228	0.2957	-0.3758	0.7488	0.3343
150.000	4.3381	0.1964	0.4926	0.4669	0.2325	-0.3705	0.8079	0.3047
155.000	4.2328	0.1405	0.4238	0.4025	0.1706	-0.3449	0.8619	0.2681
160.000	4.1519	0.0920	0.3478	0.3308	0.1139	-0.3006	0.9090	0.2245
165.000	4.0925	0.0526	0.2659	0.2533	0.0662	-0.2403	0.9476	0.1747
170.000	4.0522	0.0237	0.1797	0.1713	0.0301	-0.1674	0.9764	0.1196
175.000	4.0289	0.0060	0.0906	0.0864	0.0076	-0.0859	0.9940	0.0608
180.000	4.0212	0.0000	0.0000	0.0000	0.0000	0.0000	1.0000	0.0000
