0.000	5.7142	0.0000	0.0000	0.0000	0.0000	0.0000	1.0000	0.0000
5.000	5.6286	0.0305	0.1242	0.0209	-0.0030	-0.0182	0.9725	0.1949
10.000	5.4308	0.1150	0.2504	0.0488	-0.0112	-0.0276	0.8808	0.3870
15.000	5.2612	0.2307	0.3712	0.0882	-0.0208	-0.0202	0.7079	0.5611
20.000	5.2635	0.3391	0.4681	0.1370	-0.0264	0.0077	0.4568	0.6894
25.000	5.5250	0.4051	0.5235	0.1864	-0.0229	0.0503	0.1683	0.7518
30.000	6.0616	0.4192	0.5355	0.2268	-0.0097	0.0954	-0.1001	0.7548
35.000	6.8367	0.3965	0.5175	0.2541	0.0103	0.1328	-0.3123	0.7240
40.000	7.7885	0.3578	0.4855	0.2695	0.0329	0.1585	-0.4625	0.6847
45.000	8.8511	0.3176	0.4504	0.2762	0.0556	0.1728	-0.5611	0.6517
50.000	9.9661	0.2827	0.4176	0.2771	0.0767	0.1779	-0.6220	0.6310
55.000	11.0862	0.2549	0.3890	0.2741	0.0956	0.1760	-0.6559	0.6234
60.000	12.1754	0.2338	0.3650	0.2687	0.1120	0.1688	-0.6703	0.6277
65.000	13.2066	0.2182	0.3450	0.2617	0.1259	0.1576	-0.6699	0.6421
70.000	14.1603	0.2067	0.3284	0.2536	0.1372	0.1437	-0.6577	0.6646
75.000	15.0222	0.1981	0.3146	0.2447	0.1461	0.1276	-0.6353	0.6931
80.000	15.7825	0.1912	0.3030	0.2352	0.1526	0.1102	-0.6036	0.7261
85.000	16.4350	0.1853	0.2930	0.2254	0.1566	0.0918	-0.5631	0.7619
90.000	16.9763	0.1798	0.2843	0.2153	0.1584	0.0730	-0.5141	0.7990
95.000	17.4062	0.1740	0.2765	0.2050	0.1580	0.0542	-0.4565	0.8360
100.000	17.7265	0.1677	0.2692	0.1945	0.1554	0.0356	-0.3905	0.8714
105.000	17.9418	0.1606	0.2621	0.1840	0.1508	0.0178	-0.3160	0.9036
110.000	18.0585	0.1524	0.2549	0.1734	0.1443	0.0010	-0.2332	0.9309
115.000	18.0849	0.1430	0.2473	0.1626	0.1359	-0.0145	-0.1425	0.9518
120.000	18.0312	0.1325	0.2388	0.1518	0.1259	-0.0284	-0.0442	0.9643
125.000	17.9088	0.1207	0.2294	0.1408	0.1145	-0.0403	0.0607	0.9666
130.000	17.7300	0.1078	0.2185	0.1297	0.1020	-0.0499	0.1710	0.9567
135.000	17.5084	0.0941	0.2060	0.1182	0.0885	-0.0570	0.2851	0.9329
140.000	17.2577	0.0797	0.1915	0.1065	0.0746	-0.0614	0.4008	0.8935
145.000	16.9922	0.0651	0.1748	0.0945	0.0606	-0.0628	0.5154	0.8372
150.000	16.7260	0.0507	0.1559	0.0820	0.0469	-0.0613	0.6258	0.7631
155.000	16.4729	0.0371	0.1346	0.0692	0.0341	-0.0567	0.7285	0.6710
160.000	16.2457	0.0248	0.1110	0.0560	0.0227	-0.0494	0.8196	0.5617
165.000	16.0557	0.0144	0.0853	0.0423	0.0132	-0.0395	0.8954	0.4368
170.000	15.9128	0.0066	0.0579	0.0284	0.0060	-0.0276	0.9525	0.2989
175.000	15.8240	0.0017	0.0293	0.0143	0.0015	-0.0142	0.9880	0.1519
180.000	15.7939	0.0000	0.0000	0.0000	0.0000	0.0000	1.0000	0.0000
