0.000	13.8673	0.0000	0.0000	0.0000	0.0000	0.0000	1.0000	0.0000
5.000	13.5655	0.0310	0.1669	0.0342	-0.0169	-0.0284	0.9832	-0.0675
10.000	12.8414	0.1165	0.3392	0.0826	-0.0644	-0.0368	0.9235	-0.1406
15.000	12.0884	0.2339	0.5096	0.1538	-0.1308	-0.0076	0.8028	-0.2184
20.000	11.6381	0.3493	0.6568	0.2459	-0.1940	0.0649	0.6169	-0.2910
25.000	11.6253	0.4351	0.7596	0.3450	-0.2314	0.1678	0.3897	-0.3452
30.000	12.0217	0.4830	0.8128	0.4352	-0.2326	0.2770	0.1593	-0.3731
35.000	12.7242	0.5017	0.8266	0.5074	-0.2016	0.3724	-0.0457	-0.3756
40.000	13.6202	0.5042	0.8160	0.5601	-0.1492	0.4444	-0.2144	-0.3576
45.000	14.6151	0.5004	0.7932	0.5957	-0.0858	0.4916	-0.3478	-0.3246
50.000	15.6381	0.4957	0.7658	0.6181	-0.0187	0.5168	-0.4513	-0.2807
55.000	16.6380	0.4921	0.7380	0.6303	0.0472	0.5236	-0.5308	-0.2288
60.000	17.5780	0.4902	0.7117	0.6351	0.1094	0.5158	-0.5912	-0.1705
65.000	18.4308	0.4894	0.6878	0.6343	0.1666	0.4964	-0.6357	-0.1072
70.000	19.1759	0.4892	0.6663	0.6294	0.2182	0.4680	-0.6668	-0.0397
75.000	19.7976	0.4888	0.6474	0.6213	0.2639	0.4324	-0.6858	0.0314
80.000	20.2842	0.4874	0.6307	0.6109	0.3039	0.3913	-0.6937	0.1054
85.000	20.6279	0.4844	0.6160	0.5987	0.3383	0.3456	-0.6909	0.1818
90.000	20.8247	0.4794	0.6032	0.5853	0.3672	0.2963	-0.6773	0.2599
95.000	20.8748	0.4717	0.5919	0.5709	0.3907	0.2441	-0.6527	0.3391
100.000	20.7826	0.4609	0.5819	0.5560	0.4087	0.1895	-0.6166	0.4183
105.000	20.5568	0.4468	0.5731	0.5406	0.4208	0.1332	-0.5683	0.4965
110.000	20.2103	0.4288	0.5648	0.5249	0.4268	0.0758	-0.5071	0.5723
115.000	19.7599	0.4069	0.5568	0.5088	0.4261	0.0183	-0.4324	0.6437
120.000	19.2254	0.3808	0.5483	0.4920	0.4182	-0.0382	-0.3435	0.7086
125.000	18.6291	0.3506	0.5383	0.4742	0.4024	-0.0922	-0.2402	0.7642
130.000	17.9944	0.3165	0.5258	0.4546	0.3786	-0.1418	-0.1229	0.8072
135.000	17.3449	0.2788	0.5092	0.4325	0.3467	-0.1847	0.0073	0.8340
140.000	16.7034	0.2384	0.4871	0.4068	0.3072	-0.2187	0.1479	0.8410
145.000	16.0910	0.1963	0.4578	0.3766	0.2613	-0.2410	0.2955	0.8246
150.000	15.5262	0.1541	0.4198	0.3408	0.2111	-0.2496	0.4450	0.7818
155.000	15.0247	0.1134	0.3720	0.2986	0.1592	-0.2426	0.5901	0.7109
160.000	14.5991	0.0762	0.3140	0.2497	0.1093	-0.2196	0.7237	0.6116
165.000	14.2591	0.0446	0.2460	0.1942	0.0650	-0.1810	0.8379	0.4859
170.000	14.0117	0.0204	0.1694	0.1330	0.0301	-0.1290	0.9257	0.3377
175.000	13.8615	0.0052	0.0864	0.0677	0.0077	-0.0671	0.9811	0.1732
180.000	13.8111	0.0000	0.0000	0.0000	0.0000	0.0000	1.0000	0.0000
