0.000	21.1654	0.0000	0.0000	0.0000	0.0000	0.0000	1.0000	0.0000
5.000	20.2132	0.0467	0.0329	0.0056	-0.0127	-0.0031	0.9955	-0.0743
10.000	17.9536	0.1772	0.0701	0.0164	-0.0502	0.0035	0.9695	-0.1468
15.000	15.5138	0.3600	0.1127	0.0371	-0.1075	0.0290	0.8961	-0.2091
20.000	13.6051	0.5471	0.1574	0.0693	-0.1709	0.0774	0.7642	-0.2479
25.000	12.3632	0.6971	0.1993	0.1108	-0.2227	0.1438	0.5923	-0.2560
30.000	11.6406	0.7950	0.2357	0.1570	-0.2510	0.2175	0.4132	-0.2369
35.000	11.2442	0.8481	0.2666	0.2041	-0.2540	0.2888	0.2520	-0.1999
40.000	11.0233	0.8713	0.2937	0.2501	-0.2354	0.3519	0.1194	-0.1541
45.000	10.8788	0.8775	0.3187	0.2946	-0.2007	0.4045	0.0154	-0.1053
50.000	10.7499	0.8751	0.3432	0.3376	-0.1547	0.4464	-0.0639	-0.0565
55.000	10.6009	0.8688	0.3681	0.3796	-0.1008	0.4778	-0.1233	-0.0086
60.000	10.4120	0.8611	0.3938	0.4209	-0.0414	0.4996	-0.1669	0.0381
65.000	10.1732	0.8529	0.4205	0.4617	0.0220	0.5122	-0.1975	0.0840
70.000	9.8823	0.8445	0.4483	0.5022	0.0886	0.5159	-0.2173	0.1297
75.000	9.5418	0.8357	0.4769	0.5423	0.1576	0.5109	-0.2273	0.1756
80.000	9.1586	0.8262	0.5058	0.5818	0.2286	0.4966	-0.2279	0.2220
85.000	8.7424	0.8155	0.5347	0.6205	0.3010	0.4724	-0.2191	0.2690
90.000	8.3043	0.8029	0.5626	0.6577	0.3738	0.4375	-0.2006	0.3162
95.000	7.8563	0.7878	0.5890	0.6929	0.4455	0.3909	-0.1717	0.3631
100.000	7.4098	0.7693	0.6128	0.7253	0.5141	0.3317	-0.1321	0.4086
105.000	6.9750	0.7465	0.6332	0.7541	0.5768	0.2598	-0.0813	0.4513
110.000	6.5604	0.7185	0.6494	0.7784	0.6305	0.1755	-0.0193	0.4893
115.000	6.1724	0.6843	0.6603	0.7972	0.6712	0.0805	0.0535	0.5209
120.000	5.8154	0.6433	0.6653	0.8093	0.6955	-0.0223	0.1359	0.5439
125.000	5.4919	0.5950	0.6633	0.8134	0.7000	-0.1284	0.2264	0.5567
130.000	5.2030	0.5394	0.6535	0.8080	0.6825	-0.2320	0.3228	0.5578
135.000	4.9484	0.4770	0.6350	0.7915	0.6423	-0.3262	0.4224	0.5463
140.000	4.7271	0.4091	0.6068	0.7622	0.5805	-0.4038	0.5223	0.5220
145.000	4.5376	0.3376	0.5679	0.7183	0.5005	-0.4579	0.6195	0.4853
150.000	4.3782	0.2653	0.5175	0.6587	0.4076	-0.4827	0.7108	0.4373
155.000	4.2471	0.1953	0.4553	0.5825	0.3088	-0.4745	0.7934	0.3793
160.000	4.1425	0.1312	0.3815	0.4901	0.2122	-0.4321	0.8647	0.3130
165.000	4.0631	0.0767	0.2969	0.3827	0.1262	-0.3573	0.9226	0.2402
170.000	4.0073	0.0351	0.2034	0.2628	0.0583	-0.2550	0.9652	0.1627
175.000	3.9743	0.0089	0.1034	0.1338	0.0149	-0.1328	0.9912	0.0821
180.000	3.9634	0.0000	0.0000	0.0001	0.0000	-0.0001	1.0000	0.0000
