0.000	21.0495	0.0000	0.0000	0.0000	0.0000	0.0000	1.0000	0.0000
5.000	20.1768	0.0438	0.0485	0.0137	-0.0129	-0.0108	0.9959	-0.0615
10.000	18.0773	0.1667	0.1037	0.0346	-0.0509	-0.0115	0.9722	-0.1217
15.000	15.7615	0.3409	0.1678	0.0687	-0.1091	0.0082	0.9045	-0.1740
20.000	13.9133	0.5225	0.2368	0.1175	-0.1740	0.0542	0.7801	-0.2075
25.000	12.7004	0.6711	0.3027	0.1769	-0.2273	0.1226	0.6134	-0.2153
30.000	12.0053	0.7696	0.3601	0.2400	-0.2560	0.2021	0.4356	-0.1990
35.000	11.6454	0.8231	0.4076	0.3014	-0.2570	0.2810	0.2732	-0.1660
40.000	11.4684	0.8459	0.4469	0.3582	-0.2338	0.3516	0.1391	-0.1241
45.000	11.3701	0.8511	0.4807	0.4099	-0.1922	0.4102	0.0350	-0.0790
50.000	11.2863	0.8477	0.5108	0.4568	-0.1372	0.4554	-0.0421	-0.0336
55.000	11.1805	0.8409	0.5388	0.4996	-0.0730	0.4871	-0.0971	0.0105
60.000	11.0337	0.8331	0.5655	0.5389	-0.0026	0.5056	-0.1342	0.0529
65.000	10.8380	0.8254	0.5913	0.5750	0.0715	0.5110	-0.1570	0.0935
70.000	10.5922	0.8178	0.6163	0.6083	0.1475	0.5037	-0.1682	0.1325
75.000	10.2991	0.8101	0.6405	0.6391	0.2235	0.4840	-0.1700	0.1701
80.000	9.9641	0.8015	0.6637	0.6674	0.2977	0.4522	-0.1635	0.2066
85.000	9.5938	0.7914	0.6857	0.6932	0.3686	0.4087	-0.1498	0.2423
90.000	9.1954	0.7791	0.7062	0.7164	0.4343	0.3540	-0.1294	0.2772
95.000	8.7766	0.7637	0.7248	0.7368	0.4931	0.2891	-0.1024	0.3116
100.000	8.3452	0.7444	0.7411	0.7539	0.5431	0.2150	-0.0688	0.3453
105.000	7.9090	0.7203	0.7544	0.7674	0.5827	0.1333	-0.0282	0.3780
110.000	7.4755	0.6907	0.7641	0.7765	0.6099	0.0459	0.0196	0.4093
115.000	7.0517	0.6550	0.7692	0.7805	0.6234	-0.0446	0.0752	0.4385
120.000	6.6442	0.6125	0.7688	0.7784	0.6216	-0.1350	0.1388	0.4645
125.000	6.2588	0.5632	0.7614	0.7691	0.6040	-0.2215	0.2105	0.4861
130.000	5.9001	0.5073	0.7459	0.7514	0.5705	-0.3000	0.2900	0.5014
135.000	5.5718	0.4456	0.7208	0.7243	0.5218	-0.3657	0.3764	0.5086
140.000	5.2766	0.3795	0.6849	0.6865	0.4601	-0.4144	0.4682	0.5055
145.000	5.0162	0.3110	0.6372	0.6374	0.3883	-0.4421	0.5631	0.4902
150.000	4.7913	0.2426	0.5772	0.5764	0.3105	-0.4458	0.6578	0.4608
155.000	4.6022	0.1775	0.5047	0.5034	0.2318	-0.4239	0.7487	0.4163
160.000	4.4485	0.1186	0.4204	0.4190	0.1574	-0.3765	0.8314	0.3564
165.000	4.3299	0.0690	0.3256	0.3243	0.0927	-0.3058	0.9015	0.2821
170.000	4.2456	0.0314	0.2222	0.2212	0.0426	-0.2156	0.9550	0.1956
175.000	4.1953	0.0080	0.1127	0.1122	0.0109	-0.1115	0.9886	0.1002
180.000	4.1786	0.0000	0.0001	0.0001	0.0000	-0.0001	1.0000	0.0000
