0.000	7.8727	0.0000	0.0000	0.0000	0.0000	0.0000	1.0000	0.0000
5.000	7.8247	0.0077	0.0022	0.0021	0.0004	-0.0020	0.9951	0.0988
10.000	7.6910	0.0300	0.0044	0.0043	0.0017	-0.0040	0.9796	0.1986
15.000	7.4995	0.0643	0.0064	0.0069	0.0037	-0.0057	0.9518	0.2999
20.000	7.2873	0.1067	0.0082	0.0099	0.0066	-0.0070	0.9096	0.4016
25.000	7.0918	0.1518	0.0096	0.0133	0.0101	-0.0080	0.8519	0.5011
30.000	6.9428	0.1942	0.0105	0.0170	0.0140	-0.0085	0.7800	0.5948
35.000	6.8587	0.2290	0.0110	0.0208	0.0181	-0.0086	0.6974	0.6791
40.000	6.8468	0.2533	0.0111	0.0245	0.0221	-0.0083	0.6096	0.7511
45.000	6.9045	0.2663	0.0108	0.0278	0.0257	-0.0079	0.5229	0.8097
50.000	7.0231	0.2687	0.0102	0.0306	0.0287	-0.0074	0.4429	0.8553
55.000	7.1906	0.2628	0.0096	0.0328	0.0311	-0.0070	0.3736	0.8895
60.000	7.3935	0.2509	0.0088	0.0344	0.0329	-0.0067	0.3176	0.9144
65.000	7.6191	0.2353	0.0082	0.0354	0.0340	-0.0067	0.2755	0.9321
70.000	7.8558	0.2177	0.0076	0.0359	0.0345	-0.0069	0.2473	0.9442
75.000	8.0938	0.1993	0.0071	0.0359	0.0345	-0.0073	0.2321	0.9520
80.000	8.3254	0.1812	0.0067	0.0356	0.0341	-0.0079	0.2291	0.9564
85.000	8.5444	0.1637	0.0064	0.0349	0.0332	-0.0086	0.2369	0.9576
90.000	8.7466	0.1472	0.0062	0.0340	0.0320	-0.0095	0.2546	0.9558
95.000	8.9291	0.1317	0.0061	0.0328	0.0306	-0.0104	0.2809	0.9506
100.000	9.0903	0.1173	0.0061	0.0314	0.0288	-0.0112	0.3149	0.9418
105.000	9.2296	0.1040	0.0061	0.0299	0.0269	-0.0120	0.3555	0.9289
110.000	9.3474	0.0916	0.0061	0.0282	0.0247	-0.0127	0.4018	0.9111
115.000	9.4444	0.0800	0.0061	0.0265	0.0225	-0.0133	0.4526	0.8881
120.000	9.5220	0.0693	0.0060	0.0246	0.0201	-0.0137	0.5070	0.8592
125.000	9.5818	0.0593	0.0059	0.0227	0.0177	-0.0138	0.5637	0.8238
130.000	9.6258	0.0500	0.0058	0.0207	0.0152	-0.0138	0.6218	0.7816
135.000	9.6559	0.0414	0.0056	0.0187	0.0128	-0.0134	0.6798	0.7322
140.000	9.6741	0.0334	0.0053	0.0167	0.0105	-0.0128	0.7366	0.6755
145.000	9.6828	0.0261	0.0049	0.0147	0.0083	-0.0120	0.7909	0.6113
150.000	9.6841	0.0196	0.0044	0.0126	0.0063	-0.0108	0.8414	0.5400
155.000	9.6802	0.0138	0.0038	0.0105	0.0045	-0.0095	0.8868	0.4620
160.000	9.6735	0.0090	0.0031	0.0084	0.0029	-0.0079	0.9258	0.3778
165.000	9.6658	0.0051	0.0024	0.0063	0.0017	-0.0061	0.9575	0.2883
170.000	9.6589	0.0023	0.0016	0.0042	0.0007	-0.0041	0.9809	0.1946
175.000	9.6542	0.0006	0.0008	0.0021	0.0002	-0.0021	0.9952	0.0981
180.000	9.6525	0.0000	0.0000	0.0000	0.0000	0.0000	1.0000	0.0000
