0.000	3.3714	0.0000	0.0000	0.0000	0.0000	0.0000	1.0000	0.0000
5.000	3.3709	0.0003	-0.0004	0.0001	0.0000	-0.0001	0.9997	0.0252
10.000	3.3697	0.0010	-0.0008	0.0002	0.0000	-0.0002	0.9987	0.0502
15.000	3.3677	0.0022	-0.0011	0.0004	0.0001	-0.0004	0.9972	0.0748
20.000	3.3652	0.0038	-0.0015	0.0005	0.0001	-0.0005	0.9951	0.0989
25.000	3.3623	0.0057	-0.0019	0.0006	0.0001	-0.0006	0.9925	0.1223
30.000	3.3594	0.0079	-0.0022	0.0007	0.0002	-0.0007	0.9894	0.1448
35.000	3.3566	0.0102	-0.0025	0.0008	0.0002	-0.0008	0.9860	0.1662
40.000	3.3542	0.0125	-0.0029	0.0009	0.0003	-0.0009	0.9824	0.1863
45.000	3.3524	0.0147	-0.0031	0.0010	0.0004	-0.0010	0.9786	0.2051
50.000	3.3512	0.0169	-0.0034	0.0011	0.0004	-0.0011	0.9748	0.2223
55.000	3.3509	0.0188	-0.0037	0.0012	0.0005	-0.0012	0.9711	0.2378
60.000	3.3516	0.0205	-0.0039	0.0013	0.0005	-0.0013	0.9676	0.2515
65.000	3.3532	0.0219	-0.0040	0.0013	0.0005	-0.0013	0.9645	0.2633
70.000	3.3558	0.0229	-0.0042	0.0014	0.0006	-0.0014	0.9617	0.2730
75.000	3.3594	0.0235	-0.0043	0.0014	0.0006	-0.0014	0.9595	0.2806
80.000	3.3639	0.0238	-0.0044	0.0015	0.0006	-0.0014	0.9579	0.2861
85.000	3.3693	0.0237	-0.0044	0.0015	0.0006	-0.0015	0.9569	0.2894
90.000	3.3754	0.0232	-0.0045	0.0015	0.0006	-0.0015	0.9566	0.2905
95.000	3.3822	0.0224	-0.0044	0.0015	0.0006	-0.0015	0.9569	0.2894
100.000	3.3894	0.0212	-0.0044	0.0015	0.0006	-0.0014	0.9580	0.2860
105.000	3.3970	0.0199	-0.0043	0.0014	0.0005	-0.0014	0.9596	0.2805
110.000	3.4047	0.0183	-0.0042	0.0014	0.0005	-0.0014	0.9619	0.2729
115.000	3.4125	0.0166	-0.0040	0.0013	0.0005	-0.0013	0.9646	0.2632
120.000	3.4201	0.0148	-0.0038	0.0013	0.0004	-0.0013	0.9677	0.2516
125.000	3.4275	0.0130	-0.0036	0.0012	0.0004	-0.0012	0.9712	0.2380
130.000	3.4345	0.0111	-0.0034	0.0011	0.0003	-0.0011	0.9748	0.2226
135.000	3.4411	0.0093	-0.0031	0.0010	0.0003	-0.0010	0.9786	0.2055
140.000	3.4472	0.0076	-0.0028	0.0009	0.0002	-0.0009	0.9824	0.1869
145.000	3.4528	0.0060	-0.0025	0.0008	0.0002	-0.0008	0.9860	0.1668
150.000	3.4578	0.0045	-0.0022	0.0007	0.0001	-0.0007	0.9894	0.1454
155.000	3.4621	0.0032	-0.0019	0.0006	0.0001	-0.0006	0.9924	0.1230
160.000	3.4657	0.0021	-0.0015	0.0005	0.0001	-0.0005	0.9950	0.0995
165.000	3.4686	0.0012	-0.0011	0.0004	0.0000	-0.0004	0.9972	0.0753
170.000	3.4707	0.0005	-0.0008	0.0003	0.0000	-0.0003	0.9987	0.0506
175.000	3.4719	0.0001	-0.0004	0.0001	0.0000	-0.0001	0.9997	0.0254
180.000	3.4723	0.0000	0.0000	0.0000	0.0000	0.0000	1.0000	0.0000
