0.000	6.7296	0.0000	0.0000	0.0000	0.0000	0.0000	1.0000	0.0000
5.000	6.7085	0.0038	-0.0012	0.0012	0.0002	-0.0012	0.9973	0.0735
10.000	6.6482	0.0149	-0.0024	0.0024	0.0008	-0.0023	0.9890	0.1473
15.000	6.5574	0.0323	-0.0037	0.0037	0.0017	-0.0035	0.9746	0.2215
20.000	6.4487	0.0544	-0.0051	0.0050	0.0029	-0.0046	0.9537	0.2958
25.000	6.3357	0.0791	-0.0065	0.0064	0.0045	-0.0057	0.9258	0.3695
30.000	6.2314	0.1041	-0.0080	0.0079	0.0061	-0.0067	0.8913	0.4412
35.000	6.1461	0.1273	-0.0096	0.0094	0.0079	-0.0077	0.8509	0.5095
40.000	6.0866	0.1470	-0.0111	0.0108	0.0097	-0.0085	0.8064	0.5726
45.000	6.0561	0.1619	-0.0125	0.0122	0.0114	-0.0093	0.7599	0.6294
50.000	6.0548	0.1715	-0.0138	0.0134	0.0128	-0.0099	0.7137	0.6789
55.000	6.0803	0.1759	-0.0150	0.0145	0.0140	-0.0104	0.6703	0.7207
60.000	6.1290	0.1757	-0.0160	0.0154	0.0150	-0.0109	0.6317	0.7548
65.000	6.1962	0.1715	-0.0167	0.0160	0.0156	-0.0112	0.5994	0.7816
70.000	6.2771	0.1643	-0.0173	0.0165	0.0159	-0.0115	0.5743	0.8018
75.000	6.3672	0.1550	-0.0176	0.0168	0.0160	-0.0117	0.5569	0.8158
80.000	6.4623	0.1441	-0.0178	0.0169	0.0158	-0.0118	0.5473	0.8242
85.000	6.5590	0.1325	-0.0178	0.0168	0.0153	-0.0119	0.5452	0.8275
90.000	6.6540	0.1204	-0.0177	0.0166	0.0147	-0.0119	0.5502	0.8260
95.000	6.7450	0.1084	-0.0174	0.0163	0.0140	-0.0119	0.5618	0.8200
100.000	6.8300	0.0966	-0.0169	0.0158	0.0131	-0.0119	0.5791	0.8093
105.000	6.9073	0.0853	-0.0164	0.0153	0.0121	-0.0117	0.6015	0.7941
110.000	6.9761	0.0747	-0.0158	0.0146	0.0111	-0.0115	0.6283	0.7742
115.000	7.0356	0.0648	-0.0150	0.0139	0.0100	-0.0112	0.6587	0.7494
120.000	7.0858	0.0556	-0.0142	0.0131	0.0089	-0.0109	0.6919	0.7197
125.000	7.1272	0.0473	-0.0133	0.0122	0.0077	-0.0104	0.7271	0.6848
130.000	7.1602	0.0396	-0.0123	0.0113	0.0066	-0.0098	0.7634	0.6446
135.000	7.1862	0.0327	-0.0113	0.0103	0.0056	-0.0092	0.7999	0.5992
140.000	7.2061	0.0264	-0.0102	0.0093	0.0045	-0.0084	0.8357	0.5485
145.000	7.2212	0.0207	-0.0090	0.0082	0.0036	-0.0076	0.8699	0.4927
150.000	7.2327	0.0156	-0.0078	0.0071	0.0027	-0.0067	0.9016	0.4321
155.000	7.2414	0.0111	-0.0066	0.0059	0.0019	-0.0057	0.9300	0.3672
160.000	7.2480	0.0073	-0.0053	0.0048	0.0012	-0.0046	0.9544	0.2986
165.000	7.2530	0.0042	-0.0040	0.0036	0.0007	-0.0035	0.9739	0.2267
170.000	7.2564	0.0019	-0.0027	0.0024	0.0003	-0.0024	0.9883	0.1525
175.000	7.2585	0.0005	-0.0013	0.0012	0.0001	-0.0012	0.9971	0.0767
180.000	7.2592	0.0000	0.0000	0.0000	0.0000	0.0000	1.0000	0.0000
