0.000	7.5259	0.0000	0.0000	0.0000	0.0000	0.0000	1.0000	0.0000
5.000	7.5057	0.0034	-0.0008	0.0010	0.0002	-0.0010	0.9970	0.0770
10.000	7.4484	0.0133	-0.0017	0.0020	0.0007	-0.0020	0.9880	0.1539
15.000	7.3626	0.0287	-0.0026	0.0031	0.0015	-0.0029	0.9726	0.2307
20.000	7.2608	0.0482	-0.0036	0.0043	0.0026	-0.0038	0.9506	0.3067
25.000	7.1563	0.0698	-0.0047	0.0055	0.0039	-0.0047	0.9219	0.3811
30.000	7.0612	0.0917	-0.0059	0.0067	0.0054	-0.0054	0.8870	0.4525
35.000	6.9847	0.1121	-0.0071	0.0080	0.0069	-0.0061	0.8470	0.5196
40.000	6.9326	0.1296	-0.0083	0.0093	0.0085	-0.0067	0.8033	0.5812
45.000	6.9074	0.1433	-0.0095	0.0105	0.0100	-0.0072	0.7579	0.6363
50.000	6.9085	0.1528	-0.0107	0.0116	0.0113	-0.0077	0.7129	0.6843
55.000	6.9334	0.1582	-0.0117	0.0125	0.0124	-0.0080	0.6703	0.7249
60.000	6.9784	0.1597	-0.0126	0.0134	0.0133	-0.0083	0.6318	0.7584
65.000	7.0390	0.1578	-0.0135	0.0140	0.0140	-0.0086	0.5987	0.7851
70.000	7.1106	0.1532	-0.0141	0.0145	0.0144	-0.0088	0.5722	0.8055
75.000	7.1888	0.1464	-0.0146	0.0148	0.0146	-0.0090	0.5528	0.8202
80.000	7.2694	0.1380	-0.0150	0.0150	0.0146	-0.0092	0.5407	0.8296
85.000	7.3489	0.1285	-0.0152	0.0150	0.0143	-0.0094	0.5360	0.8342
90.000	7.4240	0.1183	-0.0153	0.0149	0.0139	-0.0095	0.5385	0.8341
95.000	7.4923	0.1077	-0.0152	0.0147	0.0133	-0.0096	0.5476	0.8296
100.000	7.5518	0.0970	-0.0150	0.0143	0.0126	-0.0097	0.5629	0.8206
105.000	7.6011	0.0865	-0.0147	0.0139	0.0117	-0.0097	0.5838	0.8071
110.000	7.6393	0.0763	-0.0143	0.0133	0.0108	-0.0097	0.6095	0.7889
115.000	7.6664	0.0666	-0.0138	0.0127	0.0098	-0.0095	0.6393	0.7659
120.000	7.6826	0.0575	-0.0132	0.0120	0.0088	-0.0093	0.6725	0.7378
125.000	7.6890	0.0491	-0.0125	0.0112	0.0077	-0.0091	0.7081	0.7043
130.000	7.6869	0.0412	-0.0117	0.0104	0.0067	-0.0087	0.7454	0.6653
135.000	7.6781	0.0341	-0.0108	0.0095	0.0056	-0.0082	0.7833	0.6206
140.000	7.6645	0.0275	-0.0098	0.0086	0.0046	-0.0076	0.8210	0.5701
145.000	7.6481	0.0215	-0.0088	0.0077	0.0036	-0.0070	0.8575	0.5140
150.000	7.6307	0.0162	-0.0077	0.0066	0.0028	-0.0062	0.8916	0.4524
155.000	7.6138	0.0115	-0.0065	0.0056	0.0020	-0.0053	0.9225	0.3857
160.000	7.5986	0.0075	-0.0053	0.0045	0.0013	-0.0044	0.9492	0.3145
165.000	7.5862	0.0043	-0.0040	0.0034	0.0007	-0.0033	0.9709	0.2394
170.000	7.5770	0.0019	-0.0027	0.0023	0.0003	-0.0023	0.9869	0.1614
175.000	7.5714	0.0005	-0.0013	0.0011	0.0001	-0.0011	0.9967	0.0812
180.000	7.5695	0.0000	0.0000	0.0000	0.0000	0.0000	1.0000	0.0000
