0.000	8.7935	0.0000	0.0000	0.0000	0.0000	0.0000	1.0000	0.0000
5.000	8.6375	0.0354	0.2325	0.0439	-0.0169	-0.0367	0.9721	0.0053
10.000	8.2945	0.1320	0.4678	0.1048	-0.0637	-0.0493	0.8765	0.0019
15.000	8.0395	0.2586	0.6868	0.1914	-0.1259	-0.0170	0.6940	-0.0158
20.000	8.1109	0.3700	0.8509	0.2954	-0.1781	0.0634	0.4341	-0.0453
25.000	8.6049	0.4342	0.9338	0.3952	-0.1981	0.1703	0.1477	-0.0754
30.000	9.4897	0.4514	0.9443	0.4734	-0.1819	0.2733	-0.1098	-0.0948
35.000	10.6674	0.4407	0.9113	0.5257	-0.1399	0.3535	-0.3120	-0.0983
40.000	12.0278	0.4203	0.8610	0.5561	-0.0848	0.4066	-0.4598	-0.0864
45.000	13.4746	0.4005	0.8082	0.5710	-0.0256	0.4355	-0.5642	-0.0613
50.000	14.9329	0.3852	0.7597	0.5752	0.0322	0.4451	-0.6368	-0.0258
55.000	16.3476	0.3748	0.7176	0.5723	0.0862	0.4398	-0.6862	0.0180
60.000	17.6790	0.3686	0.6820	0.5645	0.1350	0.4231	-0.7181	0.0684
65.000	18.8981	0.3651	0.6521	0.5532	0.1781	0.3979	-0.7361	0.1243
70.000	19.9839	0.3633	0.6272	0.5394	0.2153	0.3662	-0.7424	0.1843
75.000	20.9211	0.3620	0.6062	0.5239	0.2466	0.3296	-0.7383	0.2477
80.000	21.6987	0.3605	0.5886	0.5072	0.2720	0.2896	-0.7245	0.3134
85.000	22.3097	0.3580	0.5735	0.4897	0.2917	0.2471	-0.7011	0.3807
90.000	22.7507	0.3541	0.5604	0.4716	0.3059	0.2033	-0.6684	0.4486
95.000	23.0220	0.3483	0.5489	0.4530	0.3147	0.1588	-0.6260	0.5162
100.000	23.1275	0.3403	0.5383	0.4342	0.3183	0.1144	-0.5738	0.5825
105.000	23.0749	0.3297	0.5282	0.4152	0.3168	0.0710	-0.5114	0.6463
110.000	22.8757	0.3165	0.5181	0.3959	0.3104	0.0290	-0.4384	0.7063
115.000	22.5449	0.3005	0.5073	0.3763	0.2992	-0.0106	-0.3544	0.7607
120.000	22.1009	0.2814	0.4953	0.3562	0.2836	-0.0473	-0.2595	0.8077
125.000	21.5649	0.2595	0.4813	0.3355	0.2638	-0.0801	-0.1536	0.8450
130.000	20.9601	0.2347	0.4645	0.3139	0.2401	-0.1083	-0.0373	0.8700
135.000	20.3113	0.2074	0.4440	0.2911	0.2131	-0.1308	0.0882	0.8799
140.000	19.6439	0.1780	0.4190	0.2669	0.1834	-0.1468	0.2209	0.8718
145.000	18.9834	0.1472	0.3885	0.2409	0.1520	-0.1554	0.3580	0.8427
150.000	18.3541	0.1161	0.3517	0.2128	0.1200	-0.1558	0.4952	0.7901
155.000	17.7789	0.0859	0.3080	0.1824	0.0888	-0.1478	0.6276	0.7124
160.000	17.2783	0.0580	0.2574	0.1497	0.0600	-0.1312	0.7489	0.6092
165.000	16.8698	0.0341	0.2001	0.1147	0.0352	-0.1066	0.8527	0.4820
170.000	16.5675	0.0156	0.1370	0.0777	0.0162	-0.0753	0.9324	0.3341
175.000	16.3819	0.0040	0.0696	0.0393	0.0041	-0.0389	0.9828	0.1711
180.000	16.3193	0.0000	0.0000	0.0000	0.0000	0.0000	1.0000	0.0000
