0.000	19.9486	0.0000	0.0000	0.0000	0.0000	0.0000	1.0000	0.0000
5.000	19.3738	0.0323	0.0995	0.0244	-0.0147	-0.0201	0.9913	-0.0803
10.000	17.9554	0.1223	0.2057	0.0592	-0.0566	-0.0259	0.9568	-0.1638
15.000	16.3332	0.2493	0.3181	0.1121	-0.1175	-0.0041	0.8797	-0.2482
20.000	15.0114	0.3827	0.4277	0.1837	-0.1809	0.0515	0.7509	-0.3241
25.000	14.1787	0.4954	0.5219	0.2668	-0.2276	0.1349	0.5816	-0.3808
30.000	13.8002	0.5750	0.5930	0.3508	-0.2454	0.2308	0.3961	-0.4128
35.000	13.7576	0.6237	0.6407	0.4272	-0.2326	0.3236	0.2172	-0.4207
40.000	13.9314	0.6504	0.6695	0.4919	-0.1952	0.4027	0.0578	-0.4090
45.000	14.2272	0.6636	0.6848	0.5445	-0.1409	0.4637	-0.0779	-0.3823
50.000	14.5769	0.6696	0.6914	0.5860	-0.0771	0.5059	-0.1907	-0.3446
55.000	14.9317	0.6718	0.6927	0.6183	-0.0089	0.5307	-0.2832	-0.2987
60.000	15.2562	0.6720	0.6910	0.6430	0.0600	0.5401	-0.3581	-0.2465
65.000	15.5240	0.6712	0.6879	0.6615	0.1274	0.5361	-0.4177	-0.1893
70.000	15.7159	0.6694	0.6843	0.6750	0.1918	0.5204	-0.4639	-0.1280
75.000	15.8187	0.6665	0.6809	0.6840	0.2524	0.4945	-0.4979	-0.0633
80.000	15.8251	0.6623	0.6777	0.6892	0.3087	0.4593	-0.5204	0.0044
85.000	15.7328	0.6563	0.6749	0.6911	0.3604	0.4159	-0.5318	0.0747
90.000	15.5443	0.6481	0.6725	0.6900	0.4069	0.3650	-0.5323	0.1471
95.000	15.2658	0.6372	0.6701	0.6863	0.4479	0.3072	-0.5215	0.2212
100.000	14.9064	0.6230	0.6678	0.6805	0.4826	0.2435	-0.4991	0.2962
105.000	14.4772	0.6049	0.6653	0.6730	0.5102	0.1748	-0.4645	0.3712
110.000	13.9907	0.5825	0.6624	0.6641	0.5299	0.1020	-0.4170	0.4448
115.000	13.4600	0.5554	0.6588	0.6541	0.5407	0.0267	-0.3558	0.5155
120.000	12.8989	0.5232	0.6541	0.6430	0.5414	-0.0494	-0.2803	0.5811
125.000	12.3216	0.4855	0.6475	0.6302	0.5310	-0.1242	-0.1902	0.6391
130.000	11.7422	0.4425	0.6379	0.6148	0.5087	-0.1950	-0.0854	0.6864
135.000	11.1751	0.3942	0.6237	0.5955	0.4740	-0.2585	0.0333	0.7195
140.000	10.6339	0.3413	0.6027	0.5704	0.4270	-0.3107	0.1642	0.7347
145.000	10.1314	0.2848	0.5726	0.5374	0.3689	-0.3476	0.3039	0.7284
150.000	9.6788	0.2265	0.5310	0.4945	0.3023	-0.3649	0.4480	0.6972
155.000	9.2851	0.1688	0.4756	0.4398	0.2310	-0.3592	0.5899	0.6390
160.000	8.9572	0.1147	0.4053	0.3725	0.1603	-0.3286	0.7221	0.5533
165.000	8.6995	0.0677	0.3202	0.2927	0.0962	-0.2732	0.8364	0.4417
170.000	8.5144	0.0312	0.2218	0.2020	0.0448	-0.1960	0.9248	0.3080
175.000	8.4031	0.0080	0.1136	0.1032	0.0115	-0.1024	0.9808	0.1583
180.000	8.3660	0.0000	0.0000	0.0000	0.0000	0.0000	1.0000	0.0000
