0.000	7.1492	0.0000	0.0000	0.0000	0.0000	0.0000	1.0000	0.0000
5.000	7.0777	0.0142	0.0201	0.0046	0.0004	-0.0043	0.9891	0.1450
10.000	6.8874	0.0549	0.0404	0.0100	0.0018	-0.0077	0.9541	0.2918
15.000	6.6402	0.1157	0.0605	0.0172	0.0043	-0.0093	0.8890	0.4392
20.000	6.4120	0.1861	0.0794	0.0262	0.0081	-0.0085	0.7887	0.5809
25.000	6.2675	0.2529	0.0956	0.0370	0.0134	-0.0050	0.6542	0.7072
30.000	6.2463	0.3040	0.1075	0.0484	0.0199	0.0007	0.4951	0.8080
35.000	6.3602	0.3329	0.1146	0.0593	0.0270	0.0077	0.3283	0.8781
40.000	6.5995	0.3399	0.1170	0.0686	0.0341	0.0147	0.1706	0.9192
45.000	6.9417	0.3301	0.1159	0.0758	0.0408	0.0206	0.0342	0.9381
50.000	7.3587	0.3101	0.1125	0.0809	0.0468	0.0250	-0.0757	0.9430
55.000	7.8223	0.2854	0.1079	0.0839	0.0518	0.0276	-0.1586	0.9409
60.000	8.3072	0.2599	0.1028	0.0853	0.0559	0.0285	-0.2171	0.9371
65.000	8.7917	0.2358	0.0978	0.0854	0.0591	0.0280	-0.2544	0.9344
70.000	9.2586	0.2140	0.0931	0.0845	0.0614	0.0262	-0.2737	0.9345
75.000	9.6941	0.1948	0.0888	0.0828	0.0630	0.0234	-0.2777	0.9378
80.000	10.0881	0.1780	0.0850	0.0806	0.0638	0.0199	-0.2684	0.9440
85.000	10.4332	0.1631	0.0815	0.0780	0.0638	0.0158	-0.2473	0.9526
90.000	10.7249	0.1498	0.0784	0.0751	0.0632	0.0113	-0.2155	0.9625
95.000	10.9606	0.1377	0.0756	0.0719	0.0620	0.0066	-0.1739	0.9728
100.000	11.1401	0.1263	0.0730	0.0685	0.0601	0.0018	-0.1231	0.9822
105.000	11.2650	0.1154	0.0705	0.0650	0.0577	-0.0029	-0.0635	0.9892
110.000	11.3385	0.1047	0.0681	0.0614	0.0546	-0.0074	0.0042	0.9925
115.000	11.3652	0.0942	0.0656	0.0577	0.0511	-0.0116	0.0793	0.9905
120.000	11.3509	0.0837	0.0630	0.0539	0.0470	-0.0154	0.1612	0.9816
125.000	11.3023	0.0732	0.0602	0.0500	0.0425	-0.0185	0.2487	0.9641
130.000	11.2266	0.0629	0.0570	0.0460	0.0376	-0.0211	0.3404	0.9366
135.000	11.1313	0.0528	0.0535	0.0419	0.0325	-0.0228	0.4346	0.8976
140.000	11.0237	0.0431	0.0495	0.0377	0.0273	-0.0236	0.5293	0.8460
145.000	10.9110	0.0340	0.0451	0.0334	0.0221	-0.0235	0.6221	0.7809
150.000	10.7997	0.0256	0.0400	0.0290	0.0170	-0.0225	0.7104	0.7022
155.000	10.6955	0.0182	0.0344	0.0244	0.0123	-0.0205	0.7914	0.6101
160.000	10.6036	0.0118	0.0283	0.0197	0.0082	-0.0177	0.8624	0.5054
165.000	10.5278	0.0068	0.0217	0.0149	0.0047	-0.0140	0.9207	0.3896
170.000	10.4715	0.0030	0.0147	0.0100	0.0021	-0.0097	0.9641	0.2650
175.000	10.4368	0.0008	0.0074	0.0050	0.0005	-0.0050	0.9909	0.1341
180.000	10.4251	0.0000	0.0000	0.0000	0.0000	0.0000	1.0000	0.0000
