0.000	21.1502	0.0000	0.0000	0.0000	0.0000	0.0000	1.0000	0.0000
5.000	20.3418	0.0410	0.0587	0.0144	-0.0130	-0.0113	0.9957	-0.0581
10.000	18.3819	0.1559	0.1248	0.0367	-0.0511	-0.0117	0.9724	-0.1148
15.000	16.1951	0.3190	0.2005	0.0731	-0.1087	0.0096	0.9080	-0.1642
20.000	14.4353	0.4899	0.2812	0.1254	-0.1716	0.0584	0.7906	-0.1968
25.000	13.2851	0.6311	0.3579	0.1892	-0.2215	0.1300	0.6332	-0.2063
30.000	12.6475	0.7262	0.4242	0.2571	-0.2456	0.2123	0.4644	-0.1940
35.000	12.3513	0.7797	0.4787	0.3230	-0.2413	0.2925	0.3093	-0.1666
40.000	12.2472	0.8043	0.5235	0.3836	-0.2127	0.3624	0.1802	-0.1311
45.000	12.2310	0.8122	0.5612	0.4380	-0.1661	0.4182	0.0792	-0.0924
50.000	12.2368	0.8116	0.5943	0.4865	-0.1072	0.4587	0.0034	-0.0533
55.000	12.2257	0.8073	0.6243	0.5297	-0.0405	0.4842	-0.0516	-0.0150
60.000	12.1764	0.8016	0.6522	0.5680	0.0306	0.4952	-0.0899	0.0222
65.000	12.0785	0.7952	0.6784	0.6020	0.1034	0.4925	-0.1147	0.0581
70.000	11.9282	0.7883	0.7031	0.6319	0.1759	0.4768	-0.1284	0.0931
75.000	11.7259	0.7806	0.7263	0.6580	0.2463	0.4490	-0.1330	0.1275
80.000	11.4747	0.7715	0.7478	0.6804	0.3128	0.4099	-0.1295	0.1614
85.000	11.1795	0.7603	0.7675	0.6992	0.3740	0.3604	-0.1187	0.1951
90.000	10.8462	0.7463	0.7850	0.7143	0.4284	0.3015	-0.1009	0.2287
95.000	10.4815	0.7290	0.8001	0.7257	0.4747	0.2347	-0.0765	0.2623
100.000	10.0925	0.7075	0.8123	0.7332	0.5116	0.1613	-0.0451	0.2955
105.000	9.6867	0.6814	0.8212	0.7367	0.5379	0.0831	-0.0065	0.3283
110.000	9.2715	0.6500	0.8260	0.7357	0.5526	0.0024	0.0395	0.3599
115.000	8.8544	0.6131	0.8261	0.7300	0.5549	-0.0785	0.0933	0.3897
120.000	8.4423	0.5703	0.8205	0.7190	0.5444	-0.1568	0.1552	0.4165
125.000	8.0422	0.5218	0.8081	0.7021	0.5212	-0.2294	0.2252	0.4389
130.000	7.6600	0.4679	0.7878	0.6786	0.4857	-0.2931	0.3029	0.4554
135.000	7.3012	0.4095	0.7583	0.6477	0.4391	-0.3445	0.3874	0.4640
140.000	6.9706	0.3478	0.7184	0.6088	0.3833	-0.3805	0.4772	0.4628
145.000	6.6719	0.2846	0.6671	0.5613	0.3208	-0.3984	0.5701	0.4499
150.000	6.4085	0.2219	0.6036	0.5046	0.2548	-0.3962	0.6631	0.4236
155.000	6.1825	0.1623	0.5277	0.4386	0.1892	-0.3728	0.7523	0.3832
160.000	5.9959	0.1085	0.4397	0.3638	0.1280	-0.3287	0.8336	0.3284
165.000	5.8498	0.0632	0.3407	0.2809	0.0752	-0.2656	0.9027	0.2601
170.000	5.7450	0.0288	0.2326	0.1913	0.0345	-0.1867	0.9555	0.1804
175.000	5.6820	0.0073	0.1180	0.0969	0.0088	-0.0963	0.9887	0.0924
180.000	5.6609	0.0000	0.0000	0.0000	0.0000	0.0000	1.0000	0.0000
