0.000	18.8273	0.0000	0.0000	0.0000	0.0000	0.0000	1.0000	0.0000
5.000	18.3069	0.0323	0.1095	0.0244	-0.0149	-0.0199	0.9901	-0.0816
10.000	17.0226	0.1226	0.2256	0.0602	-0.0576	-0.0241	0.9519	-0.1662
15.000	15.5608	0.2502	0.3475	0.1155	-0.1195	0.0017	0.8676	-0.2511
20.000	14.3970	0.3841	0.4641	0.1915	-0.1837	0.0642	0.7276	-0.3264
25.000	13.7183	0.4952	0.5612	0.2803	-0.2298	0.1564	0.5443	-0.3806
30.000	13.4954	0.5704	0.6305	0.3695	-0.2451	0.2607	0.3454	-0.4079
35.000	13.6108	0.6127	0.6730	0.4498	-0.2285	0.3595	0.1564	-0.4100
40.000	13.9410	0.6323	0.6950	0.5166	-0.1868	0.4415	-0.0085	-0.3925
45.000	14.3865	0.6391	0.7038	0.5695	-0.1287	0.5025	-0.1457	-0.3609
50.000	14.8754	0.6397	0.7047	0.6100	-0.0619	0.5424	-0.2571	-0.3196
55.000	15.3577	0.6380	0.7016	0.6404	0.0084	0.5634	-0.3462	-0.2711
60.000	15.7988	0.6356	0.6965	0.6625	0.0784	0.5681	-0.4168	-0.2171
65.000	16.1746	0.6331	0.6909	0.6779	0.1459	0.5590	-0.4717	-0.1587
70.000	16.4686	0.6303	0.6853	0.6879	0.2097	0.5384	-0.5131	-0.0964
75.000	16.6696	0.6269	0.6800	0.6936	0.2691	0.5080	-0.5423	-0.0307
80.000	16.7710	0.6225	0.6753	0.6956	0.3236	0.4693	-0.5603	0.0380
85.000	16.7698	0.6166	0.6710	0.6947	0.3730	0.4234	-0.5672	0.1093
90.000	16.6667	0.6086	0.6672	0.6912	0.4171	0.3710	-0.5632	0.1826
95.000	16.4654	0.5981	0.6638	0.6856	0.4554	0.3128	-0.5480	0.2574
100.000	16.1728	0.5845	0.6606	0.6783	0.4876	0.2494	-0.5210	0.3327
105.000	15.7978	0.5673	0.6575	0.6695	0.5128	0.1816	-0.4817	0.4076
110.000	15.3522	0.5460	0.6544	0.6593	0.5302	0.1101	-0.4293	0.4804
115.000	14.8490	0.5201	0.6507	0.6478	0.5388	0.0363	-0.3632	0.5496
120.000	14.3032	0.4894	0.6459	0.6346	0.5374	-0.0384	-0.2830	0.6130
125.000	13.7302	0.4534	0.6390	0.6194	0.5250	-0.1117	-0.1883	0.6679
130.000	13.1461	0.4123	0.6287	0.6012	0.5009	-0.1809	-0.0795	0.7115
135.000	12.5665	0.3662	0.6134	0.5788	0.4646	-0.2426	0.0422	0.7404
140.000	12.0066	0.3159	0.5911	0.5509	0.4165	-0.2931	0.1749	0.7512
145.000	11.4803	0.2626	0.5597	0.5157	0.3582	-0.3283	0.3152	0.7405
150.000	11.0001	0.2080	0.5169	0.4716	0.2923	-0.3445	0.4585	0.7055
155.000	10.5766	0.1544	0.4613	0.4173	0.2225	-0.3387	0.5985	0.6442
160.000	10.2187	0.1046	0.3917	0.3519	0.1539	-0.3094	0.7284	0.5564
165.000	9.9335	0.0616	0.3085	0.2757	0.0921	-0.2570	0.8402	0.4434
170.000	9.7262	0.0283	0.2133	0.1899	0.0428	-0.1842	0.9266	0.3089
175.000	9.6004	0.0072	0.1091	0.0969	0.0110	-0.0962	0.9813	0.1586
180.000	9.5582	0.0000	0.0000	0.0000	0.0000	0.0000	1.0000	0.0000
