0.000	20.9305	0.0000	0.0000	0.0000	0.0000	0.0000	1.0000	0.0000
5.000	20.0169	0.0459	0.0422	0.0119	-0.0127	-0.0093	0.9962	-0.0597
10.000	17.8353	0.1745	0.0908	0.0305	-0.0505	-0.0089	0.9725	-0.1175
15.000	15.4578	0.3561	0.1478	0.0610	-0.1086	0.0107	0.9031	-0.1660
20.000	13.5849	0.5436	0.2097	0.1050	-0.1735	0.0550	0.7751	-0.1938
25.000	12.3671	0.6948	0.2693	0.1586	-0.2272	0.1202	0.6049	-0.1947
30.000	11.6685	0.7927	0.3216	0.2158	-0.2569	0.1955	0.4257	-0.1715
35.000	11.2975	0.8440	0.3657	0.2717	-0.2596	0.2700	0.2643	-0.1326
40.000	11.0997	0.8642	0.4031	0.3242	-0.2389	0.3369	0.1329	-0.0862
45.000	10.9725	0.8670	0.4360	0.3727	-0.2003	0.3929	0.0328	-0.0376
50.000	10.8542	0.8616	0.4662	0.4175	-0.1485	0.4369	-0.0397	0.0102
55.000	10.7105	0.8530	0.4949	0.4594	-0.0872	0.4687	-0.0898	0.0560
60.000	10.5248	0.8438	0.5228	0.4986	-0.0193	0.4882	-0.1217	0.0991
65.000	10.2910	0.8348	0.5501	0.5357	0.0531	0.4957	-0.1393	0.1398
70.000	10.0094	0.8262	0.5770	0.5708	0.1281	0.4910	-0.1452	0.1782
75.000	9.6841	0.8176	0.6034	0.6042	0.2041	0.4742	-0.1415	0.2146
80.000	9.3216	0.8083	0.6289	0.6357	0.2793	0.4454	-0.1297	0.2491
85.000	8.9292	0.7976	0.6534	0.6653	0.3520	0.4047	-0.1109	0.2822
90.000	8.5149	0.7847	0.6764	0.6928	0.4204	0.3524	-0.0855	0.3138
95.000	8.0869	0.7687	0.6974	0.7178	0.4826	0.2893	-0.0540	0.3441
100.000	7.6531	0.7488	0.7159	0.7398	0.5365	0.2162	-0.0164	0.3731
105.000	7.2214	0.7241	0.7312	0.7582	0.5800	0.1346	0.0275	0.4006
110.000	6.7990	0.6938	0.7425	0.7720	0.6110	0.0465	0.0779	0.4263
115.000	6.3925	0.6571	0.7489	0.7803	0.6277	-0.0454	0.1351	0.4494
120.000	6.0077	0.6136	0.7491	0.7819	0.6286	-0.1378	0.1991	0.4690
125.000	5.6493	0.5631	0.7419	0.7756	0.6126	-0.2265	0.2701	0.4841
130.000	5.3209	0.5061	0.7262	0.7601	0.5797	-0.3070	0.3475	0.4932
135.000	5.0248	0.4433	0.7007	0.7341	0.5307	-0.3744	0.4303	0.4945
140.000	4.7624	0.3763	0.6643	0.6967	0.4678	-0.4240	0.5171	0.4863
145.000	4.5341	0.3073	0.6165	0.6472	0.3945	-0.4517	0.6056	0.4669
150.000	4.3394	0.2390	0.5568	0.5851	0.3150	-0.4547	0.6928	0.4351
155.000	4.1776	0.1742	0.4854	0.5108	0.2347	-0.4315	0.7755	0.3901
160.000	4.0475	0.1160	0.4032	0.4248	0.1591	-0.3826	0.8501	0.3318
165.000	3.9477	0.0673	0.3116	0.3285	0.0935	-0.3102	0.9127	0.2613
170.000	3.8774	0.0306	0.2122	0.2239	0.0429	-0.2184	0.9602	0.1805
175.000	3.8356	0.0077	0.1075	0.1135	0.0109	-0.1128	0.9899	0.0922
180.000	3.8217	0.0000	0.0001	0.0001	0.0000	-0.0001	1.0000	0.0000
