0.000	7.0298	0.0000	0.0000	0.0000	0.0000	0.0000	1.0000	0.0000
5.000	7.0121	0.0028	-0.0012	0.0008	0.0001	-0.0008	0.9977	0.0684
10.000	6.9610	0.0111	-0.0025	0.0016	0.0005	-0.0016	0.9905	0.1368
15.000	6.8827	0.0241	-0.0038	0.0024	0.0011	-0.0023	0.9784	0.2051
20.000	6.7859	0.0408	-0.0051	0.0033	0.0019	-0.0031	0.9611	0.2731
25.000	6.6807	0.0597	-0.0065	0.0042	0.0028	-0.0038	0.9385	0.3400
30.000	6.5771	0.0793	-0.0079	0.0051	0.0039	-0.0045	0.9108	0.4051
35.000	6.4832	0.0981	-0.0094	0.0060	0.0051	-0.0052	0.8787	0.4671
40.000	6.4052	0.1149	-0.0108	0.0070	0.0062	-0.0058	0.8431	0.5252
45.000	6.3467	0.1285	-0.0122	0.0079	0.0073	-0.0064	0.8056	0.5782
50.000	6.3089	0.1384	-0.0135	0.0087	0.0084	-0.0069	0.7677	0.6255
55.000	6.2911	0.1445	-0.0146	0.0094	0.0092	-0.0074	0.7312	0.6665
60.000	6.2911	0.1467	-0.0157	0.0101	0.0099	-0.0078	0.6975	0.7011
65.000	6.3059	0.1457	-0.0165	0.0106	0.0104	-0.0081	0.6681	0.7295
70.000	6.3319	0.1418	-0.0173	0.0110	0.0108	-0.0084	0.6438	0.7517
75.000	6.3654	0.1357	-0.0178	0.0113	0.0109	-0.0086	0.6253	0.7682
80.000	6.4029	0.1280	-0.0182	0.0115	0.0109	-0.0088	0.6130	0.7794
85.000	6.4414	0.1191	-0.0184	0.0116	0.0107	-0.0089	0.6070	0.7854
90.000	6.4783	0.1095	-0.0185	0.0116	0.0104	-0.0090	0.6072	0.7867
95.000	6.5114	0.0996	-0.0184	0.0115	0.0099	-0.0090	0.6134	0.7832
100.000	6.5391	0.0897	-0.0182	0.0112	0.0094	-0.0090	0.6250	0.7752
105.000	6.5605	0.0798	-0.0179	0.0110	0.0087	-0.0089	0.6417	0.7625
110.000	6.5750	0.0703	-0.0174	0.0106	0.0080	-0.0088	0.6629	0.7451
115.000	6.5825	0.0612	-0.0168	0.0101	0.0073	-0.0086	0.6880	0.7229
120.000	6.5833	0.0526	-0.0161	0.0096	0.0065	-0.0083	0.7161	0.6958
125.000	6.5779	0.0445	-0.0152	0.0091	0.0057	-0.0080	0.7467	0.6635
130.000	6.5673	0.0371	-0.0143	0.0085	0.0049	-0.0076	0.7788	0.6260
135.000	6.5525	0.0302	-0.0132	0.0078	0.0041	-0.0071	0.8117	0.5832
140.000	6.5346	0.0240	-0.0121	0.0071	0.0034	-0.0066	0.8444	0.5351
145.000	6.5150	0.0185	-0.0108	0.0063	0.0027	-0.0059	0.8760	0.4818
150.000	6.4949	0.0137	-0.0094	0.0055	0.0020	-0.0052	0.9057	0.4236
155.000	6.4755	0.0095	-0.0080	0.0046	0.0014	-0.0045	0.9325	0.3609
160.000	6.4579	0.0061	-0.0065	0.0037	0.0009	-0.0037	0.9558	0.2940
165.000	6.4432	0.0035	-0.0049	0.0028	0.0005	-0.0028	0.9746	0.2237
170.000	6.4320	0.0015	-0.0033	0.0019	0.0002	-0.0019	0.9886	0.1507
175.000	6.4251	0.0004	-0.0017	0.0010	0.0001	-0.0009	0.9971	0.0758
180.000	6.4227	0.0000	0.0000	0.0000	0.0000	0.0000	1.0000	0.0000
