0.000	3.5819	0.0000	0.0000	0.0000	0.0000	0.0000	1.0000	0.0000
5.000	3.5696	0.0030	-0.0007	0.0003	0.0001	-0.0003	0.9985	0.0553
10.000	3.5339	0.0118	-0.0014	0.0007	0.0002	-0.0007	0.9938	0.1110
15.000	3.4783	0.0259	-0.0021	0.0011	0.0005	-0.0011	0.9856	0.1672
20.000	3.4081	0.0444	-0.0029	0.0014	0.0008	-0.0014	0.9736	0.2240
25.000	3.3295	0.0660	-0.0037	0.0018	0.0012	-0.0018	0.9574	0.2812
30.000	3.2490	0.0891	-0.0045	0.0022	0.0017	-0.0022	0.9369	0.3381
35.000	3.1726	0.1121	-0.0053	0.0026	0.0022	-0.0026	0.9123	0.3938
40.000	3.1051	0.1333	-0.0061	0.0030	0.0028	-0.0029	0.8844	0.4473
45.000	3.0499	0.1513	-0.0068	0.0034	0.0033	-0.0033	0.8542	0.4973
50.000	3.0089	0.1650	-0.0075	0.0038	0.0037	-0.0036	0.8234	0.5428
55.000	2.9826	0.1738	-0.0082	0.0041	0.0041	-0.0039	0.7936	0.5830
60.000	2.9702	0.1775	-0.0087	0.0043	0.0044	-0.0042	0.7665	0.6172
65.000	2.9702	0.1767	-0.0091	0.0046	0.0046	-0.0044	0.7432	0.6452
70.000	2.9804	0.1718	-0.0095	0.0047	0.0046	-0.0045	0.7248	0.6671
75.000	2.9984	0.1636	-0.0097	0.0049	0.0046	-0.0046	0.7118	0.6830
80.000	3.0216	0.1531	-0.0098	0.0049	0.0045	-0.0047	0.7041	0.6933
85.000	3.0476	0.1411	-0.0099	0.0049	0.0043	-0.0047	0.7017	0.6983
90.000	3.0744	0.1283	-0.0098	0.0049	0.0041	-0.0047	0.7041	0.6983
95.000	3.1001	0.1153	-0.0097	0.0049	0.0038	-0.0047	0.7110	0.6936
100.000	3.1235	0.1027	-0.0096	0.0048	0.0036	-0.0046	0.7216	0.6845
105.000	3.1440	0.0907	-0.0093	0.0047	0.0033	-0.0045	0.7357	0.6711
110.000	3.1612	0.0797	-0.0090	0.0045	0.0030	-0.0044	0.7527	0.6534
115.000	3.1756	0.0696	-0.0087	0.0043	0.0027	-0.0042	0.7723	0.6314
120.000	3.1878	0.0604	-0.0083	0.0041	0.0024	-0.0040	0.7938	0.6051
125.000	3.1989	0.0522	-0.0078	0.0039	0.0021	-0.0038	0.8169	0.5743
130.000	3.2097	0.0446	-0.0073	0.0036	0.0018	-0.0036	0.8410	0.5391
135.000	3.2211	0.0376	-0.0067	0.0033	0.0015	-0.0033	0.8654	0.4995
140.000	3.2339	0.0311	-0.0061	0.0030	0.0012	-0.0030	0.8896	0.4557
145.000	3.2481	0.0249	-0.0054	0.0027	0.0010	-0.0027	0.9127	0.4079
150.000	3.2636	0.0192	-0.0047	0.0023	0.0007	-0.0023	0.9341	0.3564
155.000	3.2797	0.0139	-0.0039	0.0020	0.0005	-0.0020	0.9533	0.3018
160.000	3.2953	0.0093	-0.0032	0.0016	0.0003	-0.0016	0.9696	0.2445
165.000	3.3093	0.0054	-0.0024	0.0012	0.0002	-0.0012	0.9827	0.1852
170.000	3.3205	0.0025	-0.0016	0.0008	0.0001	-0.0008	0.9922	0.1243
175.000	3.3276	0.0006	-0.0008	0.0004	0.0000	-0.0004	0.9981	0.0624
180.000	3.3301	0.0000	0.0000	0.0000	0.0000	0.0000	1.0000	0.0000
