0.000	21.2451	0.0000	0.0000	0.0000	0.0000	0.0000	1.0000	0.0000
5.000	20.5138	0.0368	0.0690	0.0163	-0.0133	-0.0128	0.9937	-0.0801
10.000	18.7173	0.1400	0.1443	0.0414	-0.0519	-0.0133	0.9656	-0.1613
15.000	16.6662	0.2872	0.2271	0.0822	-0.1096	0.0104	0.8963	-0.2391
20.000	14.9684	0.4438	0.3115	0.1405	-0.1723	0.0644	0.7747	-0.3029
25.000	13.8273	0.5770	0.3880	0.2118	-0.2218	0.1442	0.6113	-0.3431
30.000	13.1836	0.6710	0.4501	0.2874	-0.2454	0.2367	0.4316	-0.3568
35.000	12.8925	0.7275	0.4968	0.3600	-0.2402	0.3276	0.2595	-0.3481
40.000	12.8169	0.7566	0.5308	0.4255	-0.2104	0.4073	0.1087	-0.3237
45.000	12.8544	0.7689	0.5559	0.4826	-0.1627	0.4713	-0.0172	-0.2893
50.000	12.9353	0.7722	0.5752	0.5318	-0.1033	0.5185	-0.1195	-0.2487
55.000	13.0139	0.7709	0.5911	0.5741	-0.0372	0.5497	-0.2015	-0.2041
60.000	13.0609	0.7677	0.6051	0.6104	0.0323	0.5662	-0.2666	-0.1564
65.000	13.0579	0.7634	0.6180	0.6418	0.1027	0.5696	-0.3176	-0.1062
70.000	12.9942	0.7586	0.6304	0.6689	0.1727	0.5612	-0.3563	-0.0535
75.000	12.8649	0.7531	0.6424	0.6922	0.2413	0.5420	-0.3839	0.0016
80.000	12.6693	0.7466	0.6539	0.7122	0.3077	0.5128	-0.4013	0.0591
85.000	12.4105	0.7387	0.6649	0.7289	0.3713	0.4741	-0.4084	0.1188
90.000	12.0943	0.7289	0.6752	0.7427	0.4313	0.4260	-0.4053	0.1804
95.000	11.7284	0.7166	0.6846	0.7534	0.4869	0.3688	-0.3914	0.2434
100.000	11.3218	0.7011	0.6929	0.7614	0.5368	0.3028	-0.3662	0.3069
105.000	10.8840	0.6819	0.6997	0.7665	0.5795	0.2283	-0.3292	0.3697
110.000	10.4249	0.6581	0.7050	0.7688	0.6133	0.1463	-0.2797	0.4305
115.000	9.9541	0.6291	0.7082	0.7682	0.6362	0.0581	-0.2173	0.4874
120.000	9.4808	0.5942	0.7088	0.7642	0.6460	-0.0339	-0.1419	0.5384
125.000	9.0134	0.5530	0.7058	0.7561	0.6411	-0.1268	-0.0536	0.5813
130.000	8.5599	0.5052	0.6981	0.7430	0.6197	-0.2166	0.0469	0.6135
135.000	8.1274	0.4509	0.6839	0.7233	0.5813	-0.2984	0.1583	0.6325
140.000	7.7227	0.3909	0.6612	0.6951	0.5261	-0.3669	0.2782	0.6359
145.000	7.3515	0.3265	0.6277	0.6562	0.4559	-0.4162	0.4036	0.6212
150.000	7.0192	0.2598	0.5811	0.6045	0.3743	-0.4409	0.5303	0.5869
155.000	6.7302	0.1937	0.5196	0.5381	0.2863	-0.4366	0.6531	0.5319
160.000	6.4885	0.1318	0.4420	0.4562	0.1988	-0.4010	0.7660	0.4563
165.000	6.2973	0.0778	0.3486	0.3588	0.1193	-0.3344	0.8627	0.3617
170.000	6.1590	0.0359	0.2413	0.2478	0.0556	-0.2403	0.9370	0.2510
175.000	6.0753	0.0092	0.1235	0.1267	0.0143	-0.1257	0.9840	0.1286
180.000	6.0473	0.0000	0.0000	0.0001	0.0000	-0.0001	1.0000	0.0000
