0.000	21.0710	0.0000	0.0000	0.0000	0.0000	0.0000	1.0000	0.0000
5.000	20.2204	0.0428	0.0520	0.0146	-0.0129	-0.0116	0.9957	-0.0625
10.000	18.1671	0.1629	0.1108	0.0368	-0.0511	-0.0127	0.9718	-0.1240
15.000	15.8895	0.3334	0.1788	0.0727	-0.1095	0.0071	0.9046	-0.1782
20.000	14.0615	0.5119	0.2516	0.1240	-0.1744	0.0540	0.7814	-0.2146
25.000	12.8582	0.6590	0.3208	0.1863	-0.2275	0.1241	0.6159	-0.2258
30.000	12.1711	0.7573	0.3807	0.2525	-0.2556	0.2059	0.4384	-0.2129
35.000	11.8225	0.8115	0.4298	0.3165	-0.2556	0.2870	0.2753	-0.1829
40.000	11.6612	0.8352	0.4699	0.3754	-0.2311	0.3594	0.1395	-0.1434
45.000	11.5825	0.8413	0.5038	0.4286	-0.1879	0.4192	0.0334	-0.0998
50.000	11.5212	0.8388	0.5337	0.4764	-0.1313	0.4649	-0.0462	-0.0555
55.000	11.4394	0.8327	0.5610	0.5194	-0.0656	0.4964	-0.1037	-0.0120
60.000	11.3170	0.8256	0.5868	0.5584	0.0060	0.5142	-0.1434	0.0302
65.000	11.1451	0.8183	0.6115	0.5937	0.0809	0.5184	-0.1689	0.0710
70.000	10.9217	0.8112	0.6353	0.6259	0.1572	0.5097	-0.1828	0.1106
75.000	10.6488	0.8037	0.6581	0.6551	0.2329	0.4884	-0.1872	0.1491
80.000	10.3311	0.7954	0.6799	0.6815	0.3065	0.4550	-0.1833	0.1870
85.000	9.9747	0.7856	0.7005	0.7052	0.3761	0.4100	-0.1721	0.2243
90.000	9.5866	0.7734	0.7195	0.7260	0.4402	0.3542	-0.1539	0.2613
95.000	9.1742	0.7582	0.7367	0.7439	0.4971	0.2885	-0.1289	0.2980
100.000	8.7452	0.7391	0.7517	0.7585	0.5451	0.2141	-0.0970	0.3343
105.000	8.3075	0.7153	0.7638	0.7695	0.5825	0.1325	-0.0578	0.3698
110.000	7.8687	0.6861	0.7725	0.7762	0.6077	0.0457	-0.0110	0.4042
115.000	7.4363	0.6509	0.7769	0.7779	0.6193	-0.0438	0.0441	0.4365
120.000	7.0172	0.6090	0.7759	0.7739	0.6163	-0.1329	0.1077	0.4657
125.000	6.6176	0.5604	0.7683	0.7630	0.5978	-0.2181	0.1800	0.4904
130.000	6.2428	0.5053	0.7527	0.7442	0.5639	-0.2951	0.2608	0.5087
135.000	5.8973	0.4444	0.7278	0.7164	0.5155	-0.3598	0.3492	0.5186
140.000	5.5843	0.3790	0.6921	0.6786	0.4545	-0.4078	0.4436	0.5178
145.000	5.3062	0.3112	0.6447	0.6298	0.3836	-0.4353	0.5417	0.5041
150.000	5.0645	0.2432	0.5847	0.5695	0.3070	-0.4393	0.6402	0.4755
155.000	4.8599	0.1782	0.5120	0.4975	0.2294	-0.4181	0.7351	0.4309
160.000	4.6929	0.1193	0.4271	0.4142	0.1559	-0.3718	0.8219	0.3699
165.000	4.5632	0.0695	0.3312	0.3208	0.0919	-0.3023	0.8958	0.2934
170.000	4.4709	0.0317	0.2262	0.2189	0.0423	-0.2133	0.9523	0.2038
175.000	4.4156	0.0080	0.1148	0.1111	0.0108	-0.1103	0.9879	0.1044
180.000	4.3971	0.0000	0.0001	0.0001	0.0000	-0.0001	1.0000	0.0000
