0.000	20.8616	0.0000	0.0000	0.0000	0.0000	0.0000	1.0000	0.0000
5.000	19.8603	0.0499	0.0254	0.0021	-0.0129	0.0001	0.9957	-0.0730
10.000	17.5140	0.1889	0.0542	0.0084	-0.0514	0.0095	0.9686	-0.1434
15.000	15.0348	0.3818	0.0872	0.0227	-0.1104	0.0369	0.8905	-0.2013
20.000	13.1446	0.5754	0.1216	0.0467	-0.1755	0.0852	0.7511	-0.2326
25.000	11.9459	0.7259	0.1539	0.0791	-0.2283	0.1490	0.5726	-0.2311
30.000	11.2635	0.8202	0.1822	0.1163	-0.2575	0.2181	0.3909	-0.2024
35.000	10.8927	0.8683	0.2072	0.1555	-0.2617	0.2837	0.2314	-0.1576
40.000	10.6815	0.8868	0.2304	0.1951	-0.2450	0.3415	0.1031	-0.1059
45.000	10.5331	0.8893	0.2532	0.2346	-0.2129	0.3898	0.0048	-0.0530
50.000	10.3901	0.8840	0.2767	0.2742	-0.1699	0.4285	-0.0685	-0.0014
55.000	10.2198	0.8755	0.3015	0.3141	-0.1191	0.4582	-0.1219	0.0482
60.000	10.0047	0.8658	0.3279	0.3544	-0.0626	0.4794	-0.1596	0.0959
65.000	9.7373	0.8560	0.3560	0.3955	-0.0018	0.4925	-0.1847	0.1422
70.000	9.4172	0.8460	0.3856	0.4371	0.0626	0.4978	-0.1991	0.1878
75.000	9.0489	0.8358	0.4164	0.4793	0.1301	0.4949	-0.2039	0.2332
80.000	8.6410	0.8248	0.4479	0.5217	0.2004	0.4834	-0.1994	0.2788
85.000	8.2045	0.8125	0.4795	0.5639	0.2728	0.4623	-0.1854	0.3245
90.000	7.7520	0.7983	0.5104	0.6053	0.3465	0.4306	-0.1616	0.3700
95.000	7.2961	0.7815	0.5396	0.6451	0.4199	0.3870	-0.1274	0.4147
100.000	6.8488	0.7611	0.5661	0.6825	0.4907	0.3306	-0.0823	0.4573
105.000	6.4205	0.7363	0.5887	0.7162	0.5561	0.2608	-0.0260	0.4963
110.000	6.0193	0.7062	0.6064	0.7452	0.6124	0.1781	0.0412	0.5297
115.000	5.6513	0.6698	0.6181	0.7681	0.6555	0.0841	0.1186	0.5554
120.000	5.3199	0.6267	0.6228	0.7835	0.6814	-0.0180	0.2046	0.5716
125.000	5.0267	0.5764	0.6198	0.7898	0.6866	-0.1233	0.2970	0.5765
130.000	4.7714	0.5193	0.6084	0.7855	0.6691	-0.2258	0.3933	0.5691
135.000	4.5528	0.4561	0.5880	0.7691	0.6282	-0.3182	0.4904	0.5490
140.000	4.3684	0.3884	0.5581	0.7392	0.5656	-0.3933	0.5852	0.5167
145.000	4.2154	0.3181	0.5183	0.6944	0.4853	-0.4444	0.6749	0.4733
150.000	4.0910	0.2481	0.4686	0.6342	0.3931	-0.4662	0.7567	0.4203
155.000	3.9920	0.1813	0.4090	0.5584	0.2961	-0.4558	0.8288	0.3596
160.000	3.9156	0.1210	0.3402	0.4678	0.2024	-0.4129	0.8893	0.2932
165.000	3.8593	0.0704	0.2632	0.3638	0.1197	-0.3399	0.9373	0.2228
170.000	3.8208	0.0320	0.1795	0.2490	0.0551	-0.2417	0.9720	0.1498
175.000	3.7984	0.0081	0.0910	0.1265	0.0141	-0.1256	0.9930	0.0752
180.000	3.7910	0.0000	0.0000	0.0001	0.0000	-0.0001	1.0000	0.0000
