0.000	18.3043	0.0000	0.0000	0.0000	0.0000	0.0000	1.0000	0.0000
5.000	17.7917	0.0338	0.1154	0.0250	-0.0151	-0.0204	0.9907	-0.0642
10.000	16.5351	0.1282	0.2389	0.0619	-0.0582	-0.0248	0.9536	-0.1304
15.000	15.1282	0.2613	0.3703	0.1192	-0.1207	0.0014	0.8694	-0.1960
20.000	14.0472	0.3993	0.4977	0.1980	-0.1844	0.0648	0.7283	-0.2518
25.000	13.4723	0.5112	0.6051	0.2894	-0.2281	0.1575	0.5443	-0.2884
30.000	13.3633	0.5838	0.6834	0.3806	-0.2391	0.2607	0.3474	-0.3017
35.000	13.5927	0.6217	0.7340	0.4617	-0.2173	0.3564	0.1644	-0.2943
40.000	14.0301	0.6368	0.7638	0.5287	-0.1703	0.4336	0.0088	-0.2713
45.000	14.5718	0.6396	0.7802	0.5815	-0.1071	0.4886	-0.1167	-0.2378
50.000	15.1450	0.6372	0.7887	0.6218	-0.0356	0.5218	-0.2152	-0.1971
55.000	15.7002	0.6330	0.7927	0.6516	0.0387	0.5353	-0.2909	-0.1514
60.000	16.2050	0.6285	0.7943	0.6727	0.1121	0.5316	-0.3479	-0.1019
65.000	16.6379	0.6241	0.7947	0.6868	0.1821	0.5134	-0.3893	-0.0494
70.000	16.9850	0.6195	0.7943	0.6951	0.2468	0.4828	-0.4175	0.0056
75.000	17.2372	0.6142	0.7936	0.6984	0.3051	0.4420	-0.4341	0.0628
80.000	17.3895	0.6077	0.7925	0.6978	0.3561	0.3927	-0.4401	0.1217
85.000	17.4402	0.5994	0.7911	0.6937	0.3993	0.3366	-0.4360	0.1820
90.000	17.3901	0.5888	0.7893	0.6866	0.4342	0.2753	-0.4222	0.2433
95.000	17.2427	0.5754	0.7869	0.6769	0.4606	0.2102	-0.3984	0.3049
100.000	17.0039	0.5588	0.7836	0.6649	0.4780	0.1428	-0.3647	0.3661
105.000	16.6818	0.5385	0.7790	0.6507	0.4865	0.0746	-0.3205	0.4260
110.000	16.2864	0.5144	0.7727	0.6343	0.4860	0.0069	-0.2657	0.4835
115.000	15.8295	0.4860	0.7641	0.6157	0.4765	-0.0585	-0.1997	0.5373
120.000	15.3242	0.4533	0.7522	0.5946	0.4583	-0.1201	-0.1224	0.5855
125.000	14.7844	0.4162	0.7362	0.5707	0.4316	-0.1759	-0.0339	0.6262
130.000	14.2251	0.3751	0.7149	0.5437	0.3971	-0.2241	0.0654	0.6570
135.000	13.6611	0.3303	0.6870	0.5129	0.3556	-0.2627	0.1744	0.6754
140.000	13.1075	0.2825	0.6511	0.4777	0.3085	-0.2897	0.2915	0.6785
145.000	12.5788	0.2330	0.6060	0.4375	0.2573	-0.3034	0.4137	0.6637
150.000	12.0888	0.1833	0.5503	0.3917	0.2042	-0.3022	0.5374	0.6286
155.000	11.6504	0.1353	0.4833	0.3398	0.1518	-0.2853	0.6576	0.5716
160.000	11.2749	0.0913	0.4047	0.2816	0.1029	-0.2525	0.7685	0.4922
165.000	10.9721	0.0536	0.3151	0.2175	0.0606	-0.2048	0.8639	0.3915
170.000	10.7500	0.0246	0.2160	0.1482	0.0279	-0.1444	0.9375	0.2724
175.000	10.6143	0.0063	0.1099	0.0751	0.0071	-0.0747	0.9841	0.1398
180.000	10.5687	0.0000	0.0000	0.0000	0.0000	0.0000	1.0000	0.0000
