0.000	16.8103	0.0000	0.0000	0.0000	0.0000	0.0000	1.0000	0.0000
5.000	16.4090	0.0303	0.1380	0.0315	-0.0161	-0.0264	0.9869	-0.0778
10.000	15.4302	0.1143	0.2818	0.0753	-0.0616	-0.0354	0.9393	-0.1605
15.000	14.3536	0.2309	0.4278	0.1396	-0.1258	-0.0117	0.8405	-0.2465
20.000	13.5716	0.3497	0.5607	0.2231	-0.1890	0.0506	0.6845	-0.3260
25.000	13.2378	0.4450	0.6638	0.3152	-0.2303	0.1420	0.4878	-0.3867
30.000	13.3226	0.5074	0.7300	0.4028	-0.2386	0.2430	0.2803	-0.4211
35.000	13.7203	0.5416	0.7634	0.4767	-0.2154	0.3359	0.0869	-0.4295
40.000	14.3193	0.5576	0.7733	0.5344	-0.1691	0.4104	-0.0799	-0.4162
45.000	15.0283	0.5641	0.7687	0.5769	-0.1092	0.4635	-0.2181	-0.3865
50.000	15.7790	0.5663	0.7562	0.6068	-0.0432	0.4962	-0.3299	-0.3447
55.000	16.5213	0.5669	0.7398	0.6268	0.0238	0.5111	-0.4194	-0.2940
60.000	17.2171	0.5671	0.7223	0.6391	0.0887	0.5111	-0.4900	-0.2365
65.000	17.8376	0.5671	0.7050	0.6454	0.1497	0.4987	-0.5447	-0.1737
70.000	18.3604	0.5667	0.6888	0.6470	0.2060	0.4760	-0.5854	-0.1066
75.000	18.7690	0.5655	0.6739	0.6447	0.2571	0.4447	-0.6137	-0.0360
80.000	19.0523	0.5631	0.6606	0.6392	0.3027	0.4060	-0.6303	0.0375
85.000	19.2043	0.5589	0.6487	0.6311	0.3428	0.3611	-0.6358	0.1134
90.000	19.2239	0.5525	0.6381	0.6207	0.3773	0.3109	-0.6302	0.1913
95.000	19.1142	0.5433	0.6286	0.6086	0.4060	0.2563	-0.6134	0.2706
100.000	18.8821	0.5309	0.6201	0.5953	0.4287	0.1981	-0.5850	0.3503
105.000	18.5379	0.5149	0.6122	0.5812	0.4451	0.1373	-0.5444	0.4296
110.000	18.0947	0.4948	0.6047	0.5665	0.4546	0.0749	-0.4909	0.5072
115.000	17.5681	0.4705	0.5972	0.5516	0.4569	0.0119	-0.4237	0.5812
120.000	16.9761	0.4417	0.5893	0.5364	0.4513	-0.0501	-0.3421	0.6497
125.000	16.3384	0.4084	0.5802	0.5203	0.4372	-0.1098	-0.2456	0.7098
130.000	15.6758	0.3706	0.5686	0.5027	0.4142	-0.1650	-0.1343	0.7585
135.000	15.0100	0.3286	0.5532	0.4825	0.3821	-0.2134	-0.0088	0.7920
140.000	14.3619	0.2830	0.5320	0.4582	0.3412	-0.2522	0.1290	0.8063
145.000	13.7512	0.2350	0.5031	0.4283	0.2925	-0.2785	0.2756	0.7975
150.000	13.1951	0.1859	0.4644	0.3911	0.2381	-0.2894	0.4263	0.7620
155.000	12.7076	0.1379	0.4142	0.3455	0.1809	-0.2826	0.5743	0.6974
160.000	12.2990	0.0933	0.3517	0.2910	0.1249	-0.2568	0.7119	0.6033
165.000	11.9766	0.0549	0.2769	0.2276	0.0746	-0.2125	0.8306	0.4812
170.000	11.7444	0.0252	0.1914	0.1565	0.0347	-0.1519	0.9222	0.3354
175.000	11.6045	0.0064	0.0978	0.0798	0.0089	-0.0792	0.9802	0.1723
180.000	11.5579	0.0000	0.0000	0.0000	0.0000	0.0000	1.0000	0.0000
