0.000	7.2546	0.0000	0.0000	0.0000	0.0000	0.0000	1.0000	0.0000
5.000	7.1752	0.0159	0.0230	0.0052	0.0005	-0.0048	0.9892	0.1441
10.000	6.9654	0.0611	0.0461	0.0115	0.0022	-0.0085	0.9538	0.2907
15.000	6.6983	0.1285	0.0692	0.0200	0.0053	-0.0099	0.8867	0.4389
20.000	6.4611	0.2055	0.0910	0.0310	0.0101	-0.0083	0.7820	0.5821
25.000	6.3262	0.2765	0.1095	0.0441	0.0166	-0.0032	0.6407	0.7091
30.000	6.3347	0.3280	0.1229	0.0580	0.0244	0.0045	0.4749	0.8091
35.000	6.4958	0.3534	0.1306	0.0710	0.0329	0.0134	0.3038	0.8772
40.000	6.7944	0.3548	0.1331	0.0819	0.0414	0.0220	0.1460	0.9163
45.000	7.2023	0.3388	0.1318	0.0901	0.0491	0.0290	0.0133	0.9341
50.000	7.6871	0.3132	0.1283	0.0957	0.0559	0.0339	-0.0901	0.9393
55.000	8.2173	0.2840	0.1238	0.0990	0.0616	0.0366	-0.1650	0.9389
60.000	8.7657	0.2552	0.1191	0.1004	0.0662	0.0372	-0.2148	0.9375
65.000	9.3103	0.2287	0.1146	0.1004	0.0698	0.0360	-0.2434	0.9377
70.000	9.8341	0.2052	0.1104	0.0992	0.0723	0.0334	-0.2541	0.9405
75.000	10.3247	0.1849	0.1068	0.0971	0.0739	0.0297	-0.2499	0.9461
80.000	10.7732	0.1673	0.1036	0.0944	0.0746	0.0251	-0.2329	0.9538
85.000	11.1738	0.1522	0.1008	0.0911	0.0744	0.0199	-0.2047	0.9629
90.000	11.5228	0.1389	0.0982	0.0874	0.0734	0.0143	-0.1665	0.9723
95.000	11.8186	0.1270	0.0958	0.0834	0.0716	0.0085	-0.1193	0.9809
100.000	12.0610	0.1161	0.0935	0.0791	0.0690	0.0027	-0.0639	0.9875
105.000	12.2508	0.1060	0.0911	0.0747	0.0656	-0.0028	-0.0010	0.9908
110.000	12.3904	0.0963	0.0885	0.0701	0.0617	-0.0081	0.0686	0.9896
115.000	12.4829	0.0869	0.0857	0.0654	0.0571	-0.0129	0.1442	0.9824
120.000	12.5327	0.0776	0.0826	0.0607	0.0521	-0.0170	0.2249	0.9681
125.000	12.5449	0.0684	0.0790	0.0558	0.0467	-0.0205	0.3096	0.9454
130.000	12.5257	0.0593	0.0749	0.0510	0.0409	-0.0231	0.3971	0.9130
135.000	12.4817	0.0503	0.0702	0.0461	0.0350	-0.0248	0.4858	0.8699
140.000	12.4199	0.0416	0.0649	0.0411	0.0291	-0.0255	0.5739	0.8154
145.000	12.3471	0.0332	0.0589	0.0361	0.0233	-0.0253	0.6594	0.7489
150.000	12.2700	0.0253	0.0522	0.0310	0.0179	-0.0240	0.7400	0.6702
155.000	12.1945	0.0182	0.0448	0.0260	0.0128	-0.0217	0.8133	0.5798
160.000	12.1259	0.0120	0.0367	0.0208	0.0085	-0.0186	0.8772	0.4786
165.000	12.0682	0.0069	0.0281	0.0156	0.0049	-0.0147	0.9294	0.3679
170.000	12.0248	0.0031	0.0190	0.0104	0.0022	-0.0102	0.9681	0.2497
175.000	11.9979	0.0008	0.0096	0.0052	0.0006	-0.0052	0.9920	0.1262
180.000	11.9888	0.0000	0.0000	0.0000	0.0000	0.0000	1.0000	0.0000
