0.000	21.5117	0.0000	0.0000	0.0000	0.0000	0.0000	1.0000	0.0000
5.000	20.6554	0.0416	0.0481	0.0109	-0.0127	-0.0080	0.9950	-0.0769
10.000	18.5837	0.1580	0.1016	0.0289	-0.0499	-0.0053	0.9693	-0.1535
15.000	16.2732	0.3231	0.1620	0.0595	-0.1064	0.0184	0.9007	-0.2234
20.000	14.3987	0.4964	0.2250	0.1047	-0.1686	0.0685	0.7780	-0.2749
25.000	13.1404	0.6410	0.2837	0.1611	-0.2191	0.1405	0.6141	-0.2994
30.000	12.3975	0.7406	0.3334	0.2223	-0.2458	0.2230	0.4376	-0.2969
35.000	11.9996	0.7986	0.3735	0.2828	-0.2458	0.3042	0.2728	-0.2744
40.000	11.8012	0.8273	0.4060	0.3396	-0.2227	0.3763	0.1320	-0.2395
45.000	11.7001	0.8384	0.4333	0.3918	-0.1825	0.4358	0.0176	-0.1984
50.000	11.6307	0.8400	0.4576	0.4397	-0.1303	0.4819	-0.0730	-0.1543
55.000	11.5523	0.8370	0.4804	0.4838	-0.0704	0.5150	-0.1437	-0.1090
60.000	11.4403	0.8320	0.5026	0.5248	-0.0056	0.5360	-0.1982	-0.0631
65.000	11.2808	0.8261	0.5248	0.5631	0.0622	0.5458	-0.2394	-0.0164
70.000	11.0676	0.8198	0.5470	0.5992	0.1317	0.5451	-0.2691	0.0312
75.000	10.8000	0.8129	0.5694	0.6332	0.2021	0.5343	-0.2886	0.0801
80.000	10.4814	0.8051	0.5915	0.6651	0.2727	0.5136	-0.2985	0.1303
85.000	10.1187	0.7961	0.6132	0.6948	0.3427	0.4827	-0.2988	0.1819
90.000	9.7207	0.7853	0.6338	0.7220	0.4114	0.4414	-0.2892	0.2347
95.000	9.2975	0.7720	0.6531	0.7465	0.4773	0.3891	-0.2693	0.2881
100.000	8.8594	0.7555	0.6703	0.7679	0.5388	0.3256	-0.2385	0.3412
105.000	8.4165	0.7349	0.6850	0.7859	0.5937	0.2510	-0.1963	0.3928
110.000	7.9776	0.7094	0.6968	0.8001	0.6394	0.1659	-0.1424	0.4413
115.000	7.5505	0.6782	0.7049	0.8100	0.6731	0.0719	-0.0766	0.4850
120.000	7.1414	0.6404	0.7086	0.8147	0.6917	-0.0284	0.0007	0.5217
125.000	6.7551	0.5956	0.7072	0.8135	0.6927	-0.1312	0.0886	0.5495
130.000	6.3953	0.5434	0.6995	0.8050	0.6740	-0.2315	0.1859	0.5665
135.000	6.0647	0.4842	0.6841	0.7875	0.6348	-0.3235	0.2905	0.5708
140.000	5.7653	0.4187	0.6592	0.7591	0.5756	-0.4004	0.4000	0.5611
145.000	5.4984	0.3487	0.6230	0.7177	0.4989	-0.4555	0.5111	0.5364
150.000	5.2653	0.2766	0.5738	0.6611	0.4090	-0.4828	0.6201	0.4964
155.000	5.0667	0.2055	0.5103	0.5879	0.3122	-0.4776	0.7230	0.4414
160.000	4.9034	0.1393	0.4318	0.4975	0.2161	-0.4378	0.8152	0.3725
165.000	4.7758	0.0820	0.3390	0.3906	0.1293	-0.3643	0.8926	0.2912
170.000	4.6845	0.0377	0.2338	0.2694	0.0601	-0.2613	0.9511	0.2000
175.000	4.6296	0.0096	0.1194	0.1375	0.0154	-0.1365	0.9876	0.1018
180.000	4.6112	0.0000	0.0001	0.0001	0.0000	-0.0001	1.0000	0.0000
