0.000	5.9058	0.0000	0.0000	0.0000	0.0000	0.0000	1.0000	0.0000
5.000	5.8394	0.0203	0.0550	0.0101	-0.0003	-0.0092	0.9810	0.1848
10.000	5.6742	0.0775	0.1104	0.0226	-0.0008	-0.0156	0.9197	0.3691
15.000	5.4943	0.1594	0.1644	0.0392	-0.0006	-0.0165	0.8069	0.5457
20.000	5.3933	0.2461	0.2124	0.0600	0.0015	-0.0103	0.6396	0.6990
25.000	5.4390	0.3162	0.2482	0.0828	0.0066	0.0025	0.4317	0.8117
30.000	5.6596	0.3560	0.2684	0.1043	0.0147	0.0192	0.2116	0.8756
35.000	6.0479	0.3653	0.2738	0.1220	0.0249	0.0361	0.0088	0.8969
40.000	6.5752	0.3526	0.2686	0.1347	0.0359	0.0504	-0.1590	0.8903
45.000	7.2041	0.3283	0.2571	0.1427	0.0469	0.0606	-0.2872	0.8707
50.000	7.8963	0.3005	0.2431	0.1468	0.0570	0.0668	-0.3795	0.8488
55.000	8.6176	0.2738	0.2287	0.1481	0.0660	0.0694	-0.4420	0.8307
60.000	9.3391	0.2504	0.2150	0.1473	0.0737	0.0690	-0.4810	0.8193
65.000	10.0369	0.2306	0.2025	0.1451	0.0800	0.0661	-0.5012	0.8154
70.000	10.6926	0.2143	0.1914	0.1417	0.0851	0.0613	-0.5062	0.8187
75.000	11.2919	0.2008	0.1817	0.1376	0.0890	0.0550	-0.4982	0.8285
80.000	11.8246	0.1895	0.1733	0.1329	0.0916	0.0475	-0.4789	0.8437
85.000	12.2840	0.1794	0.1658	0.1276	0.0930	0.0392	-0.4491	0.8630
90.000	12.6659	0.1701	0.1592	0.1221	0.0933	0.0303	-0.4096	0.8850
95.000	12.9689	0.1609	0.1533	0.1163	0.0925	0.0211	-0.3607	0.9083
100.000	13.1937	0.1515	0.1479	0.1104	0.0906	0.0119	-0.3027	0.9313
105.000	13.3427	0.1417	0.1428	0.1043	0.0876	0.0029	-0.2360	0.9524
110.000	13.4202	0.1313	0.1379	0.0983	0.0837	-0.0057	-0.1606	0.9698
115.000	13.4324	0.1204	0.1329	0.0923	0.0788	-0.0136	-0.0771	0.9819
120.000	13.3872	0.1090	0.1276	0.0863	0.0731	-0.0207	0.0141	0.9866
125.000	13.2942	0.0972	0.1220	0.0803	0.0666	-0.0267	0.1122	0.9820
130.000	13.1644	0.0852	0.1158	0.0742	0.0595	-0.0316	0.2161	0.9662
135.000	13.0095	0.0731	0.1089	0.0679	0.0518	-0.0351	0.3241	0.9373
140.000	12.8413	0.0610	0.1010	0.0615	0.0439	-0.0372	0.4340	0.8934
145.000	12.6712	0.0493	0.0921	0.0548	0.0357	-0.0376	0.5432	0.8333
150.000	12.5089	0.0380	0.0820	0.0477	0.0278	-0.0364	0.6483	0.7561
155.000	12.3624	0.0276	0.0707	0.0404	0.0202	-0.0335	0.7457	0.6620
160.000	12.2376	0.0184	0.0582	0.0327	0.0135	-0.0291	0.8317	0.5519
165.000	12.1382	0.0107	0.0447	0.0248	0.0078	-0.0232	0.9028	0.4276
170.000	12.0665	0.0048	0.0303	0.0166	0.0036	-0.0162	0.9560	0.2918
175.000	12.0232	0.0012	0.0153	0.0084	0.0009	-0.0083	0.9889	0.1480
180.000	12.0088	0.0000	0.0000	0.0000	0.0000	0.0000	1.0000	0.0000
