0.000	20.8566	0.0000	0.0000	0.0000	0.0000	0.0000	1.0000	0.0000
5.000	19.9232	0.0470	0.0394	0.0111	-0.0127	-0.0086	0.9963	-0.0591
10.000	17.7025	0.1785	0.0848	0.0286	-0.0503	-0.0078	0.9725	-0.1160
15.000	15.2978	0.3638	0.1386	0.0575	-0.1084	0.0117	0.9019	-0.1629
20.000	13.4164	0.5542	0.1970	0.0992	-0.1735	0.0553	0.7716	-0.1882
25.000	12.2001	0.7064	0.2535	0.1501	-0.2273	0.1189	0.5991	-0.1858
30.000	11.5039	0.8037	0.3034	0.2043	-0.2573	0.1922	0.4186	-0.1591
35.000	11.1317	0.8537	0.3457	0.2575	-0.2607	0.2647	0.2574	-0.1171
40.000	10.9283	0.8724	0.3820	0.3076	-0.2411	0.3297	0.1274	-0.0680
45.000	10.7917	0.8738	0.4143	0.3543	-0.2037	0.3844	0.0292	-0.0173
50.000	10.6612	0.8671	0.4443	0.3979	-0.1533	0.4276	-0.0410	0.0320
55.000	10.5035	0.8575	0.4731	0.4389	-0.0935	0.4591	-0.0885	0.0788
60.000	10.3028	0.8475	0.5013	0.4780	-0.0269	0.4789	-0.1179	0.1226
65.000	10.0536	0.8378	0.5291	0.5152	0.0445	0.4870	-0.1328	0.1636
70.000	9.7572	0.8287	0.5567	0.5511	0.1187	0.4834	-0.1360	0.2018
75.000	9.4182	0.8196	0.5839	0.5854	0.1943	0.4679	-0.1297	0.2377
80.000	9.0437	0.8100	0.6103	0.6184	0.2697	0.4406	-0.1154	0.2715
85.000	8.6416	0.7990	0.6358	0.6497	0.3430	0.4013	-0.0939	0.3034
90.000	8.2204	0.7858	0.6598	0.6792	0.4125	0.3504	-0.0661	0.3336
95.000	7.7886	0.7694	0.6818	0.7064	0.4761	0.2882	-0.0322	0.3623
100.000	7.3543	0.7491	0.7012	0.7307	0.5318	0.2158	0.0077	0.3893
105.000	6.9254	0.7239	0.7173	0.7513	0.5772	0.1345	0.0535	0.4145
110.000	6.5088	0.6929	0.7292	0.7674	0.6101	0.0462	0.1055	0.4376
115.000	6.1109	0.6556	0.7358	0.7777	0.6285	-0.0462	0.1638	0.4578
120.000	5.7368	0.6113	0.7362	0.7811	0.6306	-0.1393	0.2285	0.4745
125.000	5.3909	0.5602	0.7290	0.7762	0.6154	-0.2288	0.2993	0.4864
130.000	5.0762	0.5025	0.7131	0.7616	0.5826	-0.3100	0.3757	0.4923
135.000	4.7944	0.4393	0.6873	0.7362	0.5334	-0.3777	0.4568	0.4906
140.000	4.5465	0.3721	0.6508	0.6988	0.4699	-0.4273	0.5411	0.4798
145.000	4.3323	0.3032	0.6030	0.6489	0.3957	-0.4545	0.6263	0.4584
150.000	4.1510	0.2352	0.5437	0.5862	0.3155	-0.4567	0.7098	0.4252
155.000	4.0012	0.1710	0.4732	0.5111	0.2346	-0.4326	0.7885	0.3797
160.000	3.8815	0.1136	0.3925	0.4245	0.1587	-0.3828	0.8590	0.3219
165.000	3.7904	0.0658	0.3028	0.3279	0.0932	-0.3098	0.9181	0.2528
170.000	3.7264	0.0299	0.2060	0.2233	0.0427	-0.2178	0.9628	0.1742
175.000	3.6884	0.0076	0.1043	0.1131	0.0109	-0.1124	0.9906	0.0889
180.000	3.6758	0.0000	0.0001	0.0001	0.0000	-0.0001	1.0000	0.0000
