0.000	5.5164	0.0000	0.0000	0.0000	0.0000	0.0000	1.0000	0.0000
5.000	5.4448	0.0365	0.2547	0.0470	-0.0133	-0.0409	0.9599	0.1127
10.000	5.3068	0.1347	0.5063	0.1078	-0.0492	-0.0602	0.8289	0.2098
15.000	5.2753	0.2590	0.7277	0.1868	-0.0943	-0.0403	0.5950	0.2715
20.000	5.5056	0.3599	0.8746	0.2727	-0.1274	0.0203	0.2869	0.2845
25.000	6.0645	0.4077	0.9264	0.3460	-0.1333	0.1013	-0.0257	0.2579
30.000	6.9323	0.4088	0.9042	0.3956	-0.1127	0.1769	-0.2846	0.2165
35.000	8.0403	0.3860	0.8444	0.4227	-0.0760	0.2336	-0.4729	0.1809
40.000	9.3074	0.3579	0.7741	0.4336	-0.0331	0.2693	-0.6011	0.1604
45.000	10.6595	0.3333	0.7069	0.4344	0.0097	0.2876	-0.6862	0.1561
50.000	12.0367	0.3150	0.6474	0.4293	0.0497	0.2927	-0.7416	0.1665
55.000	13.3922	0.3030	0.5967	0.4207	0.0854	0.2881	-0.7766	0.1889
60.000	14.6898	0.2958	0.5538	0.4099	0.1168	0.2765	-0.7968	0.2212
65.000	15.9008	0.2922	0.5177	0.3979	0.1437	0.2595	-0.8053	0.2615
70.000	17.0030	0.2908	0.4873	0.3849	0.1664	0.2386	-0.8040	0.3084
75.000	17.9789	0.2905	0.4616	0.3712	0.1852	0.2146	-0.7937	0.3606
80.000	18.8157	0.2901	0.4398	0.3571	0.2003	0.1883	-0.7748	0.4171
85.000	19.5045	0.2890	0.4212	0.3426	0.2118	0.1604	-0.7472	0.4769
90.000	20.0405	0.2864	0.4052	0.3279	0.2200	0.1312	-0.7108	0.5389
95.000	20.4223	0.2818	0.3912	0.3131	0.2249	0.1015	-0.6652	0.6019
100.000	20.6525	0.2748	0.3788	0.2985	0.2267	0.0717	-0.6097	0.6647
105.000	20.7373	0.2652	0.3676	0.2841	0.2254	0.0423	-0.5440	0.7257
110.000	20.6865	0.2529	0.3571	0.2700	0.2210	0.0139	-0.4675	0.7835
115.000	20.5142	0.2379	0.3469	0.2562	0.2137	-0.0131	-0.3797	0.8359
120.000	20.2378	0.2204	0.3365	0.2427	0.2034	-0.0381	-0.2804	0.8807
125.000	19.8782	0.2007	0.3254	0.2292	0.1902	-0.0606	-0.1696	0.9153
130.000	19.4588	0.1790	0.3129	0.2154	0.1742	-0.0799	-0.0480	0.9367
135.000	19.0044	0.1558	0.2983	0.2009	0.1556	-0.0954	0.0831	0.9417
140.000	18.5393	0.1317	0.2809	0.1854	0.1347	-0.1063	0.2212	0.9272
145.000	18.0863	0.1072	0.2600	0.1684	0.1122	-0.1121	0.3628	0.8902
150.000	17.6651	0.0833	0.2349	0.1496	0.0889	-0.1121	0.5031	0.8287
155.000	17.2915	0.0607	0.2053	0.1289	0.0660	-0.1060	0.6367	0.7415
160.000	16.9766	0.0405	0.1711	0.1061	0.0446	-0.0939	0.7572	0.6294
165.000	16.7277	0.0235	0.1327	0.0814	0.0262	-0.0761	0.8587	0.4945
170.000	16.5486	0.0107	0.0906	0.0552	0.0120	-0.0536	0.9357	0.3409
175.000	16.4409	0.0027	0.0460	0.0279	0.0031	-0.0277	0.9837	0.1739
180.000	16.4050	0.0000	0.0000	0.0000	0.0000	0.0000	1.0000	0.0000
