0.000	21.3420	0.0000	0.0000	0.0000	0.0000	0.0000	1.0000	0.0000
5.000	20.4256	0.0446	0.0385	0.0078	-0.0126	-0.0051	0.9954	-0.0752
10.000	18.2334	0.1695	0.0818	0.0215	-0.0498	-0.0002	0.9697	-0.1493
15.000	15.8337	0.3453	0.1311	0.0462	-0.1065	0.0244	0.8987	-0.2146
20.000	13.9267	0.5273	0.1829	0.0837	-0.1692	0.0732	0.7712	-0.2585
25.000	12.6675	0.6758	0.2314	0.1312	-0.2204	0.1416	0.6031	-0.2731
30.000	11.9275	0.7751	0.2732	0.1834	-0.2482	0.2187	0.4254	-0.2606
35.000	11.5223	0.8308	0.3079	0.2358	-0.2501	0.2939	0.2630	-0.2293
40.000	11.3027	0.8566	0.3374	0.2863	-0.2300	0.3606	0.1273	-0.1878
45.000	11.1682	0.8650	0.3637	0.3340	-0.1933	0.4161	0.0193	-0.1420
50.000	11.0561	0.8644	0.3884	0.3792	-0.1450	0.4599	-0.0644	-0.0951
55.000	10.9286	0.8596	0.4129	0.4223	-0.0888	0.4923	-0.1282	-0.0484
60.000	10.7639	0.8531	0.4376	0.4638	-0.0272	0.5140	-0.1760	-0.0021
65.000	10.5508	0.8459	0.4629	0.5040	0.0380	0.5258	-0.2107	0.0439
70.000	10.2853	0.8383	0.4889	0.5432	0.1059	0.5282	-0.2344	0.0900
75.000	9.9688	0.8304	0.5154	0.5813	0.1757	0.5212	-0.2482	0.1367
80.000	9.6070	0.8217	0.5421	0.6183	0.2469	0.5046	-0.2525	0.1842
85.000	9.2083	0.8118	0.5685	0.6539	0.3187	0.4780	-0.2474	0.2327
90.000	8.7831	0.8001	0.5939	0.6875	0.3903	0.4407	-0.2325	0.2817
95.000	8.3427	0.7858	0.6178	0.7189	0.4602	0.3918	-0.2073	0.3308
100.000	7.8980	0.7683	0.6393	0.7473	0.5265	0.3308	-0.1714	0.3789
105.000	7.4593	0.7465	0.6578	0.7722	0.5867	0.2576	-0.1242	0.4247
110.000	7.0350	0.7197	0.6724	0.7928	0.6377	0.1726	-0.0656	0.4666
115.000	6.6322	0.6868	0.6825	0.8083	0.6761	0.0776	0.0041	0.5027
120.000	6.2559	0.6472	0.6872	0.8177	0.6986	-0.0248	0.0843	0.5310
125.000	5.9094	0.6002	0.6857	0.8200	0.7020	-0.1304	0.1735	0.5495
130.000	5.5946	0.5458	0.6769	0.8135	0.6843	-0.2335	0.2701	0.5568
135.000	5.3122	0.4845	0.6597	0.7968	0.6445	-0.3277	0.3716	0.5515
140.000	5.0625	0.4172	0.6328	0.7679	0.5836	-0.4059	0.4752	0.5330
145.000	4.8448	0.3458	0.5949	0.7249	0.5045	-0.4611	0.5777	0.5011
150.000	4.6585	0.2728	0.5447	0.6662	0.4121	-0.4874	0.6760	0.4564
155.000	4.5028	0.2017	0.4815	0.5907	0.3133	-0.4806	0.7664	0.3999
160.000	4.3767	0.1361	0.4052	0.4983	0.2160	-0.4390	0.8458	0.3330
165.000	4.2796	0.0798	0.3166	0.3901	0.1288	-0.3640	0.9111	0.2574
170.000	4.2108	0.0366	0.2175	0.2683	0.0597	-0.2604	0.9598	0.1753
175.000	4.1697	0.0093	0.1108	0.1368	0.0153	-0.1358	0.9898	0.0888
180.000	4.1561	0.0000	0.0001	0.0001	0.0000	-0.0001	1.0000	0.0000
