0.000	7.5634	0.0000	0.0000	0.0000	0.0000	0.0000	1.0000	0.0000
5.000	7.4929	0.0128	0.0125	0.0036	0.0006	-0.0034	0.9916	0.1278
10.000	7.3030	0.0494	0.0251	0.0079	0.0024	-0.0063	0.9646	0.2578
15.000	7.0495	0.1047	0.0375	0.0134	0.0054	-0.0081	0.9141	0.3900
20.000	6.8018	0.1697	0.0493	0.0204	0.0099	-0.0083	0.8354	0.5207
25.000	6.6216	0.2333	0.0595	0.0287	0.0155	-0.0066	0.7278	0.6425
30.000	6.5487	0.2848	0.0675	0.0377	0.0221	-0.0033	0.5973	0.7473
35.000	6.5984	0.3173	0.0727	0.0466	0.0289	0.0011	0.4560	0.8291
40.000	6.7656	0.3296	0.0753	0.0546	0.0356	0.0057	0.3177	0.8868
45.000	7.0320	0.3248	0.0758	0.0611	0.0416	0.0099	0.1940	0.9236
50.000	7.3736	0.3084	0.0747	0.0659	0.0467	0.0132	0.0913	0.9450
55.000	7.7652	0.2855	0.0729	0.0692	0.0508	0.0153	0.0119	0.9566
60.000	8.1838	0.2600	0.0707	0.0711	0.0540	0.0162	-0.0449	0.9629
65.000	8.6099	0.2347	0.0684	0.0718	0.0563	0.0159	-0.0814	0.9671
70.000	9.0280	0.2110	0.0663	0.0716	0.0578	0.0147	-0.1001	0.9709
75.000	9.4262	0.1894	0.0643	0.0706	0.0585	0.0127	-0.1034	0.9750
80.000	9.7958	0.1701	0.0626	0.0690	0.0586	0.0100	-0.0933	0.9796
85.000	10.1307	0.1530	0.0611	0.0669	0.0579	0.0069	-0.0716	0.9843
90.000	10.4270	0.1378	0.0597	0.0644	0.0567	0.0035	-0.0395	0.9883
95.000	10.6826	0.1241	0.0584	0.0616	0.0549	0.0000	0.0016	0.9909
100.000	10.8967	0.1118	0.0571	0.0586	0.0525	-0.0036	0.0510	0.9911
105.000	11.0696	0.1005	0.0558	0.0555	0.0497	-0.0070	0.1076	0.9878
110.000	11.2028	0.0900	0.0543	0.0521	0.0464	-0.0103	0.1706	0.9800
115.000	11.2985	0.0800	0.0527	0.0487	0.0428	-0.0132	0.2392	0.9664
120.000	11.3599	0.0706	0.0508	0.0452	0.0388	-0.0157	0.3123	0.9462
125.000	11.3909	0.0615	0.0487	0.0416	0.0346	-0.0177	0.3888	0.9181
130.000	11.3961	0.0528	0.0462	0.0380	0.0302	-0.0191	0.4676	0.8812
135.000	11.3805	0.0444	0.0433	0.0343	0.0257	-0.0199	0.5471	0.8349
140.000	11.3493	0.0364	0.0400	0.0306	0.0213	-0.0201	0.6256	0.7783
145.000	11.3077	0.0289	0.0363	0.0268	0.0170	-0.0195	0.7014	0.7112
150.000	11.2609	0.0219	0.0322	0.0231	0.0130	-0.0183	0.7726	0.6337
155.000	11.2132	0.0157	0.0276	0.0193	0.0093	-0.0164	0.8371	0.5462
160.000	11.1689	0.0103	0.0226	0.0154	0.0061	-0.0139	0.8930	0.4494
165.000	11.1310	0.0059	0.0173	0.0116	0.0035	-0.0110	0.9386	0.3446
170.000	11.1022	0.0027	0.0117	0.0077	0.0016	-0.0075	0.9723	0.2334
175.000	11.0842	0.0007	0.0059	0.0039	0.0004	-0.0038	0.9930	0.1179
180.000	11.0781	0.0000	0.0000	0.0000	0.0000	0.0000	1.0000	0.0000
