0.000	20.4459	0.0000	0.0000	0.0000	0.0000	0.0000	1.0000	0.0000
5.000	19.8324	0.0330	0.0921	0.0229	-0.0144	-0.0188	0.9920	-0.0799
10.000	18.3190	0.1250	0.1908	0.0558	-0.0556	-0.0239	0.9597	-0.1627
15.000	16.5839	0.2550	0.2964	0.1062	-0.1158	-0.0025	0.8858	-0.2457
20.000	15.1560	0.3922	0.4005	0.1750	-0.1791	0.0518	0.7611	-0.3198
25.000	14.2288	0.5087	0.4915	0.2555	-0.2266	0.1333	0.5962	-0.3746
30.000	13.7635	0.5917	0.5619	0.3377	-0.2461	0.2276	0.4147	-0.4048
35.000	13.6380	0.6431	0.6109	0.4134	-0.2355	0.3195	0.2391	-0.4116
40.000	13.7305	0.6716	0.6423	0.4786	-0.2001	0.3988	0.0821	-0.3994
45.000	13.9461	0.6860	0.6610	0.5324	-0.1476	0.4608	-0.0518	-0.3729
50.000	14.2170	0.6926	0.6711	0.5758	-0.0847	0.5047	-0.1635	-0.3359
55.000	14.4951	0.6950	0.6760	0.6104	-0.0169	0.5315	-0.2553	-0.2910
60.000	14.7455	0.6952	0.6778	0.6378	0.0523	0.5430	-0.3299	-0.2401
65.000	14.9427	0.6942	0.6780	0.6591	0.1205	0.5411	-0.3895	-0.1844
70.000	15.0684	0.6921	0.6775	0.6754	0.1863	0.5273	-0.4358	-0.1248
75.000	15.1103	0.6889	0.6770	0.6874	0.2488	0.5030	-0.4701	-0.0618
80.000	15.0620	0.6843	0.6765	0.6956	0.3075	0.4693	-0.4931	0.0041
85.000	14.9223	0.6780	0.6763	0.7003	0.3618	0.4268	-0.5051	0.0725
90.000	14.6943	0.6695	0.6761	0.7019	0.4112	0.3763	-0.5062	0.1431
95.000	14.3850	0.6582	0.6758	0.7009	0.4552	0.3184	-0.4962	0.2153
100.000	14.0041	0.6437	0.6754	0.6975	0.4930	0.2539	-0.4746	0.2886
105.000	13.5629	0.6253	0.6745	0.6921	0.5237	0.1836	-0.4408	0.3619
110.000	13.0735	0.6024	0.6729	0.6852	0.5463	0.1087	-0.3941	0.4339
115.000	12.5486	0.5747	0.6705	0.6770	0.5595	0.0306	-0.3340	0.5030
120.000	12.0010	0.5417	0.6667	0.6672	0.5621	-0.0488	-0.2596	0.5671
125.000	11.4434	0.5031	0.6607	0.6556	0.5529	-0.1272	-0.1707	0.6237
130.000	10.8887	0.4589	0.6516	0.6410	0.5310	-0.2018	-0.0674	0.6697
135.000	10.3494	0.4091	0.6376	0.6222	0.4958	-0.2690	0.0496	0.7018
140.000	9.8376	0.3545	0.6167	0.5971	0.4475	-0.3245	0.1785	0.7163
145.000	9.3644	0.2961	0.5864	0.5635	0.3873	-0.3640	0.3161	0.7097
150.000	8.9395	0.2356	0.5440	0.5192	0.3178	-0.3829	0.4577	0.6789
155.000	8.5710	0.1757	0.4876	0.4624	0.2431	-0.3775	0.5973	0.6219
160.000	8.2646	0.1196	0.4157	0.3920	0.1688	-0.3458	0.7272	0.5382
165.000	8.0242	0.0706	0.3285	0.3083	0.1013	-0.2878	0.8394	0.4295
170.000	7.8518	0.0325	0.2277	0.2129	0.0472	-0.2066	0.9262	0.2994
175.000	7.7482	0.0083	0.1166	0.1088	0.0121	-0.1080	0.9812	0.1538
180.000	7.7137	0.0000	0.0000	0.0000	0.0000	0.0000	1.0000	0.0000
