0.000	4.9642	0.0000	0.0000	0.0000	0.0000	0.0000	1.0000	0.0000
5.000	4.9560	0.0016	-0.0007	0.0007	0.0001	-0.0007	0.9987	0.0509
10.000	4.9324	0.0061	-0.0014	0.0015	0.0003	-0.0015	0.9948	0.1018
15.000	4.8959	0.0132	-0.0022	0.0022	0.0006	-0.0022	0.9882	0.1528
20.000	4.8505	0.0225	-0.0030	0.0030	0.0011	-0.0029	0.9787	0.2038
25.000	4.8008	0.0331	-0.0038	0.0037	0.0016	-0.0036	0.9665	0.2543
30.000	4.7512	0.0444	-0.0046	0.0045	0.0022	-0.0042	0.9517	0.3038
35.000	4.7061	0.0555	-0.0055	0.0052	0.0029	-0.0048	0.9345	0.3515
40.000	4.6685	0.0657	-0.0063	0.0060	0.0036	-0.0054	0.9156	0.3967
45.000	4.6407	0.0747	-0.0071	0.0066	0.0042	-0.0059	0.8956	0.4385
50.000	4.6234	0.0819	-0.0079	0.0073	0.0049	-0.0064	0.8754	0.4762
55.000	4.6168	0.0873	-0.0086	0.0079	0.0054	-0.0069	0.8560	0.5095
60.000	4.6198	0.0909	-0.0092	0.0084	0.0059	-0.0073	0.8381	0.5379
65.000	4.6312	0.0927	-0.0098	0.0089	0.0063	-0.0076	0.8223	0.5614
70.000	4.6493	0.0931	-0.0102	0.0093	0.0066	-0.0079	0.8092	0.5799
75.000	4.6724	0.0921	-0.0106	0.0096	0.0068	-0.0081	0.7992	0.5938
80.000	4.6992	0.0899	-0.0108	0.0098	0.0069	-0.0083	0.7925	0.6031
85.000	4.7282	0.0868	-0.0110	0.0099	0.0069	-0.0084	0.7890	0.6081
90.000	4.7587	0.0829	-0.0110	0.0099	0.0068	-0.0084	0.7889	0.6088
95.000	4.7898	0.0781	-0.0110	0.0098	0.0066	-0.0084	0.7920	0.6054
100.000	4.8211	0.0725	-0.0109	0.0096	0.0063	-0.0083	0.7981	0.5980
105.000	4.8523	0.0663	-0.0108	0.0094	0.0059	-0.0082	0.8071	0.5866
110.000	4.8831	0.0595	-0.0105	0.0091	0.0055	-0.0080	0.8187	0.5710
115.000	4.9132	0.0522	-0.0101	0.0087	0.0050	-0.0078	0.8325	0.5514
120.000	4.9423	0.0446	-0.0097	0.0083	0.0044	-0.0075	0.8482	0.5277
125.000	4.9700	0.0371	-0.0092	0.0078	0.0039	-0.0072	0.8652	0.4999
130.000	4.9958	0.0298	-0.0086	0.0073	0.0033	-0.0068	0.8831	0.4682
135.000	5.0193	0.0230	-0.0079	0.0067	0.0027	-0.0063	0.9012	0.4327
140.000	5.0400	0.0170	-0.0072	0.0061	0.0022	-0.0059	0.9191	0.3936
145.000	5.0578	0.0119	-0.0064	0.0055	0.0017	-0.0053	0.9361	0.3514
150.000	5.0725	0.0079	-0.0055	0.0048	0.0013	-0.0047	0.9519	0.3063
155.000	5.0840	0.0048	-0.0047	0.0041	0.0009	-0.0040	0.9659	0.2588
160.000	5.0927	0.0027	-0.0038	0.0034	0.0006	-0.0033	0.9778	0.2093
165.000	5.0989	0.0013	-0.0028	0.0026	0.0003	-0.0025	0.9874	0.1583
170.000	5.1030	0.0005	-0.0019	0.0017	0.0001	-0.0017	0.9943	0.1062
175.000	5.1052	0.0001	-0.0009	0.0009	0.0000	-0.0009	0.9986	0.0533
180.000	5.1059	0.0000	0.0000	0.0000	0.0000	0.0000	1.0000	0.0000
