0.000	20.9515	0.0000	0.0000	0.0000	0.0000	0.0000	1.0000	0.0000
5.000	20.1960	0.0391	0.0677	0.0164	-0.0133	-0.0130	0.9951	-0.0598
10.000	18.3536	0.1489	0.1430	0.0413	-0.0520	-0.0142	0.9706	-0.1189
15.000	16.2805	0.3050	0.2282	0.0816	-0.1102	0.0077	0.9054	-0.1722
20.000	14.6017	0.4692	0.3178	0.1392	-0.1733	0.0589	0.7877	-0.2105
25.000	13.5088	0.6060	0.4016	0.2091	-0.2224	0.1346	0.6294	-0.2269
30.000	12.9215	0.6990	0.4727	0.2831	-0.2448	0.2217	0.4582	-0.2215
35.000	12.6791	0.7518	0.5295	0.3540	-0.2377	0.3063	0.2991	-0.1998
40.000	12.6359	0.7766	0.5745	0.4182	-0.2057	0.3794	0.1648	-0.1684
45.000	12.6873	0.7850	0.6110	0.4748	-0.1554	0.4369	0.0581	-0.1322
50.000	12.7655	0.7851	0.6418	0.5239	-0.0930	0.4777	-0.0236	-0.0941
55.000	12.8293	0.7814	0.6689	0.5664	-0.0233	0.5020	-0.0845	-0.0555
60.000	12.8551	0.7762	0.6934	0.6030	0.0499	0.5109	-0.1284	-0.0169
65.000	12.8302	0.7704	0.7158	0.6343	0.1240	0.5054	-0.1585	0.0216
70.000	12.7488	0.7639	0.7366	0.6609	0.1968	0.4865	-0.1774	0.0601
75.000	12.6095	0.7566	0.7558	0.6831	0.2664	0.4555	-0.1866	0.0987
80.000	12.4137	0.7478	0.7733	0.7012	0.3312	0.4134	-0.1873	0.1375
85.000	12.1651	0.7369	0.7890	0.7155	0.3899	0.3614	-0.1802	0.1768
90.000	11.8684	0.7235	0.8028	0.7260	0.4411	0.3008	-0.1656	0.2163
95.000	11.5299	0.7067	0.8143	0.7328	0.4837	0.2329	-0.1435	0.2561
100.000	11.1565	0.6861	0.8234	0.7360	0.5168	0.1593	-0.1137	0.2959
105.000	10.7557	0.6610	0.8295	0.7353	0.5392	0.0818	-0.0760	0.3352
110.000	10.3357	0.6310	0.8321	0.7306	0.5504	0.0025	-0.0298	0.3733
115.000	9.9047	0.5957	0.8304	0.7216	0.5498	-0.0765	0.0251	0.4093
120.000	9.4710	0.5548	0.8236	0.7079	0.5371	-0.1525	0.0892	0.4419
125.000	9.0424	0.5084	0.8105	0.6889	0.5125	-0.2228	0.1624	0.4696
130.000	8.6266	0.4567	0.7900	0.6641	0.4765	-0.2843	0.2444	0.4905
135.000	8.2305	0.4006	0.7607	0.6327	0.4303	-0.3341	0.3342	0.5027
140.000	7.8602	0.3411	0.7214	0.5940	0.3754	-0.3691	0.4303	0.5038
145.000	7.5214	0.2798	0.6707	0.5474	0.3144	-0.3868	0.5302	0.4918
150.000	7.2187	0.2188	0.6079	0.4922	0.2500	-0.3852	0.6308	0.4648
155.000	6.9560	0.1605	0.5324	0.4282	0.1860	-0.3632	0.7278	0.4219
160.000	6.7368	0.1076	0.4445	0.3556	0.1260	-0.3208	0.8167	0.3625
165.000	6.5636	0.0628	0.3450	0.2749	0.0742	-0.2597	0.8926	0.2878
170.000	6.4385	0.0287	0.2359	0.1874	0.0341	-0.1828	0.9508	0.2000
175.000	6.3629	0.0073	0.1198	0.0950	0.0087	-0.0944	0.9875	0.1026
180.000	6.3376	0.0000	0.0000	0.0000	0.0000	0.0000	1.0000	0.0000
