0.000	18.9329	0.0000	0.0000	0.0000	0.0000	0.0000	1.0000	0.0000
5.000	18.3796	0.0344	0.1063	0.0235	-0.0147	-0.0191	0.9916	-0.0642
10.000	17.0212	0.1307	0.2208	0.0584	-0.0571	-0.0231	0.9575	-0.1302
15.000	15.4906	0.2669	0.3440	0.1129	-0.1188	0.0022	0.8782	-0.1945
20.000	14.2897	0.4090	0.4653	0.1884	-0.1825	0.0635	0.7434	-0.2485
25.000	13.6048	0.5256	0.5700	0.2770	-0.2275	0.1536	0.5659	-0.2828
30.000	13.3922	0.6026	0.6491	0.3665	-0.2409	0.2549	0.3747	-0.2942
35.000	13.5205	0.6440	0.7030	0.4474	-0.2217	0.3498	0.1960	-0.2854
40.000	13.8567	0.6615	0.7373	0.5155	-0.1769	0.4275	0.0434	-0.2619
45.000	14.2972	0.6658	0.7588	0.5703	-0.1153	0.4841	-0.0801	-0.2285
50.000	14.7694	0.6640	0.7722	0.6132	-0.0445	0.5194	-0.1772	-0.1888
55.000	15.2255	0.6600	0.7810	0.6459	0.0301	0.5351	-0.2519	-0.1446
60.000	15.6344	0.6555	0.7870	0.6702	0.1046	0.5337	-0.3083	-0.0971
65.000	15.9761	0.6508	0.7913	0.6874	0.1761	0.5174	-0.3494	-0.0469
70.000	16.2380	0.6457	0.7945	0.6988	0.2430	0.4884	-0.3776	0.0056
75.000	16.4125	0.6400	0.7969	0.7051	0.3037	0.4486	-0.3944	0.0600
80.000	16.4956	0.6330	0.7986	0.7072	0.3574	0.3998	-0.4009	0.1160
85.000	16.4864	0.6241	0.7997	0.7057	0.4033	0.3437	-0.3976	0.1735
90.000	16.3864	0.6129	0.8001	0.7011	0.4409	0.2817	-0.3848	0.2319
95.000	16.1996	0.5989	0.7997	0.6935	0.4697	0.2155	-0.3623	0.2907
100.000	15.9318	0.5815	0.7981	0.6834	0.4894	0.1465	-0.3301	0.3493
105.000	15.5911	0.5604	0.7950	0.6708	0.4998	0.0762	-0.2877	0.4068
110.000	15.1871	0.5352	0.7899	0.6557	0.5008	0.0062	-0.2347	0.4622
115.000	14.7309	0.5056	0.7821	0.6380	0.4923	-0.0618	-0.1709	0.5141
120.000	14.2346	0.4715	0.7709	0.6175	0.4745	-0.1260	-0.0959	0.5608
125.000	13.7113	0.4329	0.7552	0.5939	0.4477	-0.1844	-0.0099	0.6003
130.000	13.1743	0.3900	0.7339	0.5668	0.4126	-0.2350	0.0868	0.6305
135.000	12.6372	0.3433	0.7057	0.5355	0.3700	-0.2756	0.1932	0.6487
140.000	12.1133	0.2936	0.6691	0.4995	0.3213	-0.3041	0.3074	0.6522
145.000	11.6156	0.2420	0.6228	0.4580	0.2682	-0.3186	0.4268	0.6384
150.000	11.1562	0.1903	0.5657	0.4104	0.2130	-0.3175	0.5477	0.6051
155.000	10.7465	0.1404	0.4968	0.3563	0.1584	-0.2997	0.6652	0.5505
160.000	10.3964	0.0946	0.4160	0.2955	0.1074	-0.2653	0.7736	0.4742
165.000	10.1147	0.0555	0.3239	0.2284	0.0633	-0.2151	0.8669	0.3773
170.000	9.9083	0.0254	0.2220	0.1557	0.0291	-0.1517	0.9389	0.2627
175.000	9.7824	0.0065	0.1129	0.0789	0.0074	-0.0784	0.9844	0.1348
180.000	9.7401	0.0000	0.0000	0.0000	0.0000	0.0000	1.0000	0.0000
