0.000	7.1802	0.0000	0.0000	0.0000	0.0000	0.0000	1.0000	0.0000
5.000	7.1256	0.0113	0.0130	0.0035	0.0005	-0.0033	0.9906	0.1358
10.000	6.9796	0.0434	0.0260	0.0074	0.0018	-0.0060	0.9608	0.2725
15.000	6.7874	0.0915	0.0387	0.0124	0.0043	-0.0078	0.9072	0.4088
20.000	6.6052	0.1478	0.0505	0.0184	0.0077	-0.0082	0.8269	0.5405
25.000	6.4828	0.2029	0.0608	0.0255	0.0122	-0.0071	0.7206	0.6606
30.000	6.4518	0.2482	0.0687	0.0330	0.0174	-0.0046	0.5947	0.7621
35.000	6.5242	0.2785	0.0739	0.0404	0.0229	-0.0012	0.4598	0.8406
40.000	6.6958	0.2928	0.0765	0.0470	0.0284	0.0025	0.3278	0.8958
45.000	6.9516	0.2934	0.0769	0.0525	0.0335	0.0059	0.2080	0.9308
50.000	7.2716	0.2840	0.0757	0.0567	0.0379	0.0087	0.1061	0.9508
55.000	7.6347	0.2687	0.0736	0.0596	0.0417	0.0106	0.0245	0.9610
60.000	8.0208	0.2506	0.0708	0.0613	0.0447	0.0115	-0.0371	0.9656
65.000	8.4123	0.2316	0.0679	0.0621	0.0470	0.0116	-0.0801	0.9679
70.000	8.7943	0.2131	0.0650	0.0621	0.0486	0.0109	-0.1061	0.9698
75.000	9.1550	0.1956	0.0622	0.0614	0.0496	0.0094	-0.1171	0.9723
80.000	9.4853	0.1793	0.0596	0.0602	0.0499	0.0074	-0.1145	0.9758
85.000	9.7786	0.1643	0.0572	0.0586	0.0497	0.0049	-0.0999	0.9802
90.000	10.0305	0.1503	0.0551	0.0566	0.0489	0.0021	-0.0742	0.9847
95.000	10.2384	0.1371	0.0530	0.0543	0.0476	-0.0009	-0.0386	0.9887
100.000	10.4013	0.1246	0.0511	0.0518	0.0458	-0.0040	0.0061	0.9912
105.000	10.5196	0.1126	0.0493	0.0492	0.0436	-0.0070	0.0591	0.9909
110.000	10.5949	0.1011	0.0475	0.0464	0.0410	-0.0099	0.1195	0.9867
115.000	10.6301	0.0901	0.0456	0.0436	0.0380	-0.0125	0.1867	0.9774
120.000	10.6294	0.0795	0.0437	0.0407	0.0347	-0.0148	0.2596	0.9616
125.000	10.5978	0.0694	0.0416	0.0377	0.0312	-0.0166	0.3374	0.9380
130.000	10.5417	0.0598	0.0393	0.0347	0.0275	-0.0179	0.4187	0.9054
135.000	10.4679	0.0505	0.0367	0.0316	0.0236	-0.0187	0.5021	0.8626
140.000	10.3833	0.0418	0.0339	0.0284	0.0197	-0.0189	0.5858	0.8087
145.000	10.2947	0.0334	0.0307	0.0252	0.0159	-0.0185	0.6678	0.7430
150.000	10.2081	0.0257	0.0272	0.0218	0.0122	-0.0174	0.7456	0.6653
155.000	10.1286	0.0186	0.0234	0.0183	0.0088	-0.0157	0.8170	0.5759
160.000	10.0600	0.0124	0.0192	0.0148	0.0058	-0.0134	0.8794	0.4755
165.000	10.0048	0.0072	0.0147	0.0111	0.0034	-0.0105	0.9306	0.3657
170.000	9.9647	0.0033	0.0099	0.0074	0.0015	-0.0073	0.9686	0.2482
175.000	9.9404	0.0008	0.0050	0.0037	0.0004	-0.0037	0.9921	0.1255
180.000	9.9323	0.0000	0.0000	0.0000	0.0000	0.0000	1.0000	0.0000
