0.000	15.4886	0.0000	0.0000	0.0000	0.0000	0.0000	1.0000	0.0000
5.000	15.1129	0.0329	0.1496	0.0323	-0.0164	-0.0267	0.9861	-0.0647
10.000	14.2040	0.1242	0.3063	0.0787	-0.0630	-0.0345	0.9348	-0.1336
15.000	13.2304	0.2511	0.4660	0.1486	-0.1291	-0.0062	0.8266	-0.2048
20.000	12.5800	0.3788	0.6103	0.2409	-0.1940	0.0649	0.6542	-0.2688
25.000	12.4062	0.4766	0.7189	0.3428	-0.2347	0.1673	0.4385	-0.3136
30.000	12.6750	0.5339	0.7842	0.4384	-0.2396	0.2780	0.2160	-0.3330
35.000	13.2703	0.5584	0.8131	0.5175	-0.2112	0.3766	0.0160	-0.3288
40.000	14.0674	0.5634	0.8183	0.5774	-0.1594	0.4527	-0.1492	-0.3062
45.000	14.9629	0.5597	0.8105	0.6199	-0.0943	0.5039	-0.2794	-0.2707
50.000	15.8806	0.5535	0.7969	0.6484	-0.0237	0.5322	-0.3796	-0.2263
55.000	16.7667	0.5476	0.7815	0.6659	0.0473	0.5408	-0.4553	-0.1754
60.000	17.5842	0.5430	0.7663	0.6750	0.1155	0.5331	-0.5115	-0.1197
65.000	18.3073	0.5393	0.7523	0.6774	0.1789	0.5120	-0.5517	-0.0601
70.000	18.9183	0.5361	0.7397	0.6748	0.2365	0.4799	-0.5783	0.0027
75.000	19.4051	0.5327	0.7286	0.6682	0.2873	0.4392	-0.5931	0.0681
80.000	19.7601	0.5284	0.7188	0.6585	0.3310	0.3916	-0.5970	0.1355
85.000	19.9795	0.5227	0.7101	0.6463	0.3674	0.3387	-0.5905	0.2044
90.000	20.0626	0.5150	0.7024	0.6323	0.3962	0.2819	-0.5740	0.2744
95.000	20.0124	0.5050	0.6952	0.6167	0.4174	0.2225	-0.5472	0.3446
100.000	19.8345	0.4921	0.6883	0.5998	0.4309	0.1616	-0.5100	0.4145
105.000	19.5381	0.4761	0.6813	0.5816	0.4369	0.1003	-0.4619	0.4828
110.000	19.1349	0.4566	0.6737	0.5624	0.4352	0.0398	-0.4025	0.5486
115.000	18.6392	0.4333	0.6648	0.5418	0.4260	-0.0186	-0.3312	0.6102
120.000	18.0677	0.4061	0.6539	0.5199	0.4094	-0.0738	-0.2478	0.6658
125.000	17.4385	0.3748	0.6401	0.4962	0.3858	-0.1242	-0.1520	0.7131
130.000	16.7713	0.3397	0.6223	0.4704	0.3554	-0.1684	-0.0442	0.7497
135.000	16.0863	0.3009	0.5992	0.4420	0.3190	-0.2047	0.0747	0.7723
140.000	15.4041	0.2590	0.5695	0.4104	0.2775	-0.2313	0.2031	0.7780
145.000	14.7449	0.2150	0.5317	0.3750	0.2323	-0.2466	0.3381	0.7633
150.000	14.1280	0.1702	0.4847	0.3352	0.1851	-0.2491	0.4756	0.7253
155.000	13.5716	0.1263	0.4273	0.2906	0.1382	-0.2379	0.6103	0.6617
160.000	13.0920	0.0857	0.3591	0.2408	0.0940	-0.2124	0.7355	0.5716
165.000	12.7034	0.0505	0.2805	0.1860	0.0556	-0.1735	0.8440	0.4559
170.000	12.4173	0.0232	0.1928	0.1268	0.0256	-0.1230	0.9282	0.3180
175.000	12.2422	0.0059	0.0982	0.0643	0.0066	-0.0638	0.9816	0.1634
180.000	12.1832	0.0000	0.0000	0.0000	0.0000	0.0000	1.0000	0.0000
