0.000	7.4585	0.0000	0.0000	0.0000	0.0000	0.0000	1.0000	0.0000
5.000	7.3833	0.0144	0.0179	0.0045	0.0006	-0.0042	0.9904	0.1361
10.000	7.1822	0.0555	0.0359	0.0099	0.0024	-0.0076	0.9593	0.2745
15.000	6.9194	0.1172	0.0538	0.0170	0.0055	-0.0093	0.9009	0.4147
20.000	6.6729	0.1891	0.0707	0.0260	0.0102	-0.0086	0.8097	0.5515
25.000	6.5097	0.2579	0.0853	0.0368	0.0164	-0.0054	0.6857	0.6761
30.000	6.4710	0.3113	0.0964	0.0484	0.0237	0.0001	0.5376	0.7789
35.000	6.5695	0.3424	0.1033	0.0597	0.0315	0.0069	0.3806	0.8543
40.000	6.7955	0.3509	0.1062	0.0694	0.0391	0.0137	0.2312	0.9029
45.000	7.1262	0.3417	0.1060	0.0771	0.0461	0.0196	0.1013	0.9301
50.000	7.5333	0.3214	0.1039	0.0826	0.0521	0.0240	-0.0033	0.9431
55.000	7.9886	0.2956	0.1008	0.0860	0.0570	0.0266	-0.0817	0.9483
60.000	8.4672	0.2685	0.0972	0.0878	0.0609	0.0275	-0.1360	0.9504
65.000	8.9483	0.2425	0.0937	0.0881	0.0639	0.0269	-0.1692	0.9522
70.000	9.4157	0.2187	0.0904	0.0873	0.0659	0.0251	-0.1844	0.9553
75.000	9.8573	0.1975	0.0875	0.0857	0.0670	0.0223	-0.1843	0.9601
80.000	10.2642	0.1788	0.0848	0.0834	0.0673	0.0187	-0.1710	0.9663
85.000	10.6302	0.1624	0.0825	0.0806	0.0669	0.0145	-0.1462	0.9733
90.000	10.9513	0.1478	0.0803	0.0774	0.0657	0.0100	-0.1112	0.9803
95.000	11.2254	0.1347	0.0783	0.0738	0.0638	0.0053	-0.0671	0.9862
100.000	11.4517	0.1227	0.0763	0.0701	0.0613	0.0006	-0.0147	0.9900
105.000	11.6307	0.1116	0.0743	0.0661	0.0582	-0.0039	0.0452	0.9904
110.000	11.7642	0.1010	0.0722	0.0620	0.0545	-0.0082	0.1118	0.9864
115.000	11.8551	0.0907	0.0698	0.0577	0.0504	-0.0121	0.1843	0.9765
120.000	11.9071	0.0808	0.0672	0.0534	0.0458	-0.0156	0.2618	0.9597
125.000	11.9250	0.0709	0.0643	0.0491	0.0409	-0.0184	0.3431	0.9346
130.000	11.9142	0.0613	0.0609	0.0447	0.0358	-0.0205	0.4269	0.9003
135.000	11.8807	0.0518	0.0571	0.0403	0.0306	-0.0218	0.5118	0.8558
140.000	11.8305	0.0427	0.0527	0.0358	0.0253	-0.0223	0.5959	0.8003
145.000	11.7697	0.0339	0.0478	0.0314	0.0203	-0.0220	0.6773	0.7334
150.000	11.7043	0.0258	0.0423	0.0269	0.0155	-0.0208	0.7539	0.6551
155.000	11.6394	0.0185	0.0363	0.0224	0.0111	-0.0188	0.8235	0.5659
160.000	11.5799	0.0121	0.0298	0.0179	0.0073	-0.0160	0.8840	0.4664
165.000	11.5296	0.0070	0.0228	0.0135	0.0042	-0.0126	0.9333	0.3582
170.000	11.4915	0.0031	0.0154	0.0090	0.0019	-0.0087	0.9699	0.2429
175.000	11.4677	0.0008	0.0078	0.0045	0.0005	-0.0045	0.9924	0.1227
180.000	11.4597	0.0000	0.0000	0.0000	0.0000	0.0000	1.0000	0.0000
