0.000	20.0103	0.0000	0.0000	0.0000	0.0000	0.0000	1.0000	0.0000
5.000	19.4111	0.0336	0.0933	0.0214	-0.0142	-0.0172	0.9917	-0.0819
10.000	17.9305	0.1276	0.1933	0.0531	-0.0553	-0.0201	0.9582	-0.1662
15.000	16.2326	0.2613	0.3002	0.1032	-0.1155	0.0046	0.8813	-0.2495
20.000	14.8437	0.4029	0.4052	0.1730	-0.1792	0.0638	0.7508	-0.3218
25.000	13.9625	0.5224	0.4959	0.2561	-0.2270	0.1516	0.5775	-0.3724
30.000	13.5533	0.6056	0.5646	0.3417	-0.2459	0.2523	0.3874	-0.3963
35.000	13.4904	0.6543	0.6110	0.4208	-0.2339	0.3493	0.2050	-0.3961
40.000	13.6457	0.6784	0.6397	0.4888	-0.1965	0.4319	0.0447	-0.3773
45.000	13.9184	0.6880	0.6562	0.5449	-0.1419	0.4953	-0.0897	-0.3457
50.000	14.2367	0.6900	0.6652	0.5900	-0.0770	0.5390	-0.1993	-0.3053
55.000	14.5520	0.6888	0.6699	0.6257	-0.0074	0.5644	-0.2876	-0.2586
60.000	14.8311	0.6862	0.6724	0.6536	0.0634	0.5738	-0.3579	-0.2072
65.000	15.0518	0.6830	0.6737	0.6752	0.1329	0.5693	-0.4131	-0.1517
70.000	15.1996	0.6794	0.6747	0.6915	0.1998	0.5528	-0.4551	-0.0928
75.000	15.2653	0.6752	0.6755	0.7033	0.2632	0.5259	-0.4854	-0.0307
80.000	15.2446	0.6699	0.6764	0.7114	0.3225	0.4899	-0.5045	0.0344
85.000	15.1366	0.6631	0.6772	0.7162	0.3774	0.4457	-0.5129	0.1020
90.000	14.9438	0.6544	0.6780	0.7182	0.4273	0.3940	-0.5105	0.1717
95.000	14.6715	0.6430	0.6786	0.7176	0.4717	0.3353	-0.4970	0.2430
100.000	14.3272	0.6286	0.6791	0.7149	0.5099	0.2701	-0.4718	0.3148
105.000	13.9202	0.6106	0.6792	0.7102	0.5410	0.1992	-0.4344	0.3863
110.000	13.4614	0.5883	0.6787	0.7036	0.5638	0.1233	-0.3841	0.4558
115.000	12.9627	0.5612	0.6773	0.6952	0.5770	0.0439	-0.3202	0.5218
120.000	12.4367	0.5289	0.6743	0.6847	0.5792	-0.0373	-0.2424	0.5821
125.000	11.8964	0.4910	0.6688	0.6715	0.5690	-0.1179	-0.1506	0.6341
130.000	11.3545	0.4475	0.6596	0.6547	0.5455	-0.1946	-0.0450	0.6752
135.000	10.8238	0.3984	0.6448	0.6330	0.5082	-0.2637	0.0731	0.7022
140.000	10.3161	0.3446	0.6226	0.6048	0.4575	-0.3207	0.2017	0.7118
145.000	9.8423	0.2871	0.5905	0.5682	0.3948	-0.3611	0.3376	0.7011
150.000	9.4123	0.2280	0.5464	0.5213	0.3230	-0.3805	0.4762	0.6674
155.000	9.0345	0.1697	0.4883	0.4626	0.2465	-0.3754	0.6117	0.6091
160.000	8.7161	0.1152	0.4153	0.3911	0.1708	-0.3438	0.7372	0.5257
165.000	8.4627	0.0680	0.3275	0.3070	0.1024	-0.2861	0.8454	0.4188
170.000	8.2788	0.0313	0.2266	0.2118	0.0477	-0.2054	0.9290	0.2916
175.000	8.1673	0.0080	0.1160	0.1082	0.0123	-0.1073	0.9819	0.1498
180.000	8.1299	0.0000	0.0000	0.0000	0.0000	0.0000	1.0000	0.0000
