0.000	5.9430	0.0000	0.0000	0.0000	0.0000	0.0000	1.0000	0.0000
5.000	5.8484	0.0364	0.2442	0.0439	-0.0135	-0.0376	0.9644	0.0963
10.000	5.6493	0.1354	0.4895	0.1027	-0.0506	-0.0539	0.8454	0.1805
15.000	5.5376	0.2630	0.7123	0.1829	-0.0987	-0.0301	0.6252	0.2354
20.000	5.6888	0.3689	0.8679	0.2744	-0.1364	0.0370	0.3233	0.2479
25.000	6.1837	0.4195	0.9293	0.3565	-0.1459	0.1267	0.0061	0.2237
30.000	7.0069	0.4191	0.9125	0.4146	-0.1262	0.2112	-0.2627	0.1845
35.000	8.0875	0.3921	0.8540	0.4480	-0.0879	0.2746	-0.4605	0.1503
40.000	9.3383	0.3593	0.7830	0.4630	-0.0419	0.3142	-0.5955	0.1305
45.000	10.6796	0.3311	0.7146	0.4660	0.0048	0.3340	-0.6850	0.1269
50.000	12.0473	0.3106	0.6544	0.4617	0.0486	0.3387	-0.7432	0.1381
55.000	13.3929	0.2976	0.6032	0.4531	0.0881	0.3325	-0.7800	0.1617
60.000	14.6803	0.2904	0.5603	0.4417	0.1228	0.3182	-0.8014	0.1956
65.000	15.8825	0.2872	0.5245	0.4287	0.1528	0.2981	-0.8108	0.2378
70.000	16.9785	0.2864	0.4944	0.4145	0.1781	0.2738	-0.8102	0.2868
75.000	17.9516	0.2867	0.4691	0.3998	0.1992	0.2466	-0.8004	0.3412
80.000	18.7890	0.2870	0.4477	0.3848	0.2162	0.2172	-0.7820	0.3998
85.000	19.4810	0.2865	0.4294	0.3696	0.2295	0.1863	-0.7548	0.4616
90.000	20.0215	0.2844	0.4138	0.3545	0.2393	0.1546	-0.7186	0.5255
95.000	20.4082	0.2802	0.4002	0.3395	0.2457	0.1223	-0.6729	0.5903
100.000	20.6432	0.2736	0.3882	0.3247	0.2488	0.0900	-0.6173	0.6549
105.000	20.7330	0.2644	0.3774	0.3101	0.2486	0.0579	-0.5509	0.7177
110.000	20.6887	0.2523	0.3675	0.2957	0.2451	0.0266	-0.4733	0.7772
115.000	20.5254	0.2375	0.3577	0.2814	0.2381	-0.0036	-0.3839	0.8311
120.000	20.2617	0.2199	0.3477	0.2671	0.2276	-0.0321	-0.2826	0.8771
125.000	19.9191	0.1998	0.3368	0.2524	0.2136	-0.0580	-0.1696	0.9124
130.000	19.5203	0.1777	0.3243	0.2371	0.1962	-0.0807	-0.0458	0.9340
135.000	19.0882	0.1539	0.3094	0.2210	0.1755	-0.0992	0.0871	0.9387
140.000	18.6451	0.1293	0.2914	0.2036	0.1521	-0.1126	0.2264	0.9234
145.000	18.2113	0.1045	0.2695	0.1846	0.1267	-0.1201	0.3685	0.8856
150.000	17.8044	0.0805	0.2434	0.1638	0.1004	-0.1210	0.5085	0.8233
155.000	17.4391	0.0582	0.2125	0.1409	0.0744	-0.1150	0.6412	0.7358
160.000	17.1270	0.0385	0.1770	0.1159	0.0503	-0.1021	0.7605	0.6239
165.000	16.8767	0.0222	0.1372	0.0889	0.0295	-0.0830	0.8607	0.4899
170.000	16.6941	0.0101	0.0937	0.0603	0.0136	-0.0585	0.9366	0.3376
175.000	16.5832	0.0025	0.0475	0.0305	0.0035	-0.0303	0.9839	0.1722
180.000	16.5460	0.0000	0.0000	0.0000	0.0000	0.0000	1.0000	0.0000
