0.000	20.7866	0.0000	0.0000	0.0000	0.0000	0.0000	1.0000	0.0000
5.000	20.1172	0.0351	0.0800	0.0187	-0.0137	-0.0149	0.9928	-0.0812
10.000	18.4662	0.1335	0.1666	0.0470	-0.0534	-0.0166	0.9626	-0.1642
15.000	16.5726	0.2738	0.2606	0.0922	-0.1122	0.0075	0.8905	-0.2449
20.000	15.0067	0.4230	0.3548	0.1561	-0.1754	0.0638	0.7659	-0.3133
25.000	13.9729	0.5499	0.4386	0.2333	-0.2242	0.1475	0.5990	-0.3590
30.000	13.4249	0.6392	0.5046	0.3142	-0.2458	0.2441	0.4151	-0.3783
35.000	13.2279	0.6926	0.5521	0.3906	-0.2375	0.3384	0.2385	-0.3744
40.000	13.2493	0.7199	0.5845	0.4581	-0.2042	0.4201	0.0830	-0.3533
45.000	13.3871	0.7314	0.6063	0.5155	-0.1531	0.4844	-0.0474	-0.3207
50.000	13.5705	0.7343	0.6214	0.5633	-0.0908	0.5305	-0.1538	-0.2805
55.000	13.7521	0.7332	0.6324	0.6030	-0.0226	0.5593	-0.2395	-0.2352
60.000	13.9007	0.7303	0.6412	0.6357	0.0479	0.5727	-0.3079	-0.1859
65.000	13.9960	0.7266	0.6489	0.6626	0.1183	0.5724	-0.3615	-0.1333
70.000	14.0253	0.7224	0.6559	0.6847	0.1873	0.5600	-0.4025	-0.0777
75.000	13.9817	0.7175	0.6625	0.7025	0.2537	0.5370	-0.4321	-0.0192
80.000	13.8629	0.7115	0.6689	0.7167	0.3170	0.5043	-0.4510	0.0420
85.000	13.6699	0.7041	0.6749	0.7275	0.3766	0.4626	-0.4594	0.1057
90.000	13.4070	0.6947	0.6805	0.7353	0.4319	0.4124	-0.4573	0.1714
95.000	13.0808	0.6828	0.6855	0.7403	0.4821	0.3540	-0.4442	0.2386
100.000	12.6996	0.6678	0.6898	0.7428	0.5263	0.2880	-0.4196	0.3064
105.000	12.2728	0.6491	0.6932	0.7428	0.5634	0.2149	-0.3829	0.3737
110.000	11.8107	0.6260	0.6956	0.7405	0.5917	0.1355	-0.3336	0.4392
115.000	11.3240	0.5979	0.6965	0.7358	0.6097	0.0513	-0.2710	0.5009
120.000	10.8234	0.5642	0.6954	0.7283	0.6157	-0.0358	-0.1948	0.5570
125.000	10.3194	0.5246	0.6913	0.7176	0.6081	-0.1229	-0.1051	0.6049
130.000	9.8224	0.4788	0.6829	0.7025	0.5856	-0.2066	-0.0023	0.6421
135.000	9.3419	0.4270	0.6686	0.6818	0.5476	-0.2825	0.1123	0.6657
140.000	8.8871	0.3699	0.6462	0.6535	0.4944	-0.3456	0.2366	0.6729
145.000	8.4661	0.3088	0.6135	0.6157	0.4278	-0.3908	0.3674	0.6608
150.000	8.0864	0.2456	0.5681	0.5663	0.3508	-0.4131	0.5004	0.6273
155.000	7.7544	0.1830	0.5081	0.5035	0.2681	-0.4085	0.6301	0.5710
160.000	7.4755	0.1244	0.4324	0.4265	0.1861	-0.3749	0.7499	0.4918
165.000	7.2541	0.0735	0.3411	0.3352	0.1117	-0.3124	0.8530	0.3911
170.000	7.0936	0.0339	0.2362	0.2315	0.0520	-0.2245	0.9325	0.2720
175.000	6.9964	0.0087	0.1209	0.1183	0.0134	-0.1174	0.9828	0.1396
180.000	6.9638	0.0000	0.0000	0.0000	0.0000	0.0000	1.0000	0.0000
