0.000	7.9913	0.0000	0.0000	0.0000	0.0000	0.0000	1.0000	0.0000
5.000	7.8563	0.0341	0.2396	0.0449	-0.0172	-0.0379	0.9704	0.0056
10.000	7.5622	0.1267	0.4806	0.1059	-0.0649	-0.0518	0.8702	0.0007
15.000	7.3539	0.2470	0.7025	0.1908	-0.1281	-0.0214	0.6816	-0.0216
20.000	7.4455	0.3510	0.8653	0.2908	-0.1808	0.0565	0.4163	-0.0589
25.000	7.9248	0.4089	0.9431	0.3852	-0.2008	0.1603	0.1264	-0.0987
30.000	8.7639	0.4222	0.9463	0.4576	-0.1846	0.2602	-0.1327	-0.1274
35.000	9.8748	0.4101	0.9055	0.5047	-0.1428	0.3378	-0.3359	-0.1389
40.000	11.1579	0.3902	0.8473	0.5309	-0.0884	0.3889	-0.4847	-0.1331
45.000	12.5261	0.3722	0.7871	0.5426	-0.0306	0.4167	-0.5909	-0.1126
50.000	13.9123	0.3593	0.7317	0.5445	0.0255	0.4259	-0.6660	-0.0803
55.000	15.2666	0.3518	0.6831	0.5400	0.0772	0.4212	-0.7186	-0.0385
60.000	16.5525	0.3486	0.6414	0.5313	0.1236	0.4061	-0.7544	0.0110
65.000	17.7425	0.3483	0.6058	0.5197	0.1644	0.3833	-0.7767	0.0668
70.000	18.8153	0.3495	0.5756	0.5062	0.1997	0.3548	-0.7878	0.1278
75.000	19.7536	0.3512	0.5498	0.4914	0.2297	0.3220	-0.7888	0.1930
80.000	20.5442	0.3522	0.5278	0.4758	0.2547	0.2862	-0.7801	0.2616
85.000	21.1769	0.3519	0.5089	0.4597	0.2750	0.2482	-0.7619	0.3328
90.000	21.6456	0.3497	0.4926	0.4434	0.2909	0.2085	-0.7341	0.4057
95.000	21.9483	0.3450	0.4785	0.4270	0.3025	0.1679	-0.6962	0.4795
100.000	22.0877	0.3375	0.4662	0.4107	0.3099	0.1266	-0.6477	0.5531
105.000	22.0713	0.3269	0.4552	0.3946	0.3131	0.0852	-0.5878	0.6252
110.000	21.9116	0.3130	0.4451	0.3786	0.3120	0.0441	-0.5158	0.6942
115.000	21.6259	0.2958	0.4354	0.3627	0.3062	0.0040	-0.4312	0.7581
120.000	21.2350	0.2752	0.4253	0.3465	0.2957	-0.0344	-0.3335	0.8146
125.000	20.7628	0.2516	0.4142	0.3299	0.2803	-0.0700	-0.2226	0.8608
130.000	20.2347	0.2251	0.4011	0.3123	0.2598	-0.1018	-0.0993	0.8934
135.000	19.6767	0.1964	0.3851	0.2934	0.2346	-0.1284	0.0349	0.9091
140.000	19.1135	0.1662	0.3650	0.2725	0.2051	-0.1485	0.1776	0.9043
145.000	18.5680	0.1353	0.3398	0.2491	0.1723	-0.1606	0.3249	0.8759
150.000	18.0600	0.1050	0.3088	0.2227	0.1375	-0.1637	0.4718	0.8215
155.000	17.6063	0.0765	0.2713	0.1929	0.1027	-0.1571	0.6125	0.7399
160.000	17.2198	0.0509	0.2271	0.1597	0.0698	-0.1406	0.7403	0.6314
165.000	16.9105	0.0295	0.1768	0.1232	0.0412	-0.1149	0.8484	0.4983
170.000	16.6853	0.0134	0.1211	0.0839	0.0190	-0.0814	0.9308	0.3447
175.000	16.5485	0.0034	0.0616	0.0425	0.0048	-0.0422	0.9824	0.1762
180.000	16.5026	0.0000	0.0000	0.0000	0.0000	0.0000	1.0000	0.0000
