0.000	20.4556	0.0000	0.0000	0.0000	0.0000	0.0000	1.0000	0.0000
5.000	19.4520	0.0514	0.0293	0.0078	-0.0127	-0.0056	0.9966	-0.0565
10.000	17.1034	0.1949	0.0638	0.0207	-0.0507	-0.0028	0.9715	-0.1098
15.000	14.6296	0.3949	0.1053	0.0428	-0.1098	0.0171	0.8943	-0.1504
20.000	12.7559	0.5954	0.1509	0.0752	-0.1762	0.0583	0.7526	-0.1659
25.000	11.5816	0.7493	0.1954	0.1151	-0.2311	0.1165	0.5690	-0.1512
30.000	10.9240	0.8418	0.2353	0.1578	-0.2625	0.1821	0.3826	-0.1120
35.000	10.5712	0.8843	0.2703	0.2003	-0.2683	0.2462	0.2214	-0.0589
40.000	10.3657	0.8956	0.3015	0.2412	-0.2523	0.3039	0.0956	-0.0008
45.000	10.2088	0.8907	0.3307	0.2805	-0.2196	0.3528	0.0043	0.0570
50.000	10.0446	0.8788	0.3590	0.3186	-0.1745	0.3924	-0.0577	0.1121
55.000	9.8444	0.8649	0.3872	0.3559	-0.1201	0.4224	-0.0962	0.1633
60.000	9.5963	0.8511	0.4157	0.3929	-0.0586	0.4426	-0.1162	0.2104
65.000	9.2984	0.8384	0.4445	0.4299	0.0083	0.4530	-0.1216	0.2536
70.000	8.9549	0.8265	0.4737	0.4669	0.0793	0.4529	-0.1152	0.2930
75.000	8.5731	0.8150	0.5028	0.5040	0.1530	0.4422	-0.0991	0.3290
80.000	8.1621	0.8031	0.5317	0.5410	0.2279	0.4201	-0.0749	0.3617
85.000	7.7315	0.7901	0.5598	0.5776	0.3025	0.3865	-0.0437	0.3915
90.000	7.2908	0.7749	0.5866	0.6135	0.3749	0.3409	-0.0062	0.4184
95.000	6.8492	0.7567	0.6113	0.6480	0.4430	0.2834	0.0372	0.4423
100.000	6.4152	0.7344	0.6331	0.6801	0.5042	0.2146	0.0860	0.4633
105.000	5.9962	0.7072	0.6512	0.7090	0.5559	0.1355	0.1401	0.4811
110.000	5.5989	0.6740	0.6645	0.7331	0.5952	0.0481	0.1992	0.4952
115.000	5.2287	0.6343	0.6719	0.7509	0.6193	-0.0448	0.2631	0.5054
120.000	4.8899	0.5876	0.6721	0.7608	0.6260	-0.1392	0.3312	0.5108
125.000	4.5855	0.5341	0.6640	0.7609	0.6136	-0.2304	0.4028	0.5109
130.000	4.3169	0.4745	0.6467	0.7497	0.5818	-0.3126	0.4772	0.5047
135.000	4.0845	0.4101	0.6194	0.7258	0.5319	-0.3804	0.5530	0.4914
140.000	3.8873	0.3430	0.5818	0.6884	0.4667	-0.4286	0.6287	0.4701
145.000	3.7236	0.2756	0.5341	0.6374	0.3905	-0.4531	0.7026	0.4400
150.000	3.5906	0.2107	0.4767	0.5733	0.3089	-0.4518	0.7725	0.4008
155.000	3.4853	0.1510	0.4108	0.4971	0.2277	-0.4243	0.8365	0.3521
160.000	3.4047	0.0991	0.3375	0.4105	0.1527	-0.3722	0.8923	0.2945
165.000	3.3456	0.0567	0.2583	0.3154	0.0889	-0.2990	0.9380	0.2288
170.000	3.3054	0.0255	0.1746	0.2139	0.0405	-0.2089	0.9720	0.1565
175.000	3.2822	0.0064	0.0881	0.1080	0.0103	-0.1074	0.9929	0.0795
180.000	3.2746	0.0000	0.0001	0.0001	0.0000	-0.0001	1.0000	0.0000
