0.000	7.9819	0.0000	0.0000	0.0000	0.0000	0.0000	1.0000	0.0000
5.000	7.9405	0.0064	0.0013	0.0015	0.0003	-0.0015	0.9952	0.0975
10.000	7.8245	0.0249	0.0025	0.0032	0.0013	-0.0029	0.9803	0.1957
15.000	7.6558	0.0535	0.0035	0.0050	0.0028	-0.0042	0.9541	0.2947
20.000	7.4643	0.0891	0.0043	0.0072	0.0049	-0.0053	0.9150	0.3935
25.000	7.2806	0.1273	0.0049	0.0096	0.0075	-0.0061	0.8624	0.4899
30.000	7.1305	0.1640	0.0050	0.0122	0.0104	-0.0066	0.7971	0.5811
35.000	7.0309	0.1953	0.0049	0.0149	0.0135	-0.0069	0.7218	0.6639
40.000	6.9896	0.2185	0.0044	0.0175	0.0165	-0.0069	0.6409	0.7359
45.000	7.0063	0.2324	0.0037	0.0200	0.0193	-0.0068	0.5593	0.7957
50.000	7.0751	0.2376	0.0028	0.0222	0.0217	-0.0066	0.4819	0.8434
55.000	7.1864	0.2352	0.0019	0.0239	0.0237	-0.0064	0.4127	0.8800
60.000	7.3289	0.2270	0.0009	0.0253	0.0252	-0.0063	0.3541	0.9072
65.000	7.4913	0.2149	0.0000	0.0262	0.0262	-0.0063	0.3075	0.9269
70.000	7.6632	0.2005	-0.0008	0.0268	0.0268	-0.0065	0.2734	0.9407
75.000	7.8354	0.1849	-0.0015	0.0271	0.0270	-0.0068	0.2516	0.9500
80.000	8.0001	0.1689	-0.0021	0.0270	0.0268	-0.0072	0.2414	0.9556
85.000	8.1515	0.1533	-0.0026	0.0267	0.0263	-0.0078	0.2420	0.9581
90.000	8.2849	0.1382	-0.0029	0.0262	0.0256	-0.0084	0.2526	0.9576
95.000	8.3973	0.1239	-0.0031	0.0255	0.0246	-0.0090	0.2724	0.9542
100.000	8.4869	0.1104	-0.0033	0.0247	0.0233	-0.0097	0.3004	0.9474
105.000	8.5532	0.0978	-0.0033	0.0237	0.0219	-0.0103	0.3359	0.9368
110.000	8.5966	0.0860	-0.0033	0.0226	0.0203	-0.0109	0.3780	0.9218
115.000	8.6184	0.0749	-0.0032	0.0214	0.0186	-0.0113	0.4258	0.9017
120.000	8.6205	0.0646	-0.0030	0.0201	0.0168	-0.0117	0.4783	0.8758
125.000	8.6056	0.0550	-0.0028	0.0187	0.0149	-0.0118	0.5345	0.8434
130.000	8.5766	0.0461	-0.0026	0.0173	0.0129	-0.0118	0.5932	0.8038
135.000	8.5367	0.0378	-0.0024	0.0158	0.0110	-0.0116	0.6530	0.7564
140.000	8.4895	0.0303	-0.0021	0.0142	0.0091	-0.0111	0.7126	0.7009
145.000	8.4382	0.0235	-0.0018	0.0126	0.0072	-0.0104	0.7704	0.6371
150.000	8.3861	0.0175	-0.0015	0.0109	0.0055	-0.0095	0.8249	0.5650
155.000	8.3364	0.0123	-0.0013	0.0092	0.0039	-0.0083	0.8744	0.4850
160.000	8.2917	0.0079	-0.0010	0.0074	0.0026	-0.0070	0.9174	0.3978
165.000	8.2544	0.0045	-0.0007	0.0056	0.0015	-0.0054	0.9526	0.3043
170.000	8.2263	0.0020	-0.0005	0.0037	0.0007	-0.0037	0.9786	0.2058
175.000	8.2090	0.0005	-0.0002	0.0019	0.0002	-0.0019	0.9946	0.1038
180.000	8.2031	0.0000	0.0000	0.0000	0.0000	0.0000	1.0000	0.0000
