0.000	21.0670	0.0000	0.0000	0.0000	0.0000	0.0000	1.0000	0.0000
5.000	20.0979	0.0478	0.0303	0.0045	-0.0127	-0.0021	0.9956	-0.0738
10.000	17.8077	0.1811	0.0647	0.0138	-0.0505	0.0054	0.9692	-0.1457
15.000	15.3523	0.3674	0.1040	0.0324	-0.1083	0.0315	0.8944	-0.2064
20.000	13.4474	0.5567	0.1452	0.0620	-0.1722	0.0798	0.7602	-0.2427
25.000	12.2180	0.7071	0.1839	0.1004	-0.2242	0.1453	0.5861	-0.2476
30.000	11.5073	0.8040	0.2176	0.1436	-0.2529	0.2174	0.4062	-0.2252
35.000	11.1182	0.8555	0.2465	0.1880	-0.2563	0.2868	0.2456	-0.1856
40.000	10.8993	0.8773	0.2723	0.2319	-0.2384	0.3481	0.1144	-0.1377
45.000	10.7522	0.8822	0.2967	0.2747	-0.2046	0.3993	0.0124	-0.0875
50.000	10.6174	0.8789	0.3209	0.3166	-0.1596	0.4401	-0.0649	-0.0377
55.000	10.4602	0.8719	0.3458	0.3579	-0.1068	0.4710	-0.1222	0.0108
60.000	10.2614	0.8636	0.3718	0.3989	-0.0485	0.4926	-0.1637	0.0578
65.000	10.0120	0.8548	0.3991	0.4399	0.0141	0.5054	-0.1924	0.1038
70.000	9.7103	0.8459	0.4276	0.4809	0.0799	0.5098	-0.2103	0.1494
75.000	9.3597	0.8367	0.4570	0.5218	0.1485	0.5055	-0.2185	0.1950
80.000	8.9675	0.8267	0.4869	0.5624	0.2193	0.4923	-0.2173	0.2410
85.000	8.5438	0.8155	0.5168	0.6024	0.2918	0.4692	-0.2068	0.2875
90.000	8.1004	0.8025	0.5459	0.6411	0.3650	0.4354	-0.1864	0.3340
95.000	7.6494	0.7868	0.5733	0.6780	0.4374	0.3898	-0.1557	0.3800
100.000	7.2025	0.7678	0.5981	0.7122	0.5069	0.3316	-0.1142	0.4244
105.000	6.7698	0.7444	0.6194	0.7428	0.5706	0.2604	-0.0616	0.4657
110.000	6.3598	0.7157	0.6361	0.7688	0.6253	0.1765	0.0022	0.5021
115.000	5.9787	0.6808	0.6474	0.7890	0.6670	0.0817	0.0765	0.5315
120.000	5.6307	0.6391	0.6523	0.8023	0.6920	-0.0210	0.1601	0.5522
125.000	5.3179	0.5901	0.6500	0.8072	0.6968	-0.1270	0.2513	0.5622
130.000	5.0409	0.5340	0.6397	0.8023	0.6793	-0.2304	0.3476	0.5603
135.000	4.7989	0.4712	0.6205	0.7858	0.6389	-0.3243	0.4463	0.5458
140.000	4.5906	0.4032	0.5917	0.7563	0.5768	-0.4012	0.5445	0.5188
145.000	4.4140	0.3320	0.5524	0.7121	0.4966	-0.4545	0.6390	0.4798
150.000	4.2669	0.2602	0.5021	0.6521	0.4037	-0.4784	0.7270	0.4301
155.000	4.1471	0.1911	0.4406	0.5759	0.3053	-0.4694	0.8060	0.3713
160.000	4.0525	0.1282	0.3683	0.4838	0.2094	-0.4267	0.8735	0.3051
165.000	3.9811	0.0748	0.2861	0.3773	0.1243	-0.3523	0.9278	0.2333
170.000	3.9314	0.0341	0.1957	0.2588	0.0574	-0.2512	0.9676	0.1576
175.000	3.9021	0.0087	0.0994	0.1316	0.0147	-0.1307	0.9919	0.0794
180.000	3.8925	0.0000	0.0000	0.0001	0.0000	-0.0001	1.0000	0.0000
