0.000	7.7438	0.0000	0.0000	0.0000	0.0000	0.0000	1.0000	0.0000
5.000	7.6784	0.0114	0.0093	0.0032	0.0006	-0.0031	0.9926	0.1206
10.000	7.5005	0.0443	0.0186	0.0070	0.0023	-0.0058	0.9688	0.2430
15.000	7.2580	0.0943	0.0277	0.0116	0.0052	-0.0076	0.9249	0.3674
20.000	7.0117	0.1541	0.0363	0.0173	0.0093	-0.0084	0.8568	0.4908
25.000	6.8170	0.2143	0.0438	0.0241	0.0146	-0.0077	0.7637	0.6077
30.000	6.7124	0.2655	0.0498	0.0316	0.0205	-0.0058	0.6495	0.7112
35.000	6.7151	0.3012	0.0539	0.0390	0.0267	-0.0029	0.5234	0.7957
40.000	6.8241	0.3191	0.0561	0.0459	0.0327	0.0005	0.3971	0.8593
45.000	7.0261	0.3207	0.0567	0.0516	0.0381	0.0036	0.2808	0.9035
50.000	7.3013	0.3102	0.0562	0.0561	0.0427	0.0062	0.1814	0.9322
55.000	7.6282	0.2919	0.0549	0.0592	0.0464	0.0080	0.1022	0.9501
60.000	7.9862	0.2696	0.0533	0.0612	0.0491	0.0089	0.0436	0.9612
65.000	8.3576	0.2461	0.0516	0.0621	0.0510	0.0089	0.0042	0.9685
70.000	8.7278	0.2231	0.0499	0.0621	0.0521	0.0082	-0.0179	0.9739
75.000	9.0853	0.2015	0.0484	0.0614	0.0526	0.0067	-0.0248	0.9785
80.000	9.4211	0.1817	0.0471	0.0601	0.0524	0.0048	-0.0183	0.9825
85.000	9.7289	0.1638	0.0458	0.0584	0.0516	0.0025	-0.0002	0.9858
90.000	10.0042	0.1476	0.0447	0.0563	0.0503	-0.0001	0.0283	0.9880
95.000	10.2442	0.1330	0.0437	0.0539	0.0484	-0.0028	0.0659	0.9882
100.000	10.4476	0.1197	0.0427	0.0512	0.0462	-0.0055	0.1117	0.9858
105.000	10.6144	0.1074	0.0417	0.0484	0.0435	-0.0082	0.1646	0.9798
110.000	10.7456	0.0960	0.0406	0.0455	0.0404	-0.0106	0.2239	0.9692
115.000	10.8433	0.0853	0.0393	0.0424	0.0371	-0.0128	0.2886	0.9530
120.000	10.9103	0.0750	0.0379	0.0393	0.0335	-0.0147	0.3576	0.9302
125.000	10.9503	0.0652	0.0363	0.0361	0.0298	-0.0162	0.4298	0.8999
130.000	10.9671	0.0557	0.0345	0.0328	0.0259	-0.0171	0.5040	0.8613
135.000	10.9650	0.0466	0.0323	0.0296	0.0220	-0.0176	0.5787	0.8136
140.000	10.9486	0.0380	0.0299	0.0263	0.0181	-0.0176	0.6523	0.7565
145.000	10.9222	0.0300	0.0271	0.0230	0.0144	-0.0169	0.7231	0.6896
150.000	10.8899	0.0226	0.0240	0.0197	0.0110	-0.0158	0.7894	0.6131
155.000	10.8555	0.0161	0.0206	0.0164	0.0078	-0.0141	0.8493	0.5273
160.000	10.8226	0.0105	0.0169	0.0131	0.0051	-0.0119	0.9011	0.4332
165.000	10.7939	0.0060	0.0129	0.0098	0.0029	-0.0093	0.9433	0.3317
170.000	10.7717	0.0027	0.0087	0.0066	0.0013	-0.0064	0.9744	0.2245
175.000	10.7578	0.0007	0.0044	0.0033	0.0003	-0.0033	0.9935	0.1133
180.000	10.7530	0.0000	0.0000	0.0000	0.0000	0.0000	1.0000	0.0000
