0.000	8.9416	0.0000	0.0000	0.0000	0.0000	0.0000	1.0000	0.0000
5.000	8.7933	0.0348	0.2363	0.0429	-0.0172	-0.0358	0.9712	0.0036
10.000	8.4740	0.1292	0.4742	0.1025	-0.0645	-0.0470	0.8733	-0.0018
15.000	8.2593	0.2517	0.6935	0.1866	-0.1263	-0.0136	0.6885	-0.0215
20.000	8.3854	0.3577	0.8556	0.2868	-0.1766	0.0665	0.4288	-0.0521
25.000	8.9450	0.4179	0.9364	0.3823	-0.1938	0.1709	0.1458	-0.0819
30.000	9.9017	0.4339	0.9464	0.4569	-0.1749	0.2700	-0.1069	-0.0997
35.000	11.1548	0.4243	0.9147	0.5070	-0.1310	0.3461	-0.3050	-0.1009
40.000	12.5927	0.4064	0.8665	0.5365	-0.0747	0.3955	-0.4499	-0.0864
45.000	14.1190	0.3893	0.8161	0.5514	-0.0150	0.4213	-0.5525	-0.0588
50.000	15.6592	0.3765	0.7697	0.5562	0.0431	0.4284	-0.6241	-0.0207
55.000	17.1585	0.3682	0.7293	0.5542	0.0969	0.4210	-0.6726	0.0254
60.000	18.5768	0.3636	0.6949	0.5474	0.1453	0.4028	-0.7037	0.0780
65.000	19.8843	0.3614	0.6659	0.5373	0.1877	0.3763	-0.7207	0.1357
70.000	21.0587	0.3604	0.6415	0.5248	0.2240	0.3436	-0.7258	0.1973
75.000	22.0830	0.3597	0.6208	0.5106	0.2543	0.3064	-0.7203	0.2618
80.000	22.9450	0.3584	0.6032	0.4951	0.2785	0.2660	-0.7047	0.3284
85.000	23.6362	0.3560	0.5880	0.4788	0.2970	0.2234	-0.6795	0.3961
90.000	24.1524	0.3519	0.5747	0.4619	0.3099	0.1796	-0.6446	0.4640
95.000	24.4933	0.3458	0.5628	0.4445	0.3174	0.1355	-0.6000	0.5313
100.000	24.6627	0.3374	0.5517	0.4269	0.3196	0.0918	-0.5454	0.5967
105.000	24.6685	0.3264	0.5409	0.4089	0.3167	0.0491	-0.4806	0.6591
110.000	24.5224	0.3127	0.5299	0.3906	0.3090	0.0083	-0.4054	0.7170
115.000	24.2397	0.2960	0.5182	0.3720	0.2967	-0.0299	-0.3196	0.7689
120.000	23.8387	0.2765	0.5050	0.3527	0.2800	-0.0649	-0.2232	0.8127
125.000	23.3406	0.2542	0.4896	0.3327	0.2593	-0.0957	-0.1166	0.8464
130.000	22.7683	0.2292	0.4712	0.3117	0.2349	-0.1216	-0.0005	0.8675
135.000	22.1465	0.2018	0.4491	0.2895	0.2076	-0.1418	0.1236	0.8734
140.000	21.5003	0.1726	0.4223	0.2656	0.1779	-0.1553	0.2539	0.8615
145.000	20.8552	0.1423	0.3901	0.2398	0.1468	-0.1616	0.3872	0.8291
150.000	20.2361	0.1119	0.3518	0.2119	0.1154	-0.1600	0.5198	0.7743
155.000	19.6665	0.0826	0.3071	0.1817	0.0851	-0.1501	0.6467	0.6956
160.000	19.1678	0.0556	0.2558	0.1490	0.0573	-0.1322	0.7624	0.5930
165.000	18.7589	0.0326	0.1982	0.1142	0.0336	-0.1068	0.8609	0.4680
170.000	18.4552	0.0150	0.1354	0.0773	0.0154	-0.0751	0.9363	0.3238
175.000	18.2683	0.0038	0.0688	0.0390	0.0039	-0.0388	0.9838	0.1656
180.000	18.2051	0.0000	0.0000	0.0000	0.0000	0.0000	1.0000	0.0000
