0.000	7.7243	0.0000	0.0000	0.0000	0.0000	0.0000	1.0000	0.0000
5.000	7.6648	0.0101	0.0060	0.0027	0.0005	-0.0026	0.9935	0.1131
10.000	7.5018	0.0393	0.0120	0.0058	0.0021	-0.0049	0.9728	0.2278
15.000	7.2757	0.0837	0.0178	0.0094	0.0047	-0.0068	0.9348	0.3446
20.000	7.0391	0.1372	0.0232	0.0139	0.0084	-0.0078	0.8762	0.4614
25.000	6.8414	0.1920	0.0279	0.0192	0.0130	-0.0080	0.7958	0.5738
30.000	6.7183	0.2399	0.0316	0.0250	0.0183	-0.0072	0.6963	0.6760
35.000	6.6878	0.2750	0.0342	0.0308	0.0237	-0.0058	0.5846	0.7628
40.000	6.7522	0.2944	0.0356	0.0363	0.0289	-0.0038	0.4702	0.8315
45.000	6.9020	0.2991	0.0359	0.0411	0.0336	-0.0019	0.3622	0.8824
50.000	7.1210	0.2918	0.0356	0.0449	0.0375	-0.0002	0.2675	0.9179
55.000	7.3907	0.2765	0.0348	0.0477	0.0406	0.0011	0.1898	0.9418
60.000	7.6930	0.2566	0.0337	0.0495	0.0429	0.0017	0.1305	0.9574
65.000	8.0114	0.2348	0.0327	0.0505	0.0444	0.0018	0.0890	0.9677
70.000	8.3325	0.2129	0.0316	0.0508	0.0453	0.0013	0.0641	0.9747
75.000	8.6452	0.1919	0.0307	0.0504	0.0455	0.0004	0.0540	0.9797
80.000	8.9411	0.1724	0.0300	0.0496	0.0451	-0.0009	0.0571	0.9831
85.000	9.2142	0.1546	0.0293	0.0484	0.0443	-0.0025	0.0719	0.9851
90.000	9.4602	0.1383	0.0287	0.0468	0.0430	-0.0044	0.0969	0.9854
95.000	9.6763	0.1235	0.0282	0.0450	0.0413	-0.0063	0.1311	0.9834
100.000	9.8612	0.1100	0.0277	0.0429	0.0393	-0.0082	0.1732	0.9784
105.000	10.0146	0.0976	0.0272	0.0407	0.0369	-0.0101	0.2225	0.9698
110.000	10.1371	0.0862	0.0267	0.0383	0.0342	-0.0118	0.2778	0.9565
115.000	10.2302	0.0756	0.0260	0.0359	0.0313	-0.0133	0.3382	0.9378
120.000	10.2962	0.0658	0.0252	0.0333	0.0282	-0.0146	0.4026	0.9127
125.000	10.3381	0.0566	0.0243	0.0307	0.0250	-0.0155	0.4701	0.8805
130.000	10.3592	0.0479	0.0232	0.0280	0.0217	-0.0160	0.5393	0.8405
135.000	10.3633	0.0399	0.0218	0.0253	0.0184	-0.0162	0.6089	0.7920
140.000	10.3542	0.0324	0.0203	0.0225	0.0151	-0.0159	0.6774	0.7347
145.000	10.3360	0.0255	0.0184	0.0198	0.0120	-0.0151	0.7432	0.6683
150.000	10.3122	0.0192	0.0164	0.0170	0.0091	-0.0139	0.8048	0.5930
155.000	10.2863	0.0136	0.0141	0.0141	0.0065	-0.0123	0.8604	0.5093
160.000	10.2611	0.0089	0.0116	0.0113	0.0043	-0.0104	0.9084	0.4178
165.000	10.2391	0.0051	0.0088	0.0085	0.0024	-0.0081	0.9475	0.3196
170.000	10.2221	0.0023	0.0060	0.0057	0.0011	-0.0055	0.9763	0.2162
175.000	10.2114	0.0006	0.0030	0.0028	0.0003	-0.0028	0.9940	0.1090
180.000	10.2078	0.0000	0.0000	0.0000	0.0000	0.0000	1.0000	0.0000
