0.000	4.6154	0.0000	0.0000	0.0000	0.0000	0.0000	1.0000	0.0000
5.000	4.6263	-0.0006	-0.0015	0.0009	0.0000	-0.0009	0.9981	0.0613
10.000	4.6582	-0.0024	-0.0030	0.0018	0.0000	-0.0018	0.9926	0.1214
15.000	4.7087	-0.0051	-0.0045	0.0027	0.0001	-0.0027	0.9838	0.1794
20.000	4.7738	-0.0082	-0.0058	0.0035	0.0002	-0.0035	0.9721	0.2345
25.000	4.8485	-0.0111	-0.0070	0.0042	0.0004	-0.0042	0.9581	0.2862
30.000	4.9268	-0.0133	-0.0082	0.0049	0.0006	-0.0049	0.9424	0.3343
35.000	5.0029	-0.0143	-0.0092	0.0055	0.0008	-0.0055	0.9254	0.3787
40.000	5.0710	-0.0135	-0.0101	0.0061	0.0011	-0.0061	0.9076	0.4196
45.000	5.1270	-0.0107	-0.0110	0.0066	0.0015	-0.0066	0.8892	0.4572
50.000	5.1679	-0.0059	-0.0118	0.0072	0.0020	-0.0070	0.8707	0.4917
55.000	5.1931	0.0008	-0.0126	0.0076	0.0025	-0.0074	0.8522	0.5231
60.000	5.2038	0.0091	-0.0133	0.0081	0.0031	-0.0078	0.8340	0.5515
65.000	5.2031	0.0184	-0.0139	0.0085	0.0037	-0.0081	0.8166	0.5767
70.000	5.1954	0.0280	-0.0145	0.0089	0.0043	-0.0084	0.8006	0.5983
75.000	5.1855	0.0373	-0.0149	0.0092	0.0048	-0.0086	0.7868	0.6159
80.000	5.1782	0.0455	-0.0153	0.0094	0.0053	-0.0087	0.7758	0.6292
85.000	5.1779	0.0519	-0.0155	0.0096	0.0056	-0.0088	0.7684	0.6376
90.000	5.1877	0.0561	-0.0156	0.0096	0.0058	-0.0088	0.7653	0.6410
95.000	5.2093	0.0577	-0.0155	0.0096	0.0058	-0.0088	0.7668	0.6391
100.000	5.2432	0.0567	-0.0152	0.0094	0.0056	-0.0087	0.7729	0.6318
105.000	5.2880	0.0532	-0.0148	0.0091	0.0053	-0.0084	0.7833	0.6192
110.000	5.3411	0.0475	-0.0142	0.0088	0.0049	-0.0082	0.7973	0.6016
115.000	5.3983	0.0402	-0.0135	0.0083	0.0043	-0.0078	0.8140	0.5793
120.000	5.4546	0.0319	-0.0128	0.0079	0.0037	-0.0074	0.8326	0.5527
125.000	5.5045	0.0234	-0.0119	0.0073	0.0031	-0.0070	0.8523	0.5224
130.000	5.5430	0.0153	-0.0111	0.0068	0.0025	-0.0065	0.8723	0.4886
135.000	5.5658	0.0082	-0.0102	0.0062	0.0020	-0.0060	0.8921	0.4517
140.000	5.5707	0.0025	-0.0092	0.0056	0.0015	-0.0055	0.9111	0.4120
145.000	5.5575	-0.0014	-0.0082	0.0050	0.0011	-0.0049	0.9292	0.3694
150.000	5.5284	-0.0036	-0.0072	0.0044	0.0007	-0.0043	0.9460	0.3241
155.000	5.4880	-0.0043	-0.0061	0.0037	0.0005	-0.0037	0.9612	0.2759
160.000	5.4419	-0.0038	-0.0050	0.0030	0.0003	-0.0030	0.9744	0.2249
165.000	5.3970	-0.0027	-0.0038	0.0023	0.0002	-0.0023	0.9852	0.1714
170.000	5.3594	-0.0014	-0.0026	0.0015	0.0001	-0.0015	0.9933	0.1157
175.000	5.3346	-0.0004	-0.0013	0.0008	0.0000	-0.0008	0.9983	0.0583
180.000	5.3259	0.0000	0.0000	0.0000	0.0000	0.0000	1.0000	0.0000
