0.000	21.0732	0.0000	0.0000	0.0000	0.0000	0.0000	1.0000	0.0000
5.000	20.1132	0.0480	0.0358	0.0085	-0.0127	-0.0061	0.9968	-0.0525
10.000	17.8436	0.1819	0.0774	0.0224	-0.0504	-0.0033	0.9740	-0.1013
15.000	15.4137	0.3691	0.1272	0.0462	-0.1082	0.0173	0.9048	-0.1380
20.000	13.5415	0.5589	0.1819	0.0813	-0.1724	0.0599	0.7776	-0.1519
25.000	12.3532	0.7080	0.2356	0.1247	-0.2247	0.1199	0.6120	-0.1390
30.000	11.6879	0.8018	0.2841	0.1716	-0.2533	0.1871	0.4424	-0.1049
35.000	11.3415	0.8494	0.3268	0.2185	-0.2562	0.2520	0.2946	-0.0592
40.000	11.1573	0.8673	0.3650	0.2636	-0.2374	0.3093	0.1787	-0.0097
45.000	11.0345	0.8692	0.4003	0.3066	-0.2023	0.3564	0.0940	0.0386
50.000	10.9141	0.8636	0.4342	0.3478	-0.1553	0.3927	0.0361	0.0836
55.000	10.7644	0.8551	0.4673	0.3873	-0.1001	0.4182	-0.0004	0.1246
60.000	10.5705	0.8458	0.5001	0.4254	-0.0390	0.4329	-0.0200	0.1614
65.000	10.3273	0.8365	0.5327	0.4622	0.0259	0.4369	-0.0263	0.1944
70.000	10.0366	0.8272	0.5649	0.4976	0.0931	0.4301	-0.0219	0.2237
75.000	9.7036	0.8172	0.5965	0.5314	0.1611	0.4125	-0.0088	0.2500
80.000	9.3361	0.8061	0.6270	0.5633	0.2282	0.3840	0.0116	0.2734
85.000	8.9429	0.7930	0.6559	0.5931	0.2929	0.3448	0.0383	0.2944
90.000	8.5332	0.7770	0.6826	0.6202	0.3534	0.2951	0.0706	0.3132
95.000	8.1162	0.7573	0.7064	0.6441	0.4079	0.2356	0.1079	0.3300
100.000	7.7003	0.7330	0.7266	0.6643	0.4543	0.1674	0.1500	0.3450
105.000	7.2930	0.7036	0.7424	0.6800	0.4906	0.0922	0.1966	0.3583
110.000	6.9008	0.6683	0.7528	0.6905	0.5152	0.0123	0.2476	0.3697
115.000	6.5289	0.6268	0.7568	0.6950	0.5264	-0.0695	0.3028	0.3791
120.000	6.1816	0.5791	0.7536	0.6926	0.5233	-0.1498	0.3623	0.3859
125.000	5.8622	0.5255	0.7422	0.6825	0.5055	-0.2247	0.4256	0.3895
130.000	5.5729	0.4667	0.7216	0.6639	0.4736	-0.2903	0.4923	0.3889
135.000	5.3151	0.4040	0.6911	0.6360	0.4290	-0.3426	0.5616	0.3831
140.000	5.0893	0.3390	0.6502	0.5983	0.3740	-0.3783	0.6323	0.3709
145.000	4.8954	0.2737	0.5985	0.5507	0.3117	-0.3947	0.7026	0.3513
150.000	4.7324	0.2106	0.5363	0.4933	0.2462	-0.3902	0.7706	0.3235
155.000	4.5991	0.1520	0.4641	0.4267	0.1815	-0.3646	0.8338	0.2870
160.000	4.4937	0.1004	0.3830	0.3519	0.1219	-0.3191	0.8899	0.2420
165.000	4.4142	0.0579	0.2942	0.2702	0.0711	-0.2560	0.9363	0.1892
170.000	4.3590	0.0262	0.1995	0.1832	0.0324	-0.1789	0.9711	0.1300
175.000	4.3265	0.0066	0.1008	0.0925	0.0082	-0.0920	0.9927	0.0662
180.000	4.3158	0.0000	0.0000	0.0000	0.0000	0.0000	1.0000	0.0000
