0.000	14.3961	0.0000	0.0000	0.0000	0.0000	0.0000	1.0000	0.0000
5.000	14.0642	0.0328	0.1627	0.0344	-0.0168	-0.0285	0.9843	-0.0602
10.000	13.2684	0.1239	0.3323	0.0836	-0.0642	-0.0371	0.9274	-0.1251
15.000	12.4396	0.2495	0.5025	0.1570	-0.1308	-0.0078	0.8095	-0.1934
20.000	11.9373	0.3736	0.6524	0.2525	-0.1948	0.0656	0.6252	-0.2556
25.000	11.9039	0.4659	0.7602	0.3561	-0.2329	0.1703	0.3986	-0.2995
30.000	12.3054	0.5171	0.8195	0.4508	-0.2342	0.2815	0.1691	-0.3185
35.000	13.0286	0.5362	0.8402	0.5268	-0.2026	0.3786	-0.0336	-0.3140
40.000	13.9503	0.5373	0.8368	0.5827	-0.1489	0.4518	-0.1985	-0.2913
45.000	14.9682	0.5311	0.8214	0.6208	-0.0834	0.4996	-0.3268	-0.2555
50.000	16.0057	0.5237	0.8014	0.6451	-0.0137	0.5245	-0.4243	-0.2107
55.000	17.0082	0.5173	0.7807	0.6586	0.0554	0.5303	-0.4972	-0.1592
60.000	17.9377	0.5125	0.7612	0.6642	0.1211	0.5202	-0.5506	-0.1027
65.000	18.7674	0.5091	0.7436	0.6636	0.1815	0.4976	-0.5881	-0.0421
70.000	19.4785	0.5063	0.7281	0.6583	0.2358	0.4648	-0.6122	0.0216
75.000	20.0579	0.5034	0.7146	0.6494	0.2833	0.4240	-0.6244	0.0880
80.000	20.4970	0.4997	0.7028	0.6377	0.3238	0.3769	-0.6259	0.1564
85.000	20.7913	0.4947	0.6925	0.6240	0.3571	0.3252	-0.6170	0.2263
90.000	20.9396	0.4877	0.6833	0.6085	0.3831	0.2701	-0.5981	0.2970
95.000	20.9441	0.4784	0.6749	0.5918	0.4019	0.2127	-0.5689	0.3680
100.000	20.8106	0.4664	0.6671	0.5740	0.4134	0.1543	-0.5293	0.4383
105.000	20.5479	0.4513	0.6592	0.5551	0.4177	0.0958	-0.4788	0.5070
110.000	20.1682	0.4328	0.6509	0.5353	0.4149	0.0383	-0.4171	0.5728
115.000	19.6863	0.4107	0.6414	0.5145	0.4051	-0.0170	-0.3435	0.6342
120.000	19.1195	0.3849	0.6302	0.4924	0.3884	-0.0691	-0.2579	0.6893
125.000	18.4871	0.3552	0.6161	0.4689	0.3651	-0.1165	-0.1602	0.7359
130.000	17.8098	0.3218	0.5983	0.4434	0.3357	-0.1579	-0.0505	0.7714
135.000	17.1093	0.2849	0.5755	0.4157	0.3007	-0.1917	0.0700	0.7927
140.000	16.4076	0.2451	0.5464	0.3852	0.2611	-0.2164	0.1997	0.7968
145.000	15.7264	0.2034	0.5097	0.3513	0.2182	-0.2304	0.3359	0.7802
150.000	15.0868	0.1609	0.4641	0.3134	0.1736	-0.2325	0.4743	0.7401
155.000	14.5082	0.1195	0.4088	0.2712	0.1293	-0.2217	0.6096	0.6743
160.000	14.0086	0.0810	0.3434	0.2244	0.0879	-0.1978	0.7352	0.5818
165.000	13.6030	0.0477	0.2681	0.1731	0.0519	-0.1614	0.8439	0.4636
170.000	13.3041	0.0220	0.1841	0.1179	0.0239	-0.1143	0.9281	0.3231
175.000	13.1210	0.0056	0.0938	0.0597	0.0061	-0.0593	0.9816	0.1660
180.000	13.0593	0.0000	0.0000	0.0000	0.0000	0.0000	1.0000	0.0000
