0.000	20.8742	0.0000	0.0000	0.0000	0.0000	0.0000	1.0000	0.0000
5.000	20.1246	0.0389	0.0687	0.0182	-0.0135	-0.0148	0.9946	-0.0667
10.000	18.2939	0.1484	0.1449	0.0456	-0.0529	-0.0175	0.9686	-0.1336
15.000	16.2267	0.3044	0.2305	0.0891	-0.1125	0.0035	0.9006	-0.1960
20.000	14.5443	0.4695	0.3198	0.1506	-0.1776	0.0551	0.7784	-0.2439
25.000	13.4413	0.6077	0.4026	0.2248	-0.2294	0.1330	0.6136	-0.2688
30.000	12.8427	0.7024	0.4715	0.3026	-0.2545	0.2238	0.4340	-0.2697
35.000	12.5906	0.7562	0.5251	0.3767	-0.2496	0.3134	0.2655	-0.2515
40.000	12.5400	0.7813	0.5661	0.4429	-0.2189	0.3921	0.1217	-0.2210
45.000	12.5849	0.7895	0.5981	0.5004	-0.1691	0.4551	0.0061	-0.1836
50.000	12.6562	0.7891	0.6241	0.5497	-0.1063	0.5012	-0.0838	-0.1429
55.000	12.7112	0.7851	0.6464	0.5915	-0.0355	0.5305	-0.1518	-0.1006
60.000	12.7254	0.7797	0.6662	0.6271	0.0396	0.5438	-0.2021	-0.0575
65.000	12.6856	0.7741	0.6843	0.6571	0.1162	0.5423	-0.2380	-0.0139
70.000	12.5858	0.7681	0.7010	0.6824	0.1920	0.5270	-0.2621	0.0302
75.000	12.4246	0.7616	0.7167	0.7034	0.2651	0.4990	-0.2760	0.0749
80.000	12.2038	0.7541	0.7312	0.7207	0.3340	0.4594	-0.2810	0.1204
85.000	11.9269	0.7449	0.7446	0.7345	0.3973	0.4093	-0.2778	0.1666
90.000	11.5991	0.7333	0.7567	0.7450	0.4534	0.3498	-0.2668	0.2135
95.000	11.2268	0.7188	0.7674	0.7524	0.5014	0.2822	-0.2477	0.2610
100.000	10.8175	0.7007	0.7764	0.7566	0.5399	0.2079	-0.2205	0.3089
105.000	10.3792	0.6782	0.7832	0.7574	0.5680	0.1285	-0.1845	0.3565
110.000	9.9209	0.6509	0.7874	0.7546	0.5846	0.0458	-0.1391	0.4032
115.000	9.4515	0.6181	0.7881	0.7477	0.5890	-0.0379	-0.0838	0.4478
120.000	8.9800	0.5795	0.7846	0.7363	0.5805	-0.1202	-0.0180	0.4890
125.000	8.5153	0.5347	0.7755	0.7196	0.5589	-0.1980	0.0585	0.5249
130.000	8.0653	0.4840	0.7597	0.6969	0.5244	-0.2682	0.1457	0.5533
135.000	7.6373	0.4278	0.7355	0.6673	0.4779	-0.3272	0.2426	0.5718
140.000	7.2379	0.3671	0.7015	0.6298	0.4208	-0.3715	0.3479	0.5777
145.000	6.8727	0.3035	0.6562	0.5836	0.3555	-0.3976	0.4588	0.5683
150.000	6.5463	0.2391	0.5983	0.5277	0.2852	-0.4028	0.5719	0.5410
155.000	6.2631	0.1767	0.5270	0.4616	0.2138	-0.3851	0.6825	0.4943
160.000	6.0265	0.1192	0.4423	0.3852	0.1459	-0.3442	0.7850	0.4273
165.000	5.8393	0.0699	0.3449	0.2991	0.0864	-0.2811	0.8734	0.3410
170.000	5.7039	0.0321	0.2366	0.2046	0.0399	-0.1992	0.9418	0.2379
175.000	5.6219	0.0082	0.1204	0.1040	0.0102	-0.1033	0.9852	0.1223
180.000	5.5945	0.0000	0.0001	0.0001	0.0000	-0.0001	1.0000	0.0000
