0.000	12.6257	0.0000	0.0000	0.0000	0.0000	0.0000	1.0000	0.0000
5.000	12.3653	0.0312	0.1816	0.0366	-0.0172	-0.0305	0.9811	-0.0599
10.000	11.7486	0.1171	0.3679	0.0878	-0.0656	-0.0398	0.9148	-0.1260
15.000	11.1341	0.2336	0.5496	0.1625	-0.1325	-0.0100	0.7828	-0.1984
20.000	10.8252	0.3460	0.7020	0.2573	-0.1947	0.0645	0.5832	-0.2674
25.000	10.9452	0.4260	0.8027	0.3571	-0.2293	0.1689	0.3441	-0.3196
30.000	11.4647	0.4673	0.8484	0.4454	-0.2269	0.2778	0.1069	-0.3468
35.000	12.2828	0.4802	0.8525	0.5137	-0.1929	0.3708	-0.0998	-0.3491
40.000	13.2891	0.4785	0.8326	0.5616	-0.1390	0.4392	-0.2667	-0.3314
45.000	14.3904	0.4721	0.8019	0.5925	-0.0755	0.4826	-0.3965	-0.2989
50.000	15.5162	0.4660	0.7681	0.6104	-0.0097	0.5042	-0.4958	-0.2555
55.000	16.6155	0.4619	0.7353	0.6188	0.0542	0.5082	-0.5711	-0.2039
60.000	17.6514	0.4600	0.7050	0.6203	0.1138	0.4982	-0.6274	-0.1459
65.000	18.5964	0.4596	0.6779	0.6166	0.1681	0.4774	-0.6681	-0.0828
70.000	19.4294	0.4599	0.6539	0.6093	0.2166	0.4483	-0.6957	-0.0154
75.000	20.1342	0.4600	0.6329	0.5991	0.2592	0.4126	-0.7115	0.0557
80.000	20.6984	0.4593	0.6145	0.5870	0.2961	0.3718	-0.7165	0.1296
85.000	21.1134	0.4570	0.5984	0.5734	0.3275	0.3271	-0.7108	0.2059
90.000	21.3746	0.4526	0.5844	0.5588	0.3536	0.2793	-0.6945	0.2839
95.000	21.4815	0.4455	0.5721	0.5436	0.3744	0.2290	-0.6674	0.3628
100.000	21.4381	0.4355	0.5613	0.5279	0.3899	0.1768	-0.6289	0.4418
105.000	21.2529	0.4220	0.5517	0.5119	0.3999	0.1233	-0.5784	0.5196
110.000	20.9391	0.4049	0.5429	0.4957	0.4041	0.0691	-0.5151	0.5948
115.000	20.5138	0.3839	0.5343	0.4793	0.4020	0.0151	-0.4383	0.6656
120.000	19.9975	0.3589	0.5252	0.4623	0.3932	-0.0376	-0.3475	0.7296
125.000	19.4134	0.3300	0.5148	0.4444	0.3773	-0.0878	-0.2425	0.7840
130.000	18.7859	0.2973	0.5020	0.4250	0.3539	-0.1336	-0.1236	0.8257
135.000	18.1399	0.2614	0.4854	0.4033	0.3232	-0.1730	0.0078	0.8510
140.000	17.4992	0.2231	0.4635	0.3784	0.2856	-0.2038	0.1494	0.8562
145.000	16.8858	0.1833	0.4348	0.3494	0.2423	-0.2239	0.2976	0.8378
150.000	16.3190	0.1436	0.3980	0.3154	0.1953	-0.2311	0.4474	0.7929
155.000	15.8151	0.1054	0.3521	0.2757	0.1470	-0.2241	0.5924	0.7198
160.000	15.3872	0.0707	0.2967	0.2301	0.1007	-0.2024	0.7255	0.6185
165.000	15.0452	0.0413	0.2322	0.1787	0.0598	-0.1666	0.8391	0.4908
170.000	14.7964	0.0189	0.1597	0.1223	0.0277	-0.1186	0.9264	0.3408
175.000	14.6453	0.0048	0.0814	0.0621	0.0071	-0.0617	0.9812	0.1747
180.000	14.5946	0.0000	0.0000	0.0000	0.0000	0.0000	1.0000	0.0000
