0.000	20.5645	0.0000	0.0000	0.0000	0.0000	0.0000	1.0000	0.0000
5.000	19.8682	0.0374	0.0783	0.0185	-0.0136	-0.0148	0.9943	-0.0616
10.000	18.1628	0.1422	0.1645	0.0463	-0.0533	-0.0169	0.9678	-0.1232
15.000	16.2329	0.2914	0.2606	0.0910	-0.1123	0.0058	0.9001	-0.1805
20.000	14.6692	0.4487	0.3599	0.1542	-0.1755	0.0599	0.7799	-0.2244
25.000	13.6672	0.5799	0.4512	0.2304	-0.2237	0.1400	0.6184	-0.2474
30.000	13.1619	0.6694	0.5264	0.3102	-0.2438	0.2320	0.4429	-0.2483
35.000	13.0030	0.7201	0.5844	0.3856	-0.2334	0.3208	0.2785	-0.2318
40.000	13.0487	0.7438	0.6281	0.4526	-0.1975	0.3966	0.1384	-0.2039
45.000	13.1944	0.7518	0.6618	0.5102	-0.1434	0.4551	0.0257	-0.1696
50.000	13.3704	0.7519	0.6888	0.5588	-0.0777	0.4952	-0.0619	-0.1318
55.000	13.5332	0.7485	0.7115	0.5995	-0.0056	0.5177	-0.1283	-0.0921
60.000	13.6566	0.7437	0.7312	0.6332	0.0691	0.5238	-0.1775	-0.0513
65.000	13.7256	0.7382	0.7487	0.6608	0.1435	0.5150	-0.2126	-0.0096
70.000	13.7322	0.7322	0.7646	0.6831	0.2155	0.4928	-0.2358	0.0329
75.000	13.6731	0.7252	0.7789	0.7006	0.2832	0.4585	-0.2489	0.0763
80.000	13.5482	0.7169	0.7916	0.7138	0.3454	0.4137	-0.2530	0.1207
85.000	13.3596	0.7065	0.8029	0.7230	0.4006	0.3595	-0.2485	0.1659
90.000	13.1113	0.6935	0.8125	0.7285	0.4479	0.2976	-0.2359	0.2118
95.000	12.8090	0.6774	0.8202	0.7304	0.4864	0.2293	-0.2150	0.2582
100.000	12.4592	0.6576	0.8257	0.7290	0.5152	0.1563	-0.1857	0.3046
105.000	12.0697	0.6336	0.8288	0.7240	0.5336	0.0803	-0.1476	0.3505
110.000	11.6491	0.6050	0.8288	0.7156	0.5413	0.0031	-0.1002	0.3951
115.000	11.2065	0.5713	0.8251	0.7033	0.5378	-0.0730	-0.0431	0.4371
120.000	10.7512	0.5325	0.8167	0.6870	0.5231	-0.1458	0.0239	0.4753
125.000	10.2925	0.4885	0.8028	0.6662	0.4974	-0.2128	0.1009	0.5078
130.000	9.8395	0.4396	0.7820	0.6403	0.4613	-0.2713	0.1875	0.5326
135.000	9.4010	0.3863	0.7530	0.6087	0.4158	-0.3186	0.2828	0.5476
140.000	8.9852	0.3297	0.7145	0.5706	0.3625	-0.3520	0.3851	0.5502
145.000	8.5995	0.2712	0.6651	0.5253	0.3035	-0.3691	0.4919	0.5383
150.000	8.2509	0.2127	0.6036	0.4721	0.2415	-0.3679	0.5998	0.5098
155.000	7.9453	0.1565	0.5296	0.4108	0.1798	-0.3473	0.7043	0.4635
160.000	7.6879	0.1052	0.4429	0.3412	0.1220	-0.3072	0.8005	0.3989
165.000	7.4832	0.0616	0.3443	0.2639	0.0719	-0.2490	0.8829	0.3171
170.000	7.3344	0.0282	0.2357	0.1800	0.0331	-0.1755	0.9463	0.2206
175.000	7.2442	0.0072	0.1198	0.0913	0.0084	-0.0907	0.9863	0.1132
180.000	7.2139	0.0000	0.0000	0.0000	0.0000	0.0000	1.0000	0.0000
