0.000	20.6719	0.0000	0.0000	0.0000	0.0000	0.0000	1.0000	0.0000
5.000	19.7011	0.0491	0.0341	0.0096	-0.0126	-0.0072	0.9965	-0.0580
10.000	17.4098	0.1867	0.0739	0.0249	-0.0502	-0.0056	0.9721	-0.1133
15.000	14.9611	0.3794	0.1214	0.0506	-0.1085	0.0139	0.8984	-0.1573
20.000	13.0741	0.5753	0.1734	0.0879	-0.1739	0.0561	0.7627	-0.1777
25.000	11.8708	0.7289	0.2239	0.1333	-0.2282	0.1170	0.5849	-0.1690
30.000	11.1879	0.8243	0.2689	0.1819	-0.2588	0.1864	0.4015	-0.1356
35.000	10.8211	0.8709	0.3076	0.2297	-0.2633	0.2548	0.2403	-0.0874
40.000	10.6138	0.8860	0.3415	0.2751	-0.2455	0.3162	0.1125	-0.0331
45.000	10.4654	0.8843	0.3723	0.3180	-0.2105	0.3681	0.0181	0.0218
50.000	10.3171	0.8749	0.4016	0.3588	-0.1627	0.4095	-0.0477	0.0743
55.000	10.1376	0.8632	0.4302	0.3980	-0.1056	0.4402	-0.0903	0.1235
60.000	9.9127	0.8513	0.4586	0.4362	-0.0415	0.4602	-0.1146	0.1689
65.000	9.6383	0.8402	0.4871	0.4735	0.0275	0.4694	-0.1244	0.2106
70.000	9.3170	0.8299	0.5156	0.5101	0.1001	0.4676	-0.1227	0.2490
75.000	8.9549	0.8198	0.5439	0.5462	0.1747	0.4545	-0.1113	0.2844
80.000	8.5601	0.8093	0.5718	0.5815	0.2499	0.4298	-0.0919	0.3172
85.000	8.1418	0.7975	0.5988	0.6159	0.3240	0.3934	-0.0655	0.3475
90.000	7.7094	0.7834	0.6244	0.6489	0.3952	0.3451	-0.0327	0.3756
95.000	7.2719	0.7662	0.6480	0.6800	0.4613	0.2852	0.0061	0.4016
100.000	6.8378	0.7448	0.6688	0.7085	0.5201	0.2144	0.0506	0.4253
105.000	6.4148	0.7183	0.6860	0.7334	0.5690	0.1339	0.1007	0.4466
110.000	6.0095	0.6860	0.6986	0.7536	0.6054	0.0457	0.1564	0.4650
115.000	5.6276	0.6472	0.7056	0.7678	0.6269	-0.0474	0.2174	0.4800
120.000	5.2736	0.6015	0.7058	0.7746	0.6313	-0.1414	0.2836	0.4909
125.000	4.9507	0.5489	0.6982	0.7722	0.6175	-0.2320	0.3545	0.4967
130.000	4.6609	0.4901	0.6817	0.7593	0.5850	-0.3138	0.4295	0.4965
135.000	4.4053	0.4263	0.6553	0.7346	0.5352	-0.3816	0.5074	0.4888
140.000	4.1838	0.3591	0.6185	0.6971	0.4705	-0.4304	0.5869	0.4727
145.000	3.9954	0.2909	0.5708	0.6463	0.3950	-0.4561	0.6659	0.4469
150.000	3.8385	0.2243	0.5126	0.5825	0.3136	-0.4563	0.7423	0.4107
155.000	3.7110	0.1622	0.4444	0.5064	0.2322	-0.4302	0.8132	0.3637
160.000	3.6108	0.1072	0.3672	0.4192	0.1563	-0.3789	0.8762	0.3062
165.000	3.5356	0.0618	0.2824	0.3228	0.0914	-0.3054	0.9284	0.2391
170.000	3.4835	0.0280	0.1916	0.2193	0.0417	-0.2140	0.9675	0.1642
175.000	3.4529	0.0071	0.0969	0.1109	0.0106	-0.1102	0.9918	0.0836
180.000	3.4428	0.0000	0.0001	0.0001	0.0000	-0.0001	1.0000	0.0000
