0.000	20.7679	0.0000	0.0000	0.0000	0.0000	0.0000	1.0000	0.0000
5.000	19.8152	0.0480	0.0367	0.0104	-0.0126	-0.0079	0.9964	-0.0586
10.000	17.5575	0.1826	0.0793	0.0268	-0.0502	-0.0068	0.9723	-0.1148
15.000	15.1285	0.3716	0.1298	0.0542	-0.1083	0.0127	0.9002	-0.1602
20.000	13.2419	0.5649	0.1850	0.0937	-0.1735	0.0555	0.7673	-0.1831
25.000	12.0301	0.7179	0.2386	0.1419	-0.2275	0.1178	0.5922	-0.1775
30.000	11.3389	0.8144	0.2860	0.1933	-0.2578	0.1892	0.4103	-0.1473
35.000	10.9683	0.8628	0.3266	0.2438	-0.2618	0.2596	0.2491	-0.1020
40.000	10.7621	0.8797	0.3617	0.2916	-0.2431	0.3229	0.1203	-0.0502
45.000	10.6191	0.8795	0.3934	0.3364	-0.2068	0.3762	0.0240	0.0027
50.000	10.4794	0.8715	0.4230	0.3786	-0.1577	0.4185	-0.0439	0.0537
55.000	10.3106	0.8609	0.4517	0.4187	-0.0992	0.4496	-0.0889	0.1017
60.000	10.0976	0.8499	0.4801	0.4573	-0.0339	0.4695	-0.1156	0.1463
65.000	9.8355	0.8396	0.5083	0.4947	0.0363	0.4782	-0.1279	0.1876
70.000	9.5262	0.8299	0.5363	0.5310	0.1097	0.4755	-0.1286	0.2258
75.000	9.1752	0.8204	0.5641	0.5663	0.1848	0.4612	-0.1197	0.2613
80.000	8.7900	0.8103	0.5914	0.6005	0.2601	0.4352	-0.1028	0.2944
85.000	8.3793	0.7989	0.6177	0.6335	0.3339	0.3973	-0.0789	0.3254
90.000	7.9522	0.7853	0.6425	0.6648	0.4043	0.3477	-0.0485	0.3545
95.000	7.5173	0.7686	0.6654	0.6940	0.4692	0.2867	-0.0122	0.3817
100.000	7.0832	0.7477	0.6855	0.7204	0.5266	0.2150	0.0300	0.4070
105.000	6.6575	0.7218	0.7022	0.7432	0.5738	0.1340	0.0780	0.4302
110.000	6.2470	0.6901	0.7144	0.7614	0.6085	0.0456	0.1319	0.4509
115.000	5.8577	0.6519	0.7212	0.7737	0.6285	-0.0472	0.1915	0.4685
120.000	5.4944	0.6069	0.7215	0.7788	0.6318	-0.1409	0.2569	0.4823
125.000	5.1606	0.5550	0.7141	0.7751	0.6172	-0.2310	0.3276	0.4911
130.000	4.8589	0.4967	0.6979	0.7614	0.5846	-0.3125	0.4033	0.4939
135.000	4.5907	0.4332	0.6719	0.7363	0.5349	-0.3803	0.4827	0.4892
140.000	4.3563	0.3660	0.6352	0.6988	0.4708	-0.4294	0.5644	0.4757
145.000	4.1552	0.2974	0.5875	0.6484	0.3958	-0.4559	0.6464	0.4521
150.000	3.9862	0.2301	0.5288	0.5850	0.3149	-0.4570	0.7262	0.4174
155.000	3.8477	0.1669	0.4594	0.5093	0.2336	-0.4318	0.8010	0.3712
160.000	3.7377	0.1106	0.3804	0.4223	0.1577	-0.3812	0.8677	0.3136
165.000	3.6546	0.0640	0.2931	0.3256	0.0924	-0.3078	0.9233	0.2456
170.000	3.5965	0.0290	0.1992	0.2215	0.0422	-0.2161	0.9652	0.1689
175.000	3.5622	0.0073	0.1008	0.1121	0.0107	-0.1114	0.9912	0.0861
180.000	3.5508	0.0000	0.0001	0.0001	0.0000	-0.0001	1.0000	0.0000
