0.000	12.0223	0.0000	0.0000	0.0000	0.0000	0.0000	1.0000	0.0000
5.000	11.7976	0.0306	0.1943	0.0409	-0.0177	-0.0347	0.9789	-0.0571
10.000	11.2767	0.1142	0.3916	0.0962	-0.0669	-0.0478	0.9063	-0.1217
15.000	10.7899	0.2260	0.5801	0.1735	-0.1334	-0.0215	0.7659	-0.1942
20.000	10.6127	0.3320	0.7336	0.2677	-0.1931	0.0483	0.5598	-0.2650
25.000	10.8501	0.4067	0.8310	0.3630	-0.2240	0.1461	0.3193	-0.3198
30.000	11.4672	0.4459	0.8719	0.4443	-0.2186	0.2471	0.0849	-0.3497
35.000	12.3665	0.4599	0.8717	0.5050	-0.1835	0.3326	-0.1176	-0.3544
40.000	13.4438	0.4611	0.8481	0.5461	-0.1304	0.3952	-0.2807	-0.3382
45.000	14.6118	0.4581	0.8140	0.5715	-0.0692	0.4348	-0.4080	-0.3062
50.000	15.8038	0.4549	0.7770	0.5853	-0.0066	0.4548	-0.5059	-0.2627
55.000	16.9696	0.4531	0.7409	0.5907	0.0537	0.4588	-0.5805	-0.2106
60.000	18.0709	0.4527	0.7075	0.5902	0.1095	0.4501	-0.6365	-0.1519
65.000	19.0773	0.4534	0.6774	0.5853	0.1600	0.4316	-0.6772	-0.0880
70.000	19.9651	0.4545	0.6507	0.5771	0.2049	0.4051	-0.7048	-0.0199
75.000	20.7157	0.4552	0.6272	0.5664	0.2441	0.3724	-0.7207	0.0516
80.000	21.3154	0.4549	0.6066	0.5537	0.2778	0.3345	-0.7258	0.1260
85.000	21.7555	0.4530	0.5887	0.5394	0.3061	0.2924	-0.7203	0.2026
90.000	22.0319	0.4488	0.5730	0.5238	0.3292	0.2472	-0.7044	0.2810
95.000	22.1449	0.4420	0.5592	0.5074	0.3471	0.1995	-0.6777	0.3603
100.000	22.0996	0.4321	0.5470	0.4906	0.3598	0.1501	-0.6399	0.4397
105.000	21.9047	0.4187	0.5360	0.4737	0.3673	0.0999	-0.5903	0.5181
110.000	21.5737	0.4016	0.5258	0.4568	0.3693	0.0496	-0.5283	0.5941
115.000	21.1235	0.3808	0.5160	0.4402	0.3658	0.0002	-0.4531	0.6659
120.000	20.5752	0.3561	0.5060	0.4236	0.3564	-0.0474	-0.3639	0.7313
125.000	19.9526	0.3276	0.4951	0.4068	0.3410	-0.0921	-0.2606	0.7877
130.000	19.2821	0.2957	0.4821	0.3891	0.3192	-0.1324	-0.1430	0.8316
135.000	18.5911	0.2606	0.4660	0.3697	0.2912	-0.1668	-0.0122	0.8595
140.000	17.9065	0.2230	0.4452	0.3476	0.2573	-0.1935	0.1298	0.8674
145.000	17.2536	0.1839	0.4182	0.3217	0.2185	-0.2105	0.2795	0.8513
150.000	16.6542	0.1445	0.3834	0.2911	0.1763	-0.2161	0.4318	0.8079
155.000	16.1259	0.1065	0.3398	0.2550	0.1329	-0.2088	0.5801	0.7351
160.000	15.6819	0.0717	0.2868	0.2131	0.0911	-0.1882	0.7169	0.6328
165.000	15.3310	0.0420	0.2247	0.1656	0.0542	-0.1547	0.8340	0.5028
170.000	15.0781	0.0192	0.1547	0.1134	0.0251	-0.1100	0.9240	0.3494
175.000	14.9258	0.0049	0.0789	0.0576	0.0064	-0.0572	0.9806	0.1792
180.000	14.8749	0.0000	0.0000	0.0000	0.0000	0.0000	1.0000	0.0000
