180.000000 	 3.108284e+01 	 5.594801e+01 	 6.217670e+00
175.000000 	 3.103637e+01 	 5.575044e+01 	 6.322296e+00
170.000000 	 3.089752e+01 	 5.516063e+01 	 6.634404e+00
165.000000 	 3.066799e+01 	 5.418729e+01 	 7.148690e+00
160.000000 	 3.035060e+01 	 5.284487e+01 	 7.856332e+00
155.000000 	 2.994922e+01 	 5.115343e+01 	 8.745017e+00
150.000000 	 2.946832e+01 	 4.913763e+01 	 9.799020e+00
145.000000 	 2.891465e+01 	 4.683011e+01 	 1.099919e+01
140.000000 	 2.829422e+01 	 4.426522e+01 	 1.232323e+01
135.000000 	 2.761466e+01 	 4.148364e+01 	 1.374568e+01
130.000000 	 2.688365e+01 	 3.852893e+01 	 1.523837e+01
125.000000 	 2.610951e+01 	 3.544848e+01 	 1.677054e+01
120.000000 	 2.530062e+01 	 3.229173e+01 	 1.830950e+01
115.000000 	 2.446531e+01 	 2.910966e+01 	 1.982096e+01
110.000000 	 2.361160e+01 	 2.595342e+01 	 2.126977e+01
105.000000 	 2.274696e+01 	 2.287314e+01 	 2.262078e+01
100.000000 	 2.187807e+01 	 1.991654e+01 	 2.383961e+01
95.000000 	 2.101059e+01 	 1.712747e+01 	 2.489372e+01
90.000000 	 2.014903e+01 	 1.454455e+01 	 2.575350e+01
85.000000 	 1.929661e+01 	 1.219980e+01 	 2.639342e+01
80.000000 	 1.845534e+01 	 1.011755e+01 	 2.679314e+01
75.000000 	 1.762607e+01 	 8.313550e+00 	 2.693860e+01
70.000000 	 1.680879e+01 	 6.794559e+00 	 2.682301e+01
65.000000 	 1.600294e+01 	 5.558263e+00 	 2.644762e+01
60.000000 	 1.520799e+01 	 4.593730e+00 	 2.582225e+01
55.000000 	 1.442390e+01 	 3.882299e+00 	 2.496550e+01
50.000000 	 1.365177e+01 	 3.398847e+00 	 2.390470e+01
45.000000 	 1.289439e+01 	 3.113318e+00 	 2.267546e+01
40.000000 	 1.215671e+01 	 2.992347e+00 	 2.132108e+01
35.000000 	 1.144631e+01 	 3.000813e+00 	 1.989181e+01
30.000000 	 1.077368e+01 	 3.103192e+00 	 1.844416e+01
25.000000 	 1.015252e+01 	 3.264666e+00 	 1.704038e+01
20.000000 	 9.599907e+00 	 3.452079e+00 	 1.574774e+01
15.000000 	 9.135926e+00 	 3.634963e+00 	 1.463689e+01
10.000000 	 8.782408e+00 	 3.786851e+00 	 1.377797e+01
5.000000 	 8.560025e+00 	 3.886943e+00 	 1.323311e+01
0.000000 	 8.484010e+00 	 3.921850e+00 	 1.304617e+01
