180.000000 	 2.848380e+02 	 2.871107e+02 	 2.825653e+02
175.000000 	 2.845280e+02 	 2.864330e+02 	 2.826230e+02
170.000000 	 2.835843e+02 	 2.844160e+02 	 2.827526e+02
165.000000 	 2.819676e+02 	 2.811089e+02 	 2.828264e+02
160.000000 	 2.802676e+02 	 2.773697e+02 	 2.831655e+02
155.000000 	 2.773675e+02 	 2.720427e+02 	 2.826924e+02
150.000000 	 2.734259e+02 	 2.655299e+02 	 2.813219e+02
145.000000 	 2.685367e+02 	 2.581574e+02 	 2.789159e+02
140.000000 	 2.624301e+02 	 2.497978e+02 	 2.750624e+02
135.000000 	 2.552821e+02 	 2.408262e+02 	 2.697381e+02
130.000000 	 2.470218e+02 	 2.312742e+02 	 2.627693e+02
125.000000 	 2.377097e+02 	 2.212764e+02 	 2.541431e+02
120.000000 	 2.274599e+02 	 2.109717e+02 	 2.439481e+02
115.000000 	 2.163831e+02 	 2.004371e+02 	 2.323291e+02
110.000000 	 2.046962e+02 	 1.898272e+02 	 2.195651e+02
105.000000 	 1.926288e+02 	 1.792736e+02 	 2.059840e+02
100.000000 	 1.804645e+02 	 1.689493e+02 	 1.919797e+02
95.000000 	 1.685336e+02 	 1.590866e+02 	 1.779806e+02
90.000000 	 1.572018e+02 	 1.499815e+02 	 1.644222e+02
85.000000 	 1.468642e+02 	 1.420142e+02 	 1.517143e+02
80.000000 	 1.379338e+02 	 1.356564e+02 	 1.402113e+02
75.000000 	 1.308274e+02 	 1.314736e+02 	 1.301813e+02
70.000000 	 1.259557e+02 	 1.301064e+02 	 1.218050e+02
65.000000 	 1.236964e+02 	 1.322268e+02 	 1.151661e+02
60.000000 	 1.243789e+02 	 1.385019e+02 	 1.102558e+02
55.000000 	 1.282591e+02 	 1.494764e+02 	 1.070419e+02
50.000000 	 1.354952e+02 	 1.654868e+02 	 1.055036e+02
45.000000 	 1.461178e+02 	 1.865469e+02 	 1.056888e+02
40.000000 	 1.599936e+02 	 2.122488e+02 	 1.077384e+02
35.000000 	 1.767764e+02 	 2.416982e+02 	 1.118547e+02
30.000000 	 1.958550e+02 	 2.735268e+02 	 1.181832e+02
25.000000 	 2.162881e+02 	 3.059371e+02 	 1.266391e+02
20.000000 	 2.367588e+02 	 3.368063e+02 	 1.367113e+02
15.000000 	 2.556357e+02 	 3.639447e+02 	 1.473267e+02
10.000000 	 2.710548e+02 	 3.851809e+02 	 1.569288e+02
5.000000 	 2.812280e+02 	 3.987321e+02 	 1.637240e+02
0.000000 	 2.847954e+02 	 4.033985e+02 	 1.661923e+02
