180.000000 	 4.084289e+01 	 7.475869e+01 	 6.927081e+00
175.000000 	 4.079549e+01 	 7.451970e+01 	 7.071269e+00
170.000000 	 4.063805e+01 	 7.378946e+01 	 7.486632e+00
165.000000 	 4.037766e+01 	 7.258298e+01 	 8.172332e+00
160.000000 	 4.001733e+01 	 7.091616e+01 	 9.118488e+00
155.000000 	 3.956126e+01 	 6.881131e+01 	 1.031122e+01
150.000000 	 3.901044e+01 	 6.628775e+01 	 1.173314e+01
145.000000 	 3.838111e+01 	 6.340081e+01 	 1.336141e+01
140.000000 	 3.767436e+01 	 6.017789e+01 	 1.517083e+01
135.000000 	 3.690155e+01 	 5.667206e+01 	 1.713104e+01
130.000000 	 3.607233e+01 	 5.293659e+01 	 1.920807e+01
125.000000 	 3.519633e+01 	 4.902760e+01 	 2.136506e+01
120.000000 	 3.428564e+01 	 4.501013e+01 	 2.356116e+01
115.000000 	 3.335247e+01 	 4.095182e+01 	 2.575312e+01
110.000000 	 3.240958e+01 	 3.692350e+01 	 2.789565e+01
105.000000 	 3.147010e+01 	 3.299783e+01 	 2.994238e+01
100.000000 	 3.054727e+01 	 2.924765e+01 	 3.184689e+01
95.000000 	 2.965414e+01 	 2.574421e+01 	 3.356406e+01
90.000000 	 2.880325e+01 	 2.255499e+01 	 3.505151e+01
85.000000 	 2.800634e+01 	 1.974149e+01 	 3.627119e+01
80.000000 	 2.727388e+01 	 1.735660e+01 	 3.719115e+01
75.000000 	 2.661484e+01 	 1.544254e+01 	 3.778713e+01
70.000000 	 2.603624e+01 	 1.402833e+01 	 3.804414e+01
65.000000 	 2.554276e+01 	 1.312774e+01 	 3.795778e+01
60.000000 	 2.513655e+01 	 1.273773e+01 	 3.753537e+01
55.000000 	 2.481677e+01 	 1.283727e+01 	 3.679627e+01
50.000000 	 2.457942e+01 	 1.338687e+01 	 3.577198e+01
45.000000 	 2.441724e+01 	 1.432888e+01 	 3.450561e+01
40.000000 	 2.431982e+01 	 1.558874e+01 	 3.305090e+01
35.000000 	 2.427380e+01 	 1.707688e+01 	 3.147072e+01
30.000000 	 2.426379e+01 	 1.869177e+01 	 2.983582e+01
25.000000 	 2.427386e+01 	 2.032404e+01 	 2.822368e+01
20.000000 	 2.428970e+01 	 2.186145e+01 	 2.671795e+01
15.000000 	 2.430131e+01 	 2.319529e+01 	 2.540734e+01
10.000000 	 2.430518e+01 	 2.422807e+01 	 2.438230e+01
5.000000 	 2.430388e+01 	 2.488163e+01 	 2.372612e+01
0.000000 	 2.430258e+01 	 2.510534e+01 	 2.349983e+01
