180.000000 	 8.467018e+01 	 1.620854e+02 	 7.254943e+00
175.000000 	 8.461168e+01 	 1.616925e+02 	 7.530840e+00
170.000000 	 8.443661e+01 	 1.605171e+02 	 8.356088e+00
165.000000 	 8.414635e+01 	 1.585695e+02 	 9.723243e+00
160.000000 	 8.374317e+01 	 1.558666e+02 	 1.161973e+01
155.000000 	 8.318818e+01 	 1.523361e+02 	 1.404026e+01
150.000000 	 8.257732e+01 	 1.482192e+02 	 1.693541e+01
145.000000 	 8.185400e+01 	 1.434141e+02 	 2.029387e+01
140.000000 	 8.105351e+01 	 1.380381e+02 	 2.406895e+01
135.000000 	 8.018329e+01 	 1.321508e+02 	 2.821582e+01
130.000000 	 7.925646e+01 	 1.258324e+02 	 3.268048e+01
125.000000 	 7.829114e+01 	 1.191828e+02 	 3.739946e+01
120.000000 	 7.731082e+01 	 1.123221e+02 	 4.229954e+01
115.000000 	 7.634503e+01 	 1.053913e+02 	 4.729876e+01
110.000000 	 7.543056e+01 	 9.856016e+01 	 5.230095e+01
105.000000 	 7.461146e+01 	 9.201697e+01 	 5.720595e+01
100.000000 	 7.393953e+01 	 8.597758e+01 	 6.190148e+01
95.000000 	 7.347650e+01 	 8.068108e+01 	 6.627192e+01
90.000000 	 7.329149e+01 	 7.638636e+01 	 7.019662e+01
85.000000 	 7.346177e+01 	 7.336703e+01 	 7.355651e+01
80.000000 	 7.407011e+01 	 7.190261e+01 	 7.623761e+01
75.000000 	 7.520162e+01 	 7.226547e+01 	 7.813776e+01
70.000000 	 7.693897e+01 	 7.470493e+01 	 7.917300e+01
65.000000 	 7.935566e+01 	 7.942660e+01 	 7.928472e+01
60.000000 	 8.250750e+01 	 8.656826e+01 	 7.844675e+01
55.000000 	 8.642248e+01 	 9.617332e+01 	 7.667163e+01
50.000000 	 9.108962e+01 	 1.081638e+02 	 7.401543e+01
45.000000 	 9.644796e+01 	 1.223158e+02 	 7.058014e+01
40.000000 	 1.023771e+02 	 1.382411e+02 	 6.651313e+01
35.000000 	 1.086917e+02 	 1.553800e+02 	 6.200339e+01
30.000000 	 1.151416e+02 	 1.730098e+02 	 5.727338e+01
25.000000 	 1.214216e+02 	 1.902716e+02 	 5.257157e+01
20.000000 	 1.271914e+02 	 2.062217e+02 	 4.816119e+01
15.000000 	 1.321066e+02 	 2.199004e+02 	 4.431278e+01
10.000000 	 1.358556e+02 	 2.304160e+02 	 4.129518e+01
5.000000 	 1.382022e+02 	 2.370468e+02 	 3.935758e+01
0.000000 	 1.389997e+02 	 2.393117e+02 	 3.868769e+01
