180.000000 	 -5.989917e-17 
175.000000 	 8.890409e-04 
170.000000 	 3.552329e-03 
165.000000 	 7.977905e-03 
160.000000 	 1.414430e-02 
155.000000 	 2.201824e-02 
150.000000 	 3.155650e-02 
145.000000 	 4.268226e-02 
140.000000 	 5.531044e-02 
135.000000 	 6.931066e-02 
130.000000 	 8.452769e-02 
125.000000 	 1.007512e-01 
120.000000 	 1.177222e-01 
115.000000 	 1.351212e-01 
110.000000 	 1.525706e-01 
105.000000 	 1.696234e-01 
100.000000 	 1.857745e-01 
95.000000 	 2.004693e-01 
90.000000 	 2.131222e-01 
85.000000 	 2.231431e-01 
80.000000 	 2.299699e-01 
75.000000 	 2.331116e-01 
70.000000 	 2.321876e-01 
65.000000 	 2.269685e-01 
60.000000 	 2.174084e-01 
55.000000 	 2.036677e-01 
50.000000 	 1.861217e-01 
45.000000 	 1.653574e-01 
40.000000 	 1.421576e-01 
35.000000 	 1.174755e-01 
30.000000 	 9.240103e-02 
25.000000 	 6.812198e-02 
20.000000 	 4.587588e-02 
15.000000 	 2.689366e-02 
10.000000 	 1.232561e-02 
5.000000 	 3.140614e-03 
0.000000 	 0.000000e+00 
