180.000000 	 -1.864797e-17 
175.000000 	 -2.177032e-03 
170.000000 	 -8.628367e-03 
165.000000 	 -1.912496e-02 
160.000000 	 -3.323110e-02 
155.000000 	 -5.059968e-02 
150.000000 	 -7.078665e-02 
145.000000 	 -9.338073e-02 
140.000000 	 -1.180139e-01 
135.000000 	 -1.445048e-01 
130.000000 	 -1.727639e-01 
125.000000 	 -2.028536e-01 
120.000000 	 -2.349872e-01 
115.000000 	 -2.695195e-01 
110.000000 	 -3.068858e-01 
105.000000 	 -3.475124e-01 
100.000000 	 -3.916744e-01 
95.000000 	 -4.393050e-01 
90.000000 	 -4.895406e-01 
85.000000 	 -5.405835e-01 
80.000000 	 -5.891096e-01 
75.000000 	 -6.303502e-01 
70.000000 	 -6.583374e-01 
65.000000 	 -6.672635e-01 
60.000000 	 -6.529145e-01 
55.000000 	 -6.143624e-01 
50.000000 	 -5.544577e-01 
45.000000 	 -4.791640e-01 
40.000000 	 -3.959028e-01 
35.000000 	 -3.118669e-01 
30.000000 	 -2.328847e-01 
25.000000 	 -1.629908e-01 
20.000000 	 -1.045762e-01 
15.000000 	 -5.880705e-02 
10.000000 	 -2.610205e-02 
5.000000 	 -6.517485e-03 
0.000000 	 -0.000000e+00 
