180.000000 	 1.875475e-17 
175.000000 	 -2.176945e-03 
170.000000 	 -8.614665e-03 
165.000000 	 -1.904432e-02 
160.000000 	 -3.296612e-02 
155.000000 	 -4.993753e-02 
150.000000 	 -6.939936e-02 
145.000000 	 -9.076657e-02 
140.000000 	 -1.136317e-01 
135.000000 	 -1.375401e-01 
130.000000 	 -1.622814e-01 
125.000000 	 -1.877610e-01 
120.000000 	 -2.141198e-01 
115.000000 	 -2.416537e-01 
110.000000 	 -2.709052e-01 
105.000000 	 -3.026052e-01 
100.000000 	 -3.376604e-01 
95.000000 	 -3.769795e-01 
90.000000 	 -4.212677e-01 
85.000000 	 -4.705905e-01 
80.000000 	 -5.237711e-01 
75.000000 	 -5.774335e-01 
70.000000 	 -6.257311e-01 
65.000000 	 -6.603365e-01 
60.000000 	 -6.724147e-01 
55.000000 	 -6.556639e-01 
50.000000 	 -6.091345e-01 
45.000000 	 -5.378716e-01 
40.000000 	 -4.509693e-01 
35.000000 	 -3.584982e-01 
30.000000 	 -2.690715e-01 
25.000000 	 -1.887772e-01 
20.000000 	 -1.212299e-01 
15.000000 	 -6.818388e-02 
10.000000 	 -3.026015e-02 
5.000000 	 -7.554868e-03 
0.000000 	 -0.000000e+00 
