180.000000 	 5.277178e+02 	 3.943883e+02 	 6.610474e+02
175.000000 	 5.264906e+02 	 3.929422e+02 	 6.600390e+02
170.000000 	 5.228050e+02 	 3.886550e+02 	 6.569549e+02
165.000000 	 5.166515e+02 	 3.816778e+02 	 6.516251e+02
160.000000 	 5.089484e+02 	 3.732579e+02 	 6.446390e+02
155.000000 	 4.982096e+02 	 3.620677e+02 	 6.343515e+02
150.000000 	 4.848021e+02 	 3.488270e+02 	 6.207772e+02
145.000000 	 4.690257e+02 	 3.341614e+02 	 6.038901e+02
140.000000 	 4.506923e+02 	 3.181125e+02 	 5.832721e+02
135.000000 	 4.302548e+02 	 3.013392e+02 	 5.591705e+02
130.000000 	 4.078747e+02 	 2.840865e+02 	 5.316628e+02
125.000000 	 3.837538e+02 	 2.665371e+02 	 5.009704e+02
120.000000 	 3.583214e+02 	 2.490174e+02 	 4.676253e+02
115.000000 	 3.319291e+02 	 2.316747e+02 	 4.321835e+02
110.000000 	 3.050500e+02 	 2.147133e+02 	 3.953867e+02
105.000000 	 2.781293e+02 	 1.982541e+02 	 3.580046e+02
100.000000 	 2.516761e+02 	 1.824656e+02 	 3.208865e+02
95.000000 	 2.262058e+02 	 1.675315e+02 	 2.848800e+02
90.000000 	 2.022424e+02 	 1.536889e+02 	 2.507959e+02
85.000000 	 1.803007e+02 	 1.412432e+02 	 2.193583e+02
80.000000 	 1.608674e+02 	 1.305814e+02 	 1.911534e+02
75.000000 	 1.443962e+02 	 1.221830e+02 	 1.666095e+02
70.000000 	 1.312748e+02 	 1.165974e+02 	 1.459522e+02
65.000000 	 1.218094e+02 	 1.144145e+02 	 1.292042e+02
60.000000 	 1.162079e+02 	 1.162062e+02 	 1.162096e+02
55.000000 	 1.145671e+02 	 1.224447e+02 	 1.066894e+02
50.000000 	 1.168679e+02 	 1.334133e+02 	 1.003225e+02
45.000000 	 1.229613e+02 	 1.490640e+02 	 9.685855e+01
40.000000 	 1.325769e+02 	 1.689909e+02 	 9.616282e+01
35.000000 	 1.452957e+02 	 1.923486e+02 	 9.824286e+01
30.000000 	 1.605135e+02 	 2.178794e+02 	 1.031477e+02
25.000000 	 1.773794e+02 	 2.439992e+02 	 1.107597e+02
20.000000 	 1.947330e+02 	 2.689260e+02 	 1.205399e+02
15.000000 	 2.110732e+02 	 2.908071e+02 	 1.313392e+02
10.000000 	 2.246636e+02 	 3.079289e+02 	 1.413982e+02
5.000000 	 2.337505e+02 	 3.188495e+02 	 1.486515e+02
0.000000 	 2.369491e+02 	 3.225776e+02 	 1.513205e+02
