180.000000 	 4.396721e-18 
175.000000 	 3.261970e-04 
170.000000 	 1.299622e-03 
165.000000 	 2.904694e-03 
160.000000 	 5.115182e-03 
155.000000 	 7.925522e-03 
150.000000 	 1.123574e-02 
145.000000 	 1.503382e-02 
140.000000 	 1.921861e-02 
135.000000 	 2.368152e-02 
130.000000 	 2.836361e-02 
125.000000 	 3.312513e-02 
120.000000 	 3.783614e-02 
115.000000 	 4.237058e-02 
110.000000 	 4.654628e-02 
105.000000 	 5.022482e-02 
100.000000 	 5.326354e-02 
95.000000 	 5.550044e-02 
90.000000 	 5.683331e-02 
85.000000 	 5.716328e-02 
80.000000 	 5.646163e-02 
75.000000 	 5.473801e-02 
70.000000 	 5.206546e-02 
65.000000 	 4.857240e-02 
60.000000 	 4.442286e-02 
55.000000 	 3.980365e-02 
50.000000 	 3.489625e-02 
45.000000 	 2.986857e-02 
40.000000 	 2.486484e-02 
35.000000 	 2.000525e-02 
30.000000 	 1.540046e-02 
25.000000 	 1.116653e-02 
20.000000 	 7.426173e-03 
15.000000 	 4.313956e-03 
10.000000 	 1.964670e-03 
5.000000 	 4.987637e-04 
0.000000 	 0.000000e+00 
