180.000000 	 1.182806e-16 
175.000000 	 2.333859e-03 
170.000000 	 9.342049e-03 
165.000000 	 2.104257e-02 
160.000000 	 3.745915e-02 
155.000000 	 5.861141e-02 
150.000000 	 8.450013e-02 
145.000000 	 1.150870e-01 
140.000000 	 1.502681e-01 
135.000000 	 1.898401e-01 
130.000000 	 2.334601e-01 
125.000000 	 2.805997e-01 
120.000000 	 3.304967e-01 
115.000000 	 3.821101e-01 
110.000000 	 4.340876e-01 
105.000000 	 4.847574e-01 
100.000000 	 5.321578e-01 
95.000000 	 5.741174e-01 
90.000000 	 6.083917e-01 
85.000000 	 6.328501e-01 
80.000000 	 6.456941e-01 
75.000000 	 6.456720e-01 
70.000000 	 6.322471e-01 
65.000000 	 6.056873e-01 
60.000000 	 5.670541e-01 
55.000000 	 5.180996e-01 
50.000000 	 4.610968e-01 
45.000000 	 3.986424e-01 
40.000000 	 3.334691e-01 
35.000000 	 2.682928e-01 
30.000000 	 2.057037e-01 
25.000000 	 1.480989e-01 
20.000000 	 9.764007e-02 
15.000000 	 5.621826e-02 
10.000000 	 2.541011e-02 
5.000000 	 6.417618e-03 
0.000000 	 0.000000e+00 
