180.000000 	 3.658176e+01 	 6.632317e+01 	 6.840352e+00
175.000000 	 3.653129e+01 	 6.609863e+01 	 6.963957e+00
170.000000 	 3.638050e+01 	 6.542810e+01 	 7.332901e+00
165.000000 	 3.613118e+01 	 6.432079e+01 	 7.941573e+00
160.000000 	 3.578632e+01 	 6.279203e+01 	 8.780612e+00
155.000000 	 3.535009e+01 	 6.086326e+01 	 9.836915e+00
150.000000 	 3.482562e+01 	 5.855743e+01 	 1.109382e+01
145.000000 	 3.422400e+01 	 5.591751e+01 	 1.253050e+01
140.000000 	 3.354943e+01 	 5.297583e+01 	 1.412304e+01
135.000000 	 3.281181e+01 	 4.978014e+01 	 1.584347e+01
130.000000 	 3.201922e+01 	 4.637740e+01 	 1.766104e+01
125.000000 	 3.118197e+01 	 4.282239e+01 	 1.954155e+01
120.000000 	 3.031036e+01 	 3.917239e+01 	 2.144833e+01
115.000000 	 2.941505e+01 	 3.548756e+01 	 2.334254e+01
110.000000 	 2.850690e+01 	 3.182968e+01 	 2.518412e+01
105.000000 	 2.759665e+01 	 2.826107e+01 	 2.693222e+01
100.000000 	 2.669463e+01 	 2.484279e+01 	 2.854648e+01
95.000000 	 2.581056e+01 	 2.163302e+01 	 2.998810e+01
90.000000 	 2.495321e+01 	 1.868529e+01 	 3.122112e+01
85.000000 	 2.413019e+01 	 1.604664e+01 	 3.221374e+01
80.000000 	 2.334773e+01 	 1.375568e+01 	 3.293979e+01
75.000000 	 2.261057e+01 	 1.184114e+01 	 3.337999e+01
70.000000 	 2.192182e+01 	 1.032039e+01 	 3.352326e+01
65.000000 	 2.128306e+01 	 9.198463e+00 	 3.336766e+01
60.000000 	 2.069436e+01 	 8.467534e+00 	 3.292118e+01
55.000000 	 2.015451e+01 	 8.106935e+00 	 3.220208e+01
50.000000 	 1.966124e+01 	 8.083714e+00 	 3.123876e+01
45.000000 	 1.921158e+01 	 8.353746e+00 	 3.006942e+01
40.000000 	 1.880215e+01 	 8.863232e+00 	 2.874106e+01
35.000000 	 1.842964e+01 	 9.550655e+00 	 2.730862e+01
30.000000 	 1.809147e+01 	 1.034900e+01 	 2.583394e+01
25.000000 	 1.778667e+01 	 1.118823e+01 	 2.438511e+01
20.000000 	 1.751709e+01 	 1.199819e+01 	 2.303598e+01
15.000000 	 1.728851e+01 	 1.271203e+01 	 2.186499e+01
10.000000 	 1.711100e+01 	 1.327033e+01 	 2.095168e+01
5.000000 	 1.699711e+01 	 1.362580e+01 	 2.036841e+01
0.000000 	 1.695769e+01 	 1.374783e+01 	 2.016755e+01
