180.000000 	 1.529542e+02 	 2.291660e+02 	 7.674231e+01
175.000000 	 1.530124e+02 	 2.289205e+02 	 7.710443e+01
170.000000 	 1.531781e+02 	 2.281847e+02 	 7.817146e+01
165.000000 	 1.534246e+02 	 2.269631e+02 	 7.988618e+01
160.000000 	 1.541098e+02 	 2.258228e+02 	 8.239676e+01
155.000000 	 1.545385e+02 	 2.238724e+02 	 8.520452e+01
150.000000 	 1.547904e+02 	 2.213227e+02 	 8.825802e+01
145.000000 	 1.548335e+02 	 2.182345e+02 	 9.143261e+01
140.000000 	 1.546651e+02 	 2.147096e+02 	 9.462061e+01
135.000000 	 1.541209e+02 	 2.106170e+02 	 9.762477e+01
130.000000 	 1.532469e+02 	 2.061078e+02 	 1.003860e+02
125.000000 	 1.519769e+02 	 2.011588e+02 	 1.027950e+02
120.000000 	 1.503229e+02 	 1.958373e+02 	 1.048084e+02
115.000000 	 1.482898e+02 	 1.901815e+02 	 1.063981e+02
110.000000 	 1.459594e+02 	 1.843205e+02 	 1.075982e+02
105.000000 	 1.434270e+02 	 1.783917e+02 	 1.084622e+02
100.000000 	 1.408416e+02 	 1.726056e+02 	 1.090776e+02
95.000000 	 1.384001e+02 	 1.672485e+02 	 1.095516e+02
90.000000 	 1.363485e+02 	 1.626989e+02 	 1.099982e+02
85.000000 	 1.349858e+02 	 1.594413e+02 	 1.105303e+02
80.000000 	 1.346589e+02 	 1.580699e+02 	 1.112479e+02
75.000000 	 1.357551e+02 	 1.592940e+02 	 1.122162e+02
70.000000 	 1.386927e+02 	 1.638932e+02 	 1.134922e+02
65.000000 	 1.439001e+02 	 1.726954e+02 	 1.151048e+02
60.000000 	 1.517903e+02 	 1.864941e+02 	 1.170865e+02
55.000000 	 1.627277e+02 	 2.059615e+02 	 1.194939e+02
50.000000 	 1.769689e+02 	 2.314889e+02 	 1.224488e+02
45.000000 	 1.946216e+02 	 2.631092e+02 	 1.261341e+02
40.000000 	 2.155662e+02 	 3.003362e+02 	 1.307963e+02
35.000000 	 2.393839e+02 	 3.420807e+02 	 1.366872e+02
30.000000 	 2.652885e+02 	 3.866166e+02 	 1.439604e+02
25.000000 	 2.920854e+02 	 4.316367e+02 	 1.525341e+02
20.000000 	 3.181700e+02 	 4.743740e+02 	 1.619660e+02
15.000000 	 3.416251e+02 	 5.118544e+02 	 1.713959e+02
10.000000 	 3.603991e+02 	 5.411795e+02 	 1.796187e+02
5.000000 	 3.725859e+02 	 5.598654e+02 	 1.853063e+02
0.000000 	 3.768098e+02 	 5.662651e+02 	 1.873544e+02
