180.000000 	 2.318519e-16 
175.000000 	 -2.179950e-03 
170.000000 	 -8.628317e-03 
165.000000 	 -1.908124e-02 
160.000000 	 -3.304556e-02 
155.000000 	 -5.009360e-02 
150.000000 	 -6.968352e-02 
145.000000 	 -9.125304e-02 
140.000000 	 -1.144223e-01 
135.000000 	 -1.387682e-01 
130.000000 	 -1.641157e-01 
125.000000 	 -1.904209e-01 
120.000000 	 -2.178240e-01 
115.000000 	 -2.466894e-01 
110.000000 	 -2.775605e-01 
105.000000 	 -3.111518e-01 
100.000000 	 -3.483012e-01 
95.000000 	 -3.897291e-01 
90.000000 	 -4.359228e-01 
85.000000 	 -4.865088e-01 
80.000000 	 -5.397810e-01 
75.000000 	 -5.918801e-01 
70.000000 	 -6.365589e-01 
65.000000 	 -6.658901e-01 
60.000000 	 -6.719427e-01 
55.000000 	 -6.497515e-01 
50.000000 	 -5.994932e-01 
45.000000 	 -5.266465e-01 
40.000000 	 -4.400288e-01 
35.000000 	 -3.490617e-01 
30.000000 	 -2.616864e-01 
25.000000 	 -1.834991e-01 
20.000000 	 -1.178207e-01 
15.000000 	 -6.626650e-02 
10.000000 	 -2.941150e-02 
5.000000 	 -7.343181e-03 
0.000000 	 -0.000000e+00 
