180.000000 	 -1.085519e-16 
175.000000 	 -2.119139e-03 
170.000000 	 -8.418425e-03 
165.000000 	 -1.873143e-02 
160.000000 	 -3.273719e-02 
155.000000 	 -5.019691e-02 
150.000000 	 -7.080236e-02 
145.000000 	 -9.427780e-02 
140.000000 	 -1.203865e-01 
135.000000 	 -1.490468e-01 
130.000000 	 -1.801894e-01 
125.000000 	 -2.138923e-01 
120.000000 	 -2.502826e-01 
115.000000 	 -2.895240e-01 
110.000000 	 -3.316868e-01 
105.000000 	 -3.767249e-01 
100.000000 	 -4.242019e-01 
95.000000 	 -4.731820e-01 
90.000000 	 -5.218548e-01 
85.000000 	 -5.675775e-01 
80.000000 	 -6.066122e-01 
75.000000 	 -6.345264e-01 
70.000000 	 -6.468245e-01 
65.000000 	 -6.399600e-01 
60.000000 	 -6.124027e-01 
55.000000 	 -5.653025e-01 
50.000000 	 -5.024059e-01 
45.000000 	 -4.292184e-01 
40.000000 	 -3.518011e-01 
35.000000 	 -2.756883e-01 
30.000000 	 -2.052275e-01 
25.000000 	 -1.433886e-01 
20.000000 	 -9.192030e-02 
15.000000 	 -5.166914e-02 
10.000000 	 -2.292945e-02 
5.000000 	 -5.724779e-03 
0.000000 	 -0.000000e+00 
