180.000000 	 3.466021e+01 	 6.260246e+01 	 6.717965e+00
175.000000 	 3.461096e+01 	 6.238723e+01 	 6.834694e+00
170.000000 	 3.446381e+01 	 6.174456e+01 	 7.183051e+00
165.000000 	 3.422053e+01 	 6.068351e+01 	 7.757549e+00
160.000000 	 3.388408e+01 	 5.921911e+01 	 8.549049e+00
155.000000 	 3.345856e+01 	 5.737236e+01 	 9.544766e+00
150.000000 	 3.294780e+01 	 5.516720e+01 	 1.072839e+01
145.000000 	 3.236105e+01 	 5.264226e+01 	 1.207984e+01
140.000000 	 3.170346e+01 	 4.983113e+01 	 1.357579e+01
135.000000 	 3.098408e+01 	 4.677884e+01 	 1.518933e+01
130.000000 	 3.021103e+01 	 4.353137e+01 	 1.689070e+01
125.000000 	 2.939397e+01 	 4.014080e+01 	 1.864714e+01
120.000000 	 2.854259e+01 	 3.666171e+01 	 2.042347e+01
115.000000 	 2.766682e+01 	 3.315079e+01 	 2.218286e+01
110.000000 	 2.677660e+01 	 2.966613e+01 	 2.388707e+01
105.000000 	 2.588154e+01 	 2.626552e+01 	 2.549757e+01
100.000000 	 2.499072e+01 	 2.300504e+01 	 2.697639e+01
95.000000 	 2.411237e+01 	 1.993752e+01 	 2.828723e+01
90.000000 	 2.325372e+01 	 1.711080e+01 	 2.939664e+01
85.000000 	 2.242070e+01 	 1.456611e+01 	 3.027529e+01
80.000000 	 2.161789e+01 	 1.233653e+01 	 3.089926e+01
75.000000 	 2.084843e+01 	 1.044559e+01 	 3.125126e+01
70.000000 	 2.011406e+01 	 8.906362e+00 	 3.132175e+01
65.000000 	 1.941531e+01 	 7.720762e+00 	 3.110986e+01
60.000000 	 1.875175e+01 	 6.879487e+00 	 3.062400e+01
55.000000 	 1.812233e+01 	 6.362413e+00 	 2.988224e+01
50.000000 	 1.752579e+01 	 6.139459e+00 	 2.891212e+01
45.000000 	 1.696110e+01 	 6.171922e+00 	 2.775027e+01
40.000000 	 1.642789e+01 	 6.414094e+00 	 2.644168e+01
35.000000 	 1.592693e+01 	 6.815075e+00 	 2.503879e+01
30.000000 	 1.546066e+01 	 7.320667e+00 	 2.360066e+01
25.000000 	 1.503387e+01 	 7.875307e+00 	 2.219244e+01
20.000000 	 1.465447e+01 	 8.424133e+00 	 2.088480e+01
15.000000 	 1.433405e+01 	 8.915395e+00 	 1.975271e+01
10.000000 	 1.408757e+01 	 9.303386e+00 	 1.887175e+01
5.000000 	 1.393102e+01 	 9.551860e+00 	 1.831017e+01
0.000000 	 1.387718e+01 	 9.637390e+00 	 1.811698e+01
