180.000000 	 4.589277e+01 	 4.589277e+01 	 4.589277e+01
175.000000 	 4.583808e+01 	 4.338634e+01 	 4.828982e+01
170.000000 	 4.567461e+01 	 4.081250e+01 	 5.053671e+01
165.000000 	 4.540413e+01 	 3.821408e+01 	 5.259419e+01
160.000000 	 4.502964e+01 	 3.563442e+01 	 5.442485e+01
155.000000 	 4.454618e+01 	 3.310934e+01 	 5.598303e+01
150.000000 	 4.397880e+01 	 3.069895e+01 	 5.725865e+01
145.000000 	 4.332055e+01 	 2.843416e+01 	 5.820694e+01
140.000000 	 4.258670e+01 	 2.636204e+01 	 5.881136e+01
135.000000 	 4.178114e+01 	 2.451767e+01 	 5.904462e+01
130.000000 	 4.091672e+01 	 2.293938e+01 	 5.889405e+01
125.000000 	 4.000498e+01 	 2.166001e+01 	 5.834996e+01
120.000000 	 3.905786e+01 	 2.070722e+01 	 5.740850e+01
115.000000 	 3.808987e+01 	 2.010420e+01 	 5.607554e+01
110.000000 	 3.711604e+01 	 1.986701e+01 	 5.436506e+01
105.000000 	 3.615252e+01 	 2.000398e+01 	 5.230107e+01
100.000000 	 3.521583e+01 	 2.051455e+01 	 4.991711e+01
95.000000 	 3.432338e+01 	 2.138829e+01 	 4.725846e+01
90.000000 	 3.349263e+01 	 2.260408e+01 	 4.438118e+01
85.000000 	 3.274080e+01 	 2.412936e+01 	 4.135224e+01
80.000000 	 3.208417e+01 	 2.592047e+01 	 3.824788e+01
75.000000 	 3.153774e+01 	 2.792208e+01 	 3.515339e+01
70.000000 	 3.111413e+01 	 3.006822e+01 	 3.216003e+01
65.000000 	 3.082308e+01 	 3.228406e+01 	 2.936210e+01
60.000000 	 3.067005e+01 	 3.448659e+01 	 2.685350e+01
55.000000 	 3.065571e+01 	 3.658825e+01 	 2.472317e+01
50.000000 	 3.077450e+01 	 3.849880e+01 	 2.305019e+01
45.000000 	 3.101401e+01 	 4.012930e+01 	 2.189873e+01
40.000000 	 3.135469e+01 	 4.139612e+01 	 2.131326e+01
35.000000 	 3.176953e+01 	 4.222487e+01 	 2.131419e+01
30.000000 	 3.222533e+01 	 4.255555e+01 	 2.189511e+01
25.000000 	 3.268482e+01 	 4.234791e+01 	 2.302173e+01
20.000000 	 3.311025e+01 	 4.158751e+01 	 2.463299e+01
15.000000 	 3.346844e+01 	 4.029254e+01 	 2.664434e+01
10.000000 	 3.373516e+01 	 3.851906e+01 	 2.895126e+01
5.000000 	 3.389771e+01 	 3.636283e+01 	 3.143259e+01
0.000000 	 3.395199e+01 	 3.395199e+01 	 3.395199e+01
