180.000000 	 4.294113e-17 
175.000000 	 -7.492968e-04 
170.000000 	 -3.004631e-03 
165.000000 	 -6.787983e-03 
160.000000 	 -1.210089e-02 
155.000000 	 -1.903918e-02 
150.000000 	 -2.760126e-02 
145.000000 	 -3.787358e-02 
140.000000 	 -4.990879e-02 
135.000000 	 -6.374561e-02 
130.000000 	 -7.939380e-02 
125.000000 	 -9.681375e-02 
120.000000 	 -1.158635e-01 
115.000000 	 -1.363514e-01 
110.000000 	 -1.579316e-01 
105.000000 	 -1.800058e-01 
100.000000 	 -2.018273e-01 
95.000000 	 -2.223908e-01 
90.000000 	 -2.404663e-01 
85.000000 	 -2.547186e-01 
80.000000 	 -2.637760e-01 
75.000000 	 -2.664815e-01 
70.000000 	 -2.621107e-01 
65.000000 	 -2.505489e-01 
60.000000 	 -2.323788e-01 
55.000000 	 -2.088344e-01 
50.000000 	 -1.815874e-01 
45.000000 	 -1.525093e-01 
40.000000 	 -1.233834e-01 
35.000000 	 -9.573453e-02 
30.000000 	 -7.071510e-02 
25.000000 	 -4.909359e-02 
20.000000 	 -3.130121e-02 
15.000000 	 -1.751444e-02 
10.000000 	 -7.745011e-03 
5.000000 	 -1.929409e-03 
0.000000 	 -0.000000e+00 
