180.000000 	 2.936605e+01 	 2.936605e+01 	 2.936605e+01
175.000000 	 2.932122e+01 	 2.741074e+01 	 3.123170e+01
170.000000 	 2.918728e+01 	 2.539681e+01 	 3.297775e+01
165.000000 	 2.896587e+01 	 2.335592e+01 	 3.457581e+01
160.000000 	 2.865967e+01 	 2.131995e+01 	 3.599938e+01
155.000000 	 2.827239e+01 	 1.932043e+01 	 3.722435e+01
150.000000 	 2.780850e+01 	 1.738783e+01 	 3.822917e+01
145.000000 	 2.727392e+01 	 1.555187e+01 	 3.899596e+01
140.000000 	 2.667467e+01 	 1.383954e+01 	 3.950980e+01
135.000000 	 2.601759e+01 	 1.227538e+01 	 3.975980e+01
130.000000 	 2.531006e+01 	 1.088075e+01 	 3.973937e+01
125.000000 	 2.455960e+01 	 9.672882e+00 	 3.944632e+01
120.000000 	 2.377384e+01 	 8.664469e+00 	 3.888321e+01
115.000000 	 2.296020e+01 	 7.862970e+00 	 3.805742e+01
110.000000 	 2.212571e+01 	 7.270119e+00 	 3.698129e+01
105.000000 	 2.127675e+01 	 6.881559e+00 	 3.567193e+01
100.000000 	 2.041884e+01 	 6.686628e+00 	 3.415105e+01
95.000000 	 1.955647e+01 	 6.668390e+00 	 3.244455e+01
90.000000 	 1.869299e+01 	 6.803935e+00 	 3.058204e+01
85.000000 	 1.783055e+01 	 7.064996e+00 	 2.859611e+01
80.000000 	 1.697021e+01 	 7.418902e+00 	 2.652152e+01
75.000000 	 1.611210e+01 	 7.829857e+00 	 2.439433e+01
70.000000 	 1.525576e+01 	 8.260532e+00 	 2.225098e+01
65.000000 	 1.440059e+01 	 8.673881e+00 	 2.012730e+01
60.000000 	 1.354640e+01 	 9.035096e+00 	 1.805771e+01
55.000000 	 1.269402e+01 	 9.313552e+00 	 1.607448e+01
50.000000 	 1.184589e+01 	 9.484618e+00 	 1.420717e+01
45.000000 	 1.100670e+01 	 9.531167e+00 	 1.248224e+01
40.000000 	 1.018381e+01 	 9.444708e+00 	 1.092291e+01
35.000000 	 9.387618e+00 	 9.226098e+00 	 9.549137e+00
30.000000 	 8.631834e+00 	 8.885902e+00 	 8.377766e+00
25.000000 	 7.933557e+00 	 8.444509e+00 	 7.422605e+00
20.000000 	 7.313173e+00 	 7.932112e+00 	 6.694233e+00
15.000000 	 6.793725e+00 	 7.388349e+00 	 6.199102e+00
10.000000 	 6.399292e+00 	 6.861035e+00 	 5.937548e+00
5.000000 	 6.151937e+00 	 6.403132e+00 	 5.900742e+00
0.000000 	 6.067543e+00 	 6.067543e+00 	 6.067543e+00
