180.000000 	 8.530873e-17 
175.000000 	 3.151406e-03 
170.000000 	 1.263266e-02 
165.000000 	 2.852193e-02 
160.000000 	 5.093915e-02 
155.000000 	 8.002884e-02 
150.000000 	 1.159327e-01 
145.000000 	 1.587487e-01 
140.000000 	 2.084721e-01 
135.000000 	 2.649152e-01 
130.000000 	 3.276022e-01 
125.000000 	 3.956415e-01 
120.000000 	 4.675838e-01 
115.000000 	 5.412909e-01 
110.000000 	 6.138541e-01 
105.000000 	 6.816208e-01 
100.000000 	 7.403920e-01 
95.000000 	 7.858271e-01 
90.000000 	 8.140355e-01 
85.000000 	 8.222423e-01 
80.000000 	 8.093431e-01 
75.000000 	 7.761602e-01 
70.000000 	 7.253027e-01 
65.000000 	 6.606779e-01 
60.000000 	 5.868244e-01 
55.000000 	 5.082655e-01 
50.000000 	 4.290291e-01 
45.000000 	 3.523876e-01 
40.000000 	 2.807927e-01 
35.000000 	 2.159441e-01 
30.000000 	 1.589261e-01 
25.000000 	 1.103631e-01 
20.000000 	 7.056367e-02 
15.000000 	 3.963951e-02 
10.000000 	 1.759574e-02 
5.000000 	 4.395166e-03 
0.000000 	 0.000000e+00 
