180.000000 	 5.729918e-17 
175.000000 	 2.577166e-03 
170.000000 	 1.031970e-02 
165.000000 	 2.325854e-02 
160.000000 	 4.143773e-02 
155.000000 	 6.490254e-02 
150.000000 	 9.368128e-02 
145.000000 	 1.277598e-01 
140.000000 	 1.670474e-01 
135.000000 	 2.113321e-01 
130.000000 	 2.602267e-01 
125.000000 	 3.131053e-01 
120.000000 	 3.690361e-01 
115.000000 	 4.267175e-01 
110.000000 	 4.844348e-01 
105.000000 	 5.400533e-01 
100.000000 	 5.910742e-01 
95.000000 	 6.347691e-01 
90.000000 	 6.684023e-01 
85.000000 	 6.895224e-01 
80.000000 	 6.962809e-01 
75.000000 	 6.877108e-01 
70.000000 	 6.638969e-01 
65.000000 	 6.259919e-01 
60.000000 	 5.760739e-01 
55.000000 	 5.168844e-01 
50.000000 	 4.515144e-01 
45.000000 	 3.831065e-01 
40.000000 	 3.146209e-01 
35.000000 	 2.486875e-01 
30.000000 	 1.875397e-01 
25.000000 	 1.330078e-01 
20.000000 	 8.655115e-02 
15.000000 	 4.930178e-02 
10.000000 	 2.210642e-02 
5.000000 	 5.555696e-03 
0.000000 	 0.000000e+00 
