180.000000 	 5.915749e+01 	 5.915749e+01 	 5.915749e+01
175.000000 	 5.913632e+01 	 5.608821e+01 	 6.218444e+01
170.000000 	 5.896302e+01 	 5.291688e+01 	 6.500916e+01
165.000000 	 5.867602e+01 	 4.973189e+01 	 6.762016e+01
160.000000 	 5.827816e+01 	 4.658568e+01 	 6.997063e+01
155.000000 	 5.775230e+01 	 4.351399e+01 	 7.199061e+01
150.000000 	 5.714918e+01 	 4.060831e+01 	 7.369005e+01
145.000000 	 5.644402e+01 	 3.789612e+01 	 7.499192e+01
140.000000 	 5.566244e+01 	 3.544394e+01 	 7.588093e+01
135.000000 	 5.480205e+01 	 3.329496e+01 	 7.630913e+01
130.000000 	 5.388058e+01 	 3.150425e+01 	 7.625690e+01
125.000000 	 5.291124e+01 	 3.011972e+01 	 7.570276e+01
120.000000 	 5.190998e+01 	 2.918620e+01 	 7.463376e+01
115.000000 	 5.089550e+01 	 2.874394e+01 	 7.304706e+01
110.000000 	 4.988956e+01 	 2.882695e+01 	 7.095216e+01
105.000000 	 4.891629e+01 	 2.946163e+01 	 6.837095e+01
100.000000 	 4.800320e+01 	 3.066422e+01 	 6.534218e+01
95.000000 	 4.718071e+01 	 3.243878e+01 	 6.192265e+01
90.000000 	 4.648106e+01 	 3.477611e+01 	 5.818600e+01
85.000000 	 4.593896e+01 	 3.764945e+01 	 5.422847e+01
80.000000 	 4.558960e+01 	 4.101535e+01 	 5.016385e+01
75.000000 	 4.546756e+01 	 4.480838e+01 	 4.612673e+01
70.000000 	 4.560486e+01 	 4.894336e+01 	 4.226637e+01
65.000000 	 4.602873e+01 	 5.331329e+01 	 3.874417e+01
60.000000 	 4.675736e+01 	 5.778779e+01 	 3.572693e+01
55.000000 	 4.779801e+01 	 6.221826e+01 	 3.337777e+01
50.000000 	 4.914260e+01 	 6.643885e+01 	 3.184636e+01
45.000000 	 5.076345e+01 	 7.027034e+01 	 3.125657e+01
40.000000 	 5.261222e+01 	 7.352958e+01 	 3.169486e+01
35.000000 	 5.461723e+01 	 7.603632e+01 	 3.319813e+01
30.000000 	 5.668547e+01 	 7.762598e+01 	 3.574496e+01
25.000000 	 5.870678e+01 	 7.816299e+01 	 3.925056e+01
20.000000 	 6.056212e+01 	 7.755664e+01 	 4.356759e+01
15.000000 	 6.213562e+01 	 7.577803e+01 	 4.849321e+01
10.000000 	 6.332850e+01 	 7.287591e+01 	 5.378110e+01
5.000000 	 6.406986e+01 	 6.898501e+01 	 5.915470e+01
0.000000 	 6.432094e+01 	 6.432094e+01 	 6.432094e+01
