180.000000 	 1.443289e+02 	 2.269364e+02 	 6.172133e+01
175.000000 	 1.444070e+02 	 2.267241e+02 	 6.208988e+01
170.000000 	 1.446330e+02 	 2.260870e+02 	 6.317893e+01
165.000000 	 1.449829e+02 	 2.250265e+02 	 6.493936e+01
160.000000 	 1.457882e+02 	 2.240751e+02 	 6.750135e+01
155.000000 	 1.464076e+02 	 2.223837e+02 	 7.043138e+01
150.000000 	 1.469142e+02 	 2.201435e+02 	 7.368483e+01
145.000000 	 1.472786e+02 	 2.174048e+02 	 7.715241e+01
140.000000 	 1.474977e+02 	 2.142568e+02 	 8.073869e+01
135.000000 	 1.474174e+02 	 2.105670e+02 	 8.426778e+01
130.000000 	 1.470785e+02 	 2.064736e+02 	 8.768332e+01
125.000000 	 1.464161e+02 	 2.019499e+02 	 9.088217e+01
120.000000 	 1.454286e+02 	 1.970449e+02 	 9.381240e+01
115.000000 	 1.441462e+02 	 1.918379e+02 	 9.645453e+01
110.000000 	 1.426107e+02 	 1.864134e+02 	 9.880790e+01
105.000000 	 1.409275e+02 	 1.809403e+02 	 1.009147e+02
100.000000 	 1.392314e+02 	 1.756301e+02 	 1.028328e+02
95.000000 	 1.377105e+02 	 1.707832e+02 	 1.046378e+02
90.000000 	 1.366052e+02 	 1.667952e+02 	 1.064152e+02
85.000000 	 1.362076e+02 	 1.641734e+02 	 1.082419e+02
80.000000 	 1.368625e+02 	 1.635394e+02 	 1.101857e+02
75.000000 	 1.389589e+02 	 1.656236e+02 	 1.122941e+02
70.000000 	 1.429189e+02 	 1.712420e+02 	 1.145957e+02
65.000000 	 1.491789e+02 	 1.812488e+02 	 1.171090e+02
60.000000 	 1.581616e+02 	 1.964631e+02 	 1.198602e+02
55.000000 	 1.702406e+02 	 2.175760e+02 	 1.229051e+02
50.000000 	 1.856778e+02 	 2.449879e+02 	 1.263677e+02
45.000000 	 2.045790e+02 	 2.787253e+02 	 1.304326e+02
40.000000 	 2.268107e+02 	 3.182762e+02 	 1.353452e+02
35.000000 	 2.519267e+02 	 3.625005e+02 	 1.413528e+02
30.000000 	 2.791008e+02 	 4.095968e+02 	 1.486047e+02
25.000000 	 3.070847e+02 	 4.571478e+02 	 1.570216e+02
20.000000 	 3.342176e+02 	 5.022512e+02 	 1.661840e+02
15.000000 	 3.585310e+02 	 5.417841e+02 	 1.752778e+02
10.000000 	 3.779253e+02 	 5.726774e+02 	 1.831732e+02
5.000000 	 3.905027e+02 	 5.923990e+02 	 1.886065e+02
0.000000 	 3.948538e+02 	 5.991460e+02 	 1.905615e+02
