180.000000 	 -5.665032e-17 
175.000000 	 8.479361e-04 
170.000000 	 3.387897e-03 
165.000000 	 7.607913e-03 
160.000000 	 1.348661e-02 
155.000000 	 2.099105e-02 
150.000000 	 3.008149e-02 
145.000000 	 4.067803e-02 
140.000000 	 5.270213e-02 
135.000000 	 6.602351e-02 
130.000000 	 8.049586e-02 
125.000000 	 9.591458e-02 
120.000000 	 1.120304e-01 
115.000000 	 1.285370e-01 
110.000000 	 1.450673e-01 
105.000000 	 1.611917e-01 
100.000000 	 1.764213e-01 
95.000000 	 1.902182e-01 
90.000000 	 2.020129e-01 
85.000000 	 2.112306e-01 
80.000000 	 2.173267e-01 
75.000000 	 2.198277e-01 
70.000000 	 2.183765e-01 
65.000000 	 2.127734e-01 
60.000000 	 2.030132e-01 
55.000000 	 1.893055e-01 
50.000000 	 1.720803e-01 
45.000000 	 1.519756e-01 
40.000000 	 1.298095e-01 
35.000000 	 1.065399e-01 
30.000000 	 8.321703e-02 
25.000000 	 6.093325e-02 
20.000000 	 4.077449e-02 
15.000000 	 2.377146e-02 
10.000000 	 1.084785e-02 
5.000000 	 2.756493e-03 
0.000000 	 0.000000e+00 
