180.000000 	 1.971954e+02 	 2.462878e+02 	 1.481030e+02
175.000000 	 1.975238e+02 	 2.467445e+02 	 1.483030e+02
170.000000 	 1.973531e+02 	 2.455526e+02 	 1.491537e+02
165.000000 	 1.970303e+02 	 2.435871e+02 	 1.504735e+02
160.000000 	 1.970074e+02 	 2.415358e+02 	 1.524789e+02
155.000000 	 1.964038e+02 	 2.383802e+02 	 1.544274e+02
150.000000 	 1.953241e+02 	 2.344032e+02 	 1.562451e+02
145.000000 	 1.937350e+02 	 2.297149e+02 	 1.577551e+02
140.000000 	 1.916429e+02 	 2.244718e+02 	 1.588140e+02
135.000000 	 1.888988e+02 	 2.186123e+02 	 1.591853e+02
130.000000 	 1.854854e+02 	 2.122208e+02 	 1.587501e+02
125.000000 	 1.814023e+02 	 2.053713e+02 	 1.574334e+02
120.000000 	 1.766770e+02 	 1.981387e+02 	 1.552153e+02
115.000000 	 1.713798e+02 	 1.906181e+02 	 1.521415e+02
110.000000 	 1.656007e+02 	 1.828974e+02 	 1.483041e+02
105.000000 	 1.594907e+02 	 1.751201e+02 	 1.438613e+02
100.000000 	 1.532462e+02 	 1.674765e+02 	 1.390160e+02
95.000000 	 1.471090e+02 	 1.602196e+02 	 1.339984e+02
90.000000 	 1.413696e+02 	 1.536832e+02 	 1.290559e+02
85.000000 	 1.363571e+02 	 1.482945e+02 	 1.244196e+02
80.000000 	 1.324416e+02 	 1.445834e+02 	 1.202997e+02
75.000000 	 1.300187e+02 	 1.431809e+02 	 1.168565e+02
70.000000 	 1.294997e+02 	 1.447895e+02 	 1.142098e+02
65.000000 	 1.312907e+02 	 1.501649e+02 	 1.124166e+02
60.000000 	 1.357680e+02 	 1.600162e+02 	 1.115198e+02
55.000000 	 1.432566e+02 	 1.749638e+02 	 1.115493e+02
50.000000 	 1.539823e+02 	 1.953764e+02 	 1.125882e+02
45.000000 	 1.680307e+02 	 2.212715e+02 	 1.147900e+02
40.000000 	 1.853019e+02 	 2.522293e+02 	 1.183746e+02
35.000000 	 2.054370e+02 	 2.872851e+02 	 1.235889e+02
30.000000 	 2.277536e+02 	 3.249085e+02 	 1.305987e+02
25.000000 	 2.511959e+02 	 3.630741e+02 	 1.393176e+02
20.000000 	 2.743215e+02 	 3.993864e+02 	 1.492566e+02
15.000000 	 2.953574e+02 	 4.312766e+02 	 1.594383e+02
10.000000 	 3.123493e+02 	 4.562259e+02 	 1.684726e+02
5.000000 	 3.234655e+02 	 4.721438e+02 	 1.747871e+02
0.000000 	 3.273448e+02 	 4.776233e+02 	 1.770662e+02
