180.000000 	 5.174928e-18 
175.000000 	 -2.881023e-04 
170.000000 	 -1.159267e-03 
165.000000 	 -2.633860e-03 
160.000000 	 -4.745034e-03 
155.000000 	 -7.486026e-03 
150.000000 	 -1.095666e-02 
145.000000 	 -1.524553e-02 
140.000000 	 -2.035019e-02 
135.000000 	 -2.636641e-02 
130.000000 	 -3.334383e-02 
125.000000 	 -4.128065e-02 
120.000000 	 -5.022673e-02 
115.000000 	 -6.008868e-02 
110.000000 	 -7.070345e-02 
105.000000 	 -8.186143e-02 
100.000000 	 -9.322289e-02 
95.000000 	 -1.042619e-01 
90.000000 	 -1.143812e-01 
85.000000 	 -1.228641e-01 
80.000000 	 -1.289583e-01 
75.000000 	 -1.319740e-01 
70.000000 	 -1.314034e-01 
65.000000 	 -1.270347e-01 
60.000000 	 -1.190204e-01 
55.000000 	 -1.078855e-01 
50.000000 	 -9.445105e-02 
45.000000 	 -7.970442e-02 
40.000000 	 -6.465143e-02 
35.000000 	 -5.018847e-02 
30.000000 	 -3.701850e-02 
25.000000 	 -2.562543e-02 
20.000000 	 -1.627574e-02 
15.000000 	 -9.070141e-03 
10.000000 	 -3.996652e-03 
5.000000 	 -9.931952e-04 
0.000000 	 -0.000000e+00 
