180.000000 	 1.797965e+01 	 3.273718e+01 	 3.222125e+00
175.000000 	 1.793125e+01 	 3.261479e+01 	 3.247711e+00
170.000000 	 1.778721e+01 	 3.225000e+01 	 3.324413e+00
165.000000 	 1.755101e+01 	 3.164997e+01 	 3.452064e+00
160.000000 	 1.722841e+01 	 3.082642e+01 	 3.630390e+00
155.000000 	 1.682726e+01 	 2.979552e+01 	 3.859007e+00
150.000000 	 1.635745e+01 	 2.857748e+01 	 4.137423e+00
145.000000 	 1.583063e+01 	 2.719622e+01 	 4.465042e+00
140.000000 	 1.526001e+01 	 2.567887e+01 	 4.841154e+00
135.000000 	 1.466007e+01 	 2.405520e+01 	 5.264933e+00
130.000000 	 1.404622e+01 	 2.235702e+01 	 5.735417e+00
125.000000 	 1.343446e+01 	 2.061742e+01 	 6.251492e+00
120.000000 	 1.284097e+01 	 1.887008e+01 	 6.811853e+00
115.000000 	 1.228169e+01 	 1.714841e+01 	 7.414963e+00
110.000000 	 1.177187e+01 	 1.548474e+01 	 8.058998e+00
105.000000 	 1.132564e+01 	 1.390950e+01 	 8.741773e+00
100.000000 	 1.095553e+01 	 1.245039e+01 	 9.460663e+00
95.000000 	 1.067206e+01 	 1.113162e+01 	 1.021251e+01
90.000000 	 1.048337e+01 	 9.973194e+00 	 1.099354e+01
85.000000 	 1.039480e+01 	 8.990365e+00 	 1.179924e+01
80.000000 	 1.040871e+01 	 8.193124e+00 	 1.262430e+01
75.000000 	 1.052422e+01 	 7.585918e+00 	 1.346253e+01
70.000000 	 1.073718e+01 	 7.167510e+00 	 1.430686e+01
65.000000 	 1.104017e+01 	 6.931024e+00 	 1.514932e+01
60.000000 	 1.142266e+01 	 6.864189e+00 	 1.598113e+01
55.000000 	 1.187131e+01 	 6.949761e+00 	 1.679285e+01
50.000000 	 1.237036e+01 	 7.166131e+00 	 1.757459e+01
45.000000 	 1.290218e+01 	 7.488087e+00 	 1.831627e+01
40.000000 	 1.344786e+01 	 7.887723e+00 	 1.900799e+01
35.000000 	 1.398790e+01 	 8.335454e+00 	 1.964034e+01
30.000000 	 1.450295e+01 	 8.801136e+00 	 2.020477e+01
25.000000 	 1.497454e+01 	 9.255242e+00 	 2.069384e+01
20.000000 	 1.538575e+01 	 9.670058e+00 	 2.110144e+01
15.000000 	 1.572186e+01 	 1.002088e+01 	 2.142284e+01
10.000000 	 1.597086e+01 	 1.028712e+01 	 2.165461e+01
5.000000 	 1.612389e+01 	 1.045329e+01 	 2.179450e+01
0.000000 	 1.617551e+01 	 1.050977e+01 	 2.184126e+01
