180.000000 	 2.765171e+01 	 2.765171e+01 	 2.765171e+01
175.000000 	 2.760875e+01 	 2.571835e+01 	 2.949915e+01
170.000000 	 2.748039e+01 	 2.372936e+01 	 3.123143e+01
165.000000 	 2.726819e+01 	 2.171561e+01 	 3.282076e+01
160.000000 	 2.697466e+01 	 1.970809e+01 	 3.424123e+01
155.000000 	 2.660330e+01 	 1.773740e+01 	 3.546921e+01
150.000000 	 2.615841e+01 	 1.583317e+01 	 3.648365e+01
145.000000 	 2.564524e+01 	 1.402375e+01 	 3.726672e+01
140.000000 	 2.506949e+01 	 1.233520e+01 	 3.780379e+01
135.000000 	 2.443747e+01 	 1.079093e+01 	 3.808401e+01
130.000000 	 2.375583e+01 	 9.411070e+00 	 3.810059e+01
125.000000 	 2.303136e+01 	 8.211725e+00 	 3.785100e+01
120.000000 	 2.227081e+01 	 7.204440e+00 	 3.733717e+01
115.000000 	 2.148064e+01 	 6.395618e+00 	 3.656566e+01
110.000000 	 2.066685e+01 	 5.786063e+00 	 3.554764e+01
105.000000 	 1.983472e+01 	 5.370667e+00 	 3.429877e+01
100.000000 	 1.898865e+01 	 5.138255e+00 	 3.283905e+01
95.000000 	 1.813204e+01 	 5.071688e+00 	 3.119239e+01
90.000000 	 1.726719e+01 	 5.148214e+00 	 2.938617e+01
85.000000 	 1.639536e+01 	 5.340146e+00 	 2.745058e+01
80.000000 	 1.551690e+01 	 5.615850e+00 	 2.541794e+01
75.000000 	 1.463146e+01 	 5.941052e+00 	 2.332186e+01
70.000000 	 1.373845e+01 	 6.280425e+00 	 2.119647e+01
65.000000 	 1.283748e+01 	 6.599376e+00 	 1.907559e+01
60.000000 	 1.192899e+01 	 6.865942e+00 	 1.699203e+01
55.000000 	 1.101481e+01 	 7.052655e+00 	 1.497696e+01
50.000000 	 1.009887e+01 	 7.138231e+00 	 1.305950e+01
45.000000 	 9.187679e+00 	 7.108965e+00 	 1.126639e+01
40.000000 	 8.290811e+00 	 6.959723e+00 	 9.621899e+00
35.000000 	 7.421167e+00 	 6.694521e+00 	 8.147813e+00
30.000000 	 6.595131e+00 	 6.326738e+00 	 6.863525e+00
25.000000 	 5.832534e+00 	 5.879074e+00 	 5.785995e+00
20.000000 	 5.156329e+00 	 5.383302e+00 	 4.929356e+00
15.000000 	 4.591717e+00 	 4.879629e+00 	 4.303805e+00
10.000000 	 4.164299e+00 	 4.415154e+00 	 3.913444e+00
5.000000 	 3.896967e+00 	 4.040711e+00 	 3.753222e+00
0.000000 	 3.805896e+00 	 3.805896e+00 	 3.805896e+00
