180.000000 	 -1.817575e-16 
175.000000 	 -1.335591e-03 
170.000000 	 -5.346219e-03 
165.000000 	 -1.204333e-02 
160.000000 	 -2.141925e-02 
155.000000 	 -3.353746e-02 
150.000000 	 -4.838377e-02 
145.000000 	 -6.600866e-02 
140.000000 	 -8.643113e-02 
135.000000 	 -1.096323e-01 
130.000000 	 -1.356065e-01 
125.000000 	 -1.642126e-01 
120.000000 	 -1.952668e-01 
115.000000 	 -2.283744e-01 
110.000000 	 -2.629683e-01 
105.000000 	 -2.981813e-01 
100.000000 	 -3.328310e-01 
95.000000 	 -3.653344e-01 
90.000000 	 -3.937797e-01 
85.000000 	 -4.160030e-01 
80.000000 	 -4.298337e-01 
75.000000 	 -4.334127e-01 
70.000000 	 -4.255736e-01 
65.000000 	 -4.061610e-01 
60.000000 	 -3.761711e-01 
55.000000 	 -3.376450e-01 
50.000000 	 -2.933350e-01 
45.000000 	 -2.462558e-01 
40.000000 	 -1.992582e-01 
35.000000 	 -1.547277e-01 
30.000000 	 -1.144499e-01 
25.000000 	 -7.960402e-02 
20.000000 	 -5.086225e-02 
15.000000 	 -2.851915e-02 
10.000000 	 -1.263344e-02 
5.000000 	 -3.150833e-03 
0.000000 	 -0.000000e+00 
