180.000000 	 3.863661e+01 	 3.863661e+01 	 3.863661e+01
175.000000 	 3.858501e+01 	 3.642919e+01 	 4.074083e+01
170.000000 	 3.843080e+01 	 3.415536e+01 	 4.270625e+01
165.000000 	 3.817581e+01 	 3.185274e+01 	 4.449887e+01
160.000000 	 3.782302e+01 	 2.955933e+01 	 4.608672e+01
155.000000 	 3.737664e+01 	 2.731308e+01 	 4.744020e+01
150.000000 	 3.683889e+01 	 2.514876e+01 	 4.852903e+01
145.000000 	 3.622313e+01 	 2.310858e+01 	 4.933768e+01
140.000000 	 3.553222e+01 	 2.122314e+01 	 4.984130e+01
135.000000 	 3.477705e+01 	 1.952660e+01 	 5.002751e+01
130.000000 	 3.396554e+01 	 1.804680e+01 	 4.988428e+01
125.000000 	 3.310867e+01 	 1.680955e+01 	 4.940778e+01
120.000000 	 3.221729e+01 	 1.583528e+01 	 4.859930e+01
115.000000 	 3.130283e+01 	 1.513888e+01 	 4.746678e+01
110.000000 	 3.037708e+01 	 1.472887e+01 	 4.602529e+01
105.000000 	 2.945191e+01 	 1.460660e+01 	 4.429723e+01
100.000000 	 2.853907e+01 	 1.476558e+01 	 4.231256e+01
95.000000 	 2.764983e+01 	 1.519100e+01 	 4.010867e+01
90.000000 	 2.679476e+01 	 1.585951e+01 	 3.773000e+01
85.000000 	 2.598336e+01 	 1.673933e+01 	 3.522739e+01
80.000000 	 2.522386e+01 	 1.779066e+01 	 3.265705e+01
75.000000 	 2.452289e+01 	 1.896663e+01 	 3.007916e+01
70.000000 	 2.388532e+01 	 2.021450e+01 	 2.755613e+01
65.000000 	 2.331410e+01 	 2.147764e+01 	 2.515056e+01
60.000000 	 2.281015e+01 	 2.269728e+01 	 2.292302e+01
55.000000 	 2.237232e+01 	 2.381510e+01 	 2.092954e+01
50.000000 	 2.199745e+01 	 2.477563e+01 	 1.921927e+01
45.000000 	 2.168048e+01 	 2.552883e+01 	 1.783214e+01
40.000000 	 2.141473e+01 	 2.603254e+01 	 1.679692e+01
35.000000 	 2.119222e+01 	 2.625472e+01 	 1.612972e+01
30.000000 	 2.100448e+01 	 2.617569e+01 	 1.583326e+01
25.000000 	 2.084370e+01 	 2.579048e+01 	 1.589692e+01
20.000000 	 2.070440e+01 	 2.511129e+01 	 1.629750e+01
15.000000 	 2.058525e+01 	 2.417015e+01 	 1.700035e+01
10.000000 	 2.049025e+01 	 2.302062e+01 	 1.795987e+01
5.000000 	 2.042750e+01 	 2.173645e+01 	 1.911855e+01
0.000000 	 2.040539e+01 	 2.040539e+01 	 2.040539e+01
