180.000000 	 -5.790993e-17 
175.000000 	 -1.562668e-03 
170.000000 	 -6.249296e-03 
165.000000 	 -1.405617e-02 
160.000000 	 -2.495426e-02 
155.000000 	 -3.897598e-02 
150.000000 	 -5.608056e-02 
145.000000 	 -7.628686e-02 
140.000000 	 -9.957422e-02 
135.000000 	 -1.259496e-01 
130.000000 	 -1.553448e-01 
125.000000 	 -1.876391e-01 
120.000000 	 -2.226311e-01 
115.000000 	 -2.599538e-01 
110.000000 	 -2.990172e-01 
105.000000 	 -3.389314e-01 
100.000000 	 -3.784240e-01 
95.000000 	 -4.157937e-01 
90.000000 	 -4.489006e-01 
85.000000 	 -4.752770e-01 
80.000000 	 -4.923637e-01 
75.000000 	 -4.978860e-01 
70.000000 	 -4.903100e-01 
65.000000 	 -4.692566e-01 
60.000000 	 -4.357066e-01 
55.000000 	 -3.919314e-01 
50.000000 	 -3.411053e-01 
45.000000 	 -2.867710e-01 
40.000000 	 -2.323095e-01 
35.000000 	 -1.805669e-01 
30.000000 	 -1.336757e-01 
25.000000 	 -9.304872e-02 
20.000000 	 -5.949553e-02 
15.000000 	 -3.338146e-02 
10.000000 	 -1.479481e-02 
5.000000 	 -3.691080e-03 
0.000000 	 -0.000000e+00 
