180.000000 	 1.055905e+02 	 1.055905e+02 	 1.055905e+02
175.000000 	 1.057467e+02 	 1.006297e+02 	 1.108637e+02
170.000000 	 1.055857e+02 	 9.542222e+01 	 1.157492e+02
165.000000 	 1.053186e+02 	 9.025008e+01 	 1.203870e+02
160.000000 	 1.049468e+02 	 8.518735e+01 	 1.247062e+02
155.000000 	 1.044189e+02 	 8.026919e+01 	 1.285686e+02
150.000000 	 1.038314e+02 	 7.565107e+01 	 1.320118e+02
145.000000 	 1.031829e+02 	 7.140792e+01 	 1.349579e+02
140.000000 	 1.024432e+02 	 6.760150e+01 	 1.372849e+02
135.000000 	 1.016439e+02 	 6.434070e+01 	 1.389470e+02
130.000000 	 1.008001e+02 	 6.172572e+01 	 1.398745e+02
125.000000 	 9.993250e+01 	 5.986287e+01 	 1.400021e+02
120.000000 	 9.907569e+01 	 5.886832e+01 	 1.392831e+02
115.000000 	 9.826629e+01 	 5.885890e+01 	 1.376737e+02
110.000000 	 9.755542e+01 	 5.995529e+01 	 1.351556e+02
105.000000 	 9.700630e+01 	 6.227895e+01 	 1.317337e+02
100.000000 	 9.669537e+01 	 6.594750e+01 	 1.274432e+02
95.000000 	 9.671540e+01 	 7.106438e+01 	 1.223664e+02
90.000000 	 9.717299e+01 	 7.771822e+01 	 1.166278e+02
85.000000 	 9.818928e+01 	 8.596884e+01 	 1.104097e+02
80.000000 	 9.989677e+01 	 9.583679e+01 	 1.039568e+02
75.000000 	 1.024343e+02 	 1.072903e+02 	 9.757831e+01
70.000000 	 1.059382e+02 	 1.202282e+02 	 9.164824e+01
65.000000 	 1.105355e+02 	 1.344771e+02 	 8.659391e+01
60.000000 	 1.163236e+02 	 1.497611e+02 	 8.288618e+01
55.000000 	 1.233570e+02 	 1.657035e+02 	 8.101043e+01
50.000000 	 1.316264e+02 	 1.818200e+02 	 8.143290e+01
45.000000 	 1.410397e+02 	 1.975226e+02 	 8.455682e+01
40.000000 	 1.514039e+02 	 2.121358e+02 	 9.067204e+01
35.000000 	 1.624145e+02 	 2.249261e+02 	 9.990304e+01
30.000000 	 1.736538e+02 	 2.351451e+02 	 1.121625e+02
25.000000 	 1.846056e+02 	 2.420913e+02 	 1.271200e+02
20.000000 	 1.946852e+02 	 2.451767e+02 	 1.441936e+02
15.000000 	 2.032929e+02 	 2.440103e+02 	 1.625756e+02
10.000000 	 2.098789e+02 	 2.384699e+02 	 1.812878e+02
5.000000 	 2.140082e+02 	 2.287574e+02 	 1.992590e+02
0.000000 	 2.154143e+02 	 2.154143e+02 	 2.154143e+02
