180.000000 	 2.936605e+01 	 5.294256e+01 	 5.789535e+00
175.000000 	 2.932122e+01 	 5.275351e+01 	 5.888930e+00
170.000000 	 2.918728e+01 	 5.218920e+01 	 6.185363e+00
165.000000 	 2.896587e+01 	 5.125815e+01 	 6.673582e+00
160.000000 	 2.865967e+01 	 4.997448e+01 	 7.344854e+00
155.000000 	 2.827239e+01 	 4.835778e+01 	 8.187003e+00
150.000000 	 2.780850e+01 	 4.643252e+01 	 9.184483e+00
145.000000 	 2.727392e+01 	 4.422942e+01 	 1.031842e+01
140.000000 	 2.667467e+01 	 4.178254e+01 	 1.156680e+01
135.000000 	 2.601759e+01 	 3.913051e+01 	 1.290467e+01
130.000000 	 2.531006e+01 	 3.631582e+01 	 1.430431e+01
125.000000 	 2.455960e+01 	 3.338352e+01 	 1.573568e+01
120.000000 	 2.377384e+01 	 3.038089e+01 	 1.716679e+01
115.000000 	 2.296020e+01 	 2.735614e+01 	 1.856425e+01
110.000000 	 2.212571e+01 	 2.435743e+01 	 1.989398e+01
105.000000 	 2.127675e+01 	 2.143157e+01 	 2.112192e+01
100.000000 	 2.041884e+01 	 1.862272e+01 	 2.221495e+01
95.000000 	 1.955647e+01 	 1.597105e+01 	 2.314189e+01
90.000000 	 1.869299e+01 	 1.351145e+01 	 2.387453e+01
85.000000 	 1.783055e+01 	 1.127233e+01 	 2.438878e+01
80.000000 	 1.697021e+01 	 9.274693e+00 	 2.466573e+01
75.000000 	 1.611210e+01 	 7.531470e+00 	 2.469272e+01
70.000000 	 1.525576e+01 	 6.047231e+00 	 2.446428e+01
65.000000 	 1.440059e+01 	 4.818347e+00 	 2.398283e+01
60.000000 	 1.354640e+01 	 3.833594e+00 	 2.325921e+01
55.000000 	 1.269402e+01 	 3.075172e+00 	 2.231286e+01
50.000000 	 1.184589e+01 	 2.520052e+00 	 2.117174e+01
45.000000 	 1.100670e+01 	 2.141519e+00 	 1.987189e+01
40.000000 	 1.018381e+01 	 1.910738e+00 	 1.845688e+01
35.000000 	 9.387618e+00 	 1.798175e+00 	 1.697706e+01
30.000000 	 8.631834e+00 	 1.774738e+00 	 1.548893e+01
25.000000 	 7.933557e+00 	 1.812608e+00 	 1.405451e+01
20.000000 	 7.313173e+00 	 1.885849e+00 	 1.274050e+01
15.000000 	 6.793725e+00 	 1.971002e+00 	 1.161645e+01
10.000000 	 6.399292e+00 	 2.047907e+00 	 1.075068e+01
5.000000 	 6.151937e+00 	 2.100813e+00 	 1.020306e+01
0.000000 	 6.067543e+00 	 2.119613e+00 	 1.001547e+01
