180.000000 	 5.621780e-17 
175.000000 	 -1.489899e-03 
170.000000 	 -5.960375e-03 
165.000000 	 -1.341395e-02 
160.000000 	 -2.383111e-02 
155.000000 	 -3.725582e-02 
150.000000 	 -5.365929e-02 
145.000000 	 -7.307211e-02 
140.000000 	 -9.548229e-02 
135.000000 	 -1.209060e-01 
130.000000 	 -1.492772e-01 
125.000000 	 -1.804718e-01 
120.000000 	 -2.142851e-01 
115.000000 	 -2.503435e-01 
110.000000 	 -2.880513e-01 
105.000000 	 -3.265171e-01 
100.000000 	 -3.644822e-01 
95.000000 	 -4.002754e-01 
90.000000 	 -4.318235e-01 
85.000000 	 -4.567560e-01 
80.000000 	 -4.726439e-01 
75.000000 	 -4.773612e-01 
70.000000 	 -4.695141e-01 
65.000000 	 -4.488204e-01 
60.000000 	 -4.162847e-01 
55.000000 	 -3.741167e-01 
50.000000 	 -3.253561e-01 
45.000000 	 -2.733671e-01 
40.000000 	 -2.213485e-01 
35.000000 	 -1.719848e-01 
30.000000 	 -1.272838e-01 
25.000000 	 -8.857627e-02 
20.000000 	 -5.662268e-02 
15.000000 	 -3.176302e-02 
10.000000 	 -1.407531e-02 
5.000000 	 -3.511225e-03 
0.000000 	 -0.000000e+00 
