180.000000 	 1.381220e+02 	 1.381220e+02 	 1.381220e+02
175.000000 	 1.382144e+02 	 1.298999e+02 	 1.465288e+02
170.000000 	 1.384840e+02 	 1.219578e+02 	 1.550101e+02
165.000000 	 1.389093e+02 	 1.143735e+02 	 1.634450e+02
160.000000 	 1.397976e+02 	 1.075388e+02 	 1.720563e+02
155.000000 	 1.405565e+02 	 1.009587e+02 	 1.801543e+02
150.000000 	 1.412551e+02 	 9.477740e+01 	 1.877328e+02
145.000000 	 1.418660e+02 	 8.903366e+01 	 1.946983e+02
140.000000 	 1.423434e+02 	 8.373980e+01 	 2.009470e+02
135.000000 	 1.426719e+02 	 7.893046e+01 	 2.064134e+02
130.000000 	 1.427604e+02 	 7.456474e+01 	 2.109560e+02
125.000000 	 1.425897e+02 	 7.067289e+01 	 2.145066e+02
120.000000 	 1.421568e+02 	 6.730726e+01 	 2.170062e+02
115.000000 	 1.414883e+02 	 6.456225e+01 	 2.184143e+02
110.000000 	 1.406226e+02 	 6.255629e+01 	 2.186888e+02
105.000000 	 1.396595e+02 	 6.149162e+01 	 2.178274e+02
100.000000 	 1.387283e+02 	 6.161362e+01 	 2.158431e+02
95.000000 	 1.380120e+02 	 6.323592e+01 	 2.127881e+02
90.000000 	 1.377454e+02 	 6.673118e+01 	 2.087596e+02
85.000000 	 1.382195e+02 	 7.250560e+01 	 2.039334e+02
80.000000 	 1.397772e+02 	 8.099560e+01 	 1.985587e+02
75.000000 	 1.428107e+02 	 9.261107e+01 	 1.930104e+02
70.000000 	 1.477481e+02 	 1.077024e+02 	 1.877937e+02
65.000000 	 1.550336e+02 	 1.265051e+02 	 1.835622e+02
60.000000 	 1.650992e+02 	 1.490842e+02 	 1.811143e+02
55.000000 	 1.783258e+02 	 1.752889e+02 	 1.813626e+02
50.000000 	 1.949785e+02 	 2.046870e+02 	 1.852700e+02
45.000000 	 2.151578e+02 	 2.365820e+02 	 1.937336e+02
40.000000 	 2.387131e+02 	 2.699861e+02 	 2.074401e+02
35.000000 	 2.651669e+02 	 3.036464e+02 	 2.266874e+02
30.000000 	 2.936487e+02 	 3.360834e+02 	 2.512139e+02
25.000000 	 3.228551e+02 	 3.656424e+02 	 2.800677e+02
20.000000 	 3.510733e+02 	 3.905744e+02 	 3.115723e+02
15.000000 	 3.762727e+02 	 4.091418e+02 	 3.434035e+02
10.000000 	 3.963182e+02 	 4.198135e+02 	 3.728228e+02
5.000000 	 4.092794e+02 	 4.215015e+02 	 3.970574e+02
0.000000 	 4.137723e+02 	 4.137723e+02 	 4.137723e+02
