180.000000 	 1.923969e-17 
175.000000 	 -3.806496e-04 
170.000000 	 -1.529657e-03 
165.000000 	 -3.467956e-03 
160.000000 	 -6.229516e-03 
155.000000 	 -9.807451e-03 
150.000000 	 -1.430255e-02 
145.000000 	 -1.980424e-02 
140.000000 	 -2.630645e-02 
135.000000 	 -3.390189e-02 
130.000000 	 -4.263184e-02 
125.000000 	 -5.247987e-02 
120.000000 	 -6.347657e-02 
115.000000 	 -7.546964e-02 
110.000000 	 -8.832592e-02 
105.000000 	 -1.016964e-01 
100.000000 	 -1.151672e-01 
95.000000 	 -1.281464e-01 
90.000000 	 -1.398965e-01 
85.000000 	 -1.495725e-01 
80.000000 	 -1.563001e-01 
75.000000 	 -1.592941e-01 
70.000000 	 -1.579980e-01 
65.000000 	 -1.522154e-01 
60.000000 	 -1.421790e-01 
55.000000 	 -1.285511e-01 
50.000000 	 -1.123239e-01 
45.000000 	 -9.466288e-02 
40.000000 	 -7.673588e-02 
35.000000 	 -5.957044e-02 
30.000000 	 -4.396650e-02 
25.000000 	 -3.046624e-02 
20.000000 	 -1.937682e-02 
15.000000 	 -1.081336e-02 
10.000000 	 -4.770446e-03 
5.000000 	 -1.186508e-03 
0.000000 	 -0.000000e+00 
