180.000000 	 8.934937e-17 
175.000000 	 6.210847e-04 
170.000000 	 2.480016e-03 
165.000000 	 5.563562e-03 
160.000000 	 9.848788e-03 
155.000000 	 1.531846e-02 
150.000000 	 2.189839e-02 
145.000000 	 2.955180e-02 
140.000000 	 3.817114e-02 
135.000000 	 4.767811e-02 
130.000000 	 5.792870e-02 
125.000000 	 6.876201e-02 
120.000000 	 7.998164e-02 
115.000000 	 9.135253e-02 
110.000000 	 1.025976e-01 
105.000000 	 1.133976e-01 
100.000000 	 1.233938e-01 
95.000000 	 1.321960e-01 
90.000000 	 1.394000e-01 
85.000000 	 1.445974e-01 
80.000000 	 1.474269e-01 
75.000000 	 1.475895e-01 
70.000000 	 1.449024e-01 
65.000000 	 1.393250e-01 
60.000000 	 1.309834e-01 
55.000000 	 1.201768e-01 
50.000000 	 1.073609e-01 
45.000000 	 9.310984e-02 
40.000000 	 7.807197e-02 
35.000000 	 6.291592e-02 
30.000000 	 4.829015e-02 
25.000000 	 3.479223e-02 
20.000000 	 2.295183e-02 
15.000000 	 1.322325e-02 
10.000000 	 5.980554e-03 
5.000000 	 1.511246e-03 
0.000000 	 0.000000e+00 
