180.000000 	 -1.690779e-16 
175.000000 	 2.983688e-03 
170.000000 	 1.195617e-02 
165.000000 	 2.697896e-02 
160.000000 	 4.814500e-02 
155.000000 	 7.556305e-02 
150.000000 	 1.093331e-01 
145.000000 	 1.495101e-01 
140.000000 	 1.960538e-01 
135.000000 	 2.487602e-01 
130.000000 	 3.071748e-01 
125.000000 	 3.704876e-01 
120.000000 	 4.374185e-01 
115.000000 	 5.061111e-01 
110.000000 	 5.740632e-01 
105.000000 	 6.381391e-01 
100.000000 	 6.947092e-01 
95.000000 	 7.399501e-01 
90.000000 	 7.702989e-01 
85.000000 	 7.829922e-01 
80.000000 	 7.765615e-01 
75.000000 	 7.511364e-01 
70.000000 	 7.084514e-01 
65.000000 	 6.515525e-01 
60.000000 	 5.842973e-01 
55.000000 	 5.108011e-01 
50.000000 	 4.349647e-01 
45.000000 	 3.601597e-01 
40.000000 	 2.890850e-01 
35.000000 	 2.237592e-01 
30.000000 	 1.655996e-01 
25.000000 	 1.155408e-01 
20.000000 	 7.415908e-02 
15.000000 	 4.178396e-02 
10.000000 	 1.858726e-02 
5.000000 	 4.648776e-03 
0.000000 	 0.000000e+00 
