180.000000 	 1.797965e+01 	 1.797965e+01 	 1.797965e+01
175.000000 	 1.793125e+01 	 1.712758e+01 	 1.873492e+01
170.000000 	 1.778721e+01 	 1.619229e+01 	 1.938212e+01
165.000000 	 1.755101e+01 	 1.518946e+01 	 1.991257e+01
160.000000 	 1.722841e+01 	 1.413649e+01 	 2.032033e+01
155.000000 	 1.682726e+01 	 1.305218e+01 	 2.060235e+01
150.000000 	 1.635745e+01 	 1.195636e+01 	 2.075855e+01
145.000000 	 1.583063e+01 	 1.086945e+01 	 2.079182e+01
140.000000 	 1.526001e+01 	 9.812065e+00 	 2.070796e+01
135.000000 	 1.466007e+01 	 8.804564e+00 	 2.051557e+01
130.000000 	 1.404622e+01 	 7.866597e+00 	 2.022584e+01
125.000000 	 1.343446e+01 	 7.016660e+00 	 1.985226e+01
120.000000 	 1.284097e+01 	 6.271659e+00 	 1.941028e+01
115.000000 	 1.228169e+01 	 5.646485e+00 	 1.891689e+01
110.000000 	 1.177187e+01 	 5.153625e+00 	 1.839011e+01
105.000000 	 1.132564e+01 	 4.802803e+00 	 1.784847e+01
100.000000 	 1.095553e+01 	 4.600681e+00 	 1.731037e+01
95.000000 	 1.067206e+01 	 4.550616e+00 	 1.679351e+01
90.000000 	 1.048337e+01 	 4.652486e+00 	 1.631425e+01
85.000000 	 1.039480e+01 	 4.902598e+00 	 1.588700e+01
80.000000 	 1.040871e+01 	 5.293689e+00 	 1.552373e+01
75.000000 	 1.052422e+01 	 5.815017e+00 	 1.523343e+01
70.000000 	 1.073718e+01 	 6.452549e+00 	 1.502182e+01
65.000000 	 1.104017e+01 	 7.189263e+00 	 1.489108e+01
60.000000 	 1.142266e+01 	 8.005543e+00 	 1.483977e+01
55.000000 	 1.187131e+01 	 8.879683e+00 	 1.486293e+01
50.000000 	 1.237036e+01 	 9.788497e+00 	 1.495222e+01
45.000000 	 1.290218e+01 	 1.070802e+01 	 1.509634e+01
40.000000 	 1.344786e+01 	 1.161430e+01 	 1.528142e+01
35.000000 	 1.398790e+01 	 1.248423e+01 	 1.549157e+01
30.000000 	 1.450295e+01 	 1.329646e+01 	 1.570945e+01
25.000000 	 1.497454e+01 	 1.403223e+01 	 1.591685e+01
20.000000 	 1.538575e+01 	 1.467619e+01 	 1.609531e+01
15.000000 	 1.572186e+01 	 1.521703e+01 	 1.622669e+01
10.000000 	 1.597086e+01 	 1.564790e+01 	 1.629383e+01
5.000000 	 1.612389e+01 	 1.596661e+01 	 1.628118e+01
0.000000 	 1.617551e+01 	 1.617551e+01 	 1.617551e+01
