180.000000 	 6.796360e+01 	 6.796360e+01 	 6.796360e+01
175.000000 	 6.790471e+01 	 6.445616e+01 	 7.135327e+01
170.000000 	 6.772858e+01 	 6.088657e+01 	 7.457059e+01
165.000000 	 6.743676e+01 	 5.731148e+01 	 7.756203e+01
160.000000 	 6.703192e+01 	 5.378861e+01 	 8.027524e+01
155.000000 	 6.648882e+01 	 5.035311e+01 	 8.262454e+01
150.000000 	 6.587519e+01 	 4.711634e+01 	 8.463403e+01
145.000000 	 6.515439e+01 	 4.410327e+01 	 8.620552e+01
140.000000 	 6.435292e+01 	 4.138868e+01 	 8.731717e+01
135.000000 	 6.347848e+01 	 3.903117e+01 	 8.792580e+01
130.000000 	 6.254468e+01 	 3.709162e+01 	 8.799774e+01
125.000000 	 6.156176e+01 	 3.562594e+01 	 8.749758e+01
120.000000 	 6.055108e+01 	 3.469280e+01 	 8.640937e+01
115.000000 	 5.953586e+01 	 3.434643e+01 	 8.472528e+01
110.000000 	 5.854151e+01 	 3.463440e+01 	 8.244863e+01
105.000000 	 5.759918e+01 	 3.559720e+01 	 7.960116e+01
100.000000 	 5.674369e+01 	 3.726625e+01 	 7.622112e+01
95.000000 	 5.601553e+01 	 3.965900e+01 	 7.237206e+01
90.000000 	 5.545853e+01 	 4.277878e+01 	 6.813829e+01
85.000000 	 5.512086e+01 	 4.660743e+01 	 6.363429e+01
80.000000 	 5.505240e+01 	 5.110593e+01 	 5.899887e+01
75.000000 	 5.530375e+01 	 5.620951e+01 	 5.439799e+01
70.000000 	 5.592209e+01 	 6.182133e+01 	 5.002286e+01
65.000000 	 5.694871e+01 	 6.781577e+01 	 4.608165e+01
60.000000 	 5.841348e+01 	 7.403348e+01 	 4.279347e+01
55.000000 	 6.032987e+01 	 8.028331e+01 	 4.037643e+01
50.000000 	 6.268734e+01 	 8.634185e+01 	 3.903283e+01
45.000000 	 6.544822e+01 	 9.196369e+01 	 3.893276e+01
40.000000 	 6.854142e+01 	 9.688705e+01 	 4.019580e+01
35.000000 	 7.185968e+01 	 1.008464e+02 	 4.287296e+01
30.000000 	 7.526185e+01 	 1.035908e+02 	 4.693293e+01
25.000000 	 7.857800e+01 	 1.049032e+02 	 5.225280e+01
20.000000 	 8.162181e+01 	 1.046252e+02 	 5.861842e+01
15.000000 	 8.420827e+01 	 1.026824e+02 	 6.573418e+01
10.000000 	 8.617458e+01 	 9.910809e+01 	 7.324107e+01
5.000000 	 8.740145e+01 	 9.406149e+01 	 8.074141e+01
0.000000 	 8.781759e+01 	 8.781759e+01 	 8.781759e+01
