180.000000 	 1.887159e+01 	 3.756234e+01 	 1.808307e-01
175.000000 	 1.883180e+01 	 3.742280e+01 	 2.408120e-01
170.000000 	 1.871320e+01 	 3.700658e+01 	 4.198251e-01
165.000000 	 1.851799e+01 	 3.632090e+01 	 7.150873e-01
160.000000 	 1.824982e+01 	 3.537766e+01 	 1.121991e+00
155.000000 	 1.791369e+01 	 3.419323e+01 	 1.634155e+00
150.000000 	 1.751585e+01 	 3.278821e+01 	 2.243487e+00
145.000000 	 1.706369e+01 	 3.118709e+01 	 2.940287e+00
140.000000 	 1.656555e+01 	 2.941773e+01 	 3.713361e+00
135.000000 	 1.603055e+01 	 2.751092e+01 	 4.550172e+00
130.000000 	 1.546837e+01 	 2.549971e+01 	 5.437026e+00
125.000000 	 1.488899e+01 	 2.341869e+01 	 6.359285e+00
120.000000 	 1.430245e+01 	 2.130327e+01 	 7.301617e+00
115.000000 	 1.371852e+01 	 1.918877e+01 	 8.248282e+00
110.000000 	 1.314648e+01 	 1.710953e+01 	 9.183444e+00
105.000000 	 1.259477e+01 	 1.509803e+01 	 1.009152e+01
100.000000 	 1.207074e+01 	 1.318397e+01 	 1.095752e+01
95.000000 	 1.158042e+01 	 1.139341e+01 	 1.176744e+01
90.000000 	 1.112832e+01 	 9.748037e+00 	 1.250861e+01
85.000000 	 1.071730e+01 	 8.264550e+00 	 1.317005e+01
80.000000 	 1.034850e+01 	 6.954241e+00 	 1.374275e+01
75.000000 	 1.002141e+01 	 5.822806e+00 	 1.422001e+01
70.000000 	 9.733987e+00 	 4.870391e+00 	 1.459758e+01
65.000000 	 9.482878e+00 	 4.091909e+00 	 1.487385e+01
60.000000 	 9.263754e+00 	 3.477587e+00 	 1.504992e+01
55.000000 	 9.071693e+00 	 3.013716e+00 	 1.512967e+01
50.000000 	 8.901633e+00 	 2.683545e+00 	 1.511972e+01
45.000000 	 8.748835e+00 	 2.468234e+00 	 1.502944e+01
40.000000 	 8.609344e+00 	 2.347795e+00 	 1.487089e+01
35.000000 	 8.480393e+00 	 2.301942e+00 	 1.465884e+01
30.000000 	 8.360726e+00 	 2.310823e+00 	 1.441063e+01
25.000000 	 8.250772e+00 	 2.355614e+00 	 1.414593e+01
20.000000 	 8.152617e+00 	 2.419033e+00 	 1.388620e+01
15.000000 	 8.069694e+00 	 2.485830e+00 	 1.365356e+01
10.000000 	 8.006175e+00 	 2.543294e+00 	 1.346906e+01
5.000000 	 7.966090e+00 	 2.581800e+00 	 1.335038e+01
0.000000 	 7.952369e+00 	 2.595321e+00 	 1.330942e+01
