180.000000 	 -1.844045e-16 
175.000000 	 -2.140851e-03 
170.000000 	 -8.499079e-03 
165.000000 	 -1.889043e-02 
160.000000 	 -3.296107e-02 
155.000000 	 -5.044342e-02 
150.000000 	 -7.099308e-02 
145.000000 	 -9.430031e-02 
140.000000 	 -1.200972e-01 
135.000000 	 -1.482877e-01 
130.000000 	 -1.787920e-01 
125.000000 	 -2.117030e-01 
120.000000 	 -2.471877e-01 
115.000000 	 -2.854511e-01 
110.000000 	 -3.267016e-01 
105.000000 	 -3.709824e-01 
100.000000 	 -4.180394e-01 
95.000000 	 -4.670951e-01 
90.000000 	 -5.166286e-01 
85.000000 	 -5.640322e-01 
80.000000 	 -6.055861e-01 
75.000000 	 -6.367827e-01 
70.000000 	 -6.526570e-01 
65.000000 	 -6.491637e-01 
60.000000 	 -6.242285e-01 
55.000000 	 -5.786147e-01 
50.000000 	 -5.159512e-01 
45.000000 	 -4.418952e-01 
40.000000 	 -3.628307e-01 
35.000000 	 -2.846619e-01 
30.000000 	 -2.120585e-01 
25.000000 	 -1.482219e-01 
20.000000 	 -9.503991e-02 
15.000000 	 -5.342911e-02 
10.000000 	 -2.371168e-02 
5.000000 	 -5.920348e-03 
0.000000 	 -0.000000e+00 
