180.000000 	 -1.521124e-17 
175.000000 	 4.049336e-04 
170.000000 	 1.614799e-03 
165.000000 	 3.614662e-03 
160.000000 	 6.379214e-03 
155.000000 	 9.899553e-03 
150.000000 	 1.408317e-02 
145.000000 	 1.891146e-02 
140.000000 	 2.426451e-02 
135.000000 	 3.009393e-02 
130.000000 	 3.626638e-02 
125.000000 	 4.265411e-02 
120.000000 	 4.910988e-02 
115.000000 	 5.546700e-02 
110.000000 	 6.155166e-02 
105.000000 	 6.713949e-02 
100.000000 	 7.203264e-02 
95.000000 	 7.602569e-02 
90.000000 	 7.890213e-02 
85.000000 	 8.049749e-02 
80.000000 	 8.066992e-02 
75.000000 	 7.935450e-02 
70.000000 	 7.655251e-02 
65.000000 	 7.235285e-02 
60.000000 	 6.692519e-02 
55.000000 	 6.050429e-02 
50.000000 	 5.336972e-02 
45.000000 	 4.581393e-02 
40.000000 	 3.812862e-02 
35.000000 	 3.058214e-02 
30.000000 	 2.342089e-02 
25.000000 	 1.687079e-02 
20.000000 	 1.114205e-02 
15.000000 	 6.430647e-03 
10.000000 	 2.913606e-03 
5.000000 	 7.372032e-04 
0.000000 	 0.000000e+00 
