180.000000 	 1.676211e+02 	 3.200060e+02 	 1.523610e+01
175.000000 	 1.676637e+02 	 3.196691e+02 	 1.565820e+01
170.000000 	 1.677900e+02 	 3.186567e+02 	 1.692324e+01
165.000000 	 1.679966e+02 	 3.169653e+02 	 1.902781e+01
160.000000 	 1.682995e+02 	 3.145803e+02 	 2.201871e+01
155.000000 	 1.686474e+02 	 3.115151e+02 	 2.577975e+01
150.000000 	 1.690666e+02 	 3.077551e+02 	 3.037817e+01
145.000000 	 1.695353e+02 	 3.033088e+02 	 3.576180e+01
140.000000 	 1.700520e+02 	 2.981908e+02 	 4.191315e+01
135.000000 	 1.706244e+02 	 2.924349e+02 	 4.881392e+01
130.000000 	 1.712553e+02 	 2.860999e+02 	 5.641080e+01
125.000000 	 1.719780e+02 	 2.792830e+02 	 6.467308e+01
120.000000 	 1.728295e+02 	 2.721272e+02 	 7.353183e+01
115.000000 	 1.738816e+02 	 2.648403e+02 	 8.292288e+01
110.000000 	 1.752282e+02 	 2.577056e+02 	 9.275069e+01
105.000000 	 1.770025e+02 	 2.511013e+02 	 1.029037e+02
100.000000 	 1.793819e+02 	 2.455163e+02 	 1.132475e+02
95.000000 	 1.825916e+02 	 2.415639e+02 	 1.236192e+02
90.000000 	 1.869130e+02 	 2.399933e+02 	 1.338327e+02
85.000000 	 1.926833e+02 	 2.416900e+02 	 1.436766e+02
80.000000 	 2.002918e+02 	 2.476657e+02 	 1.529180e+02
75.000000 	 2.101719e+02 	 2.590296e+02 	 1.613141e+02
70.000000 	 2.227802e+02 	 2.769365e+02 	 1.686240e+02
65.000000 	 2.385667e+02 	 3.025068e+02 	 1.746267e+02
60.000000 	 2.579300e+02 	 3.367160e+02 	 1.791439e+02
55.000000 	 2.811594e+02 	 3.802549e+02 	 1.820638e+02
50.000000 	 3.083652e+02 	 4.333667e+02 	 1.833636e+02
45.000000 	 3.394010e+02 	 4.956764e+02 	 1.831257e+02
40.000000 	 3.737879e+02 	 5.660343e+02 	 1.815416e+02
35.000000 	 4.106529e+02 	 6.424036e+02 	 1.789021e+02
30.000000 	 4.486971e+02 	 7.218280e+02 	 1.755663e+02
25.000000 	 4.862174e+02 	 8.005098e+02 	 1.719249e+02
20.000000 	 5.211908e+02 	 8.740265e+02 	 1.683551e+02
15.000000 	 5.514366e+02 	 9.376873e+02 	 1.651860e+02
10.000000 	 5.748489e+02 	 9.870119e+02 	 1.626858e+02
5.000000 	 5.896700e+02 	 1.018268e+03 	 1.610725e+02
0.000000 	 5.947439e+02 	 1.028975e+03 	 1.605124e+02
