180.000000 	 -3.522265e-17 
175.000000 	 2.200012e-03 
170.000000 	 8.804686e-03 
165.000000 	 1.982628e-02 
160.000000 	 3.527960e-02 
155.000000 	 5.517322e-02 
150.000000 	 7.949647e-02 
145.000000 	 1.082018e-01 
140.000000 	 1.411816e-01 
135.000000 	 1.782397e-01 
130.000000 	 2.190575e-01 
125.000000 	 2.631556e-01 
120.000000 	 3.098538e-01 
115.000000 	 3.582350e-01 
110.000000 	 4.071174e-01 
105.000000 	 4.550475e-01 
100.000000 	 5.003206e-01 
95.000000 	 5.410408e-01 
90.000000 	 5.752238e-01 
85.000000 	 6.009400e-01 
80.000000 	 6.164859e-01 
75.000000 	 6.205581e-01 
70.000000 	 6.124038e-01 
65.000000 	 5.919188e-01 
60.000000 	 5.596765e-01 
55.000000 	 5.168870e-01 
50.000000 	 4.652998e-01 
45.000000 	 4.070757e-01 
40.000000 	 3.446528e-01 
35.000000 	 2.806282e-01 
30.000000 	 2.176639e-01 
25.000000 	 1.584134e-01 
20.000000 	 1.054558e-01 
15.000000 	 6.121398e-02 
10.000000 	 2.783960e-02 
5.000000 	 7.058490e-03 
0.000000 	 0.000000e+00 
