180.000000 	 5.194177e+01 	 5.194177e+01 	 5.194177e+01
175.000000 	 5.188528e+01 	 4.916613e+01 	 5.460443e+01
170.000000 	 5.171636e+01 	 4.632355e+01 	 5.710917e+01
165.000000 	 5.143677e+01 	 4.346104e+01 	 5.941249e+01
160.000000 	 5.104941e+01 	 4.062622e+01 	 6.147260e+01
155.000000 	 5.054410e+01 	 3.785523e+01 	 6.323298e+01
150.000000 	 4.995699e+01 	 3.522208e+01 	 6.469190e+01
145.000000 	 4.927343e+01 	 3.275649e+01 	 6.579037e+01
140.000000 	 4.851324e+01 	 3.051436e+01 	 6.651212e+01
135.000000 	 4.767761e+01 	 2.853448e+01 	 6.682073e+01
130.000000 	 4.678152e+01 	 2.686268e+01 	 6.670035e+01
125.000000 	 4.583715e+01 	 2.553835e+01 	 6.613595e+01
120.000000 	 4.485863e+01 	 2.459697e+01 	 6.512030e+01
115.000000 	 4.386202e+01 	 2.406882e+01 	 6.365521e+01
110.000000 	 4.286520e+01 	 2.397764e+01 	 6.175276e+01
105.000000 	 4.188792e+01 	 2.433919e+01 	 5.943665e+01
100.000000 	 4.095175e+01 	 2.515960e+01 	 5.674391e+01
95.000000 	 4.007918e+01 	 2.643434e+01 	 5.372401e+01
90.000000 	 3.929436e+01 	 2.814628e+01 	 5.044244e+01
85.000000 	 3.862190e+01 	 3.026442e+01 	 4.697937e+01
80.000000 	 3.808607e+01 	 3.274401e+01 	 4.342813e+01
75.000000 	 3.771010e+01 	 3.552403e+01 	 3.989618e+01
70.000000 	 3.751491e+01 	 3.852945e+01 	 3.650038e+01
65.000000 	 3.751706e+01 	 4.166927e+01 	 3.336486e+01
60.000000 	 3.772775e+01 	 4.484041e+01 	 3.061509e+01
55.000000 	 3.814969e+01 	 4.792731e+01 	 2.837208e+01
50.000000 	 3.877624e+01 	 5.080736e+01 	 2.674512e+01
45.000000 	 3.958831e+01 	 5.335300e+01 	 2.582362e+01
40.000000 	 4.055405e+01 	 5.543860e+01 	 2.566949e+01
35.000000 	 4.162764e+01 	 5.694567e+01 	 2.630960e+01
30.000000 	 4.275085e+01 	 5.777109e+01 	 2.773061e+01
25.000000 	 4.385610e+01 	 5.783584e+01 	 2.987635e+01
20.000000 	 4.487203e+01 	 5.709506e+01 	 3.264900e+01
15.000000 	 4.573124e+01 	 5.554869e+01 	 3.591379e+01
10.000000 	 4.637941e+01 	 5.325198e+01 	 3.950685e+01
5.000000 	 4.678003e+01 	 5.031863e+01 	 4.324143e+01
0.000000 	 4.691522e+01 	 4.691522e+01 	 4.691522e+01
