180.000000 	 1.340275e+02 	 2.276926e+02 	 4.036244e+01
175.000000 	 1.341298e+02 	 2.275262e+02 	 4.073329e+01
170.000000 	 1.344298e+02 	 2.270259e+02 	 4.183366e+01
165.000000 	 1.349081e+02 	 2.261882e+02 	 4.362796e+01
160.000000 	 1.358499e+02 	 2.254828e+02 	 4.621702e+01
155.000000 	 1.367084e+02 	 2.241414e+02 	 4.927529e+01
150.000000 	 1.375478e+02 	 2.223248e+02 	 5.277074e+01
145.000000 	 1.383440e+02 	 2.200669e+02 	 5.662106e+01
140.000000 	 1.390549e+02 	 2.173764e+02 	 6.073336e+01
135.000000 	 1.396660e+02 	 2.143018e+02 	 6.503031e+01
130.000000 	 1.400929e+02 	 2.107819e+02 	 6.940381e+01
125.000000 	 1.403173e+02 	 2.068484e+02 	 7.378614e+01
120.000000 	 1.403361e+02 	 2.025468e+02 	 7.812531e+01
115.000000 	 1.401693e+02 	 1.979507e+02 	 8.238786e+01
110.000000 	 1.398699e+02 	 1.931782e+02 	 8.656171e+01
105.000000 	 1.395186e+02 	 1.883895e+02 	 9.064766e+01
100.000000 	 1.392468e+02 	 1.838284e+02 	 9.466514e+01
95.000000 	 1.392347e+02 	 1.798273e+02 	 9.864215e+01
90.000000 	 1.397161e+02 	 1.768237e+02 	 1.026085e+02
85.000000 	 1.409802e+02 	 1.753739e+02 	 1.065866e+02
80.000000 	 1.433735e+02 	 1.761563e+02 	 1.105906e+02
75.000000 	 1.472913e+02 	 1.799598e+02 	 1.146227e+02
70.000000 	 1.531691e+02 	 1.876711e+02 	 1.186670e+02
65.000000 	 1.614597e+02 	 2.002043e+02 	 1.227150e+02
60.000000 	 1.726032e+02 	 2.184325e+02 	 1.267740e+02
55.000000 	 1.869870e+02 	 2.430847e+02 	 1.308892e+02
50.000000 	 2.048767e+02 	 2.745761e+02 	 1.351774e+02
45.000000 	 2.263648e+02 	 3.129130e+02 	 1.398166e+02
40.000000 	 2.512785e+02 	 3.575136e+02 	 1.450435e+02
35.000000 	 2.791105e+02 	 4.071324e+02 	 1.510885e+02
30.000000 	 3.089397e+02 	 4.597817e+02 	 1.580976e+02
25.000000 	 3.394059e+02 	 5.128041e+02 	 1.660076e+02
20.000000 	 3.687307e+02 	 5.630080e+02 	 1.744535e+02
15.000000 	 3.948393e+02 	 6.069533e+02 	 1.827253e+02
10.000000 	 4.155620e+02 	 6.412877e+02 	 1.898363e+02
5.000000 	 4.289293e+02 	 6.631501e+02 	 1.947084e+02
0.000000 	 4.335574e+02 	 6.706670e+02 	 1.964478e+02
