180.000000 	 6.853382e-18 
175.000000 	 2.445924e-04 
170.000000 	 9.729634e-04 
165.000000 	 2.168858e-03 
160.000000 	 3.805079e-03 
155.000000 	 5.878617e-03 
150.000000 	 8.283153e-03 
145.000000 	 1.101251e-02 
140.000000 	 1.396424e-02 
135.000000 	 1.705433e-02 
130.000000 	 2.016591e-02 
125.000000 	 2.323933e-02 
120.000000 	 2.615833e-02 
115.000000 	 2.876826e-02 
110.000000 	 3.097552e-02 
105.000000 	 3.268655e-02 
100.000000 	 3.378412e-02 
95.000000 	 3.422621e-02 
90.000000 	 3.396319e-02 
85.000000 	 3.302393e-02 
80.000000 	 3.146065e-02 
75.000000 	 2.937855e-02 
70.000000 	 2.692498e-02 
65.000000 	 2.425581e-02 
60.000000 	 2.152285e-02 
55.000000 	 1.884864e-02 
50.000000 	 1.630427e-02 
45.000000 	 1.391626e-02 
40.000000 	 1.167380e-02 
35.000000 	 9.544732e-03 
30.000000 	 7.512074e-03 
25.000000 	 5.582710e-03 
20.000000 	 3.803510e-03 
15.000000 	 2.256602e-03 
10.000000 	 1.044720e-03 
5.000000 	 2.679206e-04 
0.000000 	 0.000000e+00 
