180.000000 	 3.280239e+02 	 3.062425e+02 	 3.498052e+02
175.000000 	 3.278682e+02 	 3.060912e+02 	 3.496452e+02
170.000000 	 3.264910e+02 	 3.036703e+02 	 3.493117e+02
165.000000 	 3.241531e+02 	 2.997082e+02 	 3.485980e+02
160.000000 	 3.215044e+02 	 2.951366e+02 	 3.478722e+02
155.000000 	 3.173410e+02 	 2.887554e+02 	 3.459265e+02
150.000000 	 3.118509e+02 	 2.810220e+02 	 3.426799e+02
145.000000 	 3.051569e+02 	 2.723148e+02 	 3.379990e+02
140.000000 	 2.969906e+02 	 2.625332e+02 	 3.314481e+02
135.000000 	 2.875702e+02 	 2.521039e+02 	 3.230365e+02
130.000000 	 2.768497e+02 	 2.410879e+02 	 3.126115e+02
125.000000 	 2.649272e+02 	 2.296488e+02 	 3.002056e+02
120.000000 	 2.519587e+02 	 2.179488e+02 	 2.859686e+02
115.000000 	 2.381043e+02 	 2.060891e+02 	 2.701196e+02
110.000000 	 2.236059e+02 	 1.942084e+02 	 2.530034e+02
105.000000 	 2.087502e+02 	 1.824556e+02 	 2.350448e+02
100.000000 	 1.938656e+02 	 1.710055e+02 	 2.167257e+02
95.000000 	 1.793208e+02 	 1.600775e+02 	 1.985641e+02
90.000000 	 1.655121e+02 	 1.499541e+02 	 1.810701e+02
85.000000 	 1.528628e+02 	 1.409996e+02 	 1.647261e+02
80.000000 	 1.418023e+02 	 1.336668e+02 	 1.499377e+02
75.000000 	 1.327618e+02 	 1.285017e+02 	 1.370219e+02
70.000000 	 1.261487e+02 	 1.261182e+02 	 1.261791e+02
65.000000 	 1.223267e+02 	 1.271789e+02 	 1.174746e+02
60.000000 	 1.216039e+02 	 1.323175e+02 	 1.108904e+02
55.000000 	 1.242060e+02 	 1.420644e+02 	 1.063477e+02
50.000000 	 1.302574e+02 	 1.567422e+02 	 1.037726e+02
45.000000 	 1.397574e+02 	 1.763567e+02 	 1.031581e+02
40.000000 	 1.525504e+02 	 2.005030e+02 	 1.045978e+02
35.000000 	 1.682836e+02 	 2.283044e+02 	 1.082628e+02
30.000000 	 1.863576e+02 	 2.584306e+02 	 1.142846e+02
25.000000 	 2.058571e+02 	 2.891366e+02 	 1.225775e+02
20.000000 	 2.255166e+02 	 3.184137e+02 	 1.326195e+02
15.000000 	 2.437241e+02 	 3.441251e+02 	 1.433230e+02
10.000000 	 2.586628e+02 	 3.642564e+02 	 1.530692e+02
5.000000 	 2.685497e+02 	 3.771021e+02 	 1.599973e+02
0.000000 	 2.720228e+02 	 3.815259e+02 	 1.625197e+02
