180.000000 	 1.312931e+02 	 1.312931e+02 	 1.312931e+02
175.000000 	 1.319612e+02 	 1.243870e+02 	 1.395355e+02
170.000000 	 1.322814e+02 	 1.172059e+02 	 1.473568e+02
165.000000 	 1.327954e+02 	 1.103637e+02 	 1.552271e+02
160.000000 	 1.337670e+02 	 1.041848e+02 	 1.633491e+02
155.000000 	 1.346929e+02 	 9.824333e+01 	 1.711424e+02
150.000000 	 1.356335e+02 	 9.266186e+01 	 1.786051e+02
145.000000 	 1.365666e+02 	 8.747861e+01 	 1.856546e+02
140.000000 	 1.374542e+02 	 8.271499e+01 	 1.921935e+02
135.000000 	 1.382838e+02 	 7.841752e+01 	 1.981500e+02
130.000000 	 1.389771e+02 	 7.457416e+01 	 2.033800e+02
125.000000 	 1.395180e+02 	 7.123993e+01 	 2.077962e+02
120.000000 	 1.399047e+02 	 6.849510e+01 	 2.113143e+02
115.000000 	 1.401575e+02 	 6.645669e+01 	 2.138583e+02
110.000000 	 1.403292e+02 	 6.529250e+01 	 2.153659e+02
105.000000 	 1.404984e+02 	 6.520982e+01 	 2.157870e+02
100.000000 	 1.407998e+02 	 6.649343e+01 	 2.151061e+02
95.000000 	 1.414104e+02 	 6.947468e+01 	 2.133461e+02
90.000000 	 1.425643e+02 	 7.454446e+01 	 2.105842e+02
85.000000 	 1.445542e+02 	 8.212258e+01 	 2.069858e+02
80.000000 	 1.477297e+02 	 9.265445e+01 	 2.028049e+02
75.000000 	 1.524935e+02 	 1.065536e+02 	 1.984335e+02
70.000000 	 1.592885e+02 	 1.241682e+02 	 1.944088e+02
65.000000 	 1.685764e+02 	 1.457240e+02 	 1.914288e+02
60.000000 	 1.808055e+02 	 1.712663e+02 	 1.903447e+02
55.000000 	 1.963651e+02 	 2.006038e+02 	 1.921263e+02
50.000000 	 2.155254e+02 	 2.332633e+02 	 1.977876e+02
45.000000 	 2.383629e+02 	 2.684564e+02 	 2.082694e+02
40.000000 	 2.646882e+02 	 3.050908e+02 	 2.242856e+02
35.000000 	 2.939493e+02 	 3.417609e+02 	 2.461377e+02
30.000000 	 3.251769e+02 	 3.768131e+02 	 2.735407e+02
25.000000 	 3.569509e+02 	 4.084085e+02 	 3.054932e+02
20.000000 	 3.874366e+02 	 4.346335e+02 	 3.402397e+02
15.000000 	 4.144942e+02 	 4.536368e+02 	 3.753515e+02
10.000000 	 4.359152e+02 	 4.638586e+02 	 4.079719e+02
5.000000 	 4.497065e+02 	 4.642384e+02 	 4.351745e+02
0.000000 	 4.544664e+02 	 4.544664e+02 	 4.544664e+02
