180.000000 	 5.540597e+01 	 1.039417e+02 	 6.870262e+00
175.000000 	 5.534867e+01 	 1.036375e+02 	 7.059843e+00
170.000000 	 5.517736e+01 	 1.027284e+02 	 7.626335e+00
165.000000 	 5.489374e+01 	 1.012245e+02 	 8.562960e+00
160.000000 	 5.450067e+01 	 9.914303e+01 	 9.858320e+00
155.000000 	 5.398463e+01 	 9.647005e+01 	 1.149920e+01
150.000000 	 5.338882e+01 	 9.331869e+01 	 1.345895e+01
145.000000 	 5.269372e+01 	 8.967166e+01 	 1.571578e+01
140.000000 	 5.192192e+01 	 8.560912e+01 	 1.823471e+01
135.000000 	 5.107289e+01 	 8.116415e+01 	 2.098162e+01
130.000000 	 5.016295e+01 	 7.641370e+01 	 2.391220e+01
125.000000 	 4.920475e+01 	 7.143137e+01 	 2.697814e+01
120.000000 	 4.821329e+01 	 6.630098e+01 	 3.012560e+01
115.000000 	 4.720585e+01 	 6.111607e+01 	 3.329562e+01
110.000000 	 4.620204e+01 	 5.597934e+01 	 3.642475e+01
105.000000 	 4.522406e+01 	 5.100184e+01 	 3.944629e+01
100.000000 	 4.429567e+01 	 4.630093e+01 	 4.229041e+01
95.000000 	 4.344335e+01 	 4.199883e+01 	 4.488787e+01
90.000000 	 4.269521e+01 	 3.821973e+01 	 4.717070e+01
85.000000 	 4.208017e+01 	 3.508519e+01 	 4.907514e+01
80.000000 	 4.162773e+01 	 3.271091e+01 	 5.054455e+01
75.000000 	 4.136645e+01 	 3.120015e+01 	 5.153275e+01
70.000000 	 4.132211e+01 	 3.063779e+01 	 5.200643e+01
65.000000 	 4.151621e+01 	 3.108342e+01 	 5.194901e+01
60.000000 	 4.196345e+01 	 3.256412e+01 	 5.136278e+01
55.000000 	 4.266822e+01 	 3.506638e+01 	 5.027005e+01
50.000000 	 4.362325e+01 	 3.853110e+01 	 4.871539e+01
45.000000 	 4.480544e+01 	 4.284706e+01 	 4.676381e+01
40.000000 	 4.617530e+01 	 4.784998e+01 	 4.450061e+01
35.000000 	 4.767509e+01 	 5.332249e+01 	 4.202768e+01
30.000000 	 4.923059e+01 	 5.900035e+01 	 3.946083e+01
25.000000 	 5.075470e+01 	 6.458311e+01 	 3.692630e+01
20.000000 	 5.215426e+01 	 6.975041e+01 	 3.455810e+01
15.000000 	 5.333981e+01 	 7.418359e+01 	 3.249604e+01
10.000000 	 5.423640e+01 	 7.759124e+01 	 3.088156e+01
5.000000 	 5.479277e+01 	 7.973909e+01 	 2.984645e+01
0.000000 	 5.498083e+01 	 8.047267e+01 	 2.948899e+01
