180.000000 	 1.443289e+02 	 1.443289e+02 	 1.443289e+02
175.000000 	 1.444070e+02 	 1.355692e+02 	 1.532447e+02
170.000000 	 1.446330e+02 	 1.270804e+02 	 1.621856e+02
165.000000 	 1.449829e+02 	 1.189568e+02 	 1.710090e+02
160.000000 	 1.457882e+02 	 1.116306e+02 	 1.799459e+02
155.000000 	 1.464076e+02 	 1.045715e+02 	 1.882436e+02
150.000000 	 1.469142e+02 	 9.793713e+01 	 1.958913e+02
145.000000 	 1.472786e+02 	 9.176842e+01 	 2.027888e+02
140.000000 	 1.474977e+02 	 8.611807e+01 	 2.088774e+02
135.000000 	 1.474174e+02 	 8.088208e+01 	 2.139527e+02
130.000000 	 1.470785e+02 	 7.613742e+01 	 2.180195e+02
125.000000 	 1.464161e+02 	 7.185719e+01 	 2.209749e+02
120.000000 	 1.454286e+02 	 6.807935e+01 	 2.227779e+02
115.000000 	 1.441462e+02 	 6.488392e+01 	 2.234085e+02
110.000000 	 1.426107e+02 	 6.237432e+01 	 2.228470e+02
105.000000 	 1.409275e+02 	 6.074045e+01 	 2.211146e+02
100.000000 	 1.392314e+02 	 6.021640e+01 	 2.182465e+02
95.000000 	 1.377105e+02 	 6.110970e+01 	 2.143113e+02
90.000000 	 1.366052e+02 	 6.377859e+01 	 2.094319e+02
85.000000 	 1.362076e+02 	 6.863676e+01 	 2.037785e+02
80.000000 	 1.368625e+02 	 7.610990e+01 	 1.976152e+02
75.000000 	 1.389589e+02 	 8.661085e+01 	 1.913069e+02
70.000000 	 1.429189e+02 	 1.004919e+02 	 1.853458e+02
65.000000 	 1.491789e+02 	 1.179924e+02 	 1.803653e+02
60.000000 	 1.581616e+02 	 1.391843e+02 	 1.771390e+02
55.000000 	 1.702406e+02 	 1.639291e+02 	 1.765521e+02
50.000000 	 1.856778e+02 	 1.918139e+02 	 1.795417e+02
45.000000 	 2.045790e+02 	 2.221741e+02 	 1.869838e+02
40.000000 	 2.268107e+02 	 2.540693e+02 	 1.995521e+02
35.000000 	 2.519267e+02 	 2.863108e+02 	 2.175425e+02
30.000000 	 2.791008e+02 	 3.174990e+02 	 2.407025e+02
25.000000 	 3.070847e+02 	 3.460653e+02 	 2.681040e+02
20.000000 	 3.342176e+02 	 3.703332e+02 	 2.981019e+02
15.000000 	 3.585310e+02 	 3.886361e+02 	 3.284258e+02
10.000000 	 3.779253e+02 	 3.994588e+02 	 3.563918e+02
5.000000 	 3.905027e+02 	 4.017058e+02 	 3.792997e+02
0.000000 	 3.948538e+02 	 3.948538e+02 	 3.948538e+02
