180.000000 	 1.669416e+02 	 3.183834e+02 	 1.549976e+01
175.000000 	 1.669964e+02 	 3.180765e+02 	 1.591638e+01
170.000000 	 1.671594e+02 	 3.171537e+02 	 1.716496e+01
165.000000 	 1.674261e+02 	 3.156102e+02 	 1.924188e+01
160.000000 	 1.678329e+02 	 3.134711e+02 	 2.219463e+01
155.000000 	 1.682822e+02 	 3.106596e+02 	 2.590480e+01
150.000000 	 1.688303e+02 	 3.072196e+02 	 3.044101e+01
145.000000 	 1.694389e+02 	 3.031271e+02 	 3.575073e+01
140.000000 	 1.701058e+02 	 2.983942e+02 	 4.181738e+01
135.000000 	 1.708388e+02 	 2.930534e+02 	 4.862431e+01
130.000000 	 1.716332e+02 	 2.871460e+02 	 5.612044e+01
125.000000 	 1.725234e+02 	 2.807681e+02 	 6.427873e+01
120.000000 	 1.735418e+02 	 2.740487e+02 	 7.303483e+01
115.000000 	 1.747596e+02 	 2.671885e+02 	 8.233062e+01
110.000000 	 1.762687e+02 	 2.604596e+02 	 9.207786e+01
105.000000 	 1.782034e+02 	 2.542318e+02 	 1.021750e+02
100.000000 	 1.807394e+02 	 2.489858e+02 	 1.124930e+02
95.000000 	 1.841083e+02 	 2.453327e+02 	 1.228838e+02
90.000000 	 1.885960e+02 	 2.440220e+02 	 1.331700e+02
85.000000 	 1.945484e+02 	 2.459468e+02 	 1.431501e+02
80.000000 	 2.023677e+02 	 2.521334e+02 	 1.526019e+02
75.000000 	 2.125026e+02 	 2.637143e+02 	 1.612909e+02
70.000000 	 2.254293e+02 	 2.818759e+02 	 1.689826e+02
65.000000 	 2.416197e+02 	 3.077779e+02 	 1.754615e+02
60.000000 	 2.614966e+02 	 3.424405e+02 	 1.805526e+02
55.000000 	 2.853729e+02 	 3.866001e+02 	 1.841457e+02
50.000000 	 3.133792e+02 	 4.405401e+02 	 1.862184e+02
45.000000 	 3.453820e+02 	 5.039134e+02 	 1.868506e+02
40.000000 	 3.809026e+02 	 5.755772e+02 	 1.862280e+02
35.000000 	 4.190513e+02 	 6.534741e+02 	 1.846286e+02
30.000000 	 4.584906e+02 	 7.345934e+02 	 1.823878e+02
25.000000 	 4.974550e+02 	 8.150498e+02 	 1.798602e+02
20.000000 	 5.338349e+02 	 8.903017e+02 	 1.773681e+02
15.000000 	 5.653461e+02 	 9.555224e+02 	 1.751699e+02
10.000000 	 5.897708e+02 	 1.006088e+03 	 1.734537e+02
5.000000 	 6.052492e+02 	 1.038142e+03 	 1.723559e+02
0.000000 	 6.105514e+02 	 1.049127e+03 	 1.719755e+02
