180.000000 	 2.081059e-17 
175.000000 	 -9.296133e-04 
170.000000 	 -3.725689e-03 
165.000000 	 -8.409570e-03 
160.000000 	 -1.498342e-02 
155.000000 	 -2.353888e-02 
150.000000 	 -3.407483e-02 
145.000000 	 -4.667227e-02 
140.000000 	 -6.137783e-02 
135.000000 	 -7.822045e-02 
130.000000 	 -9.719444e-02 
125.000000 	 -1.182103e-01 
120.000000 	 -1.411668e-01 
115.000000 	 -1.657367e-01 
110.000000 	 -1.914957e-01 
105.000000 	 -2.177755e-01 
100.000000 	 -2.436496e-01 
95.000000 	 -2.679152e-01 
90.000000 	 -2.891095e-01 
85.000000 	 -3.056392e-01 
80.000000 	 -3.158884e-01 
75.000000 	 -3.185188e-01 
70.000000 	 -3.127035e-01 
65.000000 	 -2.983654e-01 
60.000000 	 -2.762563e-01 
55.000000 	 -2.478894e-01 
50.000000 	 -2.152805e-01 
45.000000 	 -1.806369e-01 
40.000000 	 -1.460609e-01 
35.000000 	 -1.133109e-01 
30.000000 	 -8.371295e-02 
25.000000 	 -5.814388e-02 
20.000000 	 -3.709508e-02 
15.000000 	 -2.077051e-02 
10.000000 	 -9.190355e-03 
5.000000 	 -2.290394e-03 
0.000000 	 -0.000000e+00 
