180.000000 	 -1.776287e-16 
175.000000 	 2.891248e-03 
170.000000 	 1.158367e-02 
165.000000 	 2.613070e-02 
160.000000 	 4.661224e-02 
155.000000 	 7.311995e-02 
150.000000 	 1.057341e-01 
145.000000 	 1.444902e-01 
140.000000 	 1.893323e-01 
135.000000 	 2.400514e-01 
130.000000 	 2.962068e-01 
125.000000 	 3.570323e-01 
120.000000 	 4.213346e-01 
115.000000 	 4.873983e-01 
110.000000 	 5.529230e-01 
105.000000 	 6.150298e-01 
100.000000 	 6.703748e-01 
95.000000 	 7.154026e-01 
90.000000 	 7.467357e-01 
85.000000 	 7.616497e-01 
80.000000 	 7.585308e-01 
75.000000 	 7.371876e-01 
70.000000 	 6.989183e-01 
65.000000 	 6.463077e-01 
60.000000 	 5.828187e-01 
55.000000 	 5.122995e-01 
50.000000 	 4.385308e-01 
45.000000 	 3.648968e-01 
40.000000 	 2.942057e-01 
35.000000 	 2.286424e-01 
30.000000 	 1.698131e-01 
25.000000 	 1.188394e-01 
20.000000 	 7.646683e-02 
15.000000 	 4.316857e-02 
10.000000 	 1.923021e-02 
5.000000 	 4.813660e-03 
0.000000 	 0.000000e+00 
