180.000000 	 1.852614e+01 	 3.666975e+01 	 3.825360e-01
175.000000 	 1.848582e+01 	 3.653328e+01 	 4.383572e-01
170.000000 	 1.836563e+01 	 3.612627e+01 	 6.049978e-01
165.000000 	 1.816793e+01 	 3.545587e+01 	 8.799986e-01
160.000000 	 1.789659e+01 	 3.453388e+01 	 1.259290e+00
155.000000 	 1.755690e+01 	 3.337655e+01 	 1.737239e+00
150.000000 	 1.715551e+01 	 3.200430e+01 	 2.306713e+00
145.000000 	 1.670026e+01 	 3.044135e+01 	 2.959170e+00
140.000000 	 1.620003e+01 	 2.871529e+01 	 3.684766e+00
135.000000 	 1.566453e+01 	 2.685656e+01 	 4.472495e+00
130.000000 	 1.510406e+01 	 2.489777e+01 	 5.310353e+00
125.000000 	 1.452931e+01 	 2.287309e+01 	 6.185524e+00
120.000000 	 1.395100e+01 	 2.081739e+01 	 7.084605e+00
115.000000 	 1.337965e+01 	 1.876546e+01 	 7.993844e+00
110.000000 	 1.282525e+01 	 1.675109e+01 	 8.899413e+00
105.000000 	 1.229695e+01 	 1.480621e+01 	 9.787685e+00
100.000000 	 1.180277e+01 	 1.296001e+01 	 1.064553e+01
95.000000 	 1.134935e+01 	 1.123807e+01 	 1.146063e+01
90.000000 	 1.094172e+01 	 9.661702e+00 	 1.222173e+01
85.000000 	 1.058312e+01 	 8.247303e+00 	 1.291893e+01
80.000000 	 1.027496e+01 	 7.005965e+00 	 1.354395e+01
75.000000 	 1.001676e+01 	 5.943265e+00 	 1.409026e+01
70.000000 	 9.806310e+00 	 5.059303e+00 	 1.455332e+01
65.000000 	 9.639796e+00 	 4.348964e+00 	 1.493063e+01
60.000000 	 9.512128e+00 	 3.802422e+00 	 1.522183e+01
55.000000 	 9.417291e+00 	 3.405825e+00 	 1.542876e+01
50.000000 	 9.348773e+00 	 3.142123e+00 	 1.555542e+01
45.000000 	 9.300028e+00 	 2.991969e+00 	 1.560809e+01
40.000000 	 9.264947e+00 	 2.934629e+00 	 1.559527e+01
35.000000 	 9.238302e+00 	 2.948828e+00 	 1.552778e+01
30.000000 	 9.216110e+00 	 3.013519e+00 	 1.541870e+01
25.000000 	 9.195891e+00 	 3.108557e+00 	 1.528323e+01
20.000000 	 9.176730e+00 	 3.215317e+00 	 1.513814e+01
15.000000 	 9.159117e+00 	 3.317286e+00 	 1.500095e+01
10.000000 	 9.144523e+00 	 3.400686e+00 	 1.488836e+01
5.000000 	 9.134773e+00 	 3.455086e+00 	 1.481446e+01
0.000000 	 9.131335e+00 	 3.473960e+00 	 1.478871e+01
