180.000000 	 2.207499e+02 	 2.576637e+02 	 1.838360e+02
175.000000 	 2.206335e+02 	 2.571892e+02 	 1.840778e+02
170.000000 	 2.202716e+02 	 2.557741e+02 	 1.847691e+02
165.000000 	 2.196273e+02 	 2.534451e+02 	 1.858095e+02
160.000000 	 2.191926e+02 	 2.509396e+02 	 1.874456e+02
155.000000 	 2.180136e+02 	 2.471943e+02 	 1.888328e+02
150.000000 	 2.162087e+02 	 2.425256e+02 	 1.898918e+02
145.000000 	 2.137473e+02 	 2.370662e+02 	 1.904283e+02
140.000000 	 2.106444e+02 	 2.309996e+02 	 1.902892e+02
135.000000 	 2.067492e+02 	 2.242778e+02 	 1.892206e+02
130.000000 	 2.020557e+02 	 2.170055e+02 	 1.871058e+02
125.000000 	 1.965772e+02 	 2.092729e+02 	 1.838816e+02
120.000000 	 1.903589e+02 	 2.011675e+02 	 1.795504e+02
115.000000 	 1.834919e+02 	 1.927931e+02 	 1.741907e+02
110.000000 	 1.760880e+02 	 1.842414e+02 	 1.679347e+02
105.000000 	 1.683228e+02 	 1.756559e+02 	 1.609898e+02
100.000000 	 1.604174e+02 	 1.672224e+02 	 1.536124e+02
95.000000 	 1.526367e+02 	 1.591849e+02 	 1.460884e+02
90.000000 	 1.452914e+02 	 1.518642e+02 	 1.387186e+02
85.000000 	 1.387315e+02 	 1.456723e+02 	 1.317908e+02
80.000000 	 1.333382e+02 	 1.411187e+02 	 1.255577e+02
75.000000 	 1.295133e+02 	 1.388089e+02 	 1.202176e+02
70.000000 	 1.276660e+02 	 1.394314e+02 	 1.159005e+02
65.000000 	 1.281955e+02 	 1.437085e+02 	 1.126825e+02
60.000000 	 1.314636e+02 	 1.523305e+02 	 1.105967e+02
55.000000 	 1.377768e+02 	 1.658990e+02 	 1.096547e+02
50.000000 	 1.473428e+02 	 1.847707e+02 	 1.099150e+02
45.000000 	 1.602335e+02 	 2.089609e+02 	 1.115062e+02
40.000000 	 1.763469e+02 	 2.380678e+02 	 1.146260e+02
35.000000 	 1.953294e+02 	 2.711398e+02 	 1.195189e+02
30.000000 	 2.165295e+02 	 3.067159e+02 	 1.263431e+02
25.000000 	 2.389352e+02 	 3.428557e+02 	 1.350146e+02
20.000000 	 2.611470e+02 	 3.772596e+02 	 1.450344e+02
15.000000 	 2.814296e+02 	 4.074621e+02 	 1.553971e+02
10.000000 	 2.978867e+02 	 4.311344e+02 	 1.646390e+02
5.000000 	 3.086765e+02 	 4.462250e+02 	 1.711280e+02
0.000000 	 3.124359e+02 	 4.513888e+02 	 1.734829e+02
