180.000000 	 -5.006024e-17 
175.000000 	 7.998500e-04 
170.000000 	 3.195488e-03 
165.000000 	 7.174788e-03 
160.000000 	 1.271623e-02 
155.000000 	 1.978694e-02 
150.000000 	 2.835066e-02 
145.000000 	 3.832365e-02 
140.000000 	 4.963441e-02 
135.000000 	 6.215829e-02 
130.000000 	 7.574082e-02 
125.000000 	 9.020218e-02 
120.000000 	 1.052983e-01 
115.000000 	 1.207380e-01 
110.000000 	 1.361718e-01 
105.000000 	 1.511913e-01 
100.000000 	 1.653313e-01 
95.000000 	 1.780795e-01 
90.000000 	 1.888932e-01 
85.000000 	 1.972264e-01 
80.000000 	 2.025601e-01 
75.000000 	 2.044513e-01 
70.000000 	 2.025740e-01 
65.000000 	 1.967638e-01 
60.000000 	 1.870524e-01 
55.000000 	 1.736881e-01 
50.000000 	 1.571359e-01 
45.000000 	 1.380560e-01 
40.000000 	 1.172671e-01 
35.000000 	 9.569516e-02 
30.000000 	 7.431948e-02 
25.000000 	 5.411997e-02 
20.000000 	 3.603388e-02 
15.000000 	 2.091783e-02 
10.000000 	 9.514167e-03 
5.000000 	 2.412560e-03 
0.000000 	 0.000000e+00 
