180.000000 	 -3.554136e-16 
175.000000 	 2.792834e-03 
170.000000 	 1.118736e-02 
165.000000 	 2.522916e-02 
160.000000 	 4.498560e-02 
155.000000 	 7.053193e-02 
150.000000 	 1.019299e-01 
145.000000 	 1.391967e-01 
140.000000 	 1.822629e-01 
135.000000 	 2.309164e-01 
130.000000 	 2.847323e-01 
125.000000 	 3.429900e-01 
120.000000 	 4.045835e-01 
115.000000 	 4.679375e-01 
110.000000 	 5.309510e-01 
105.000000 	 5.909983e-01 
100.000000 	 6.450203e-01 
95.000000 	 6.897342e-01 
90.000000 	 7.219625e-01 
85.000000 	 7.390448e-01 
80.000000 	 7.392526e-01 
75.000000 	 7.220997e-01 
70.000000 	 6.884577e-01 
65.000000 	 6.404367e-01 
60.000000 	 5.810690e-01 
55.000000 	 5.138866e-01 
50.000000 	 4.425019e-01 
45.000000 	 3.702736e-01 
40.000000 	 3.000989e-01 
35.000000 	 2.343268e-01 
30.000000 	 1.747660e-01 
25.000000 	 1.227488e-01 
20.000000 	 7.922058e-02 
15.000000 	 4.482967e-02 
10.000000 	 2.000454e-02 
5.000000 	 5.012705e-03 
0.000000 	 0.000000e+00 
