180.000000 	 8.988743e-17 
175.000000 	 -1.876379e-03 
170.000000 	 -7.485245e-03 
165.000000 	 -1.676857e-02 
160.000000 	 -2.960462e-02 
155.000000 	 -4.592019e-02 
150.000000 	 -6.560883e-02 
145.000000 	 -8.857575e-02 
140.000000 	 -1.147423e-01 
135.000000 	 -1.440415e-01 
130.000000 	 -1.764388e-01 
125.000000 	 -2.118621e-01 
120.000000 	 -2.502032e-01 
115.000000 	 -2.912380e-01 
110.000000 	 -3.345657e-01 
105.000000 	 -3.794531e-01 
100.000000 	 -4.248061e-01 
95.000000 	 -4.689586e-01 
90.000000 	 -5.096591e-01 
85.000000 	 -5.441034e-01 
80.000000 	 -5.690635e-01 
75.000000 	 -5.814110e-01 
70.000000 	 -5.785918e-01 
65.000000 	 -5.593549e-01 
60.000000 	 -5.241484e-01 
55.000000 	 -4.752330e-01 
50.000000 	 -4.162971e-01 
45.000000 	 -3.517681e-01 
40.000000 	 -2.860588e-01 
35.000000 	 -2.229757e-01 
30.000000 	 -1.654162e-01 
25.000000 	 -1.153248e-01 
20.000000 	 -7.382983e-02 
15.000000 	 -4.146415e-02 
10.000000 	 -1.839017e-02 
5.000000 	 -4.590069e-03 
0.000000 	 -0.000000e+00 
