180.000000 	 7.310042e-17 
175.000000 	 9.583546e-04 
170.000000 	 3.828387e-03 
165.000000 	 8.594534e-03 
160.000000 	 1.522929e-02 
155.000000 	 2.369086e-02 
150.000000 	 3.392000e-02 
145.000000 	 4.583584e-02 
140.000000 	 5.933136e-02 
135.000000 	 7.426809e-02 
130.000000 	 9.047094e-02 
125.000000 	 1.077233e-01 
120.000000 	 1.257633e-01 
115.000000 	 1.442816e-01 
110.000000 	 1.629224e-01 
105.000000 	 1.812872e-01 
100.000000 	 1.989431e-01 
95.000000 	 2.154352e-01 
90.000000 	 2.303025e-01 
85.000000 	 2.430966e-01 
80.000000 	 2.533998e-01 
75.000000 	 2.608424e-01 
70.000000 	 2.651132e-01 
65.000000 	 2.659638e-01 
60.000000 	 2.632033e-01 
55.000000 	 2.566851e-01 
50.000000 	 2.462869e-01 
45.000000 	 2.318915e-01 
40.000000 	 2.133761e-01 
35.000000 	 1.906296e-01 
30.000000 	 1.636289e-01 
25.000000 	 1.326280e-01 
20.000000 	 9.853488e-02 
15.000000 	 6.350910e-02 
10.000000 	 3.157527e-02 
5.000000 	 8.508670e-03 
0.000000 	 0.000000e+00 
