180.000000 	 4.326370e+01 	 7.958361e+01 	 6.943794e+00
175.000000 	 4.320999e+01 	 7.932837e+01 	 7.091608e+00
170.000000 	 4.304945e+01 	 7.856587e+01 	 7.533025e+00
165.000000 	 4.278388e+01 	 7.730580e+01 	 8.261962e+00
160.000000 	 4.241628e+01 	 7.556432e+01 	 9.268244e+00
155.000000 	 4.195087e+01 	 7.336418e+01 	 1.053756e+01
150.000000 	 4.138710e+01 	 7.072199e+01 	 1.205221e+01
145.000000 	 4.074464e+01 	 6.770127e+01 	 1.378802e+01
140.000000 	 4.002240e+01 	 6.432561e+01 	 1.571919e+01
135.000000 	 3.923287e+01 	 6.065188e+01 	 1.781386e+01
130.000000 	 3.838595e+01 	 5.673551e+01 	 2.003640e+01
125.000000 	 3.749133e+01 	 5.263442e+01 	 2.234823e+01
120.000000 	 3.656191e+01 	 4.841769e+01 	 2.470612e+01
115.000000 	 3.561069e+01 	 4.415727e+01 	 2.706412e+01
110.000000 	 3.465155e+01 	 3.992915e+01 	 2.937395e+01
105.000000 	 3.369896e+01 	 3.581208e+01 	 3.158584e+01
100.000000 	 3.276784e+01 	 3.188597e+01 	 3.364972e+01
95.000000 	 3.187331e+01 	 2.823001e+01 	 3.551661e+01
90.000000 	 3.103003e+01 	 2.491996e+01 	 3.714009e+01
85.000000 	 3.025233e+01 	 2.202637e+01 	 3.847830e+01
80.000000 	 2.955346e+01 	 1.961130e+01 	 3.949561e+01
75.000000 	 2.894505e+01 	 1.772556e+01 	 4.016455e+01
70.000000 	 2.843677e+01 	 1.640579e+01 	 4.046775e+01
65.000000 	 2.803552e+01 	 1.567180e+01 	 4.039924e+01
60.000000 	 2.774488e+01 	 1.552402e+01 	 3.996574e+01
55.000000 	 2.756468e+01 	 1.594184e+01 	 3.918752e+01
50.000000 	 2.749011e+01 	 1.688206e+01 	 3.809816e+01
45.000000 	 2.751148e+01 	 1.827881e+01 	 3.674414e+01
40.000000 	 2.761410e+01 	 2.004438e+01 	 3.518381e+01
35.000000 	 2.777833e+01 	 2.207106e+01 	 3.348560e+01
30.000000 	 2.798063e+01 	 2.423479e+01 	 3.172648e+01
25.000000 	 2.819530e+01 	 2.639999e+01 	 2.999060e+01
20.000000 	 2.839743e+01 	 2.842644e+01 	 2.836841e+01
15.000000 	 2.856649e+01 	 3.017732e+01 	 2.695567e+01
10.000000 	 2.868964e+01 	 3.152925e+01 	 2.585002e+01
5.000000 	 2.876259e+01 	 3.238343e+01 	 2.514176e+01
0.000000 	 2.878649e+01 	 3.267559e+01 	 2.489739e+01
