180.000000 	 1.314018e+02 	 2.353353e+02 	 2.746829e+01
175.000000 	 1.315142e+02 	 2.351917e+02 	 2.783672e+01
170.000000 	 1.318460e+02 	 2.347587e+02 	 2.893335e+01
165.000000 	 1.323817e+02 	 2.340304e+02 	 3.073292e+01
160.000000 	 1.333639e+02 	 2.334133e+02 	 3.331454e+01
155.000000 	 1.343316e+02 	 2.322281e+02 	 3.643518e+01
150.000000 	 1.353403e+02 	 2.306072e+02 	 4.007327e+01
145.000000 	 1.363704e+02 	 2.285720e+02 	 4.416867e+01
140.000000 	 1.373878e+02 	 2.261231e+02 	 4.865252e+01
135.000000 	 1.383820e+02 	 2.232975e+02 	 5.346639e+01
130.000000 	 1.392645e+02 	 2.200121e+02 	 5.851682e+01
125.000000 	 1.400617e+02 	 2.163572e+02 	 6.376624e+01
120.000000 	 1.407577e+02 	 2.123565e+02 	 6.915891e+01
115.000000 	 1.413566e+02 	 2.080652e+02 	 7.464800e+01
110.000000 	 1.419213e+02 	 2.036303e+02 	 8.021228e+01
105.000000 	 1.425406e+02 	 1.992467e+02 	 8.583452e+01
100.000000 	 1.433417e+02 	 1.951826e+02 	 9.150085e+01
95.000000 	 1.445066e+02 	 1.918119e+02 	 9.720137e+01
90.000000 	 1.462725e+02 	 1.896224e+02 	 1.029226e+02
85.000000 	 1.489358e+02 	 1.892305e+02 	 1.086411e+02
80.000000 	 1.528524e+02 	 1.913790e+02 	 1.143258e+02
75.000000 	 1.584328e+02 	 1.969372e+02 	 1.199285e+02
70.000000 	 1.661289e+02 	 2.068575e+02 	 1.254003e+02
65.000000 	 1.764117e+02 	 2.221262e+02 	 1.306972e+02
60.000000 	 1.897373e+02 	 2.436749e+02 	 1.357998e+02
55.000000 	 2.064962e+02 	 2.722543e+02 	 1.407382e+02
50.000000 	 2.269606e+02 	 3.083225e+02 	 1.455987e+02
45.000000 	 2.511934e+02 	 3.518385e+02 	 1.505483e+02
40.000000 	 2.789735e+02 	 4.021422e+02 	 1.558048e+02
35.000000 	 3.097112e+02 	 4.578305e+02 	 1.615919e+02
30.000000 	 3.423853e+02 	 5.167185e+02 	 1.680521e+02
25.000000 	 3.755123e+02 	 5.758706e+02 	 1.751540e+02
20.000000 	 4.071936e+02 	 6.317842e+02 	 1.826030e+02
15.000000 	 4.352319e+02 	 6.806483e+02 	 1.898156e+02
10.000000 	 4.573671e+02 	 7.187620e+02 	 1.959722e+02
5.000000 	 4.715964e+02 	 7.430270e+02 	 2.001657e+02
0.000000 	 4.765121e+02 	 7.513657e+02 	 2.016586e+02
