180.000000 	 -5.138088e-17 
175.000000 	 7.453173e-04 
170.000000 	 2.977251e-03 
165.000000 	 6.683397e-03 
160.000000 	 1.184191e-02 
155.000000 	 1.841971e-02 
150.000000 	 2.638417e-02 
145.000000 	 3.564689e-02 
140.000000 	 4.614367e-02 
135.000000 	 5.775140e-02 
130.000000 	 7.032010e-02 
125.000000 	 8.368319e-02 
120.000000 	 9.760769e-02 
115.000000 	 1.118191e-01 
110.000000 	 1.259898e-01 
105.000000 	 1.397370e-01 
100.000000 	 1.526258e-01 
95.000000 	 1.641798e-01 
90.000000 	 1.738882e-01 
85.000000 	 1.812452e-01 
80.000000 	 1.857737e-01 
75.000000 	 1.870704e-01 
70.000000 	 1.848474e-01 
65.000000 	 1.789797e-01 
60.000000 	 1.695347e-01 
55.000000 	 1.567889e-01 
50.000000 	 1.412229e-01 
45.000000 	 1.234927e-01 
40.000000 	 1.043864e-01 
35.000000 	 8.476719e-02 
30.000000 	 6.551911e-02 
25.000000 	 4.749924e-02 
20.000000 	 3.149983e-02 
15.000000 	 1.822470e-02 
10.000000 	 8.268287e-03 
5.000000 	 2.093311e-03 
0.000000 	 0.000000e+00 
