180.000000 	 6.796360e+01 	 1.290406e+02 	 6.886588e+00
175.000000 	 6.790471e+01 	 1.286939e+02 	 7.115535e+00
170.000000 	 6.772858e+01 	 1.276572e+02 	 7.799986e+00
165.000000 	 6.743676e+01 	 1.259408e+02 	 8.932731e+00
160.000000 	 6.703192e+01 	 1.235623e+02 	 1.050158e+01
155.000000 	 6.648882e+01 	 1.204818e+02 	 1.249582e+01
150.000000 	 6.587519e+01 	 1.168707e+02 	 1.487963e+01
145.000000 	 6.515439e+01 	 1.126745e+02 	 1.763427e+01
140.000000 	 6.435292e+01 	 1.079858e+02 	 2.072004e+01
135.000000 	 6.347848e+01 	 1.028613e+02 	 2.409567e+01
130.000000 	 6.254468e+01 	 9.737845e+01 	 2.771091e+01
125.000000 	 6.156176e+01 	 9.161024e+01 	 3.151328e+01
120.000000 	 6.055108e+01 	 8.566372e+01 	 3.543845e+01
115.000000 	 5.953586e+01 	 7.965846e+01 	 3.941325e+01
110.000000 	 5.854151e+01 	 7.372157e+01 	 4.336145e+01
105.000000 	 5.759918e+01 	 6.799842e+01 	 4.719994e+01
100.000000 	 5.674369e+01 	 6.264789e+01 	 5.083948e+01
95.000000 	 5.601553e+01 	 5.784106e+01 	 5.419000e+01
90.000000 	 5.545853e+01 	 5.375688e+01 	 5.716019e+01
85.000000 	 5.512086e+01 	 5.057930e+01 	 5.966242e+01
80.000000 	 5.505240e+01 	 4.848892e+01 	 6.161588e+01
75.000000 	 5.530375e+01 	 4.765597e+01 	 6.295153e+01
70.000000 	 5.592209e+01 	 4.822865e+01 	 6.361553e+01
65.000000 	 5.694871e+01 	 5.032182e+01 	 6.357560e+01
60.000000 	 5.841348e+01 	 5.400267e+01 	 6.282429e+01
55.000000 	 6.032987e+01 	 5.927663e+01 	 6.138311e+01
50.000000 	 6.268734e+01 	 6.607134e+01 	 5.930334e+01
45.000000 	 6.544822e+01 	 7.422761e+01 	 5.666884e+01
40.000000 	 6.854142e+01 	 8.348956e+01 	 5.359328e+01
35.000000 	 7.185968e+01 	 9.350309e+01 	 5.021627e+01
30.000000 	 7.526185e+01 	 1.038239e+02 	 4.669983e+01
25.000000 	 7.857800e+01 	 1.139348e+02 	 4.322121e+01
20.000000 	 8.162181e+01 	 1.232753e+02 	 3.996836e+01
15.000000 	 8.420827e+01 	 1.312812e+02 	 3.713539e+01
10.000000 	 8.617458e+01 	 1.374323e+02 	 3.491690e+01
5.000000 	 8.740145e+01 	 1.413089e+02 	 3.349395e+01
0.000000 	 8.781759e+01 	 1.426328e+02 	 3.300235e+01
