180.000000 	 1.809870e+01 	 3.237429e+01 	 3.823107e+00
175.000000 	 1.804860e+01 	 3.225321e+01 	 3.843988e+00
170.000000 	 1.789952e+01 	 3.189235e+01 	 3.906694e+00
165.000000 	 1.765516e+01 	 3.129891e+01 	 4.011407e+00
160.000000 	 1.732157e+01 	 3.048471e+01 	 4.158430e+00
155.000000 	 1.690707e+01 	 2.946597e+01 	 4.348169e+00
150.000000 	 1.642208e+01 	 2.826304e+01 	 4.581127e+00
145.000000 	 1.587891e+01 	 2.689994e+01 	 4.857881e+00
140.000000 	 1.529148e+01 	 2.540391e+01 	 5.179053e+00
135.000000 	 1.467506e+01 	 2.380484e+01 	 5.545275e+00
130.000000 	 1.404588e+01 	 2.213461e+01 	 5.957145e+00
125.000000 	 1.342078e+01 	 2.042641e+01 	 6.415163e+00
120.000000 	 1.281680e+01 	 1.871393e+01 	 6.919662e+00
115.000000 	 1.225066e+01 	 1.703060e+01 	 7.470716e+00
110.000000 	 1.173840e+01 	 1.540875e+01 	 8.068044e+00
105.000000 	 1.129481e+01 	 1.387873e+01 	 8.710891e+00
100.000000 	 1.093302e+01 	 1.246815e+01 	 9.397903e+00
95.000000 	 1.066403e+01 	 1.120108e+01 	 1.012699e+01
90.000000 	 1.049628e+01 	 1.009737e+01 	 1.089520e+01
85.000000 	 1.043530e+01 	 9.172035e+00 	 1.169857e+01
80.000000 	 1.048343e+01 	 8.434799e+00 	 1.253205e+01
75.000000 	 1.063959e+01 	 7.889769e+00 	 1.338941e+01
70.000000 	 1.089923e+01 	 7.535291e+00 	 1.426317e+01
65.000000 	 1.125433e+01 	 7.363986e+00 	 1.514468e+01
60.000000 	 1.169356e+01 	 7.362975e+00 	 1.602414e+01
55.000000 	 1.220257e+01 	 7.514297e+00 	 1.689084e+01
50.000000 	 1.276441e+01 	 7.795516e+00 	 1.773331e+01
45.000000 	 1.336009e+01 	 8.180492e+00 	 1.853970e+01
40.000000 	 1.396921e+01 	 8.640305e+00 	 1.929811e+01
35.000000 	 1.457066e+01 	 9.144318e+00 	 1.999700e+01
30.000000 	 1.514344e+01 	 9.661323e+00 	 2.062557e+01
25.000000 	 1.566742e+01 	 1.016078e+01 	 2.117407e+01
20.000000 	 1.612409e+01 	 1.061404e+01 	 2.163415e+01
15.000000 	 1.649728e+01 	 1.099561e+01 	 2.199894e+01
10.000000 	 1.677373e+01 	 1.128428e+01 	 2.226318e+01
5.000000 	 1.694363e+01 	 1.146408e+01 	 2.242317e+01
0.000000 	 1.700094e+01 	 1.152514e+01 	 2.247674e+01
