180.000000 	 1.505131e+02 	 2.854319e+02 	 1.559425e+01
175.000000 	 1.506075e+02 	 2.852385e+02 	 1.597656e+01
170.000000 	 1.508881e+02 	 2.846553e+02 	 1.712089e+01
165.000000 	 1.513470e+02 	 2.836742e+02 	 1.901972e+01
160.000000 	 1.521073e+02 	 2.824916e+02 	 2.172292e+01
155.000000 	 1.529368e+02 	 2.807565e+02 	 2.511719e+01
150.000000 	 1.538226e+02 	 2.784623e+02 	 2.918285e+01
145.000000 	 1.548516e+02 	 2.757572e+02 	 3.394610e+01
140.000000 	 1.559722e+02 	 2.725797e+02 	 3.936472e+01
135.000000 	 1.571261e+02 	 2.688670e+02 	 4.538525e+01
130.000000 	 1.583473e+02 	 2.646996e+02 	 5.199498e+01
125.000000 	 1.596181e+02 	 2.600929e+02 	 5.914329e+01
120.000000 	 1.609807e+02 	 2.551617e+02 	 6.679962e+01
115.000000 	 1.624729e+02 	 2.500350e+02 	 7.491086e+01
110.000000 	 1.641752e+02 	 2.449271e+02 	 8.342330e+01
105.000000 	 1.661986e+02 	 2.401306e+02 	 9.226659e+01
100.000000 	 1.687091e+02 	 2.360547e+02 	 1.013634e+02
95.000000 	 1.719209e+02 	 2.332265e+02 	 1.106152e+02
90.000000 	 1.761114e+02 	 2.323167e+02 	 1.199061e+02
85.000000 	 1.816205e+02 	 2.341422e+02 	 1.290988e+02
80.000000 	 1.888519e+02 	 2.396655e+02 	 1.380383e+02
75.000000 	 1.982651e+02 	 2.499754e+02 	 1.465549e+02
70.000000 	 2.103577e+02 	 2.662338e+02 	 1.544815e+02
65.000000 	 2.256365e+02 	 2.896127e+02 	 1.616603e+02
60.000000 	 2.445744e+02 	 3.211823e+02 	 1.679666e+02
55.000000 	 2.675466e+02 	 3.617535e+02 	 1.733397e+02
50.000000 	 2.947603e+02 	 4.117349e+02 	 1.777857e+02
45.000000 	 3.261608e+02 	 4.709159e+02 	 1.814057e+02
40.000000 	 3.613477e+02 	 5.383222e+02 	 1.843732e+02
35.000000 	 3.994902e+02 	 6.120666e+02 	 1.869139e+02
30.000000 	 4.392781e+02 	 6.893019e+02 	 1.892542e+02
25.000000 	 4.789243e+02 	 7.662908e+02 	 1.915579e+02
20.000000 	 5.162381e+02 	 8.386057e+02 	 1.938705e+02
15.000000 	 5.487968e+02 	 9.015037e+02 	 1.960899e+02
10.000000 	 5.741889e+02 	 9.503855e+02 	 1.979924e+02
5.000000 	 5.903640e+02 	 9.814412e+02 	 1.992869e+02
0.000000 	 5.959152e+02 	 9.920796e+02 	 1.997508e+02
