180.000000 	 1.988324e+01 	 1.988324e+01 	 1.988324e+01
175.000000 	 1.984398e+01 	 1.852019e+01 	 2.116777e+01
170.000000 	 1.972687e+01 	 1.710080e+01 	 2.235294e+01
165.000000 	 1.953387e+01 	 1.564816e+01 	 2.341958e+01
160.000000 	 1.926819e+01 	 1.418585e+01 	 2.435052e+01
155.000000 	 1.893425e+01 	 1.273755e+01 	 2.513095e+01
150.000000 	 1.853758e+01 	 1.132650e+01 	 2.574865e+01
145.000000 	 1.808466e+01 	 9.975065e+00 	 2.619426e+01
140.000000 	 1.758284e+01 	 8.704224e+00 	 2.646145e+01
135.000000 	 1.704009e+01 	 7.533058e+00 	 2.654713e+01
130.000000 	 1.646487e+01 	 6.478251e+00 	 2.645149e+01
125.000000 	 1.586583e+01 	 5.553605e+00 	 2.617806e+01
120.000000 	 1.525163e+01 	 4.769593e+00 	 2.573366e+01
115.000000 	 1.463063e+01 	 4.132969e+00 	 2.512829e+01
110.000000 	 1.401067e+01 	 3.646462e+00 	 2.437488e+01
105.000000 	 1.339879e+01 	 3.308579e+00 	 2.348900e+01
100.000000 	 1.280102e+01 	 3.113541e+00 	 2.248850e+01
95.000000 	 1.222216e+01 	 3.051386e+00 	 2.139293e+01
90.000000 	 1.166566e+01 	 3.108241e+00 	 2.022309e+01
85.000000 	 1.113358e+01 	 3.266794e+00 	 1.900036e+01
80.000000 	 1.062654e+01 	 3.506950e+00 	 1.774613e+01
75.000000 	 1.014392e+01 	 3.806664e+00 	 1.648118e+01
70.000000 	 9.684031e+00 	 4.142912e+00 	 1.522515e+01
65.000000 	 9.244445e+00 	 4.492759e+00 	 1.399613e+01
60.000000 	 8.822409e+00 	 4.834462e+00 	 1.281036e+01
55.000000 	 8.415298e+00 	 5.148528e+00 	 1.168207e+01
50.000000 	 8.021109e+00 	 5.418675e+00 	 1.062354e+01
45.000000 	 7.638942e+00 	 5.632626e+00 	 9.645258e+00
40.000000 	 7.269432e+00 	 5.782715e+00 	 8.756149e+00
35.000000 	 6.915102e+00 	 5.866308e+00 	 7.963897e+00
30.000000 	 6.580574e+00 	 5.886052e+00 	 7.275096e+00
25.000000 	 6.272606e+00 	 5.850001e+00 	 6.695211e+00
20.000000 	 5.999867e+00 	 5.771570e+00 	 6.228164e+00
15.000000 	 5.772339e+00 	 5.669214e+00 	 5.875464e+00
10.000000 	 5.600285e+00 	 5.565595e+00 	 5.634974e+00
5.000000 	 5.492799e+00 	 5.486031e+00 	 5.499567e+00
0.000000 	 5.456212e+00 	 5.456212e+00 	 5.456212e+00
