180.000000 	 1.314018e+02 	 1.314018e+02 	 1.314018e+02
175.000000 	 1.315142e+02 	 1.241764e+02 	 1.388520e+02
170.000000 	 1.318460e+02 	 1.172331e+02 	 1.464590e+02
165.000000 	 1.323817e+02 	 1.106183e+02 	 1.541451e+02
160.000000 	 1.333639e+02 	 1.046281e+02 	 1.620997e+02
155.000000 	 1.343316e+02 	 9.887115e+01 	 1.697921e+02
150.000000 	 1.353403e+02 	 9.346089e+01 	 1.772196e+02
145.000000 	 1.363704e+02 	 8.843714e+01 	 1.843036e+02
140.000000 	 1.373878e+02 	 8.382633e+01 	 1.909493e+02
135.000000 	 1.383820e+02 	 7.968161e+01 	 1.970823e+02
130.000000 	 1.392645e+02 	 7.598803e+01 	 2.025409e+02
125.000000 	 1.400617e+02 	 7.285160e+01 	 2.072719e+02
120.000000 	 1.407577e+02 	 7.035164e+01 	 2.111637e+02
115.000000 	 1.413566e+02 	 6.860172e+01 	 2.141114e+02
110.000000 	 1.419213e+02 	 6.779233e+01 	 2.160503e+02
105.000000 	 1.425406e+02 	 6.815934e+01 	 2.169218e+02
100.000000 	 1.433417e+02 	 6.998878e+01 	 2.166947e+02
95.000000 	 1.445066e+02 	 7.362957e+01 	 2.153837e+02
90.000000 	 1.462725e+02 	 7.948095e+01 	 2.130641e+02
85.000000 	 1.489358e+02 	 8.798091e+01 	 2.098906e+02
80.000000 	 1.528524e+02 	 9.956809e+01 	 2.061367e+02
75.000000 	 1.584328e+02 	 1.146695e+02 	 2.021962e+02
70.000000 	 1.661289e+02 	 1.336290e+02 	 1.986288e+02
65.000000 	 1.764117e+02 	 1.566659e+02 	 1.961575e+02
60.000000 	 1.897373e+02 	 1.838121e+02 	 1.956626e+02
55.000000 	 2.064962e+02 	 2.148482e+02 	 1.981443e+02
50.000000 	 2.269606e+02 	 2.492775e+02 	 2.046438e+02
45.000000 	 2.511934e+02 	 2.862600e+02 	 2.161267e+02
40.000000 	 2.789735e+02 	 3.246272e+02 	 2.333198e+02
35.000000 	 3.097112e+02 	 3.628953e+02 	 2.565271e+02
30.000000 	 3.423853e+02 	 3.993173e+02 	 2.854533e+02
25.000000 	 3.755123e+02 	 4.319551e+02 	 3.190696e+02
20.000000 	 4.071936e+02 	 4.588094e+02 	 3.555778e+02
15.000000 	 4.352319e+02 	 4.779720e+02 	 3.924918e+02
10.000000 	 4.573671e+02 	 4.878565e+02 	 4.268777e+02
5.000000 	 4.715964e+02 	 4.874495e+02 	 4.557433e+02
0.000000 	 4.765121e+02 	 4.765121e+02 	 4.765121e+02
