180.000000 	 2.126634e-18 
175.000000 	 -1.047608e-04 
170.000000 	 -4.254339e-04 
165.000000 	 -9.810613e-04 
160.000000 	 -1.802867e-03 
155.000000 	 -2.885922e-03 
150.000000 	 -4.358815e-03 
145.000000 	 -6.207772e-03 
140.000000 	 -8.539199e-03 
135.000000 	 -1.142105e-02 
130.000000 	 -1.491801e-02 
125.000000 	 -1.908417e-02 
120.000000 	 -2.395264e-02 
115.000000 	 -2.949885e-02 
110.000000 	 -3.572253e-02 
105.000000 	 -4.246491e-02 
100.000000 	 -4.955388e-02 
95.000000 	 -5.671349e-02 
90.000000 	 -6.353133e-02 
85.000000 	 -6.955739e-02 
80.000000 	 -7.428129e-02 
75.000000 	 -7.720819e-02 
70.000000 	 -7.793812e-02 
65.000000 	 -7.624729e-02 
60.000000 	 -7.214890e-02 
55.000000 	 -6.591149e-02 
50.000000 	 -5.802484e-02 
45.000000 	 -4.912126e-02 
40.000000 	 -3.987505e-02 
35.000000 	 -3.090528e-02 
30.000000 	 -2.271440e-02 
25.000000 	 -1.564112e-02 
20.000000 	 -9.873249e-03 
15.000000 	 -5.467851e-03 
10.000000 	 -2.396365e-03 
5.000000 	 -5.933211e-04 
0.000000 	 -0.000000e+00 
