180.000000 	 1.790148e+01 	 1.790148e+01 	 1.790148e+01
175.000000 	 1.785465e+01 	 1.701199e+01 	 1.869730e+01
170.000000 	 1.771526e+01 	 1.604307e+01 	 1.938744e+01
165.000000 	 1.748661e+01 	 1.501088e+01 	 1.996234e+01
160.000000 	 1.717413e+01 	 1.393317e+01 	 2.041509e+01
155.000000 	 1.678528e+01 	 1.282895e+01 	 2.074161e+01
150.000000 	 1.632940e+01 	 1.171808e+01 	 2.094072e+01
145.000000 	 1.581753e+01 	 1.062087e+01 	 2.101419e+01
140.000000 	 1.526218e+01 	 9.557655e+00 	 2.096671e+01
135.000000 	 1.467708e+01 	 8.548369e+00 	 2.080580e+01
130.000000 	 1.407684e+01 	 7.612091e+00 	 2.054159e+01
125.000000 	 1.347664e+01 	 6.766614e+00 	 2.018666e+01
120.000000 	 1.289182e+01 	 6.028019e+00 	 1.975562e+01
115.000000 	 1.233752e+01 	 5.410274e+00 	 1.926477e+01
110.000000 	 1.182824e+01 	 4.924863e+00 	 1.873163e+01
105.000000 	 1.137740e+01 	 4.580462e+00 	 1.817435e+01
100.000000 	 1.099693e+01 	 4.382667e+00 	 1.761120e+01
95.000000 	 1.069686e+01 	 4.333795e+00 	 1.705993e+01
90.000000 	 1.048495e+01 	 4.432745e+00 	 1.653716e+01
85.000000 	 1.036636e+01 	 4.674960e+00 	 1.605776e+01
80.000000 	 1.034339e+01 	 5.052465e+00 	 1.563432e+01
75.000000 	 1.041535e+01 	 5.554007e+00 	 1.527670e+01
70.000000 	 1.057844e+01 	 6.165282e+00 	 1.499160e+01
65.000000 	 1.082581e+01 	 6.869263e+00 	 1.478236e+01
60.000000 	 1.114775e+01 	 7.646624e+00 	 1.464888e+01
55.000000 	 1.153193e+01 	 8.476245e+00 	 1.458761e+01
50.000000 	 1.196381e+01 	 9.335819e+00 	 1.459181e+01
45.000000 	 1.242719e+01 	 1.020252e+01 	 1.465186e+01
40.000000 	 1.290473e+01 	 1.105379e+01 	 1.475567e+01
35.000000 	 1.337865e+01 	 1.186809e+01 	 1.488922e+01
30.000000 	 1.383140e+01 	 1.262580e+01 	 1.503701e+01
25.000000 	 1.424631e+01 	 1.330999e+01 	 1.518264e+01
20.000000 	 1.460823e+01 	 1.390719e+01 	 1.530928e+01
15.000000 	 1.490407e+01 	 1.440795e+01 	 1.540018e+01
10.000000 	 1.512320e+01 	 1.480722e+01 	 1.543919e+01
5.000000 	 1.525786e+01 	 1.510443e+01 	 1.541129e+01
0.000000 	 1.530327e+01 	 1.530327e+01 	 1.530327e+01
