180.000000 	 1.323243e+02 	 2.412958e+02 	 2.335286e+01
175.000000 	 1.324382e+02 	 2.411559e+02 	 2.372045e+01
170.000000 	 1.327749e+02 	 2.407337e+02 	 2.481603e+01
165.000000 	 1.333204e+02 	 2.400222e+02 	 2.661852e+01
160.000000 	 1.342980e+02 	 2.393971e+02 	 2.919898e+01
155.000000 	 1.352854e+02 	 2.382243e+02 	 3.234655e+01
150.000000 	 1.363342e+02 	 2.366238e+02 	 3.604459e+01
145.000000 	 1.374276e+02 	 2.346125e+02 	 4.024276e+01
140.000000 	 1.385351e+02 	 2.321883e+02 	 4.488188e+01
135.000000 	 1.396480e+02 	 2.293840e+02 	 4.991207e+01
130.000000 	 1.406866e+02 	 2.261227e+02 	 5.525045e+01
125.000000 	 1.416773e+02 	 2.224917e+02 	 6.086279e+01
120.000000 	 1.426011e+02 	 2.185093e+02 	 6.669291e+01
115.000000 	 1.434883e+02 	 2.142721e+02 	 7.270461e+01
110.000000 	 1.443817e+02 	 2.099034e+02 	 7.885998e+01
105.000000 	 1.453799e+02 	 2.056231e+02 	 8.513660e+01
100.000000 	 1.466133e+02 	 2.017188e+02 	 9.150778e+01
95.000000 	 1.482673e+02 	 1.985873e+02 	 9.794737e+01
90.000000 	 1.505839e+02 	 1.967450e+02 	 1.044228e+02
85.000000 	 1.538652e+02 	 1.968392e+02 	 1.108912e+02
80.000000 	 1.584745e+02 	 1.996536e+02 	 1.172954e+02
75.000000 	 1.648300e+02 	 2.060875e+02 	 1.235725e+02
70.000000 	 1.733940e+02 	 2.171398e+02 	 1.296482e+02
65.000000 	 1.846460e+02 	 2.338298e+02 	 1.354621e+02
60.000000 	 1.990489e+02 	 2.571183e+02 	 1.409796e+02
55.000000 	 2.169957e+02 	 2.877745e+02 	 1.462168e+02
50.000000 	 2.387528e+02 	 3.262573e+02 	 1.512483e+02
45.000000 	 2.643675e+02 	 3.725054e+02 	 1.562295e+02
40.000000 	 2.935894e+02 	 4.258079e+02 	 1.613709e+02
35.000000 	 3.257901e+02 	 4.846937e+02 	 1.668864e+02
30.000000 	 3.598912e+02 	 5.468541e+02 	 1.729284e+02
25.000000 	 3.943524e+02 	 6.092205e+02 	 1.794842e+02
20.000000 	 4.272028e+02 	 6.680982e+02 	 1.863073e+02
15.000000 	 4.562000e+02 	 7.195204e+02 	 1.928796e+02
10.000000 	 4.790474e+02 	 7.596276e+02 	 1.984672e+02
5.000000 	 4.937046e+02 	 7.851420e+02 	 2.022672e+02
0.000000 	 4.987630e+02 	 7.939078e+02 	 2.036182e+02
