180.000000 	 1.971954e+02 	 1.971954e+02 	 1.971954e+02
175.000000 	 1.975238e+02 	 1.852496e+02 	 2.097979e+02
170.000000 	 1.973531e+02 	 1.730649e+02 	 2.216414e+02
165.000000 	 1.970303e+02 	 1.612347e+02 	 2.328259e+02
160.000000 	 1.970074e+02 	 1.504233e+02 	 2.435914e+02
155.000000 	 1.964038e+02 	 1.399486e+02 	 2.528589e+02
150.000000 	 1.953241e+02 	 1.300582e+02 	 2.605900e+02
145.000000 	 1.937350e+02 	 1.208169e+02 	 2.666530e+02
140.000000 	 1.916429e+02 	 1.122833e+02 	 2.710026e+02
135.000000 	 1.888988e+02 	 1.043234e+02 	 2.734742e+02
130.000000 	 1.854854e+02 	 9.689920e+01 	 2.740717e+02
125.000000 	 1.814023e+02 	 8.996619e+01 	 2.728385e+02
120.000000 	 1.766770e+02 	 8.349670e+01 	 2.698573e+02
115.000000 	 1.713798e+02 	 7.750829e+01 	 2.652514e+02
110.000000 	 1.656007e+02 	 7.204947e+01 	 2.591520e+02
105.000000 	 1.594907e+02 	 6.725336e+01 	 2.517281e+02
100.000000 	 1.532462e+02 	 6.332810e+01 	 2.431644e+02
95.000000 	 1.471090e+02 	 6.056138e+01 	 2.336566e+02
90.000000 	 1.413696e+02 	 5.930769e+01 	 2.234314e+02
85.000000 	 1.363571e+02 	 5.998520e+01 	 2.127289e+02
80.000000 	 1.324416e+02 	 6.303521e+01 	 2.018479e+02
75.000000 	 1.300187e+02 	 6.889384e+01 	 1.911435e+02
70.000000 	 1.294997e+02 	 7.792486e+01 	 1.810745e+02
65.000000 	 1.312907e+02 	 9.039377e+01 	 1.721877e+02
60.000000 	 1.357680e+02 	 1.063754e+02 	 1.651606e+02
55.000000 	 1.432566e+02 	 1.257558e+02 	 1.607574e+02
50.000000 	 1.539823e+02 	 1.481632e+02 	 1.598014e+02
45.000000 	 1.680307e+02 	 1.729892e+02 	 1.630723e+02
40.000000 	 1.853019e+02 	 1.994259e+02 	 1.711779e+02
35.000000 	 2.054370e+02 	 2.264809e+02 	 1.843930e+02
30.000000 	 2.277536e+02 	 2.530177e+02 	 2.024895e+02
25.000000 	 2.511959e+02 	 2.777766e+02 	 2.246151e+02
20.000000 	 2.743215e+02 	 2.993928e+02 	 2.492503e+02
15.000000 	 2.953574e+02 	 3.164257e+02 	 2.742891e+02
10.000000 	 3.123493e+02 	 3.274568e+02 	 2.972418e+02
5.000000 	 3.234655e+02 	 3.313234e+02 	 3.156075e+02
0.000000 	 3.273448e+02 	 3.273448e+02 	 3.273448e+02
