180.000000 	 1.826411e+01 	 1.826411e+01 	 1.826411e+01
175.000000 	 1.822308e+01 	 1.715745e+01 	 1.928871e+01
170.000000 	 1.810081e+01 	 1.598671e+01 	 2.021490e+01
165.000000 	 1.789979e+01 	 1.477121e+01 	 2.102836e+01
160.000000 	 1.762411e+01 	 1.353122e+01 	 2.171701e+01
155.000000 	 1.727941e+01 	 1.228754e+01 	 2.227129e+01
150.000000 	 1.687273e+01 	 1.106111e+01 	 2.268434e+01
145.000000 	 1.641238e+01 	 9.872572e+00 	 2.295219e+01
140.000000 	 1.590779e+01 	 8.741780e+00 	 2.307380e+01
135.000000 	 1.536928e+01 	 7.687397e+00 	 2.305116e+01
130.000000 	 1.480782e+01 	 6.726421e+00 	 2.288922e+01
125.000000 	 1.423478e+01 	 5.873764e+00 	 2.259580e+01
120.000000 	 1.366162e+01 	 5.141848e+00 	 2.218140e+01
115.000000 	 1.309960e+01 	 4.540251e+00 	 2.165896e+01
110.000000 	 1.255944e+01 	 4.075410e+00 	 2.104347e+01
105.000000 	 1.205100e+01 	 3.750407e+00 	 2.035159e+01
100.000000 	 1.158297e+01 	 3.564840e+00 	 1.960111e+01
95.000000 	 1.116260e+01 	 3.514808e+00 	 1.881039e+01
90.000000 	 1.079541e+01 	 3.593014e+00 	 1.799781e+01
85.000000 	 1.048504e+01 	 3.788989e+00 	 1.718110e+01
80.000000 	 1.023311e+01 	 4.089438e+00 	 1.637679e+01
75.000000 	 1.003920e+01 	 4.478699e+00 	 1.559969e+01
70.000000 	 9.900861e+00 	 4.939304e+00 	 1.486242e+01
65.000000 	 9.813846e+00 	 5.452603e+00 	 1.417509e+01
60.000000 	 9.772301e+00 	 5.999436e+00 	 1.354517e+01
55.000000 	 9.769134e+00 	 6.560825e+00 	 1.297744e+01
50.000000 	 9.796418e+00 	 7.118644e+00 	 1.247419e+01
45.000000 	 9.845860e+00 	 7.656266e+00 	 1.203545e+01
40.000000 	 9.909282e+00 	 8.159168e+00 	 1.165940e+01
35.000000 	 9.979098e+00 	 8.615502e+00 	 1.134269e+01
30.000000 	 1.004874e+01 	 9.016621e+00 	 1.108085e+01
25.000000 	 1.011296e+01 	 9.357558e+00 	 1.086836e+01
20.000000 	 1.016803e+01 	 9.637391e+00 	 1.069868e+01
15.000000 	 1.021171e+01 	 9.859403e+00 	 1.056402e+01
10.000000 	 1.024297e+01 	 1.003091e+01 	 1.045503e+01
5.000000 	 1.026162e+01 	 1.016266e+01 	 1.036057e+01
0.000000 	 1.026780e+01 	 1.026780e+01 	 1.026780e+01
