180.000000 	 1.340275e+02 	 1.340275e+02 	 1.340275e+02
175.000000 	 1.341298e+02 	 1.262333e+02 	 1.420262e+02
170.000000 	 1.344298e+02 	 1.187232e+02 	 1.501363e+02
165.000000 	 1.349081e+02 	 1.115617e+02 	 1.582544e+02
160.000000 	 1.358499e+02 	 1.051055e+02 	 1.665943e+02
155.000000 	 1.367084e+02 	 9.889386e+01 	 1.745228e+02
150.000000 	 1.375478e+02 	 9.305889e+01 	 1.820367e+02
145.000000 	 1.383440e+02 	 8.763931e+01 	 1.890487e+02
140.000000 	 1.390549e+02 	 8.265130e+01 	 1.954584e+02
135.000000 	 1.396660e+02 	 7.813549e+01 	 2.011966e+02
130.000000 	 1.400929e+02 	 7.406565e+01 	 2.061201e+02
125.000000 	 1.403173e+02 	 7.048452e+01 	 2.101500e+02
120.000000 	 1.403361e+02 	 6.745836e+01 	 2.132138e+02
115.000000 	 1.401693e+02 	 6.508945e+01 	 2.152491e+02
110.000000 	 1.398699e+02 	 6.353087e+01 	 2.162090e+02
105.000000 	 1.395186e+02 	 6.297853e+01 	 2.160586e+02
100.000000 	 1.392468e+02 	 6.369665e+01 	 2.147969e+02
95.000000 	 1.392347e+02 	 6.600916e+01 	 2.124603e+02
90.000000 	 1.397161e+02 	 7.029392e+01 	 2.091383e+02
85.000000 	 1.409802e+02 	 7.697210e+01 	 2.049884e+02
80.000000 	 1.433735e+02 	 8.647472e+01 	 2.002722e+02
75.000000 	 1.472913e+02 	 9.921084e+01 	 1.953717e+02
70.000000 	 1.531691e+02 	 1.155389e+02 	 1.907992e+02
65.000000 	 1.614597e+02 	 1.356858e+02 	 1.872335e+02
60.000000 	 1.726032e+02 	 1.597076e+02 	 1.854989e+02
55.000000 	 1.869870e+02 	 1.874383e+02 	 1.865357e+02
50.000000 	 2.048767e+02 	 2.184211e+02 	 1.913324e+02
45.000000 	 2.263648e+02 	 2.519220e+02 	 2.008075e+02
40.000000 	 2.512785e+02 	 2.868973e+02 	 2.156598e+02
35.000000 	 2.791105e+02 	 3.220302e+02 	 2.361907e+02
30.000000 	 3.089397e+02 	 3.557530e+02 	 2.621263e+02
25.000000 	 3.394059e+02 	 3.863206e+02 	 2.924911e+02
20.000000 	 3.687307e+02 	 4.118956e+02 	 3.255659e+02
15.000000 	 3.948393e+02 	 4.306965e+02 	 3.589822e+02
10.000000 	 4.155620e+02 	 4.411774e+02 	 3.899467e+02
5.000000 	 4.289293e+02 	 4.422526e+02 	 4.156059e+02
0.000000 	 4.335574e+02 	 4.335574e+02 	 4.335574e+02
