180.000000 	 7.377173e-17 
175.000000 	 -1.014377e-03 
170.000000 	 -4.064427e-03 
165.000000 	 -9.170553e-03 
160.000000 	 -1.633454e-02 
155.000000 	 -2.564433e-02 
150.000000 	 -3.709803e-02 
145.000000 	 -5.077254e-02 
140.000000 	 -6.671044e-02 
135.000000 	 -8.493546e-02 
130.000000 	 -1.054340e-01 
125.000000 	 -1.281070e-01 
120.000000 	 -1.528127e-01 
115.000000 	 -1.792679e-01 
110.000000 	 -2.069463e-01 
105.000000 	 -2.351522e-01 
100.000000 	 -2.628920e-01 
95.000000 	 -2.888652e-01 
90.000000 	 -3.115369e-01 
85.000000 	 -3.291584e-01 
80.000000 	 -3.400257e-01 
75.000000 	 -3.426900e-01 
70.000000 	 -3.362798e-01 
65.000000 	 -3.207185e-01 
60.000000 	 -2.968361e-01 
55.000000 	 -2.662621e-01 
50.000000 	 -2.311715e-01 
45.000000 	 -1.939349e-01 
40.000000 	 -1.568018e-01 
35.000000 	 -1.216489e-01 
30.000000 	 -8.988686e-02 
25.000000 	 -6.244708e-02 
20.000000 	 -3.985248e-02 
15.000000 	 -2.232101e-02 
10.000000 	 -9.878878e-03 
5.000000 	 -2.462376e-03 
0.000000 	 -0.000000e+00 
