180.000000 	 1.633399e-17 
175.000000 	 1.183430e-03 
170.000000 	 4.729426e-03 
165.000000 	 1.062453e-02 
160.000000 	 1.884439e-02 
155.000000 	 2.935088e-02 
150.000000 	 4.208813e-02 
145.000000 	 5.697755e-02 
140.000000 	 7.391194e-02 
135.000000 	 9.274912e-02 
130.000000 	 1.133052e-01 
125.000000 	 1.353486e-01 
120.000000 	 1.585950e-01 
115.000000 	 1.827043e-01 
110.000000 	 2.072817e-01 
105.000000 	 2.318817e-01 
100.000000 	 2.560184e-01 
95.000000 	 2.791794e-01 
90.000000 	 3.008460e-01 
85.000000 	 3.205146e-01 
80.000000 	 3.377206e-01 
75.000000 	 3.520577e-01 
70.000000 	 3.631924e-01 
65.000000 	 3.708686e-01 
60.000000 	 3.748986e-01 
55.000000 	 3.751398e-01 
50.000000 	 3.714530e-01 
45.000000 	 3.636373e-01 
40.000000 	 3.513350e-01 
35.000000 	 3.338870e-01 
30.000000 	 3.101207e-01 
25.000000 	 2.780614e-01 
20.000000 	 2.347093e-01 
15.000000 	 1.766483e-01 
10.000000 	 1.041091e-01 
5.000000 	 3.247469e-02 
0.000000 	 0.000000e+00 
