180.000000 	 2.207499e+02 	 2.207499e+02 	 2.207499e+02
175.000000 	 2.206335e+02 	 2.070439e+02 	 2.342232e+02
170.000000 	 2.202716e+02 	 1.934078e+02 	 2.471355e+02
165.000000 	 2.196273e+02 	 1.801029e+02 	 2.591517e+02
160.000000 	 2.191926e+02 	 1.678775e+02 	 2.705078e+02
155.000000 	 2.180136e+02 	 1.560103e+02 	 2.800168e+02
150.000000 	 2.162087e+02 	 1.447846e+02 	 2.876328e+02
145.000000 	 2.137473e+02 	 1.342769e+02 	 2.932177e+02
140.000000 	 2.106444e+02 	 1.245511e+02 	 2.967377e+02
135.000000 	 2.067492e+02 	 1.154563e+02 	 2.980420e+02
130.000000 	 2.020557e+02 	 1.069413e+02 	 2.971701e+02
125.000000 	 1.965772e+02 	 9.894383e+01 	 2.942107e+02
120.000000 	 1.903589e+02 	 9.141750e+01 	 2.893004e+02
115.000000 	 1.834919e+02 	 8.436271e+01 	 2.826211e+02
110.000000 	 1.760880e+02 	 7.781239e+01 	 2.743637e+02
105.000000 	 1.683228e+02 	 7.188963e+01 	 2.647560e+02
100.000000 	 1.604174e+02 	 6.679762e+01 	 2.540371e+02
95.000000 	 1.526367e+02 	 6.282380e+01 	 2.424495e+02
90.000000 	 1.452914e+02 	 6.032957e+01 	 2.302533e+02
85.000000 	 1.387315e+02 	 5.973847e+01 	 2.177246e+02
80.000000 	 1.333382e+02 	 6.150402e+01 	 2.051723e+02
75.000000 	 1.295133e+02 	 6.606866e+01 	 1.929579e+02
70.000000 	 1.276660e+02 	 7.381777e+01 	 1.815141e+02
65.000000 	 1.281955e+02 	 8.500961e+01 	 1.713814e+02
60.000000 	 1.314636e+02 	 9.972445e+01 	 1.632027e+02
55.000000 	 1.377768e+02 	 1.178459e+02 	 1.577077e+02
50.000000 	 1.473428e+02 	 1.389998e+02 	 1.556859e+02
45.000000 	 1.602335e+02 	 1.625802e+02 	 1.578868e+02
40.000000 	 1.763469e+02 	 1.877962e+02 	 1.648976e+02
35.000000 	 1.953294e+02 	 2.136790e+02 	 1.769797e+02
30.000000 	 2.165295e+02 	 2.391502e+02 	 1.939089e+02
25.000000 	 2.389352e+02 	 2.630230e+02 	 2.148473e+02
20.000000 	 2.611470e+02 	 2.839948e+02 	 2.382992e+02
15.000000 	 2.814296e+02 	 3.006729e+02 	 2.621864e+02
10.000000 	 2.978867e+02 	 3.116955e+02 	 2.840779e+02
5.000000 	 3.086765e+02 	 3.158576e+02 	 3.014954e+02
0.000000 	 3.124359e+02 	 3.124359e+02 	 3.124359e+02
