180.000000 	 1.786770e+01 	 1.786770e+01 	 1.786770e+01
175.000000 	 1.782231e+01 	 1.693942e+01 	 1.870519e+01
170.000000 	 1.768717e+01 	 1.593526e+01 	 1.943909e+01
165.000000 	 1.746543e+01 	 1.487191e+01 	 2.005895e+01
160.000000 	 1.716220e+01 	 1.376752e+01 	 2.055687e+01
155.000000 	 1.678454e+01 	 1.264135e+01 	 2.092773e+01
150.000000 	 1.634129e+01 	 1.151334e+01 	 2.116925e+01
145.000000 	 1.584291e+01 	 1.040374e+01 	 2.128208e+01
140.000000 	 1.530124e+01 	 9.332683e+00 	 2.126979e+01
135.000000 	 1.472926e+01 	 8.319710e+00 	 2.113881e+01
130.000000 	 1.414082e+01 	 7.383379e+00 	 2.089826e+01
125.000000 	 1.355028e+01 	 6.540813e+00 	 2.055975e+01
120.000000 	 1.297220e+01 	 5.807292e+00 	 2.013711e+01
115.000000 	 1.242090e+01 	 5.195867e+00 	 1.964594e+01
110.000000 	 1.191013e+01 	 4.717011e+00 	 1.910324e+01
105.000000 	 1.145259e+01 	 4.378320e+00 	 1.852685e+01
100.000000 	 1.105959e+01 	 4.184277e+00 	 1.793491e+01
95.000000 	 1.074065e+01 	 4.136085e+00 	 1.734522e+01
90.000000 	 1.050313e+01 	 4.231581e+00 	 1.677468e+01
85.000000 	 1.035195e+01 	 4.465241e+00 	 1.623865e+01
80.000000 	 1.028934e+01 	 4.828269e+00 	 1.575042e+01
75.000000 	 1.031474e+01 	 5.308790e+00 	 1.532068e+01
70.000000 	 1.042466e+01 	 5.892123e+00 	 1.495721e+01
65.000000 	 1.061284e+01 	 6.561154e+00 	 1.466453e+01
60.000000 	 1.087034e+01 	 7.296780e+00 	 1.444391e+01
55.000000 	 1.118587e+01 	 8.078441e+00 	 1.429329e+01
50.000000 	 1.154614e+01 	 8.884713e+00 	 1.420757e+01
45.000000 	 1.193643e+01 	 9.693975e+00 	 1.417888e+01
40.000000 	 1.234106e+01 	 1.048513e+01 	 1.419700e+01
35.000000 	 1.274409e+01 	 1.123835e+01 	 1.424983e+01
30.000000 	 1.312989e+01 	 1.193591e+01 	 1.432387e+01
25.000000 	 1.348376e+01 	 1.256288e+01 	 1.440463e+01
20.000000 	 1.379248e+01 	 1.310788e+01 	 1.447708e+01
15.000000 	 1.404476e+01 	 1.356353e+01 	 1.452599e+01
10.000000 	 1.423155e+01 	 1.392677e+01 	 1.453632e+01
5.000000 	 1.434628e+01 	 1.419885e+01 	 1.449370e+01
0.000000 	 1.438496e+01 	 1.438496e+01 	 1.438496e+01
