180.000000 	 4.325047e-17 
175.000000 	 9.221551e-04 
170.000000 	 3.684734e-03 
165.000000 	 8.275598e-03 
160.000000 	 1.467290e-02 
155.000000 	 2.284267e-02 
150.000000 	 3.273857e-02 
145.000000 	 4.428530e-02 
140.000000 	 5.739229e-02 
135.000000 	 7.192802e-02 
130.000000 	 8.772988e-02 
125.000000 	 1.045830e-01 
120.000000 	 1.222197e-01 
115.000000 	 1.403163e-01 
110.000000 	 1.584814e-01 
105.000000 	 1.762613e-01 
100.000000 	 1.931434e-01 
95.000000 	 2.085668e-01 
90.000000 	 2.219415e-01 
85.000000 	 2.326740e-01 
80.000000 	 2.401999e-01 
75.000000 	 2.440213e-01 
70.000000 	 2.437438e-01 
65.000000 	 2.391122e-01 
60.000000 	 2.300394e-01 
55.000000 	 2.166262e-01 
50.000000 	 1.991738e-01 
45.000000 	 1.781868e-01 
40.000000 	 1.543721e-01 
35.000000 	 1.286321e-01 
30.000000 	 1.020540e-01 
25.000000 	 7.589068e-02 
20.000000 	 5.152772e-02 
15.000000 	 3.042597e-02 
10.000000 	 1.402439e-02 
5.000000 	 3.586652e-03 
0.000000 	 0.000000e+00 
