180.000000 	 2.061592e+01 	 2.061592e+01 	 2.061592e+01
175.000000 	 2.057661e+01 	 1.916114e+01 	 2.199208e+01
170.000000 	 2.045930e+01 	 1.765129e+01 	 2.326731e+01
165.000000 	 2.026582e+01 	 1.611072e+01 	 2.442092e+01
160.000000 	 1.999918e+01 	 1.456419e+01 	 2.543417e+01
155.000000 	 1.966351e+01 	 1.303641e+01 	 2.629060e+01
150.000000 	 1.926395e+01 	 1.155154e+01 	 2.697636e+01
145.000000 	 1.880658e+01 	 1.013272e+01 	 2.748043e+01
140.000000 	 1.829821e+01 	 8.801534e+00 	 2.779489e+01
135.000000 	 1.774627e+01 	 7.577471e+00 	 2.791507e+01
130.000000 	 1.715858e+01 	 6.477431e+00 	 2.783972e+01
125.000000 	 1.654314e+01 	 5.515200e+00 	 2.757108e+01
120.000000 	 1.590791e+01 	 4.700981e+00 	 2.711484e+01
115.000000 	 1.526055e+01 	 4.040990e+00 	 2.648011e+01
110.000000 	 1.460817e+01 	 3.537126e+00 	 2.567922e+01
105.000000 	 1.395712e+01 	 3.186772e+00 	 2.472747e+01
100.000000 	 1.331273e+01 	 2.982738e+00 	 2.364273e+01
95.000000 	 1.267921e+01 	 2.913375e+00 	 2.244504e+01
90.000000 	 1.205947e+01 	 2.962893e+00 	 2.115605e+01
85.000000 	 1.145516e+01 	 3.111893e+00 	 1.979842e+01
80.000000 	 1.086666e+01 	 3.338107e+00 	 1.839521e+01
75.000000 	 1.029331e+01 	 3.617336e+00 	 1.696928e+01
70.000000 	 9.733630e+00 	 3.924558e+00 	 1.554270e+01
65.000000 	 9.185724e+00 	 4.235134e+00 	 1.413631e+01
60.000000 	 8.647702e+00 	 4.526056e+00 	 1.276935e+01
55.000000 	 8.118201e+00 	 4.777148e+00 	 1.145925e+01
50.000000 	 7.596891e+00 	 4.972143e+00 	 1.022164e+01
45.000000 	 7.084970e+00 	 5.099555e+00 	 9.070386e+00
40.000000 	 6.585587e+00 	 5.153326e+00 	 8.017847e+00
35.000000 	 6.104151e+00 	 5.133223e+00 	 7.075079e+00
30.000000 	 5.648506e+00 	 5.045040e+00 	 6.251973e+00
25.000000 	 5.228895e+00 	 4.900626e+00 	 5.557165e+00
20.000000 	 4.857638e+00 	 4.717738e+00 	 4.997538e+00
15.000000 	 4.548398e+00 	 4.519583e+00 	 4.577213e+00
10.000000 	 4.314916e+00 	 4.333780e+00 	 4.296053e+00
5.000000 	 4.169231e+00 	 4.190489e+00 	 4.147973e+00
0.000000 	 4.119673e+00 	 4.119673e+00 	 4.119673e+00
