180.000000 	 4.471946e+02 	 3.596484e+02 	 5.347407e+02
175.000000 	 4.462989e+02 	 3.584595e+02 	 5.341382e+02
170.000000 	 4.436027e+02 	 3.549316e+02 	 5.322738e+02
165.000000 	 4.390806e+02 	 3.491789e+02 	 5.289823e+02
160.000000 	 4.335433e+02 	 3.423255e+02 	 5.247610e+02
155.000000 	 4.255974e+02 	 3.330790e+02 	 5.181158e+02
150.000000 	 4.155321e+02 	 3.220556e+02 	 5.090087e+02
145.000000 	 4.035656e+02 	 3.097780e+02 	 4.973532e+02
140.000000 	 3.894652e+02 	 2.962267e+02 	 4.827037e+02
135.000000 	 3.735826e+02 	 2.819677e+02 	 4.651975e+02
130.000000 	 3.559609e+02 	 2.671431e+02 	 4.447787e+02
125.000000 	 3.368423e+02 	 2.520246e+02 	 4.216599e+02
120.000000 	 3.164255e+02 	 2.367441e+02 	 3.961069e+02
115.000000 	 2.950705e+02 	 2.215285e+02 	 3.686125e+02
110.000000 	 2.731139e+02 	 2.065084e+02 	 3.397194e+02
105.000000 	 2.509595e+02 	 1.918390e+02 	 3.100800e+02
100.000000 	 2.290397e+02 	 1.776812e+02 	 2.803983e+02
95.000000 	 2.078175e+02 	 1.642371e+02 	 2.513980e+02
90.000000 	 1.877723e+02 	 1.517610e+02 	 2.237836e+02
85.000000 	 1.693833e+02 	 1.405784e+02 	 1.981883e+02
80.000000 	 1.531305e+02 	 1.311061e+02 	 1.751549e+02
75.000000 	 1.394510e+02 	 1.238413e+02 	 1.550607e+02
70.000000 	 1.287464e+02 	 1.193594e+02 	 1.381333e+02
65.000000 	 1.213481e+02 	 1.182732e+02 	 1.244231e+02
60.000000 	 1.175033e+02 	 1.211761e+02 	 1.138305e+02
55.000000 	 1.173594e+02 	 1.285607e+02 	 1.061581e+02
50.000000 	 1.209548e+02 	 1.407273e+02 	 1.011822e+02
45.000000 	 1.281971e+02 	 1.576411e+02 	 9.875315e+01
40.000000 	 1.388644e+02 	 1.789023e+02 	 9.882649e+01
35.000000 	 1.525676e+02 	 2.036570e+02 	 1.014782e+02
30.000000 	 1.687120e+02 	 2.306334e+02 	 1.067907e+02
25.000000 	 1.864326e+02 	 2.582021e+02 	 1.146631e+02
20.000000 	 2.045264e+02 	 2.844871e+02 	 1.245656e+02
15.000000 	 2.214767e+02 	 3.075966e+02 	 1.353568e+02
10.000000 	 2.355022e+02 	 3.256722e+02 	 1.453323e+02
5.000000 	 2.448467e+02 	 3.372035e+02 	 1.524898e+02
0.000000 	 2.481295e+02 	 3.411420e+02 	 1.551170e+02
