180.000000 	 1.643430e+02 	 2.331136e+02 	 9.557242e+01
175.000000 	 1.643743e+02 	 2.328268e+02 	 9.592185e+01
170.000000 	 1.644582e+02 	 2.319687e+02 	 9.694769e+01
165.000000 	 1.645654e+02 	 2.305472e+02 	 9.858358e+01
160.000000 	 1.650821e+02 	 2.291667e+02 	 1.009976e+02
155.000000 	 1.652561e+02 	 2.268936e+02 	 1.036186e+02
150.000000 	 1.651738e+02 	 2.239598e+02 	 1.063877e+02
145.000000 	 1.648013e+02 	 2.204390e+02 	 1.091637e+02
140.000000 	 1.641374e+02 	 2.164484e+02 	 1.118264e+02
135.000000 	 1.630082e+02 	 2.118599e+02 	 1.141564e+02
130.000000 	 1.614672e+02 	 2.068407e+02 	 1.160937e+02
125.000000 	 1.594481e+02 	 2.013725e+02 	 1.175238e+02
120.000000 	 1.569692e+02 	 1.955290e+02 	 1.184095e+02
115.000000 	 1.540423e+02 	 1.893499e+02 	 1.187346e+02
110.000000 	 1.507598e+02 	 1.829652e+02 	 1.185544e+02
105.000000 	 1.472279e+02 	 1.765077e+02 	 1.179481e+02
100.000000 	 1.436076e+02 	 1.701798e+02 	 1.170354e+02
95.000000 	 1.401065e+02 	 1.642557e+02 	 1.159572e+02
90.000000 	 1.369833e+02 	 1.590974e+02 	 1.148692e+02
85.000000 	 1.345428e+02 	 1.551692e+02 	 1.139164e+02
80.000000 	 1.331373e+02 	 1.530439e+02 	 1.132307e+02
75.000000 	 1.331557e+02 	 1.533972e+02 	 1.129141e+02
70.000000 	 1.350129e+02 	 1.569932e+02 	 1.130326e+02
65.000000 	 1.391289e+02 	 1.646209e+02 	 1.136368e+02
60.000000 	 1.459062e+02 	 1.770524e+02 	 1.147600e+02
55.000000 	 1.556982e+02 	 1.949407e+02 	 1.164556e+02
50.000000 	 1.687530e+02 	 2.186670e+02 	 1.188391e+02
45.000000 	 1.851803e+02 	 2.482765e+02 	 1.220841e+02
40.000000 	 2.048636e+02 	 2.832865e+02 	 1.264406e+02
35.000000 	 2.274115e+02 	 3.226637e+02 	 1.321594e+02
30.000000 	 2.520784e+02 	 3.647591e+02 	 1.393978e+02
25.000000 	 2.777187e+02 	 4.073671e+02 	 1.480704e+02
20.000000 	 3.027823e+02 	 4.478466e+02 	 1.577180e+02
15.000000 	 3.254020e+02 	 4.833661e+02 	 1.674379e+02
10.000000 	 3.435534e+02 	 5.111421e+02 	 1.759648e+02
5.000000 	 3.553688e+02 	 5.288575e+02 	 1.818800e+02
0.000000 	 3.594802e+02 	 5.349538e+02 	 1.840067e+02
