180.000000 	 1.343174e+02 	 2.482334e+02 	 2.040131e+01
175.000000 	 1.344306e+02 	 2.480924e+02 	 2.076887e+01
170.000000 	 1.347660e+02 	 2.476664e+02 	 2.186555e+01
165.000000 	 1.353109e+02 	 2.469479e+02 	 2.367393e+01
160.000000 	 1.362688e+02 	 2.462795e+02 	 2.625819e+01
155.000000 	 1.372562e+02 	 2.450768e+02 	 2.943565e+01
150.000000 	 1.383208e+02 	 2.434481e+02 	 3.319348e+01
145.000000 	 1.394476e+02 	 2.414056e+02 	 3.748970e+01
140.000000 	 1.406096e+02 	 2.389452e+02 	 4.227406e+01
135.000000 	 1.418005e+02 	 2.360969e+02 	 4.750410e+01
130.000000 	 1.429489e+02 	 2.327914e+02 	 5.310633e+01
125.000000 	 1.440819e+02 	 2.291140e+02 	 5.904970e+01
120.000000 	 1.451860e+02 	 2.250909e+02 	 6.528101e+01
115.000000 	 1.462902e+02 	 2.208199e+02 	 7.176055e+01
110.000000 	 1.474549e+02 	 2.164564e+02 	 7.845341e+01
105.000000 	 1.487674e+02 	 2.122140e+02 	 8.532075e+01
100.000000 	 1.503703e+02 	 2.084119e+02 	 9.232876e+01
95.000000 	 1.524514e+02 	 2.054681e+02 	 9.943466e+01
90.000000 	 1.552582e+02 	 2.039283e+02 	 1.065880e+02
85.000000 	 1.590998e+02 	 2.044747e+02 	 1.137249e+02
80.000000 	 1.643474e+02 	 2.079233e+02 	 1.207714e+02
75.000000 	 1.714288e+02 	 2.152200e+02 	 1.276376e+02
70.000000 	 1.808128e+02 	 2.273889e+02 	 1.342366e+02
65.000000 	 1.929893e+02 	 2.454947e+02 	 1.404839e+02
60.000000 	 2.084257e+02 	 2.705214e+02 	 1.463299e+02
55.000000 	 2.275150e+02 	 3.032540e+02 	 1.517761e+02
50.000000 	 2.505160e+02 	 3.441483e+02 	 1.568837e+02
45.000000 	 2.774583e+02 	 3.931203e+02 	 1.617964e+02
40.000000 	 3.080620e+02 	 4.494086e+02 	 1.667154e+02
35.000000 	 3.416562e+02 	 5.114601e+02 	 1.718524e+02
30.000000 	 3.771118e+02 	 5.768580e+02 	 1.773656e+02
25.000000 	 4.128255e+02 	 6.423800e+02 	 1.832711e+02
20.000000 	 4.467787e+02 	 7.041887e+02 	 1.893686e+02
15.000000 	 4.766697e+02 	 7.581214e+02 	 1.952180e+02
10.000000 	 5.001695e+02 	 8.001608e+02 	 2.001782e+02
5.000000 	 5.152203e+02 	 8.268950e+02 	 2.035456e+02
0.000000 	 5.204094e+02 	 8.360773e+02 	 2.047414e+02
