180.000000 	 1.382499e+02 	 2.658197e+02 	 1.068000e+01
175.000000 	 1.382154e+02 	 2.653565e+02 	 1.107431e+01
170.000000 	 1.381120e+02 	 2.639687e+02 	 1.225526e+01
165.000000 	 1.379396e+02 	 2.616623e+02 	 1.421694e+01
160.000000 	 1.376339e+02 	 2.582828e+02 	 1.698504e+01
155.000000 	 1.373320e+02 	 2.541918e+02 	 2.047214e+01
150.000000 	 1.369403e+02 	 2.491691e+02 	 2.471157e+01
145.000000 	 1.365044e+02 	 2.433576e+02 	 2.965129e+01
140.000000 	 1.360264e+02 	 2.367943e+02 	 3.525842e+01
135.000000 	 1.355166e+02 	 2.295444e+02 	 4.148885e+01
130.000000 	 1.349939e+02 	 2.217011e+02 	 4.828670e+01
125.000000 	 1.344868e+02 	 2.133908e+02 	 5.558289e+01
120.000000 	 1.340360e+02 	 2.047751e+02 	 6.329681e+01
115.000000 	 1.336989e+02 	 1.960775e+02 	 7.132020e+01
110.000000 	 1.335494e+02 	 1.875586e+02 	 7.954018e+01
105.000000 	 1.336836e+02 	 1.795519e+02 	 8.781524e+01
100.000000 	 1.342222e+02 	 1.724569e+02 	 9.598742e+01
95.000000 	 1.353132e+02 	 1.667468e+02 	 1.038797e+02
90.000000 	 1.371333e+02 	 1.629684e+02 	 1.112981e+02
85.000000 	 1.398866e+02 	 1.617368e+02 	 1.180364e+02
80.000000 	 1.438005e+02 	 1.637195e+02 	 1.238814e+02
75.000000 	 1.491204e+02 	 1.696153e+02 	 1.286256e+02
70.000000 	 1.560919e+02 	 1.801097e+02 	 1.320740e+02
65.000000 	 1.649490e+02 	 1.958319e+02 	 1.340661e+02
60.000000 	 1.758792e+02 	 2.172748e+02 	 1.344836e+02
55.000000 	 1.890031e+02 	 2.447290e+02 	 1.332771e+02
50.000000 	 2.043265e+02 	 2.781804e+02 	 1.304725e+02
45.000000 	 2.217081e+02 	 3.172294e+02 	 1.261867e+02
40.000000 	 2.408277e+02 	 3.610201e+02 	 1.206353e+02
35.000000 	 2.611536e+02 	 4.081846e+02 	 1.141227e+02
30.000000 	 2.819417e+02 	 4.568507e+02 	 1.070328e+02
25.000000 	 3.022535e+02 	 5.047000e+02 	 9.980701e+01
20.000000 	 3.210134e+02 	 5.491100e+02 	 9.291684e+01
15.000000 	 3.370933e+02 	 5.873460e+02 	 8.684050e+01
10.000000 	 3.494417e+02 	 6.168417e+02 	 8.204165e+01
5.000000 	 3.572085e+02 	 6.354734e+02 	 7.894358e+01
0.000000 	 3.598580e+02 	 6.418469e+02 	 7.786913e+01
