180.000000 	 5.548381e-17 
175.000000 	 -1.978298e-03 
170.000000 	 -7.881384e-03 
165.000000 	 -1.761822e-02 
160.000000 	 -3.100751e-02 
155.000000 	 -4.792540e-02 
150.000000 	 -6.820597e-02 
145.000000 	 -9.170053e-02 
140.000000 	 -1.182924e-01 
135.000000 	 -1.478953e-01 
130.000000 	 -1.804879e-01 
125.000000 	 -2.160375e-01 
120.000000 	 -2.545205e-01 
115.000000 	 -2.958104e-01 
110.000000 	 -3.396370e-01 
105.000000 	 -3.854761e-01 
100.000000 	 -4.323563e-01 
95.000000 	 -4.787637e-01 
90.000000 	 -5.225103e-01 
85.000000 	 -5.607325e-01 
80.000000 	 -5.899497e-01 
75.000000 	 -6.066119e-01 
70.000000 	 -6.075934e-01 
65.000000 	 -5.910341e-01 
60.000000 	 -5.569375e-01 
55.000000 	 -5.073802e-01 
50.000000 	 -4.461762e-01 
45.000000 	 -3.781303e-01 
40.000000 	 -3.081551e-01 
35.000000 	 -2.405560e-01 
30.000000 	 -1.786357e-01 
25.000000 	 -1.246235e-01 
20.000000 	 -7.981859e-02 
15.000000 	 -4.484180e-02 
10.000000 	 -1.989276e-02 
5.000000 	 -4.965747e-03 
0.000000 	 -0.000000e+00 
