180.000000 	 1.628037e+02 	 3.120152e+02 	 1.359231e+01
175.000000 	 1.628084e+02 	 3.115977e+02 	 1.401908e+01
170.000000 	 1.628216e+02 	 3.103452e+02 	 1.529804e+01
165.000000 	 1.628417e+02 	 3.082582e+02 	 1.742520e+01
160.000000 	 1.628358e+02 	 3.052303e+02 	 2.044129e+01
155.000000 	 1.628653e+02 	 3.014914e+02 	 2.423917e+01
150.000000 	 1.628839e+02 	 2.968919e+02 	 2.887593e+01
145.000000 	 1.629098e+02 	 2.915207e+02 	 3.429881e+01
140.000000 	 1.629433e+02 	 2.854019e+02 	 4.048471e+01
135.000000 	 1.629928e+02 	 2.785858e+02 	 4.739976e+01
130.000000 	 1.630757e+02 	 2.711522e+02 	 5.499923e+01
125.000000 	 1.632229e+02 	 2.632149e+02 	 6.323100e+01
120.000000 	 1.634812e+02 	 2.549469e+02 	 7.201538e+01
115.000000 	 1.639168e+02 	 2.465731e+02 	 8.126055e+01
110.000000 	 1.646254e+02 	 2.383868e+02 	 9.086395e+01
105.000000 	 1.657316e+02 	 2.307731e+02 	 1.006900e+02
100.000000 	 1.673979e+02 	 2.242129e+02 	 1.105830e+02
95.000000 	 1.698289e+02 	 2.192958e+02 	 1.203620e+02
90.000000 	 1.732731e+02 	 2.167254e+02 	 1.298207e+02
85.000000 	 1.780243e+02 	 2.173163e+02 	 1.387323e+02
80.000000 	 1.844188e+02 	 2.219821e+02 	 1.468556e+02
75.000000 	 1.928215e+02 	 2.317024e+02 	 1.539406e+02
70.000000 	 2.036130e+02 	 2.474780e+02 	 1.597481e+02
65.000000 	 2.171611e+02 	 2.702568e+02 	 1.640654e+02
60.000000 	 2.337770e+02 	 3.008327e+02 	 1.667213e+02
55.000000 	 2.536758e+02 	 3.397328e+02 	 1.676187e+02
50.000000 	 2.769130e+02 	 3.870770e+02 	 1.667491e+02
45.000000 	 3.033250e+02 	 4.424389e+02 	 1.642111e+02
40.000000 	 3.324647e+02 	 5.047177e+02 	 1.602117e+02
35.000000 	 3.635649e+02 	 5.720598e+02 	 1.550699e+02
30.000000 	 3.955121e+02 	 6.418358e+02 	 1.491884e+02
25.000000 	 4.268747e+02 	 7.107221e+02 	 1.430272e+02
20.000000 	 4.559785e+02 	 7.748911e+02 	 1.370659e+02
15.000000 	 4.810422e+02 	 8.303146e+02 	 1.317698e+02
10.000000 	 5.003718e+02 	 8.731726e+02 	 1.275710e+02
5.000000 	 5.125723e+02 	 9.002922e+02 	 1.248523e+02
0.000000 	 5.167445e+02 	 9.095807e+02 	 1.239084e+02
