180.000000 	 1.809870e+01 	 1.809870e+01 	 1.809870e+01
175.000000 	 1.804860e+01 	 1.728304e+01 	 1.881415e+01
170.000000 	 1.789952e+01 	 1.638017e+01 	 1.941888e+01
165.000000 	 1.765516e+01 	 1.540528e+01 	 1.990504e+01
160.000000 	 1.732157e+01 	 1.437548e+01 	 2.026766e+01
155.000000 	 1.690707e+01 	 1.330942e+01 	 2.050472e+01
150.000000 	 1.642208e+01 	 1.222692e+01 	 2.061725e+01
145.000000 	 1.587891e+01 	 1.114859e+01 	 2.060923e+01
140.000000 	 1.529148e+01 	 1.009535e+01 	 2.048761e+01
135.000000 	 1.467506e+01 	 9.088048e+00 	 2.026206e+01
130.000000 	 1.404588e+01 	 8.146931e+00 	 1.994482e+01
125.000000 	 1.342078e+01 	 7.291234e+00 	 1.955033e+01
120.000000 	 1.281680e+01 	 6.538704e+00 	 1.909489e+01
115.000000 	 1.225066e+01 	 5.905159e+00 	 1.859616e+01
110.000000 	 1.173840e+01 	 5.404070e+00 	 1.807272e+01
105.000000 	 1.129481e+01 	 5.046178e+00 	 1.754344e+01
100.000000 	 1.093302e+01 	 4.839158e+00 	 1.702689e+01
95.000000 	 1.066403e+01 	 4.787336e+00 	 1.654073e+01
90.000000 	 1.049628e+01 	 4.891480e+00 	 1.610109e+01
85.000000 	 1.043530e+01 	 5.148667e+00 	 1.572194e+01
80.000000 	 1.048343e+01 	 5.552243e+00 	 1.541461e+01
75.000000 	 1.063959e+01 	 6.091873e+00 	 1.518730e+01
70.000000 	 1.089923e+01 	 6.753709e+00 	 1.504475e+01
65.000000 	 1.125433e+01 	 7.520657e+00 	 1.498801e+01
60.000000 	 1.169356e+01 	 8.372765e+00 	 1.501435e+01
55.000000 	 1.220257e+01 	 9.287729e+00 	 1.511740e+01
50.000000 	 1.276441e+01 	 1.024151e+01 	 1.528731e+01
45.000000 	 1.336009e+01 	 1.120906e+01 	 1.551113e+01
40.000000 	 1.396921e+01 	 1.216513e+01 	 1.577328e+01
35.000000 	 1.457066e+01 	 1.308520e+01 	 1.605613e+01
30.000000 	 1.514344e+01 	 1.394632e+01 	 1.634057e+01
25.000000 	 1.566742e+01 	 1.472810e+01 	 1.660675e+01
20.000000 	 1.612409e+01 	 1.541350e+01 	 1.683469e+01
15.000000 	 1.649728e+01 	 1.598952e+01 	 1.700503e+01
10.000000 	 1.677373e+01 	 1.644773e+01 	 1.709972e+01
5.000000 	 1.694363e+01 	 1.678449e+01 	 1.710276e+01
0.000000 	 1.700094e+01 	 1.700094e+01 	 1.700094e+01
