180.000000 	 9.833282e+01 	 1.888617e+02 	 7.803980e+00
175.000000 	 9.827677e+01 	 1.884391e+02 	 8.114455e+00
170.000000 	 9.810897e+01 	 1.871745e+02 	 9.043473e+00
165.000000 	 9.783058e+01 	 1.850775e+02 	 1.058368e+01
160.000000 	 9.744348e+01 	 1.821644e+02 	 1.272261e+01
155.000000 	 9.690004e+01 	 1.783395e+02 	 1.546054e+01
150.000000 	 9.629098e+01 	 1.738358e+02 	 1.874619e+01
145.000000 	 9.561536e+01 	 1.686830e+02 	 2.254773e+01
140.000000 	 9.484562e+01 	 1.628491e+02 	 2.684213e+01
135.000000 	 9.401191e+01 	 1.564500e+02 	 3.157383e+01
130.000000 	 9.312866e+01 	 1.495710e+02 	 3.668627e+01
125.000000 	 9.221663e+01 	 1.423212e+02 	 4.211201e+01
120.000000 	 9.130308e+01 	 1.348318e+02 	 4.777432e+01
115.000000 	 9.042587e+01 	 1.272743e+02 	 5.357741e+01
110.000000 	 8.962931e+01 	 1.198367e+02 	 5.942189e+01
105.000000 	 8.896925e+01 	 1.127490e+02 	 6.518952e+01
100.000000 	 8.851427e+01 	 1.062725e+02 	 7.075604e+01
95.000000 	 8.834442e+01 	 1.007043e+02 	 7.598458e+01
90.000000 	 8.855278e+01 	 9.637233e+01 	 8.073323e+01
85.000000 	 8.924405e+01 	 9.363004e+01 	 8.485805e+01
80.000000 	 9.053209e+01 	 9.284551e+01 	 8.821866e+01
75.000000 	 9.253551e+01 	 9.438572e+01 	 9.068530e+01
70.000000 	 9.537100e+01 	 9.859491e+01 	 9.214710e+01
65.000000 	 9.914392e+01 	 1.057667e+02 	 9.252120e+01
60.000000 	 1.039362e+02 	 1.161102e+02 	 9.176218e+01
55.000000 	 1.097918e+02 	 1.297127e+02 	 8.987095e+01
50.000000 	 1.167004e+02 	 1.464989e+02 	 8.690186e+01
45.000000 	 1.245808e+02 	 1.661946e+02 	 8.296713e+01
40.000000 	 1.332672e+02 	 1.882971e+02 	 7.823738e+01
35.000000 	 1.424996e+02 	 2.120617e+02 	 7.293756e+01
30.000000 	 1.519235e+02 	 2.365084e+02 	 6.733854e+01
25.000000 	 1.611027e+02 	 2.604615e+02 	 6.174384e+01
20.000000 	 1.695452e+02 	 2.826125e+02 	 5.647790e+01
15.000000 	 1.767489e+02 	 3.016252e+02 	 5.187246e+01
10.000000 	 1.822538e+02 	 3.162521e+02 	 4.825555e+01
5.000000 	 1.857053e+02 	 3.254802e+02 	 4.593035e+01
0.000000 	 1.868795e+02 	 3.286331e+02 	 4.512588e+01
