180.000000 	 1.134392e+02 	 2.182158e+02 	 8.662528e+00
175.000000 	 1.136377e+02 	 2.182473e+02 	 9.028149e+00
170.000000 	 1.134861e+02 	 2.169091e+02 	 1.006303e+01
165.000000 	 1.132343e+02 	 2.146885e+02 	 1.178010e+01
160.000000 	 1.128837e+02 	 2.116001e+02 	 1.416736e+01
155.000000 	 1.123798e+02 	 2.075273e+02 	 1.723235e+01
150.000000 	 1.118233e+02 	 2.027322e+02 	 2.091436e+01
145.000000 	 1.112118e+02 	 1.972415e+02 	 2.518208e+01
140.000000 	 1.105134e+02 	 1.910087e+02 	 3.001811e+01
135.000000 	 1.097610e+02 	 1.841582e+02 	 3.536374e+01
130.000000 	 1.089703e+02 	 1.767793e+02 	 4.116135e+01
125.000000 	 1.081636e+02 	 1.689826e+02 	 4.734458e+01
120.000000 	 1.073781e+02 	 1.609333e+02 	 5.382295e+01
115.000000 	 1.066544e+02 	 1.528032e+02 	 6.050561e+01
110.000000 	 1.060491e+02 	 1.448221e+02 	 6.727606e+01
105.000000 	 1.056331e+02 	 1.372552e+02 	 7.401103e+01
100.000000 	 1.054932e+02 	 1.304193e+02 	 8.056717e+01
95.000000 	 1.057340e+02 	 1.246777e+02 	 8.679029e+01
90.000000 	 1.064779e+02 	 1.204398e+02 	 9.251606e+01
85.000000 	 1.078646e+02 	 1.181547e+02 	 9.757451e+01
80.000000 	 1.100474e+02 	 1.182987e+02 	 1.017962e+02
75.000000 	 1.131881e+02 	 1.213559e+02 	 1.050203e+02
70.000000 	 1.174476e+02 	 1.277907e+02 	 1.071045e+02
65.000000 	 1.229721e+02 	 1.380086e+02 	 1.079356e+02
60.000000 	 1.298814e+02 	 1.523178e+02 	 1.074450e+02
55.000000 	 1.382412e+02 	 1.708667e+02 	 1.056156e+02
50.000000 	 1.480444e+02 	 1.935938e+02 	 1.024950e+02
45.000000 	 1.591868e+02 	 2.201719e+02 	 9.820172e+01
40.000000 	 1.714460e+02 	 2.499644e+02 	 9.292767e+01
35.000000 	 1.844676e+02 	 2.820015e+02 	 8.693372e+01
30.000000 	 1.977630e+02 	 3.149864e+02 	 8.053959e+01
25.000000 	 2.107242e+02 	 3.473401e+02 	 7.410839e+01
20.000000 	 2.226637e+02 	 3.772998e+02 	 6.802773e+01
15.000000 	 2.328681e+02 	 4.030421e+02 	 6.269413e+01
10.000000 	 2.406806e+02 	 4.228644e+02 	 5.849679e+01
5.000000 	 2.455862e+02 	 4.353780e+02 	 5.579438e+01
0.000000 	 2.472567e+02 	 4.396549e+02 	 5.485857e+01
