180.000000 	 1.371869e+02 	 2.560442e+02 	 1.832970e+01
175.000000 	 1.372978e+02 	 2.558972e+02 	 1.869838e+01
170.000000 	 1.376265e+02 	 2.554535e+02 	 1.979948e+01
165.000000 	 1.381619e+02 	 2.547050e+02 	 2.161871e+01
160.000000 	 1.390872e+02 	 2.539594e+02 	 2.421499e+01
155.000000 	 1.400577e+02 	 2.526869e+02 	 2.742859e+01
150.000000 	 1.411164e+02 	 2.509822e+02 	 3.125073e+01
145.000000 	 1.422503e+02 	 2.488540e+02 	 3.564651e+01
140.000000 	 1.434355e+02 	 2.462976e+02 	 4.057344e+01
135.000000 	 1.446484e+02 	 2.433103e+02 	 4.598654e+01
130.000000 	 1.458851e+02 	 2.399229e+02 	 5.184731e+01
125.000000 	 1.471146e+02 	 2.361287e+02 	 5.810047e+01
120.000000 	 1.483488e+02 	 2.319933e+02 	 6.470429e+01
115.000000 	 1.496209e+02 	 2.276239e+02 	 7.161794e+01
110.000000 	 1.509929e+02 	 2.231852e+02 	 7.880055e+01
105.000000 	 1.525646e+02 	 2.189189e+02 	 8.621034e+01
100.000000 	 1.544761e+02 	 2.151544e+02 	 9.379769e+01
95.000000 	 1.569231e+02 	 2.123392e+02 	 1.015071e+02
90.000000 	 1.601599e+02 	 2.110486e+02 	 1.092713e+02
85.000000 	 1.645030e+02 	 2.119974e+02 	 1.170085e+02
80.000000 	 1.703314e+02 	 2.160400e+02 	 1.246227e+02
75.000000 	 1.780816e+02 	 2.241587e+02 	 1.320045e+02
70.000000 	 1.882308e+02 	 2.374147e+02 	 1.390470e+02
65.000000 	 2.012756e+02 	 2.569039e+02 	 1.456472e+02
60.000000 	 2.176868e+02 	 2.836351e+02 	 1.517385e+02
55.000000 	 2.378560e+02 	 3.184055e+02 	 1.573065e+02
50.000000 	 2.620317e+02 	 3.616648e+02 	 1.623986e+02
45.000000 	 2.902232e+02 	 4.132981e+02 	 1.671483e+02
40.000000 	 3.221244e+02 	 4.725065e+02 	 1.717423e+02
35.000000 	 3.570187e+02 	 5.376402e+02 	 1.763972e+02
30.000000 	 3.937283e+02 	 6.061763e+02 	 1.812802e+02
25.000000 	 4.305989e+02 	 6.747610e+02 	 1.864369e+02
20.000000 	 4.655516e+02 	 7.393790e+02 	 1.917243e+02
15.000000 	 4.962560e+02 	 7.957371e+02 	 1.967749e+02
10.000000 	 5.203353e+02 	 8.396150e+02 	 2.010557e+02
5.000000 	 5.357436e+02 	 8.675354e+02 	 2.039519e+02
0.000000 	 5.410416e+02 	 8.770981e+02 	 2.049851e+02
