180.000000 	 6.098430e-17 
175.000000 	 -1.632124e-03 
170.000000 	 -6.524443e-03 
165.000000 	 -1.466552e-02 
160.000000 	 -2.601407e-02 
155.000000 	 -4.057131e-02 
150.000000 	 -5.833433e-02 
145.000000 	 -7.925464e-02 
140.000000 	 -1.033194e-01 
135.000000 	 -1.305256e-01 
130.000000 	 -1.607969e-01 
125.000000 	 -1.940401e-01 
120.000000 	 -2.300404e-01 
115.000000 	 -2.684520e-01 
110.000000 	 -3.087028e-01 
105.000000 	 -3.499107e-01 
100.000000 	 -3.908125e-01 
95.000000 	 -4.296733e-01 
90.000000 	 -4.643188e-01 
85.000000 	 -4.921863e-01 
80.000000 	 -5.105873e-01 
75.000000 	 -5.170945e-01 
70.000000 	 -5.100036e-01 
65.000000 	 -4.888175e-01 
60.000000 	 -4.544749e-01 
55.000000 	 -4.092825e-01 
50.000000 	 -3.565418e-01 
45.000000 	 -2.999702e-01 
40.000000 	 -2.431409e-01 
35.000000 	 -1.890694e-01 
30.000000 	 -1.400186e-01 
25.000000 	 -9.749162e-02 
20.000000 	 -6.235133e-02 
15.000000 	 -3.499059e-02 
10.000000 	 -1.551046e-02 
5.000000 	 -3.869970e-03 
0.000000 	 -0.000000e+00 
