180.000000 	 -1.045904e-16 
175.000000 	 -1.819521e-03 
170.000000 	 -7.262713e-03 
165.000000 	 -1.628558e-02 
160.000000 	 -2.879132e-02 
155.000000 	 -4.472809e-02 
150.000000 	 -6.401574e-02 
145.000000 	 -8.658243e-02 
140.000000 	 -1.123663e-01 
135.000000 	 -1.413149e-01 
130.000000 	 -1.733701e-01 
125.000000 	 -2.084624e-01 
120.000000 	 -2.464468e-01 
115.000000 	 -2.870558e-01 
110.000000 	 -3.298198e-01 
105.000000 	 -3.739825e-01 
100.000000 	 -4.183537e-01 
95.000000 	 -4.612409e-01 
90.000000 	 -5.003895e-01 
85.000000 	 -5.330332e-01 
80.000000 	 -5.561075e-01 
75.000000 	 -5.666653e-01 
70.000000 	 -5.624018e-01 
65.000000 	 -5.423021e-01 
60.000000 	 -5.069817e-01 
55.000000 	 -4.587461e-01 
50.000000 	 -4.011987e-01 
45.000000 	 -3.385829e-01 
40.000000 	 -2.750791e-01 
35.000000 	 -2.142750e-01 
30.000000 	 -1.588878e-01 
25.000000 	 -1.107368e-01 
20.000000 	 -7.087613e-02 
15.000000 	 -3.979802e-02 
10.000000 	 -1.764912e-02 
5.000000 	 -4.404740e-03 
0.000000 	 -0.000000e+00 
