180.000000 	 4.877027e+01 	 4.877027e+01 	 4.877027e+01
175.000000 	 4.873018e+01 	 4.615183e+01 	 5.130852e+01
170.000000 	 4.856386e+01 	 4.345054e+01 	 5.367718e+01
165.000000 	 4.828863e+01 	 4.072679e+01 	 5.585046e+01
160.000000 	 4.790742e+01 	 3.802601e+01 	 5.778884e+01
155.000000 	 4.741291e+01 	 3.538429e+01 	 5.944153e+01
150.000000 	 4.683522e+01 	 3.286820e+01 	 6.080224e+01
145.000000 	 4.616389e+01 	 3.050825e+01 	 6.181952e+01
140.000000 	 4.541628e+01 	 2.835565e+01 	 6.247692e+01
135.000000 	 4.459505e+01 	 2.644728e+01 	 6.274282e+01
130.000000 	 4.371406e+01 	 2.482504e+01 	 6.260309e+01
125.000000 	 4.278502e+01 	 2.352472e+01 	 6.204532e+01
120.000000 	 4.182130e+01 	 2.257795e+01 	 6.106466e+01
115.000000 	 4.083784e+01 	 2.201098e+01 	 5.966469e+01
110.000000 	 3.985102e+01 	 2.184344e+01 	 5.785860e+01
105.000000 	 3.887862e+01 	 2.208703e+01 	 5.567021e+01
100.000000 	 3.793959e+01 	 2.274427e+01 	 5.313490e+01
95.000000 	 3.705382e+01 	 2.380724e+01 	 5.030040e+01
90.000000 	 3.624189e+01 	 2.525633e+01 	 4.722744e+01
85.000000 	 3.552418e+01 	 2.705996e+01 	 4.398841e+01
80.000000 	 3.492088e+01 	 2.917296e+01 	 4.066881e+01
75.000000 	 3.445074e+01 	 3.153784e+01 	 3.736364e+01
70.000000 	 3.413018e+01 	 3.408371e+01 	 3.417664e+01
65.000000 	 3.397196e+01 	 3.672784e+01 	 3.121607e+01
60.000000 	 3.398427e+01 	 3.937801e+01 	 2.859054e+01
55.000000 	 3.416852e+01 	 4.193318e+01 	 2.640387e+01
50.000000 	 3.451871e+01 	 4.428826e+01 	 2.474916e+01
45.000000 	 3.501926e+01 	 4.633635e+01 	 2.370217e+01
40.000000 	 3.564492e+01 	 4.797454e+01 	 2.331531e+01
35.000000 	 3.636004e+01 	 4.910825e+01 	 2.361183e+01
30.000000 	 3.711995e+01 	 4.965792e+01 	 2.458197e+01
25.000000 	 3.787351e+01 	 4.956577e+01 	 2.618125e+01
20.000000 	 3.856771e+01 	 4.880380e+01 	 2.833161e+01
15.000000 	 3.915373e+01 	 4.738215e+01 	 3.092531e+01
10.000000 	 3.959384e+01 	 4.535703e+01 	 3.383065e+01
5.000000 	 3.986449e+01 	 4.283273e+01 	 3.689624e+01
0.000000 	 3.995551e+01 	 3.995551e+01 	 3.995551e+01
