180.000000 	 2.061592e+01 	 4.114293e+01 	 8.890727e-02
175.000000 	 2.057661e+01 	 4.099139e+01 	 1.618330e-01
170.000000 	 2.045930e+01 	 4.053926e+01 	 3.793328e-01
165.000000 	 2.026582e+01 	 3.979405e+01 	 7.375844e-01
160.000000 	 1.999918e+01 	 3.876811e+01 	 1.230249e+00
155.000000 	 1.966351e+01 	 3.747849e+01 	 1.848519e+00
150.000000 	 1.926395e+01 	 3.594671e+01 	 2.581199e+00
145.000000 	 1.880658e+01 	 3.419835e+01 	 3.414803e+00
140.000000 	 1.829821e+01 	 3.226272e+01 	 4.333701e+00
135.000000 	 1.774627e+01 	 3.017224e+01 	 5.320298e+00
130.000000 	 1.715858e+01 	 2.796188e+01 	 6.355269e+00
125.000000 	 1.654314e+01 	 2.566844e+01 	 7.417841e+00
120.000000 	 1.590791e+01 	 2.332968e+01 	 8.486141e+00
115.000000 	 1.526055e+01 	 2.098350e+01 	 9.537603e+00
110.000000 	 1.460817e+01 	 1.866690e+01 	 1.054944e+01
105.000000 	 1.395712e+01 	 1.641505e+01 	 1.149919e+01
100.000000 	 1.331273e+01 	 1.426021e+01 	 1.236525e+01
95.000000 	 1.267921e+01 	 1.223085e+01 	 1.312757e+01
90.000000 	 1.205947e+01 	 1.035071e+01 	 1.376823e+01
85.000000 	 1.145516e+01 	 8.638197e+00 	 1.427212e+01
80.000000 	 1.086666e+01 	 7.105810e+00 	 1.462751e+01
75.000000 	 1.029331e+01 	 5.759978e+00 	 1.482664e+01
70.000000 	 9.733630e+00 	 4.601131e+00 	 1.486613e+01
65.000000 	 9.185724e+00 	 3.624096e+00 	 1.474735e+01
60.000000 	 8.647702e+00 	 2.818807e+00 	 1.447660e+01
55.000000 	 8.118201e+00 	 2.171247e+00 	 1.406515e+01
50.000000 	 7.596891e+00 	 1.664571e+00 	 1.352921e+01
45.000000 	 7.084970e+00 	 1.280268e+00 	 1.288967e+01
40.000000 	 6.585587e+00 	 9.992682e-01 	 1.217190e+01
35.000000 	 6.104151e+00 	 8.028710e-01 	 1.140543e+01
30.000000 	 5.648506e+00 	 6.734215e-01 	 1.062359e+01
25.000000 	 5.228895e+00 	 5.947406e-01 	 9.863050e+00
20.000000 	 4.857638e+00 	 5.523687e-01 	 9.162907e+00
15.000000 	 4.548398e+00 	 5.337484e-01 	 8.563047e+00
10.000000 	 4.314916e+00 	 5.284698e-01 	 8.101363e+00
5.000000 	 4.169231e+00 	 5.286292e-01 	 7.809833e+00
0.000000 	 4.119673e+00 	 5.292501e-01 	 7.710096e+00
