180.000000 	 4.718925e-19 
175.000000 	 -1.472784e-05 
170.000000 	 -6.505718e-05 
165.000000 	 -1.693374e-04 
160.000000 	 -3.577861e-04 
155.000000 	 -6.266945e-04 
150.000000 	 -1.100306e-03 
145.000000 	 -1.768593e-03 
140.000000 	 -2.737925e-03 
135.000000 	 -4.079927e-03 
130.000000 	 -5.867500e-03 
125.000000 	 -8.167682e-03 
120.000000 	 -1.103386e-02 
115.000000 	 -1.447382e-02 
110.000000 	 -1.852684e-02 
105.000000 	 -2.309676e-02 
100.000000 	 -2.810021e-02 
95.000000 	 -3.331228e-02 
90.000000 	 -3.847694e-02 
85.000000 	 -4.325569e-02 
80.000000 	 -4.723997e-02 
75.000000 	 -5.004264e-02 
70.000000 	 -5.132352e-02 
65.000000 	 -5.086401e-02 
60.000000 	 -4.862017e-02 
55.000000 	 -4.474566e-02 
50.000000 	 -3.957426e-02 
45.000000 	 -3.356473e-02 
40.000000 	 -2.722389e-02 
35.000000 	 -2.102713e-02 
30.000000 	 -1.536550e-02 
25.000000 	 -1.050026e-02 
20.000000 	 -6.570628e-03 
15.000000 	 -3.607073e-03 
10.000000 	 -1.568766e-03 
5.000000 	 -3.864363e-04 
0.000000 	 -0.000000e+00 
