180.000000 	 3.863661e+01 	 7.036506e+01 	 6.908171e+00
175.000000 	 3.858501e+01 	 7.013079e+01 	 7.039234e+00
170.000000 	 3.843080e+01 	 6.943111e+01 	 7.430504e+00
165.000000 	 3.817581e+01 	 6.827539e+01 	 8.076226e+00
160.000000 	 3.782302e+01 	 6.667925e+01 	 8.966790e+00
155.000000 	 3.737664e+01 	 6.466456e+01 	 1.008873e+01
150.000000 	 3.683889e+01 	 6.225279e+01 	 1.142500e+01
145.000000 	 3.622313e+01 	 5.949237e+01 	 1.295388e+01
140.000000 	 3.553222e+01 	 5.641363e+01 	 1.465080e+01
135.000000 	 3.477705e+01 	 5.306754e+01 	 1.648657e+01
130.000000 	 3.396554e+01 	 4.950180e+01 	 1.842928e+01
125.000000 	 3.310867e+01 	 4.577424e+01 	 2.044310e+01
120.000000 	 3.221729e+01 	 4.194505e+01 	 2.248953e+01
115.000000 	 3.130283e+01 	 3.807798e+01 	 2.452769e+01
110.000000 	 3.037708e+01 	 3.423915e+01 	 2.651501e+01
105.000000 	 2.945191e+01 	 3.049573e+01 	 2.840810e+01
100.000000 	 2.853907e+01 	 2.691435e+01 	 3.016378e+01
95.000000 	 2.764983e+01 	 2.355933e+01 	 3.174034e+01
90.000000 	 2.679476e+01 	 2.049069e+01 	 3.309882e+01
85.000000 	 2.598336e+01 	 1.776216e+01 	 3.420457e+01
80.000000 	 2.522386e+01 	 1.541899e+01 	 3.502873e+01
75.000000 	 2.452289e+01 	 1.349606e+01 	 3.554972e+01
70.000000 	 2.388532e+01 	 1.201599e+01 	 3.575464e+01
65.000000 	 2.331410e+01 	 1.098772e+01 	 3.564048e+01
60.000000 	 2.281015e+01 	 1.040548e+01 	 3.521482e+01
55.000000 	 2.237232e+01 	 1.024826e+01 	 3.449637e+01
50.000000 	 2.199745e+01 	 1.047999e+01 	 3.351491e+01
45.000000 	 2.168048e+01 	 1.105023e+01 	 3.231074e+01
40.000000 	 2.141473e+01 	 1.189564e+01 	 3.093382e+01
35.000000 	 2.119222e+01 	 1.294189e+01 	 2.944254e+01
30.000000 	 2.100448e+01 	 1.410634e+01 	 2.790261e+01
25.000000 	 2.084370e+01 	 1.530119e+01 	 2.638620e+01
20.000000 	 2.070440e+01 	 1.643736e+01 	 2.497143e+01
15.000000 	 2.058525e+01 	 1.742919e+01 	 2.374131e+01
10.000000 	 2.049025e+01 	 1.820021e+01 	 2.278028e+01
5.000000 	 2.042750e+01 	 1.868931e+01 	 2.216568e+01
0.000000 	 2.040539e+01 	 1.885692e+01 	 2.195386e+01
