180.000000 	 9.833282e+01 	 9.833282e+01 	 9.833282e+01
175.000000 	 9.827677e+01 	 9.347914e+01 	 1.030744e+02
170.000000 	 9.810897e+01 	 8.858193e+01 	 1.076360e+02
165.000000 	 9.783058e+01 	 8.371106e+01 	 1.119501e+02
160.000000 	 9.744348e+01 	 7.893821e+01 	 1.159488e+02
155.000000 	 9.690004e+01 	 7.429807e+01 	 1.195020e+02
150.000000 	 9.629098e+01 	 6.993840e+01 	 1.226436e+02
145.000000 	 9.561536e+01 	 6.593045e+01 	 1.253003e+02
140.000000 	 9.484562e+01 	 6.233237e+01 	 1.273589e+02
135.000000 	 9.401191e+01 	 5.924605e+01 	 1.287778e+02
130.000000 	 9.312866e+01 	 5.676380e+01 	 1.294935e+02
125.000000 	 9.221663e+01 	 5.498329e+01 	 1.294500e+02
120.000000 	 9.130308e+01 	 5.400588e+01 	 1.286003e+02
115.000000 	 9.042587e+01 	 5.393786e+01 	 1.269139e+02
110.000000 	 8.962931e+01 	 5.488308e+01 	 1.243755e+02
105.000000 	 8.896925e+01 	 5.694599e+01 	 1.209925e+02
100.000000 	 8.851427e+01 	 6.022184e+01 	 1.168067e+02
95.000000 	 8.834442e+01 	 6.479640e+01 	 1.118925e+02
90.000000 	 8.855278e+01 	 7.073637e+01 	 1.063692e+02
85.000000 	 8.924405e+01 	 7.808181e+01 	 1.004063e+02
80.000000 	 9.053209e+01 	 8.683638e+01 	 9.422780e+01
75.000000 	 9.253551e+01 	 9.695641e+01 	 8.811461e+01
70.000000 	 9.537100e+01 	 1.083394e+02 	 8.240259e+01
65.000000 	 9.914392e+01 	 1.208125e+02 	 7.747531e+01
60.000000 	 1.039362e+02 	 1.341225e+02 	 7.374996e+01
55.000000 	 1.097918e+02 	 1.479284e+02 	 7.165523e+01
50.000000 	 1.167004e+02 	 1.617998e+02 	 7.160095e+01
45.000000 	 1.245808e+02 	 1.752215e+02 	 7.394016e+01
40.000000 	 1.332672e+02 	 1.876085e+02 	 7.892594e+01
35.000000 	 1.424996e+02 	 1.983319e+02 	 8.666737e+01
30.000000 	 1.519235e+02 	 2.067565e+02 	 9.709037e+01
25.000000 	 1.611027e+02 	 2.122936e+02 	 1.099117e+02
20.000000 	 1.695452e+02 	 2.144575e+02 	 1.246329e+02
15.000000 	 1.767489e+02 	 2.129356e+02 	 1.405621e+02
10.000000 	 1.822538e+02 	 2.076478e+02 	 1.568599e+02
5.000000 	 1.857053e+02 	 1.988006e+02 	 1.726100e+02
0.000000 	 1.868795e+02 	 1.868795e+02 	 1.868795e+02
