180.000000 	 5.194177e+01 	 9.698714e+01 	 6.896409e+00
175.000000 	 5.188528e+01 	 9.669610e+01 	 7.074455e+00
170.000000 	 5.171636e+01 	 9.582633e+01 	 7.606393e+00
165.000000 	 5.143677e+01 	 9.438791e+01 	 8.485618e+00
160.000000 	 5.104941e+01 	 9.239778e+01 	 9.701031e+00
155.000000 	 5.054410e+01 	 8.984914e+01 	 1.123906e+01
150.000000 	 4.995699e+01 	 8.683868e+01 	 1.307530e+01
145.000000 	 4.927343e+01 	 8.335923e+01 	 1.518762e+01
140.000000 	 4.851324e+01 	 7.948337e+01 	 1.754311e+01
135.000000 	 4.767761e+01 	 7.524677e+01 	 2.010844e+01
130.000000 	 4.678152e+01 	 7.072137e+01 	 2.284166e+01
125.000000 	 4.583715e+01 	 6.597743e+01 	 2.569687e+01
120.000000 	 4.485863e+01 	 6.109404e+01 	 2.862323e+01
115.000000 	 4.386202e+01 	 5.615867e+01 	 3.156536e+01
110.000000 	 4.286520e+01 	 5.126637e+01 	 3.446404e+01
105.000000 	 4.188792e+01 	 4.651869e+01 	 3.725715e+01
100.000000 	 4.095175e+01 	 4.202241e+01 	 3.988109e+01
95.000000 	 4.007918e+01 	 3.788649e+01 	 4.227186e+01
90.000000 	 3.929436e+01 	 3.422068e+01 	 4.436804e+01
85.000000 	 3.862190e+01 	 3.113145e+01 	 4.611234e+01
80.000000 	 3.808607e+01 	 2.871755e+01 	 4.745459e+01
75.000000 	 3.771010e+01 	 2.706611e+01 	 4.835409e+01
70.000000 	 3.751491e+01 	 2.624684e+01 	 4.878299e+01
65.000000 	 3.751706e+01 	 2.630629e+01 	 4.872784e+01
60.000000 	 3.772775e+01 	 2.726266e+01 	 4.819284e+01
55.000000 	 3.814969e+01 	 2.909937e+01 	 4.720002e+01
50.000000 	 3.877624e+01 	 3.176145e+01 	 4.579103e+01
45.000000 	 3.958831e+01 	 3.515106e+01 	 4.402556e+01
40.000000 	 4.055405e+01 	 3.912722e+01 	 4.198087e+01
35.000000 	 4.162764e+01 	 4.350655e+01 	 3.974872e+01
30.000000 	 4.275085e+01 	 4.806879e+01 	 3.743291e+01
25.000000 	 4.385610e+01 	 5.256563e+01 	 3.514657e+01
20.000000 	 4.487203e+01 	 5.673399e+01 	 3.301007e+01
15.000000 	 4.573124e+01 	 6.031306e+01 	 3.114942e+01
10.000000 	 4.637941e+01 	 6.306622e+01 	 2.969261e+01
5.000000 	 4.678003e+01 	 6.480147e+01 	 2.875859e+01
0.000000 	 4.691522e+01 	 6.539434e+01 	 2.843610e+01
