180.000000 	 -1.120088e-16 
175.000000 	 1.898645e-03 
170.000000 	 7.595724e-03 
165.000000 	 1.709341e-02 
160.000000 	 3.039100e-02 
155.000000 	 4.747836e-02 
150.000000 	 6.832623e-02 
145.000000 	 9.287348e-02 
140.000000 	 1.210109e-01 
135.000000 	 1.525614e-01 
130.000000 	 1.872580e-01 
125.000000 	 2.247183e-01 
120.000000 	 2.644206e-01 
115.000000 	 3.056807e-01 
110.000000 	 3.476366e-01 
105.000000 	 3.892433e-01 
100.000000 	 4.292841e-01 
95.000000 	 4.664021e-01 
90.000000 	 4.991547e-01 
85.000000 	 5.260887e-01 
80.000000 	 5.458311e-01 
75.000000 	 5.571854e-01 
70.000000 	 5.592205e-01 
65.000000 	 5.513415e-01 
60.000000 	 5.333334e-01 
55.000000 	 5.053777e-01 
50.000000 	 4.680487e-01 
45.000000 	 4.223027e-01 
40.000000 	 3.694759e-01 
35.000000 	 3.113074e-01 
30.000000 	 2.499915e-01 
25.000000 	 1.882508e-01 
20.000000 	 1.293882e-01 
15.000000 	 7.723883e-02 
10.000000 	 3.591009e-02 
5.000000 	 9.234528e-03 
0.000000 	 0.000000e+00 
