180.000000 	 5.915749e+01 	 1.114810e+02 	 6.833992e+00
175.000000 	 5.913632e+01 	 1.112172e+02 	 7.055452e+00
170.000000 	 5.896302e+01 	 1.102673e+02 	 7.658773e+00
165.000000 	 5.867602e+01 	 1.086954e+02 	 8.656602e+00
160.000000 	 5.827816e+01 	 1.065191e+02 	 1.003725e+01
155.000000 	 5.775230e+01 	 1.037165e+02 	 1.178806e+01
150.000000 	 5.714918e+01 	 1.004186e+02 	 1.387980e+01
145.000000 	 5.644402e+01 	 9.659675e+01 	 1.629129e+01
140.000000 	 5.566244e+01 	 9.233957e+01 	 1.898530e+01
135.000000 	 5.480205e+01 	 8.767702e+01 	 2.192707e+01
130.000000 	 5.388058e+01 	 8.269134e+01 	 2.506981e+01
125.000000 	 5.291124e+01 	 7.745976e+01 	 2.836271e+01
120.000000 	 5.190998e+01 	 7.207112e+01 	 3.174884e+01
115.000000 	 5.089550e+01 	 6.662554e+01 	 3.516545e+01
110.000000 	 4.988956e+01 	 6.123402e+01 	 3.854509e+01
105.000000 	 4.891629e+01 	 5.601806e+01 	 4.181452e+01
100.000000 	 4.800320e+01 	 5.110714e+01 	 4.489926e+01
95.000000 	 4.718071e+01 	 4.663814e+01 	 4.772328e+01
90.000000 	 4.648106e+01 	 4.275074e+01 	 5.021138e+01
85.000000 	 4.593896e+01 	 3.958518e+01 	 5.229273e+01
80.000000 	 4.558960e+01 	 3.727548e+01 	 5.390373e+01
75.000000 	 4.546756e+01 	 3.594405e+01 	 5.499106e+01
70.000000 	 4.560486e+01 	 3.569367e+01 	 5.551606e+01
65.000000 	 4.602873e+01 	 3.659954e+01 	 5.545792e+01
60.000000 	 4.675736e+01 	 3.869888e+01 	 5.481584e+01
55.000000 	 4.779801e+01 	 4.198323e+01 	 5.361280e+01
50.000000 	 4.914260e+01 	 4.638920e+01 	 5.189600e+01
45.000000 	 5.076345e+01 	 5.179076e+01 	 4.973614e+01
40.000000 	 5.261222e+01 	 5.799709e+01 	 4.722735e+01
35.000000 	 5.461723e+01 	 6.475155e+01 	 4.448290e+01
30.000000 	 5.668547e+01 	 7.173876e+01 	 4.163217e+01
25.000000 	 5.870678e+01 	 7.859714e+01 	 3.881642e+01
20.000000 	 6.056212e+01 	 8.493886e+01 	 3.618537e+01
15.000000 	 6.213562e+01 	 9.037662e+01 	 3.389462e+01
10.000000 	 6.332850e+01 	 9.455579e+01 	 3.210122e+01
5.000000 	 6.406986e+01 	 9.718854e+01 	 3.095118e+01
0.000000 	 6.432094e+01 	 9.808787e+01 	 3.055401e+01
