180.000000 	 9.672731e-17 
175.000000 	 -1.697769e-03 
170.000000 	 -6.783779e-03 
165.000000 	 -1.523725e-02 
160.000000 	 -2.700120e-02 
155.000000 	 -4.206141e-02 
150.000000 	 -6.039703e-02 
145.000000 	 -8.192860e-02 
140.000000 	 -1.066716e-01 
135.000000 	 -1.345738e-01 
130.000000 	 -1.655728e-01 
125.000000 	 -1.995771e-01 
120.000000 	 -2.363970e-01 
115.000000 	 -2.757022e-01 
110.000000 	 -3.169427e-01 
105.000000 	 -3.592646e-01 
100.000000 	 -4.014239e-01 
95.000000 	 -4.416871e-01 
90.000000 	 -4.778313e-01 
85.000000 	 -5.072221e-01 
80.000000 	 -5.270455e-01 
75.000000 	 -5.347044e-01 
70.000000 	 -5.283336e-01 
65.000000 	 -5.072714e-01 
60.000000 	 -4.723851e-01 
55.000000 	 -4.260000e-01 
50.000000 	 -3.715282e-01 
45.000000 	 -3.128611e-01 
40.000000 	 -2.537651e-01 
35.000000 	 -1.974341e-01 
30.000000 	 -1.462716e-01 
25.000000 	 -1.018775e-01 
20.000000 	 -6.517299e-02 
15.000000 	 -3.658181e-02 
10.000000 	 -1.621821e-02 
5.000000 	 -4.046971e-03 
0.000000 	 -0.000000e+00 
