180.000000 	 5.065416e-17 
175.000000 	 -8.412272e-04 
170.000000 	 -3.372306e-03 
165.000000 	 -7.615065e-03 
160.000000 	 -1.357155e-02 
155.000000 	 -2.133591e-02 
150.000000 	 -3.090704e-02 
145.000000 	 -4.236904e-02 
140.000000 	 -5.577163e-02 
135.000000 	 -7.114891e-02 
130.000000 	 -8.850280e-02 
125.000000 	 -1.077545e-01 
120.000000 	 -1.288229e-01 
115.000000 	 -1.514058e-01 
110.000000 	 -1.751192e-01 
105.000000 	 -1.993505e-01 
100.000000 	 -2.232480e-01 
95.000000 	 -2.457041e-01 
90.000000 	 -2.653785e-01 
85.000000 	 -2.807752e-01 
80.000000 	 -2.904285e-01 
75.000000 	 -2.930764e-01 
70.000000 	 -2.879481e-01 
65.000000 	 -2.749501e-01 
60.000000 	 -2.547538e-01 
55.000000 	 -2.287371e-01 
50.000000 	 -1.987495e-01 
45.000000 	 -1.668282e-01 
40.000000 	 -1.349221e-01 
35.000000 	 -1.046766e-01 
30.000000 	 -7.732491e-02 
25.000000 	 -5.369507e-02 
20.000000 	 -3.424702e-02 
15.000000 	 -1.916975e-02 
10.000000 	 -8.479727e-03 
5.000000 	 -2.112878e-03 
0.000000 	 -0.000000e+00 
