180.000000 	 1.589082e+02 	 3.048701e+02 	 1.294636e+01
175.000000 	 1.589012e+02 	 3.044320e+02 	 1.337038e+01
170.000000 	 1.588794e+02 	 3.031179e+02 	 1.464092e+01
165.000000 	 1.588418e+02 	 3.009300e+02 	 1.675359e+01
160.000000 	 1.587435e+02 	 2.977408e+02 	 1.974617e+01
155.000000 	 1.586739e+02 	 2.938327e+02 	 2.351500e+01
150.000000 	 1.585688e+02 	 2.890254e+02 	 2.811232e+01
145.000000 	 1.584565e+02 	 2.834278e+02 	 3.348515e+01
140.000000 	 1.583378e+02 	 2.770679e+02 	 3.960777e+01
135.000000 	 1.582221e+02 	 2.700008e+02 	 4.644344e+01
130.000000 	 1.581279e+02 	 2.623118e+02 	 5.394406e+01
125.000000 	 1.580860e+02 	 2.541185e+02 	 6.205349e+01
120.000000 	 1.581435e+02 	 2.456027e+02 	 7.068429e+01
115.000000 	 1.583666e+02 	 2.369818e+02 	 7.975143e+01
110.000000 	 1.588459e+02 	 2.285555e+02 	 8.913621e+01
105.000000 	 1.597014e+02 	 2.207002e+02 	 9.870257e+01
100.000000 	 1.610876e+02 	 2.138844e+02 	 1.082907e+02
95.000000 	 1.631974e+02 	 2.086782e+02 	 1.177166e+02
90.000000 	 1.662645e+02 	 2.057560e+02 	 1.267731e+02
85.000000 	 1.705637e+02 	 2.058939e+02 	 1.352335e+02
80.000000 	 1.764055e+02 	 2.099540e+02 	 1.428571e+02
75.000000 	 1.841302e+02 	 2.188585e+02 	 1.494019e+02
70.000000 	 1.940846e+02 	 2.335370e+02 	 1.546323e+02
65.000000 	 2.066036e+02 	 2.548642e+02 	 1.583431e+02
60.000000 	 2.219724e+02 	 2.835673e+02 	 1.603775e+02
55.000000 	 2.403756e+02 	 3.201086e+02 	 1.606426e+02
50.000000 	 2.618553e+02 	 3.645711e+02 	 1.591395e+02
45.000000 	 2.862485e+02 	 4.165242e+02 	 1.559729e+02
40.000000 	 3.131314e+02 	 4.749080e+02 	 1.513548e+02
35.000000 	 3.417873e+02 	 5.379668e+02 	 1.456078e+02
30.000000 	 3.711847e+02 	 6.032294e+02 	 1.391401e+02
25.000000 	 4.000052e+02 	 6.675897e+02 	 1.324208e+02
20.000000 	 4.267130e+02 	 7.274813e+02 	 1.259447e+02
15.000000 	 4.496844e+02 	 7.791686e+02 	 1.202001e+02
10.000000 	 4.673801e+02 	 8.191121e+02 	 1.156482e+02
5.000000 	 4.785416e+02 	 8.443803e+02 	 1.127030e+02
0.000000 	 4.823538e+02 	 8.530279e+02 	 1.116797e+02
