180.000000 	 1.589082e+02 	 1.589082e+02 	 1.589082e+02
175.000000 	 1.589012e+02 	 1.516610e+02 	 1.661414e+02
170.000000 	 1.588794e+02 	 1.444705e+02 	 1.732883e+02
165.000000 	 1.588418e+02 	 1.374092e+02 	 1.802744e+02
160.000000 	 1.587435e+02 	 1.305242e+02 	 1.869627e+02
155.000000 	 1.586739e+02 	 1.239598e+02 	 1.933880e+02
150.000000 	 1.585688e+02 	 1.177627e+02 	 1.993750e+02
145.000000 	 1.584565e+02 	 1.120475e+02 	 2.048655e+02
140.000000 	 1.583378e+02 	 1.069244e+02 	 2.097513e+02
135.000000 	 1.582221e+02 	 1.025226e+02 	 2.139216e+02
130.000000 	 1.581279e+02 	 9.899256e+01 	 2.172633e+02
125.000000 	 1.580860e+02 	 9.650928e+01 	 2.196627e+02
120.000000 	 1.581435e+02 	 9.527144e+01 	 2.210156e+02
115.000000 	 1.583666e+02 	 9.550743e+01 	 2.212258e+02
110.000000 	 1.588459e+02 	 9.747171e+01 	 2.202200e+02
105.000000 	 1.597014e+02 	 1.014449e+02 	 2.179578e+02
100.000000 	 1.610876e+02 	 1.077283e+02 	 2.144468e+02
95.000000 	 1.631974e+02 	 1.166347e+02 	 2.097602e+02
90.000000 	 1.662645e+02 	 1.284714e+02 	 2.040577e+02
85.000000 	 1.705637e+02 	 1.435319e+02 	 1.975954e+02
80.000000 	 1.764055e+02 	 1.620493e+02 	 1.907617e+02
75.000000 	 1.841302e+02 	 1.841876e+02 	 1.840728e+02
70.000000 	 1.940846e+02 	 2.099740e+02 	 1.781953e+02
65.000000 	 2.066036e+02 	 2.392811e+02 	 1.739262e+02
60.000000 	 2.219724e+02 	 2.717692e+02 	 1.721756e+02
55.000000 	 2.403756e+02 	 3.068339e+02 	 1.739173e+02
50.000000 	 2.618553e+02 	 3.435979e+02 	 1.801126e+02
45.000000 	 2.862485e+02 	 3.808851e+02 	 1.916120e+02
40.000000 	 3.131314e+02 	 4.172313e+02 	 2.090315e+02
35.000000 	 3.417873e+02 	 4.509498e+02 	 2.326248e+02
30.000000 	 3.711847e+02 	 4.802113e+02 	 2.621582e+02
25.000000 	 4.000052e+02 	 5.031862e+02 	 2.968242e+02
20.000000 	 4.267130e+02 	 5.182125e+02 	 3.352135e+02
15.000000 	 4.496844e+02 	 5.239981e+02 	 3.753706e+02
10.000000 	 4.673801e+02 	 5.198159e+02 	 4.149443e+02
5.000000 	 4.785416e+02 	 5.056676e+02 	 4.514156e+02
0.000000 	 4.823538e+02 	 4.823538e+02 	 4.823538e+02
