180.000000 	 -5.706800e-17 
175.000000 	 4.803272e-04 
170.000000 	 1.916592e-03 
165.000000 	 4.294470e-03 
160.000000 	 7.589511e-03 
155.000000 	 1.179023e-02 
150.000000 	 1.681015e-02 
145.000000 	 2.262472e-02 
140.000000 	 2.911829e-02 
135.000000 	 3.623226e-02 
130.000000 	 4.382994e-02 
125.000000 	 5.177211e-02 
120.000000 	 5.989444e-02 
115.000000 	 6.800610e-02 
110.000000 	 7.588956e-02 
105.000000 	 8.331005e-02 
100.000000 	 8.998604e-02 
95.000000 	 9.564969e-02 
90.000000 	 1.000280e-01 
85.000000 	 1.028517e-01 
80.000000 	 1.039097e-01 
75.000000 	 1.030440e-01 
70.000000 	 1.001968e-01 
65.000000 	 9.541341e-02 
60.000000 	 8.885794e-02 
55.000000 	 8.080059e-02 
50.000000 	 7.159762e-02 
45.000000 	 6.165388e-02 
40.000000 	 5.139514e-02 
35.000000 	 4.123213e-02 
30.000000 	 3.154668e-02 
25.000000 	 2.268304e-02 
20.000000 	 1.494707e-02 
15.000000 	 8.607214e-03 
10.000000 	 3.892439e-03 
5.000000 	 9.835873e-04 
0.000000 	 0.000000e+00 
