180.000000 	 2.160952e+01 	 2.160952e+01 	 2.160952e+01
175.000000 	 2.156994e+01 	 2.003703e+01 	 2.310284e+01
170.000000 	 2.145175e+01 	 1.841056e+01 	 2.449293e+01
165.000000 	 2.125665e+01 	 1.675603e+01 	 2.575728e+01
160.000000 	 2.098743e+01 	 1.509961e+01 	 2.687526e+01
155.000000 	 2.064791e+01 	 1.346734e+01 	 2.782848e+01
150.000000 	 2.024282e+01 	 1.188452e+01 	 2.860112e+01
145.000000 	 1.977777e+01 	 1.037531e+01 	 2.918023e+01
140.000000 	 1.925903e+01 	 8.962106e+00 	 2.955596e+01
135.000000 	 1.869341e+01 	 7.665021e+00 	 2.972179e+01
130.000000 	 1.808806e+01 	 6.501342e+00 	 2.967477e+01
125.000000 	 1.745026e+01 	 5.484987e+00 	 2.941554e+01
120.000000 	 1.678724e+01 	 4.626005e+00 	 2.894847e+01
115.000000 	 1.610587e+01 	 3.930144e+00 	 2.828159e+01
110.000000 	 1.541249e+01 	 3.398502e+00 	 2.742647e+01
105.000000 	 1.471268e+01 	 3.027313e+00 	 2.639804e+01
100.000000 	 1.401107e+01 	 2.807888e+00 	 2.521425e+01
95.000000 	 1.331120e+01 	 2.726749e+00 	 2.389566e+01
90.000000 	 1.261545e+01 	 2.765982e+00 	 2.246492e+01
85.000000 	 1.192504e+01 	 2.903834e+00 	 2.094624e+01
80.000000 	 1.124014e+01 	 3.115544e+00 	 1.936473e+01
75.000000 	 1.056008e+01 	 3.374402e+00 	 1.774576e+01
70.000000 	 9.883695e+00 	 3.653000e+00 	 1.611439e+01
65.000000 	 9.209716e+00 	 3.924599e+00 	 1.449483e+01
60.000000 	 8.537283e+00 	 4.164557e+00 	 1.291001e+01
55.000000 	 7.866485e+00 	 4.351688e+00 	 1.138128e+01
50.000000 	 7.198906e+00 	 4.469484e+00 	 9.928328e+00
45.000000 	 6.538116e+00 	 4.507097e+00 	 8.569134e+00
40.000000 	 5.890079e+00 	 4.460038e+00 	 7.320120e+00
35.000000 	 5.263435e+00 	 4.330577e+00 	 6.196293e+00
30.000000 	 4.669611e+00 	 4.127896e+00 	 5.211325e+00
25.000000 	 4.122724e+00 	 3.868034e+00 	 4.377413e+00
20.000000 	 3.639173e+00 	 3.573627e+00 	 3.704719e+00
15.000000 	 3.236763e+00 	 3.273305e+00 	 3.200222e+00
10.000000 	 2.933196e+00 	 3.000430e+00 	 2.865963e+00
5.000000 	 2.743897e+00 	 2.790832e+00 	 2.696962e+00
0.000000 	 2.679522e+00 	 2.679522e+00 	 2.679522e+00
