180.000000 	 2.805825e-17 
175.000000 	 -1.413889e-03 
170.000000 	 -5.658064e-03 
165.000000 	 -1.274005e-02 
160.000000 	 -2.264742e-02 
155.000000 	 -3.543438e-02 
150.000000 	 -5.108085e-02 
145.000000 	 -6.962802e-02 
140.000000 	 -9.108752e-02 
135.000000 	 -1.154359e-01 
130.000000 	 -1.426588e-01 
125.000000 	 -1.726151e-01 
120.000000 	 -2.051025e-01 
115.000000 	 -2.397472e-01 
110.000000 	 -2.759567e-01 
105.000000 	 -3.128501e-01 
100.000000 	 -3.491935e-01 
95.000000 	 -3.833594e-01 
90.000000 	 -4.133498e-01 
85.000000 	 -4.368979e-01 
80.000000 	 -4.517016e-01 
75.000000 	 -4.557797e-01 
70.000000 	 -4.478541e-01 
65.000000 	 -4.277168e-01 
60.000000 	 -3.963800e-01 
55.000000 	 -3.559738e-01 
50.000000 	 -3.093960e-01 
45.000000 	 -2.598349e-01 
40.000000 	 -2.103118e-01 
35.000000 	 -1.633581e-01 
30.000000 	 -1.208653e-01 
25.000000 	 -8.408825e-02 
20.000000 	 -5.374100e-02 
15.000000 	 -3.014039e-02 
10.000000 	 -1.335405e-02 
5.000000 	 -3.330928e-03 
0.000000 	 -0.000000e+00 
