180.000000 	 -2.487667e-16 
175.000000 	 -1.929749e-03 
170.000000 	 -7.693226e-03 
165.000000 	 -1.721665e-02 
160.000000 	 -3.035011e-02 
155.000000 	 -4.699584e-02 
150.000000 	 -6.701923e-02 
145.000000 	 -9.030002e-02 
140.000000 	 -1.167409e-01 
135.000000 	 -1.462663e-01 
130.000000 	 -1.788471e-01 
125.000000 	 -2.144304e-01 
120.000000 	 -2.529436e-01 
115.000000 	 -2.942259e-01 
110.000000 	 -3.379085e-01 
105.000000 	 -3.833830e-01 
100.000000 	 -4.295874e-01 
95.000000 	 -4.749274e-01 
90.000000 	 -5.171725e-01 
85.000000 	 -5.534603e-01 
80.000000 	 -5.804894e-01 
75.000000 	 -5.948559e-01 
70.000000 	 -5.937832e-01 
65.000000 	 -5.757123e-01 
60.000000 	 -5.408965e-01 
55.000000 	 -4.915227e-01 
50.000000 	 -4.313513e-01 
45.000000 	 -3.649985e-01 
40.000000 	 -2.971206e-01 
35.000000 	 -2.317628e-01 
30.000000 	 -1.720185e-01 
25.000000 	 -1.199669e-01 
20.000000 	 -7.681968e-02 
15.000000 	 -4.315051e-02 
10.000000 	 -1.914033e-02 
5.000000 	 -4.777633e-03 
0.000000 	 -0.000000e+00 
