180.000000 	 1.645757e+02 	 1.645757e+02 	 1.645757e+02
175.000000 	 1.646420e+02 	 1.571619e+02 	 1.721221e+02
170.000000 	 1.648390e+02 	 1.499281e+02 	 1.797499e+02
165.000000 	 1.651617e+02 	 1.429205e+02 	 1.874028e+02
160.000000 	 1.656676e+02 	 1.362594e+02 	 1.950758e+02
155.000000 	 1.662104e+02 	 1.298478e+02 	 2.025731e+02
150.000000 	 1.668779e+02 	 1.238542e+02 	 2.099016e+02
145.000000 	 1.676143e+02 	 1.182994e+02 	 2.169291e+02
140.000000 	 1.684164e+02 	 1.132761e+02 	 2.235566e+02
135.000000 	 1.692919e+02 	 1.089047e+02 	 2.296791e+02
130.000000 	 1.702278e+02 	 1.052984e+02 	 2.351572e+02
125.000000 	 1.712595e+02 	 1.026432e+02 	 2.398757e+02
120.000000 	 1.724168e+02 	 1.011362e+02 	 2.436973e+02
115.000000 	 1.737619e+02 	 1.010269e+02 	 2.464969e+02
110.000000 	 1.753877e+02 	 1.026113e+02 	 2.481641e+02
105.000000 	 1.774255e+02 	 1.062343e+02 	 2.486167e+02
100.000000 	 1.800524e+02 	 1.122870e+02 	 2.478177e+02
95.000000 	 1.834987e+02 	 1.212003e+02 	 2.457970e+02
90.000000 	 1.880526e+02 	 1.334317e+02 	 2.426735e+02
85.000000 	 1.940646e+02 	 1.494432e+02 	 2.386860e+02
80.000000 	 2.019446e+02 	 1.696698e+02 	 2.342194e+02
75.000000 	 2.121508e+02 	 1.944720e+02 	 2.298295e+02
70.000000 	 2.251740e+02 	 2.240897e+02 	 2.262584e+02
65.000000 	 2.415032e+02 	 2.585709e+02 	 2.244354e+02
60.000000 	 2.615805e+02 	 2.977079e+02 	 2.254530e+02
55.000000 	 2.857401e+02 	 3.409692e+02 	 2.305110e+02
50.000000 	 3.141330e+02 	 3.874439e+02 	 2.408221e+02
45.000000 	 3.466420e+02 	 4.358075e+02 	 2.574766e+02
40.000000 	 3.827975e+02 	 4.843216e+02 	 2.812734e+02
35.000000 	 4.217056e+02 	 5.308789e+02 	 3.125324e+02
30.000000 	 4.620102e+02 	 5.731037e+02 	 3.509167e+02
25.000000 	 5.019049e+02 	 6.085086e+02 	 3.953011e+02
20.000000 	 5.392203e+02 	 6.347110e+02 	 4.437296e+02
15.000000 	 5.715945e+02 	 6.496918e+02 	 4.934971e+02
10.000000 	 5.967250e+02 	 6.520742e+02 	 5.413758e+02
5.000000 	 6.126697e+02 	 6.413704e+02 	 5.839690e+02
0.000000 	 6.181333e+02 	 6.181333e+02 	 6.181333e+02
