180.000000 	 2.326868e+01 	 4.481615e+01 	 1.721204e+00
175.000000 	 2.322879e+01 	 4.465254e+01 	 1.805043e+00
170.000000 	 2.310962e+01 	 4.416430e+01 	 2.054951e+00
165.000000 	 2.291268e+01 	 4.335926e+01 	 2.466105e+00
160.000000 	 2.264043e+01 	 4.225036e+01 	 3.030497e+00
155.000000 	 2.229622e+01 	 4.085546e+01 	 3.736983e+00
150.000000 	 2.188425e+01 	 3.919714e+01 	 4.571355e+00
145.000000 	 2.140941e+01 	 3.730237e+01 	 5.516452e+00
140.000000 	 2.087719e+01 	 3.520207e+01 	 6.552314e+00
135.000000 	 2.029352e+01 	 3.293065e+01 	 7.656382e+00
130.000000 	 1.966455e+01 	 3.052533e+01 	 8.803778e+00
125.000000 	 1.899655e+01 	 2.802545e+01 	 9.967642e+00
120.000000 	 1.829560e+01 	 2.547164e+01 	 1.111957e+01
115.000000 	 1.756748e+01 	 2.290482e+01 	 1.223014e+01
110.000000 	 1.681739e+01 	 2.036524e+01 	 1.326953e+01
105.000000 	 1.604979e+01 	 1.789134e+01 	 1.420824e+01
100.000000 	 1.526830e+01 	 1.551867e+01 	 1.501792e+01
95.000000 	 1.447551e+01 	 1.327879e+01 	 1.567223e+01
90.000000 	 1.367305e+01 	 1.119832e+01 	 1.614779e+01
85.000000 	 1.286162e+01 	 9.298063e+00 	 1.642517e+01
80.000000 	 1.204113e+01 	 7.592457e+00 	 1.648979e+01
75.000000 	 1.121103e+01 	 6.089243e+00 	 1.633281e+01
70.000000 	 1.037069e+01 	 4.789515e+00 	 1.595186e+01
65.000000 	 9.519866e+00 	 3.688122e+00 	 1.535161e+01
60.000000 	 8.659283e+00 	 2.774433e+00 	 1.454413e+01
55.000000 	 7.791194e+00 	 2.033397e+00 	 1.354899e+01
50.000000 	 6.919947e+00 	 1.446818e+00 	 1.239308e+01
45.000000 	 6.052472e+00 	 9.946996e-01 	 1.111025e+01
40.000000 	 5.198652e+00 	 6.565239e-01 	 9.740780e+00
35.000000 	 4.371540e+00 	 4.123090e-01 	 8.330772e+00
30.000000 	 3.587408e+00 	 2.433608e-01 	 6.931456e+00
25.000000 	 2.865571e+00 	 1.326953e-01 	 5.598448e+00
20.000000 	 2.227883e+00 	 6.521867e-02 	 4.390546e+00
15.000000 	 1.697697e+00 	 2.782882e-02 	 3.367565e+00
10.000000 	 1.298050e+00 	 9.612478e-03 	 2.586488e+00
5.000000 	 1.048966e+00 	 2.222102e-03 	 2.095709e+00
0.000000 	 9.642813e-01 	 3.650095e-04 	 1.928198e+00
