180.000000 	 1.217639e+02 	 2.342648e+02 	 9.262978e+00
175.000000 	 1.217176e+02 	 2.338093e+02 	 9.625808e+00
170.000000 	 1.215785e+02 	 2.324450e+02 	 1.071207e+01
165.000000 	 1.213475e+02 	 2.301799e+02 	 1.251508e+01
160.000000 	 1.210254e+02 	 2.270276e+02 	 1.502329e+01
155.000000 	 1.205557e+02 	 2.228631e+02 	 1.824839e+01
150.000000 	 1.200417e+02 	 2.179587e+02 	 2.212484e+01
145.000000 	 1.194801e+02 	 2.123382e+02 	 2.662204e+01
140.000000 	 1.188378e+02 	 2.059495e+02 	 3.172616e+01
135.000000 	 1.181484e+02 	 1.989193e+02 	 3.737742e+01
130.000000 	 1.174250e+02 	 1.913269e+02 	 4.352313e+01
125.000000 	 1.167013e+02 	 1.833197e+02 	 5.008283e+01
120.000000 	 1.160072e+02 	 1.750363e+02 	 5.697821e+01
115.000000 	 1.153908e+02 	 1.666692e+02 	 6.411238e+01
110.000000 	 1.149144e+02 	 1.584639e+02 	 7.136502e+01
105.000000 	 1.146573e+02 	 1.507061e+02 	 7.860845e+01
100.000000 	 1.147166e+02 	 1.437406e+02 	 8.569256e+01
95.000000 	 1.152106e+02 	 1.379667e+02 	 9.245457e+01
90.000000 	 1.162787e+02 	 1.338379e+02 	 9.871949e+01
85.000000 	 1.180803e+02 	 1.318561e+02 	 1.043045e+02
80.000000 	 1.207910e+02 	 1.325573e+02 	 1.090248e+02
75.000000 	 1.245989e+02 	 1.364934e+02 	 1.127044e+02
70.000000 	 1.296906e+02 	 1.441972e+02 	 1.151840e+02
65.000000 	 1.362388e+02 	 1.561426e+02 	 1.163349e+02
60.000000 	 1.443807e+02 	 1.726902e+02 	 1.160713e+02
55.000000 	 1.542007e+02 	 1.940332e+02 	 1.143682e+02
50.000000 	 1.656936e+02 	 2.201204e+02 	 1.112668e+02
45.000000 	 1.787430e+02 	 2.505990e+02 	 1.068871e+02
40.000000 	 1.930949e+02 	 2.847602e+02 	 1.014296e+02
35.000000 	 2.083403e+02 	 3.215087e+02 	 9.517188e+01
30.000000 	 2.239126e+02 	 3.593681e+02 	 8.845712e+01
25.000000 	 2.391043e+02 	 3.965318e+02 	 8.167670e+01
20.000000 	 2.531078e+02 	 4.309660e+02 	 7.524954e+01
15.000000 	 2.650880e+02 	 4.605738e+02 	 6.960229e+01
10.000000 	 2.742709e+02 	 4.833887e+02 	 6.515317e+01
5.000000 	 2.800375e+02 	 4.977891e+02 	 6.228595e+01
0.000000 	 2.820030e+02 	 5.027133e+02 	 6.129261e+01
