180.000000 	 1.326224e-16 
175.000000 	 -2.182191e-03 
170.000000 	 -8.639352e-03 
165.000000 	 -1.911387e-02 
160.000000 	 -3.312198e-02 
155.000000 	 -5.025270e-02 
150.000000 	 -6.998470e-02 
145.000000 	 -9.178012e-02 
140.000000 	 -1.152885e-01 
135.000000 	 -1.401199e-01 
130.000000 	 -1.661341e-01 
125.000000 	 -1.933216e-01 
120.000000 	 -2.218544e-01 
115.000000 	 -2.521115e-01 
110.000000 	 -2.846352e-01 
105.000000 	 -3.201232e-01 
100.000000 	 -3.592595e-01 
95.000000 	 -4.026645e-01 
90.000000 	 -4.504506e-01 
85.000000 	 -5.018525e-01 
80.000000 	 -5.546344e-01 
75.000000 	 -6.046091e-01 
70.000000 	 -6.454091e-01 
65.000000 	 -6.694190e-01 
60.000000 	 -6.697799e-01 
55.000000 	 -6.426997e-01 
50.000000 	 -5.892736e-01 
45.000000 	 -5.152588e-01 
40.000000 	 -4.291545e-01 
35.000000 	 -3.397725e-01 
30.000000 	 -2.544501e-01 
25.000000 	 -1.783355e-01 
20.000000 	 -1.144877e-01 
15.000000 	 -6.439035e-02 
10.000000 	 -2.858000e-02 
5.000000 	 -7.135880e-03 
0.000000 	 -0.000000e+00 
