180.000000 	 6.337529e+01 	 6.337529e+01 	 6.337529e+01
175.000000 	 6.331678e+01 	 6.007778e+01 	 6.655578e+01
170.000000 	 6.314178e+01 	 5.671634e+01 	 6.956723e+01
165.000000 	 6.285192e+01 	 5.334505e+01 	 7.235879e+01
160.000000 	 6.244993e+01 	 5.001892e+01 	 7.488094e+01
155.000000 	 6.191483e+01 	 4.677351e+01 	 7.705615e+01
150.000000 	 6.130547e+01 	 4.370982e+01 	 7.890112e+01
145.000000 	 6.059140e+01 	 4.085415e+01 	 8.032864e+01
140.000000 	 5.979650e+01 	 3.827550e+01 	 8.131750e+01
135.000000 	 5.893141e+01 	 3.603018e+01 	 8.183264e+01
130.000000 	 5.800041e+01 	 3.416809e+01 	 8.183272e+01
125.000000 	 5.702234e+01 	 3.274569e+01 	 8.129899e+01
120.000000 	 5.601426e+01 	 3.181343e+01 	 8.021509e+01
115.000000 	 5.499653e+01 	 3.141752e+01 	 7.857555e+01
110.000000 	 5.399304e+01 	 3.159898e+01 	 7.638710e+01
105.000000 	 5.303094e+01 	 3.239045e+01 	 7.367142e+01
100.000000 	 5.214166e+01 	 3.381461e+01 	 7.046871e+01
95.000000 	 5.135941e+01 	 3.588262e+01 	 6.683621e+01
90.000000 	 5.072265e+01 	 3.858929e+01 	 6.285602e+01
85.000000 	 5.027176e+01 	 4.191347e+01 	 5.863005e+01
80.000000 	 5.004895e+01 	 4.581141e+01 	 5.428650e+01
75.000000 	 5.009599e+01 	 5.021817e+01 	 4.997382e+01
70.000000 	 5.045240e+01 	 5.504404e+01 	 4.586076e+01
65.000000 	 5.115106e+01 	 6.017053e+01 	 4.213159e+01
60.000000 	 5.221601e+01 	 6.545476e+01 	 3.897726e+01
55.000000 	 5.365734e+01 	 7.072787e+01 	 3.658680e+01
50.000000 	 5.546531e+01 	 7.579630e+01 	 3.513432e+01
45.000000 	 5.760803e+01 	 8.045068e+01 	 3.476538e+01
40.000000 	 6.002649e+01 	 8.447123e+01 	 3.558175e+01
35.000000 	 6.263264e+01 	 8.763839e+01 	 3.762688e+01
30.000000 	 6.531137e+01 	 8.974804e+01 	 4.087470e+01
25.000000 	 6.792509e+01 	 9.062744e+01 	 4.522275e+01
20.000000 	 7.032396e+01 	 9.015518e+01 	 5.049274e+01
15.000000 	 7.236010e+01 	 8.828162e+01 	 5.643859e+01
10.000000 	 7.390660e+01 	 8.505036e+01 	 6.276284e+01
5.000000 	 7.486939e+01 	 8.060687e+01 	 6.913190e+01
0.000000 	 7.519583e+01 	 7.519583e+01 	 7.519583e+01
