180.000000 	 -8.249459e-18 
175.000000 	 9.601780e-04 
170.000000 	 3.836471e-03 
165.000000 	 8.615653e-03 
160.000000 	 1.527401e-02 
155.000000 	 2.377481e-02 
150.000000 	 3.406559e-02 
145.000000 	 4.607056e-02 
140.000000 	 5.968995e-02 
135.000000 	 7.478903e-02 
130.000000 	 9.119547e-02 
125.000000 	 1.086890e-01 
120.000000 	 1.269985e-01 
115.000000 	 1.457945e-01 
110.000000 	 1.646890e-01 
105.000000 	 1.832365e-01 
100.000000 	 2.009403e-01 
95.000000 	 2.172642e-01 
90.000000 	 2.316516e-01 
85.000000 	 2.435474e-01 
80.000000 	 2.524253e-01 
75.000000 	 2.578155e-01 
70.000000 	 2.593299e-01 
65.000000 	 2.566833e-01 
60.000000 	 2.497086e-01 
55.000000 	 2.383652e-01 
50.000000 	 2.227466e-01 
45.000000 	 2.030897e-01 
40.000000 	 1.797952e-01 
35.000000 	 1.534636e-01 
30.000000 	 1.249523e-01 
25.000000 	 9.544897e-02 
20.000000 	 6.654334e-02 
15.000000 	 4.025304e-02 
10.000000 	 1.892259e-02 
5.000000 	 4.902449e-03 
0.000000 	 0.000000e+00 
