180.000000 	 7.448458e-17 
175.000000 	 2.055990e-03 
170.000000 	 8.226780e-03 
165.000000 	 1.851937e-02 
160.000000 	 3.294046e-02 
155.000000 	 5.148872e-02 
150.000000 	 7.414356e-02 
145.000000 	 1.008498e-01 
140.000000 	 1.314983e-01 
135.000000 	 1.659016e-01 
130.000000 	 2.037665e-01 
125.000000 	 2.446623e-01 
120.000000 	 2.879889e-01 
115.000000 	 3.329482e-01 
110.000000 	 3.785217e-01 
105.000000 	 4.234646e-01 
100.000000 	 4.663205e-01 
95.000000 	 5.054653e-01 
90.000000 	 5.391822e-01 
85.000000 	 5.657682e-01 
80.000000 	 5.836615e-01 
75.000000 	 5.915759e-01 
70.000000 	 5.886229e-01 
65.000000 	 5.744023e-01 
60.000000 	 5.490496e-01 
55.000000 	 5.132361e-01 
50.000000 	 4.681315e-01 
45.000000 	 4.153431e-01 
40.000000 	 3.568502e-01 
35.000000 	 2.949483e-01 
30.000000 	 2.322075e-01 
25.000000 	 1.714384e-01 
20.000000 	 1.156394e-01 
15.000000 	 6.788965e-02 
10.000000 	 3.114758e-02 
5.000000 	 7.941315e-03 
0.000000 	 0.000000e+00 
