180.000000 	 -2.498585e-17 
175.000000 	 -1.759935e-03 
170.000000 	 -7.028673e-03 
165.000000 	 -1.577458e-02 
160.000000 	 -2.792231e-02 
155.000000 	 -4.343969e-02 
150.000000 	 -6.226968e-02 
145.000000 	 -8.436089e-02 
140.000000 	 -1.096677e-01 
135.000000 	 -1.381450e-01 
130.000000 	 -1.697322e-01 
125.000000 	 -2.043467e-01 
120.000000 	 -2.418191e-01 
115.000000 	 -2.818462e-01 
110.000000 	 -3.239140e-01 
105.000000 	 -3.672154e-01 
100.000000 	 -4.105083e-01 
95.000000 	 -4.520989e-01 
90.000000 	 -4.897324e-01 
85.000000 	 -5.207054e-01 
80.000000 	 -5.420891e-01 
75.000000 	 -5.510914e-01 
70.000000 	 -5.456630e-01 
65.000000 	 -5.249660e-01 
60.000000 	 -4.897634e-01 
55.000000 	 -4.423774e-01 
50.000000 	 -3.863191e-01 
45.000000 	 -3.256537e-01 
40.000000 	 -2.643490e-01 
35.000000 	 -2.057886e-01 
30.000000 	 -1.525264e-01 
25.000000 	 -1.062687e-01 
20.000000 	 -6.799921e-02 
15.000000 	 -3.817564e-02 
10.000000 	 -1.692723e-02 
5.000000 	 -4.224262e-03 
0.000000 	 -0.000000e+00 
