180.000000 	 -3.689328e-17 
175.000000 	 -1.255847e-03 
170.000000 	 -5.028308e-03 
165.000000 	 -1.133192e-02 
160.000000 	 -2.016260e-02 
155.000000 	 -3.159159e-02 
150.000000 	 -4.560916e-02 
145.000000 	 -6.227384e-02 
140.000000 	 -8.161146e-02 
135.000000 	 -1.036075e-01 
130.000000 	 -1.282661e-01 
125.000000 	 -1.554484e-01 
120.000000 	 -1.849828e-01 
115.000000 	 -2.164812e-01 
110.000000 	 -2.493968e-01 
105.000000 	 -2.828973e-01 
100.000000 	 -3.158199e-01 
95.000000 	 -3.466748e-01 
90.000000 	 -3.736147e-01 
85.000000 	 -3.945971e-01 
80.000000 	 -4.075640e-01 
75.000000 	 -4.107767e-01 
70.000000 	 -4.031581e-01 
65.000000 	 -3.845905e-01 
60.000000 	 -3.560415e-01 
55.000000 	 -3.194562e-01 
50.000000 	 -2.774419e-01 
45.000000 	 -2.328458e-01 
40.000000 	 -1.883569e-01 
35.000000 	 -1.462239e-01 
30.000000 	 -1.081298e-01 
25.000000 	 -7.518737e-02 
20.000000 	 -4.802717e-02 
15.000000 	 -2.692297e-02 
10.000000 	 -1.192398e-02 
5.000000 	 -2.973490e-03 
0.000000 	 -0.000000e+00 
