180.000000 	 3.724116e-18 
175.000000 	 -2.181362e-03 
170.000000 	 -8.641839e-03 
165.000000 	 -1.914108e-02 
160.000000 	 -3.322374e-02 
155.000000 	 -5.051918e-02 
150.000000 	 -7.055476e-02 
145.000000 	 -9.288837e-02 
140.000000 	 -1.171177e-01 
135.000000 	 -1.430326e-01 
130.000000 	 -1.705169e-01 
125.000000 	 -1.996157e-01 
120.000000 	 -2.305399e-01 
115.000000 	 -2.636629e-01 
110.000000 	 -2.994766e-01 
105.000000 	 -3.385101e-01 
100.000000 	 -3.812036e-01 
95.000000 	 -4.277270e-01 
90.000000 	 -4.775613e-01 
85.000000 	 -5.291650e-01 
80.000000 	 -5.795249e-01 
75.000000 	 -6.239251e-01 
70.000000 	 -6.562584e-01 
65.000000 	 -6.699994e-01 
60.000000 	 -6.601071e-01 
55.000000 	 -6.248555e-01 
50.000000 	 -5.666419e-01 
45.000000 	 -4.914427e-01 
40.000000 	 -4.070404e-01 
35.000000 	 -3.211395e-01 
30.000000 	 -2.400215e-01 
25.000000 	 -1.680599e-01 
20.000000 	 -1.078484e-01 
15.000000 	 -6.065137e-02 
10.000000 	 -2.692030e-02 
5.000000 	 -6.721726e-03 
0.000000 	 -0.000000e+00 
