180.000000 	 1.312931e+02 	 2.293977e+02 	 3.318846e+01
175.000000 	 1.319612e+02 	 2.305111e+02 	 3.341141e+01
170.000000 	 1.322814e+02 	 2.300525e+02 	 3.451018e+01
165.000000 	 1.327954e+02 	 2.292829e+02 	 3.630795e+01
160.000000 	 1.337670e+02 	 2.286401e+02 	 3.889378e+01
155.000000 	 1.346929e+02 	 2.273994e+02 	 4.198631e+01
150.000000 	 1.356335e+02 	 2.257080e+02 	 4.555898e+01
145.000000 	 1.365666e+02 	 2.235920e+02 	 4.954126e+01
140.000000 	 1.374542e+02 	 2.210560e+02 	 5.385251e+01
135.000000 	 1.382838e+02 	 2.181420e+02 	 5.842551e+01
130.000000 	 1.389771e+02 	 2.147903e+02 	 6.316386e+01
125.000000 	 1.395180e+02 	 2.110307e+02 	 6.800545e+01
120.000000 	 1.399047e+02 	 2.069096e+02 	 7.289974e+01
115.000000 	 1.401575e+02 	 2.025041e+02 	 7.781086e+01
110.000000 	 1.403292e+02 	 1.979393e+02 	 8.271913e+01
105.000000 	 1.404984e+02 	 1.933839e+02 	 8.761288e+01
100.000000 	 1.407998e+02 	 1.891024e+02 	 9.249714e+01
95.000000 	 1.414104e+02 	 1.854424e+02 	 9.737842e+01
90.000000 	 1.425643e+02 	 1.828660e+02 	 1.022626e+02
85.000000 	 1.445542e+02 	 1.819562e+02 	 1.071522e+02
80.000000 	 1.477297e+02 	 1.834259e+02 	 1.120335e+02
75.000000 	 1.524935e+02 	 1.881022e+02 	 1.168849e+02
70.000000 	 1.592885e+02 	 1.969012e+02 	 1.216758e+02
65.000000 	 1.685764e+02 	 2.107734e+02 	 1.263794e+02
60.000000 	 1.808055e+02 	 2.306204e+02 	 1.309907e+02
55.000000 	 1.963651e+02 	 2.571816e+02 	 1.355486e+02
50.000000 	 2.155254e+02 	 2.908951e+02 	 1.401557e+02
45.000000 	 2.383629e+02 	 3.317377e+02 	 1.449881e+02
40.000000 	 2.646882e+02 	 3.791092e+02 	 1.502672e+02
35.000000 	 2.939493e+02 	 4.316742e+02 	 1.562244e+02
30.000000 	 3.251769e+02 	 4.873511e+02 	 1.630027e+02
25.000000 	 3.569509e+02 	 5.433498e+02 	 1.705520e+02
20.000000 	 3.874366e+02 	 5.963350e+02 	 1.785382e+02
15.000000 	 4.144942e+02 	 6.426740e+02 	 1.863143e+02
10.000000 	 4.359152e+02 	 6.788588e+02 	 1.929717e+02
5.000000 	 4.497065e+02 	 7.018925e+02 	 1.975204e+02
0.000000 	 4.544664e+02 	 7.097849e+02 	 1.991478e+02
