180.000000 	 1.381220e+02 	 2.264615e+02 	 4.978241e+01
175.000000 	 1.382144e+02 	 2.262754e+02 	 5.015331e+01
170.000000 	 1.384840e+02 	 2.257161e+02 	 5.125186e+01
165.000000 	 1.389093e+02 	 2.247825e+02 	 5.303607e+01
160.000000 	 1.397976e+02 	 2.239744e+02 	 5.562072e+01
155.000000 	 1.405565e+02 	 2.224837e+02 	 5.862927e+01
150.000000 	 1.412551e+02 	 2.204864e+02 	 6.202378e+01
145.000000 	 1.418660e+02 	 2.180228e+02 	 6.570915e+01
140.000000 	 1.423434e+02 	 2.151083e+02 	 6.957848e+01
135.000000 	 1.426719e+02 	 2.117992e+02 	 7.354468e+01
130.000000 	 1.427604e+02 	 2.080340e+02 	 7.748673e+01
125.000000 	 1.425897e+02 	 2.038475e+02 	 8.133195e+01
120.000000 	 1.421568e+02 	 1.992862e+02 	 8.502732e+01
115.000000 	 1.414883e+02 	 1.944296e+02 	 8.854688e+01
110.000000 	 1.406226e+02 	 1.893664e+02 	 9.187869e+01
105.000000 	 1.396595e+02 	 1.842722e+02 	 9.504683e+01
100.000000 	 1.387283e+02 	 1.793698e+02 	 9.808684e+01
95.000000 	 1.380120e+02 	 1.749745e+02 	 1.010495e+02
90.000000 	 1.377454e+02 	 1.715025e+02 	 1.039882e+02
85.000000 	 1.382195e+02 	 1.694826e+02 	 1.069563e+02
80.000000 	 1.397772e+02 	 1.695654e+02 	 1.099889e+02
75.000000 	 1.428107e+02 	 1.725110e+02 	 1.131104e+02
70.000000 	 1.477481e+02 	 1.791665e+02 	 1.163296e+02
65.000000 	 1.550336e+02 	 1.904166e+02 	 1.196507e+02
60.000000 	 1.650992e+02 	 2.071070e+02 	 1.230915e+02
55.000000 	 1.783258e+02 	 2.299477e+02 	 1.267039e+02
50.000000 	 1.949785e+02 	 2.593472e+02 	 1.306098e+02
45.000000 	 2.151578e+02 	 2.953234e+02 	 1.349921e+02
40.000000 	 2.387131e+02 	 3.373340e+02 	 1.400921e+02
35.000000 	 2.651669e+02 	 3.841816e+02 	 1.461522e+02
30.000000 	 2.936487e+02 	 4.339822e+02 	 1.533151e+02
25.000000 	 3.228551e+02 	 4.841990e+02 	 1.615111e+02
20.000000 	 3.510733e+02 	 5.318044e+02 	 1.703422e+02
15.000000 	 3.762727e+02 	 5.734965e+02 	 1.790488e+02
10.000000 	 3.963182e+02 	 6.060639e+02 	 1.865724e+02
5.000000 	 4.092794e+02 	 6.268193e+02 	 1.917396e+02
0.000000 	 4.137723e+02 	 6.339573e+02 	 1.935874e+02
