180.000000 	 -2.955226e-16 
175.000000 	 -2.173312e-03 
170.000000 	 -8.598890e-03 
165.000000 	 -1.900405e-02 
160.000000 	 -3.288521e-02 
155.000000 	 -4.978618e-02 
150.000000 	 -6.913274e-02 
145.000000 	 -9.032105e-02 
140.000000 	 -1.129172e-01 
135.000000 	 -1.364380e-01 
130.000000 	 -1.606370e-01 
125.000000 	 -1.853799e-01 
120.000000 	 -2.107689e-01 
115.000000 	 -2.370591e-01 
110.000000 	 -2.647648e-01 
105.000000 	 -2.946259e-01 
100.000000 	 -3.275485e-01 
95.000000 	 -3.646001e-01 
90.000000 	 -4.067090e-01 
85.000000 	 -4.543721e-01 
80.000000 	 -5.068407e-01 
75.000000 	 -5.615191e-01 
70.000000 	 -6.128693e-01 
65.000000 	 -6.525204e-01 
60.000000 	 -6.707846e-01 
55.000000 	 -6.599384e-01 
50.000000 	 -6.176963e-01 
45.000000 	 -5.484788e-01 
40.000000 	 -4.615926e-01 
35.000000 	 -3.677821e-01 
30.000000 	 -2.763755e-01 
25.000000 	 -1.940045e-01 
20.000000 	 -1.246070e-01 
15.000000 	 -7.008018e-02 
10.000000 	 -3.110006e-02 
5.000000 	 -7.763863e-03 
0.000000 	 -0.000000e+00 
