180.000000 	 4.589277e+01 	 8.485068e+01 	 6.934861e+00
175.000000 	 4.583808e+01 	 8.458413e+01 	 7.092034e+00
170.000000 	 4.567461e+01 	 8.378774e+01 	 7.561473e+00
165.000000 	 4.540413e+01 	 8.247134e+01 	 8.336921e+00
160.000000 	 4.502964e+01 	 8.065137e+01 	 9.407897e+00
155.000000 	 4.454618e+01 	 7.833173e+01 	 1.076064e+01
150.000000 	 4.397880e+01 	 7.558338e+01 	 1.237421e+01
145.000000 	 4.332055e+01 	 7.241456e+01 	 1.422655e+01
140.000000 	 4.258670e+01 	 6.888512e+01 	 1.628827e+01
135.000000 	 4.178114e+01 	 6.503434e+01 	 1.852795e+01
130.000000 	 4.091672e+01 	 6.092556e+01 	 2.090787e+01
125.000000 	 4.000498e+01 	 5.662364e+01 	 2.338633e+01
120.000000 	 3.905786e+01 	 5.219692e+01 	 2.591880e+01
115.000000 	 3.808987e+01 	 4.772376e+01 	 2.845598e+01
110.000000 	 3.711604e+01 	 4.328584e+01 	 3.094624e+01
105.000000 	 3.615252e+01 	 3.896884e+01 	 3.333620e+01
100.000000 	 3.521583e+01 	 3.486028e+01 	 3.557138e+01
95.000000 	 3.432338e+01 	 3.104818e+01 	 3.759858e+01
90.000000 	 3.349263e+01 	 2.761831e+01 	 3.936695e+01
85.000000 	 3.274080e+01 	 2.465151e+01 	 4.083009e+01
80.000000 	 3.208417e+01 	 2.222015e+01 	 4.194819e+01
75.000000 	 3.153774e+01 	 2.038535e+01 	 4.269012e+01
70.000000 	 3.111413e+01 	 1.919288e+01 	 4.303537e+01
65.000000 	 3.082308e+01 	 1.866990e+01 	 4.297626e+01
60.000000 	 3.067005e+01 	 1.882134e+01 	 4.251875e+01
55.000000 	 3.065571e+01 	 1.962742e+01 	 4.168400e+01
50.000000 	 3.077450e+01 	 2.104107e+01 	 4.050792e+01
45.000000 	 3.101401e+01 	 2.298708e+01 	 3.904095e+01
40.000000 	 3.135469e+01 	 2.536246e+01 	 3.734691e+01
35.000000 	 3.176953e+01 	 2.803821e+01 	 3.550085e+01
30.000000 	 3.222533e+01 	 3.086338e+01 	 3.358729e+01
25.000000 	 3.268482e+01 	 3.367121e+01 	 3.169843e+01
20.000000 	 3.311025e+01 	 3.628745e+01 	 2.993304e+01
15.000000 	 3.346844e+01 	 3.854155e+01 	 2.839533e+01
10.000000 	 3.373516e+01 	 4.027884e+01 	 2.719147e+01
5.000000 	 3.389771e+01 	 4.137543e+01 	 2.641999e+01
0.000000 	 3.395199e+01 	 4.175027e+01 	 2.615372e+01
