180.000000 	 -6.564554e-17 
175.000000 	 -2.021830e-03 
170.000000 	 -8.049049e-03 
165.000000 	 -1.797213e-02 
160.000000 	 -3.157556e-02 
155.000000 	 -4.870818e-02 
150.000000 	 -6.916955e-02 
145.000000 	 -9.278180e-02 
140.000000 	 -1.194052e-01 
135.000000 	 -1.489425e-01 
130.000000 	 -1.813770e-01 
125.000000 	 -2.167079e-01 
120.000000 	 -2.549375e-01 
115.000000 	 -2.960151e-01 
110.000000 	 -3.397707e-01 
105.000000 	 -3.857274e-01 
100.000000 	 -4.330806e-01 
95.000000 	 -4.803999e-01 
90.000000 	 -5.255927e-01 
85.000000 	 -5.657186e-01 
80.000000 	 -5.972899e-01 
75.000000 	 -6.164670e-01 
70.000000 	 -6.198234e-01 
65.000000 	 -6.051403e-01 
60.000000 	 -5.721212e-01 
55.000000 	 -5.226876e-01 
50.000000 	 -4.606853e-01 
45.000000 	 -3.911066e-01 
40.000000 	 -3.191276e-01 
35.000000 	 -2.493325e-01 
30.000000 	 -1.852555e-01 
25.000000 	 -1.292870e-01 
20.000000 	 -8.282403e-02 
15.000000 	 -4.653711e-02 
10.000000 	 -2.064662e-02 
5.000000 	 -5.154213e-03 
0.000000 	 -0.000000e+00 
