180.000000 	 1.852614e+01 	 1.852614e+01 	 1.852614e+01
175.000000 	 1.848582e+01 	 1.736582e+01 	 1.960582e+01
170.000000 	 1.836563e+01 	 1.614374e+01 	 2.058752e+01
165.000000 	 1.816793e+01 	 1.488005e+01 	 2.145582e+01
160.000000 	 1.789659e+01 	 1.359569e+01 	 2.219748e+01
155.000000 	 1.755690e+01 	 1.231204e+01 	 2.280176e+01
150.000000 	 1.715551e+01 	 1.105046e+01 	 2.326056e+01
145.000000 	 1.670026e+01 	 9.831858e+00 	 2.356866e+01
140.000000 	 1.620003e+01 	 8.676234e+00 	 2.372383e+01
135.000000 	 1.566453e+01 	 7.602199e+00 	 2.372685e+01
130.000000 	 1.510406e+01 	 6.626535e+00 	 2.358159e+01
125.000000 	 1.452931e+01 	 5.763748e+00 	 2.329487e+01
120.000000 	 1.395100e+01 	 5.025667e+00 	 2.287633e+01
115.000000 	 1.337965e+01 	 4.421083e+00 	 2.233822e+01
110.000000 	 1.282525e+01 	 3.955458e+00 	 2.169505e+01
105.000000 	 1.229695e+01 	 3.630721e+00 	 2.096318e+01
100.000000 	 1.180277e+01 	 3.445163e+00 	 2.016038e+01
95.000000 	 1.134935e+01 	 3.393455e+00 	 1.930525e+01
90.000000 	 1.094172e+01 	 3.466795e+00 	 1.841664e+01
85.000000 	 1.058312e+01 	 3.653195e+00 	 1.751304e+01
80.000000 	 1.027496e+01 	 3.937899e+00 	 1.661201e+01
75.000000 	 1.001676e+01 	 4.303926e+00 	 1.572960e+01
70.000000 	 9.806310e+00 	 4.732721e+00 	 1.487990e+01
65.000000 	 9.639796e+00 	 5.204874e+00 	 1.407472e+01
60.000000 	 9.512128e+00 	 5.700876e+00 	 1.332338e+01
55.000000 	 9.417291e+00 	 6.201882e+00 	 1.263270e+01
50.000000 	 9.348773e+00 	 6.690427e+00 	 1.200712e+01
45.000000 	 9.300028e+00 	 7.151092e+00 	 1.144896e+01
40.000000 	 9.264947e+00 	 7.571093e+00 	 1.095880e+01
35.000000 	 9.238302e+00 	 7.940805e+00 	 1.053580e+01
30.000000 	 9.216110e+00 	 8.254216e+00 	 1.017800e+01
25.000000 	 9.195891e+00 	 8.509325e+00 	 9.882457e+00
20.000000 	 9.176730e+00 	 8.708406e+00 	 9.645055e+00
15.000000 	 9.159117e+00 	 8.858059e+00 	 9.460175e+00
10.000000 	 9.144523e+00 	 8.968896e+00 	 9.320151e+00
5.000000 	 9.134773e+00 	 9.054738e+00 	 9.214807e+00
0.000000 	 9.131335e+00 	 9.131335e+00 	 9.131335e+00
