180.000000 	 1.452627e+02 	 2.744838e+02 	 1.604156e+01
175.000000 	 1.453640e+02 	 2.743108e+02 	 1.641717e+01
170.000000 	 1.456649e+02 	 2.737891e+02 	 1.754073e+01
165.000000 	 1.461566e+02 	 2.729103e+02 	 1.940285e+01
160.000000 	 1.469825e+02 	 2.719095e+02 	 2.205541e+01
155.000000 	 1.478728e+02 	 2.703725e+02 	 2.537306e+01
150.000000 	 1.488129e+02 	 2.682938e+02 	 2.933202e+01
145.000000 	 1.499373e+02 	 2.659017e+02 	 3.397291e+01
140.000000 	 1.510845e+02 	 2.629677e+02 	 3.920129e+01
135.000000 	 1.522863e+02 	 2.595679e+02 	 4.500473e+01
130.000000 	 1.535446e+02 	 2.557361e+02 	 5.135312e+01
125.000000 	 1.548420e+02 	 2.514855e+02 	 5.819854e+01
120.000000 	 1.561936e+02 	 2.468900e+02 	 6.549716e+01
115.000000 	 1.576587e+02 	 2.421025e+02 	 7.321490e+01
110.000000 	 1.592929e+02 	 2.372944e+02 	 8.129138e+01
105.000000 	 1.612114e+02 	 2.327509e+02 	 8.967198e+01
100.000000 	 1.635701e+02 	 2.288521e+02 	 9.828802e+01
95.000000 	 1.665758e+02 	 2.260967e+02 	 1.070549e+02
90.000000 	 1.704974e+02 	 2.251221e+02 	 1.158727e+02
85.000000 	 1.756673e+02 	 2.267114e+02 	 1.246233e+02
80.000000 	 1.824811e+02 	 2.317910e+02 	 1.331713e+02
75.000000 	 1.913909e+02 	 2.414126e+02 	 1.413692e+02
70.000000 	 2.028896e+02 	 2.567141e+02 	 1.490651e+02
65.000000 	 2.174804e+02 	 2.788346e+02 	 1.561261e+02
60.000000 	 2.356385e+02 	 3.088331e+02 	 1.624438e+02
55.000000 	 2.577459e+02 	 3.475179e+02 	 1.679739e+02
50.000000 	 2.840255e+02 	 3.953150e+02 	 1.727359e+02
45.000000 	 3.144448e+02 	 4.520487e+02 	 1.768408e+02
40.000000 	 3.486345e+02 	 5.168045e+02 	 1.804645e+02
35.000000 	 3.858014e+02 	 5.877774e+02 	 1.838254e+02
30.000000 	 4.246753e+02 	 6.622243e+02 	 1.871263e+02
25.000000 	 4.635087e+02 	 7.365308e+02 	 1.904866e+02
20.000000 	 5.001428e+02 	 8.064021e+02 	 1.938835e+02
15.000000 	 5.321722e+02 	 8.672187e+02 	 1.971256e+02
10.000000 	 5.572032e+02 	 9.145314e+02 	 1.998750e+02
5.000000 	 5.731634e+02 	 9.445852e+02 	 2.017415e+02
0.000000 	 5.786512e+02 	 9.548990e+02 	 2.024034e+02
