180.000000 	 1.790148e+01 	 3.313137e+01 	 2.671591e+00
175.000000 	 1.785465e+01 	 3.300754e+01 	 2.701752e+00
170.000000 	 1.771526e+01 	 3.263845e+01 	 2.792065e+00
165.000000 	 1.748661e+01 	 3.203120e+01 	 2.942023e+00
160.000000 	 1.717413e+01 	 3.119748e+01 	 3.150785e+00
155.000000 	 1.678528e+01 	 3.015337e+01 	 3.417191e+00
150.000000 	 1.632940e+01 	 2.891902e+01 	 3.739777e+00
145.000000 	 1.581753e+01 	 2.751827e+01 	 4.116788e+00
140.000000 	 1.526218e+01 	 2.597817e+01 	 4.546200e+00
135.000000 	 1.467708e+01 	 2.432843e+01 	 5.025737e+00
130.000000 	 1.407684e+01 	 2.260080e+01 	 5.552889e+00
125.000000 	 1.347664e+01 	 2.082835e+01 	 6.124920e+00
120.000000 	 1.289182e+01 	 1.904476e+01 	 6.738880e+00
115.000000 	 1.233752e+01 	 1.728344e+01 	 7.391603e+00
110.000000 	 1.182824e+01 	 1.557680e+01 	 8.079689e+00
105.000000 	 1.137740e+01 	 1.395532e+01 	 8.799491e+00
100.000000 	 1.099693e+01 	 1.244680e+01 	 9.547072e+00
95.000000 	 1.069686e+01 	 1.107557e+01 	 1.031816e+01
90.000000 	 1.048495e+01 	 9.861793e+00 	 1.110811e+01
85.000000 	 1.036636e+01 	 8.820899e+00 	 1.191182e+01
80.000000 	 1.034339e+01 	 7.963106e+00 	 1.272368e+01
75.000000 	 1.041535e+01 	 7.293140e+00 	 1.353757e+01
70.000000 	 1.057844e+01 	 6.810113e+00 	 1.434677e+01
65.000000 	 1.082581e+01 	 6.507593e+00 	 1.514403e+01
60.000000 	 1.114775e+01 	 6.373859e+00 	 1.592164e+01
55.000000 	 1.153193e+01 	 6.392344e+00 	 1.667151e+01
50.000000 	 1.196381e+01 	 6.542250e+00 	 1.738538e+01
45.000000 	 1.242719e+01 	 6.799305e+00 	 1.805508e+01
40.000000 	 1.290473e+01 	 7.136652e+00 	 1.867281e+01
35.000000 	 1.337865e+01 	 7.525837e+00 	 1.923147e+01
30.000000 	 1.383140e+01 	 7.937878e+00 	 1.972493e+01
25.000000 	 1.424631e+01 	 8.344380e+00 	 2.014825e+01
20.000000 	 1.460823e+01 	 8.718684e+00 	 2.049778e+01
15.000000 	 1.490407e+01 	 9.036999e+00 	 2.077113e+01
10.000000 	 1.512320e+01 	 9.279479e+00 	 2.096693e+01
5.000000 	 1.525786e+01 	 9.431176e+00 	 2.108454e+01
0.000000 	 1.530327e+01 	 9.482793e+00 	 2.112375e+01
