180.000000 	 3.284174e+01 	 3.284174e+01 	 3.284174e+01
175.000000 	 3.279381e+01 	 3.081851e+01 	 3.476911e+01
170.000000 	 3.265060e+01 	 2.873233e+01 	 3.656888e+01
165.000000 	 3.241388e+01 	 2.661685e+01 	 3.821091e+01
160.000000 	 3.208653e+01 	 2.450598e+01 	 3.966707e+01
155.000000 	 3.167255e+01 	 2.243344e+01 	 4.091166e+01
150.000000 	 3.117622e+01 	 2.043146e+01 	 4.192099e+01
145.000000 	 3.060535e+01 	 1.853334e+01 	 4.267737e+01
140.000000 	 2.996571e+01 	 1.676773e+01 	 4.316369e+01
135.000000 	 2.926558e+01 	 1.516234e+01 	 4.336881e+01
130.000000 	 2.851294e+01 	 1.374073e+01 	 4.328516e+01
125.000000 	 2.771683e+01 	 1.252305e+01 	 4.291062e+01
120.000000 	 2.688626e+01 	 1.152445e+01 	 4.224807e+01
115.000000 	 2.603042e+01 	 1.075489e+01 	 4.130596e+01
110.000000 	 2.515830e+01 	 1.021826e+01 	 4.009835e+01
105.000000 	 2.427844e+01 	 9.911974e+00 	 3.864490e+01
100.000000 	 2.339867e+01 	 9.826569e+00 	 3.697076e+01
95.000000 	 2.252591e+01 	 9.945608e+00 	 3.510621e+01
90.000000 	 2.166596e+01 	 1.024581e+01 	 3.308610e+01
85.000000 	 2.082330e+01 	 1.069752e+01 	 3.094908e+01
80.000000 	 2.000110e+01 	 1.126552e+01 	 2.873669e+01
75.000000 	 1.920122e+01 	 1.191023e+01 	 2.649221e+01
70.000000 	 1.842436e+01 	 1.258927e+01 	 2.425945e+01
65.000000 	 1.767037e+01 	 1.325929e+01 	 2.208145e+01
60.000000 	 1.693860e+01 	 1.387798e+01 	 1.999921e+01
55.000000 	 1.622840e+01 	 1.440627e+01 	 1.805053e+01
50.000000 	 1.553963e+01 	 1.481034e+01 	 1.626892e+01
45.000000 	 1.487318e+01 	 1.506347e+01 	 1.468290e+01
40.000000 	 1.423145e+01 	 1.514754e+01 	 1.331536e+01
35.000000 	 1.361880e+01 	 1.505422e+01 	 1.218339e+01
30.000000 	 1.304201e+01 	 1.478572e+01 	 1.129829e+01
25.000000 	 1.251069e+01 	 1.435555e+01 	 1.066584e+01
20.000000 	 1.203780e+01 	 1.378911e+01 	 1.028648e+01
15.000000 	 1.163964e+01 	 1.312419e+01 	 1.015509e+01
10.000000 	 1.133504e+01 	 1.241050e+01 	 1.025958e+01
5.000000 	 1.114267e+01 	 1.170710e+01 	 1.057825e+01
0.000000 	 1.107676e+01 	 1.107676e+01 	 1.107676e+01
