180.000000 	 1.669416e+02 	 1.669416e+02 	 1.669416e+02
175.000000 	 1.669964e+02 	 1.594602e+02 	 1.745327e+02
170.000000 	 1.671594e+02 	 1.521400e+02 	 1.821787e+02
165.000000 	 1.674261e+02 	 1.450320e+02 	 1.898202e+02
160.000000 	 1.678329e+02 	 1.382411e+02 	 1.974246e+02
155.000000 	 1.682822e+02 	 1.317194e+02 	 2.048450e+02
150.000000 	 1.688303e+02 	 1.256111e+02 	 2.120495e+02
145.000000 	 1.694389e+02 	 1.199570e+02 	 2.189209e+02
140.000000 	 1.701058e+02 	 1.148550e+02 	 2.253566e+02
135.000000 	 1.708388e+02 	 1.104301e+02 	 2.312476e+02
130.000000 	 1.716332e+02 	 1.068067e+02 	 2.364597e+02
125.000000 	 1.725234e+02 	 1.041736e+02 	 2.408733e+02
120.000000 	 1.735418e+02 	 1.027320e+02 	 2.443515e+02
115.000000 	 1.747596e+02 	 1.027420e+02 	 2.467771e+02
110.000000 	 1.762687e+02 	 1.044972e+02 	 2.480402e+02
105.000000 	 1.782034e+02 	 1.083414e+02 	 2.480653e+02
100.000000 	 1.807394e+02 	 1.146604e+02 	 2.468185e+02
95.000000 	 1.841083e+02 	 1.238765e+02 	 2.443400e+02
90.000000 	 1.885960e+02 	 1.364352e+02 	 2.407567e+02
85.000000 	 1.945484e+02 	 1.527781e+02 	 2.363188e+02
80.000000 	 2.023677e+02 	 1.733166e+02 	 2.314188e+02
75.000000 	 2.125026e+02 	 1.983859e+02 	 2.266193e+02
70.000000 	 2.254293e+02 	 2.281925e+02 	 2.226660e+02
65.000000 	 2.416197e+02 	 2.627526e+02 	 2.204868e+02
60.000000 	 2.614966e+02 	 3.018260e+02 	 2.211672e+02
55.000000 	 2.853729e+02 	 3.448520e+02 	 2.258938e+02
50.000000 	 3.133792e+02 	 3.908964e+02 	 2.358621e+02
45.000000 	 3.453820e+02 	 4.386201e+02 	 2.521438e+02
40.000000 	 3.809026e+02 	 4.862821e+02 	 2.755231e+02
35.000000 	 4.190513e+02 	 5.317874e+02 	 3.063153e+02
30.000000 	 4.584906e+02 	 5.727877e+02 	 3.441934e+02
25.000000 	 4.974550e+02 	 6.068443e+02 	 3.880656e+02
20.000000 	 5.338349e+02 	 6.316402e+02 	 4.360297e+02
15.000000 	 5.653461e+02 	 6.452378e+02 	 4.854545e+02
10.000000 	 5.897708e+02 	 6.463493e+02 	 5.331923e+02
5.000000 	 6.052492e+02 	 6.345762e+02 	 5.759221e+02
0.000000 	 6.105514e+02 	 6.105514e+02 	 6.105514e+02
