180.000000 	 1.452627e+02 	 1.452627e+02 	 1.452627e+02
175.000000 	 1.453640e+02 	 1.383245e+02 	 1.524035e+02
170.000000 	 1.456649e+02 	 1.316268e+02 	 1.597030e+02
165.000000 	 1.461566e+02 	 1.252031e+02 	 1.671100e+02
160.000000 	 1.469825e+02 	 1.192413e+02 	 1.747236e+02
155.000000 	 1.478728e+02 	 1.135225e+02 	 1.822230e+02
150.000000 	 1.488129e+02 	 1.080890e+02 	 1.895368e+02
145.000000 	 1.499373e+02 	 1.031386e+02 	 1.967360e+02
140.000000 	 1.510845e+02 	 9.858666e+01 	 2.035823e+02
135.000000 	 1.522863e+02 	 9.455319e+01 	 2.100194e+02
130.000000 	 1.535446e+02 	 9.114437e+01 	 2.159449e+02
125.000000 	 1.548420e+02 	 8.846504e+01 	 2.212190e+02
120.000000 	 1.561936e+02 	 8.667164e+01 	 2.257155e+02
115.000000 	 1.576587e+02 	 8.598652e+01 	 2.293308e+02
110.000000 	 1.592929e+02 	 8.664532e+01 	 2.319404e+02
105.000000 	 1.612114e+02 	 8.896058e+01 	 2.334623e+02
100.000000 	 1.635701e+02 	 9.329508e+01 	 2.338451e+02
95.000000 	 1.665758e+02 	 1.000584e+02 	 2.330932e+02
90.000000 	 1.704974e+02 	 1.097035e+02 	 2.312913e+02
85.000000 	 1.756673e+02 	 1.227048e+02 	 2.286298e+02
80.000000 	 1.824811e+02 	 1.395289e+02 	 2.254333e+02
75.000000 	 1.913909e+02 	 1.605946e+02 	 2.221872e+02
70.000000 	 2.028896e+02 	 1.862227e+02 	 2.195564e+02
65.000000 	 2.174804e+02 	 2.165644e+02 	 2.183964e+02
60.000000 	 2.356385e+02 	 2.515506e+02 	 2.197263e+02
55.000000 	 2.577459e+02 	 2.908043e+02 	 2.246875e+02
50.000000 	 2.840255e+02 	 3.336031e+02 	 2.344478e+02
45.000000 	 3.144448e+02 	 3.788200e+02 	 2.500696e+02
40.000000 	 3.486345e+02 	 4.249312e+02 	 2.723378e+02
35.000000 	 3.858014e+02 	 4.700364e+02 	 3.015664e+02
30.000000 	 4.246753e+02 	 5.119378e+02 	 3.374128e+02
25.000000 	 4.635087e+02 	 5.482735e+02 	 3.787438e+02
20.000000 	 5.001428e+02 	 5.766952e+02 	 4.235904e+02
15.000000 	 5.321722e+02 	 5.951075e+02 	 4.692369e+02
10.000000 	 5.572032e+02 	 6.019403e+02 	 5.124662e+02
5.000000 	 5.731634e+02 	 5.963940e+02 	 5.499327e+02
0.000000 	 5.786512e+02 	 5.786512e+02 	 5.786512e+02
