180.000000 	 -1.651573e-16 
175.000000 	 -2.169593e-03 
170.000000 	 -8.583058e-03 
165.000000 	 -1.896472e-02 
160.000000 	 -3.280873e-02 
155.000000 	 -4.964703e-02 
150.000000 	 -6.889318e-02 
145.000000 	 -8.992675e-02 
140.000000 	 -1.122895e-01 
135.000000 	 -1.354715e-01 
130.000000 	 -1.591721e-01 
125.000000 	 -1.832781e-01 
120.000000 	 -2.077799e-01 
115.000000 	 -2.329326e-01 
110.000000 	 -2.591904e-01 
105.000000 	 -2.872639e-01 
100.000000 	 -3.181061e-01 
95.000000 	 -3.528285e-01 
90.000000 	 -3.925651e-01 
85.000000 	 -4.381274e-01 
80.000000 	 -4.894328e-01 
75.000000 	 -5.444513e-01 
70.000000 	 -5.982888e-01 
65.000000 	 -6.427026e-01 
60.000000 	 -6.672916e-01 
55.000000 	 -6.628483e-01 
50.000000 	 -6.255150e-01 
45.000000 	 -5.588513e-01 
40.000000 	 -4.722737e-01 
35.000000 	 -3.772288e-01 
30.000000 	 -2.838477e-01 
25.000000 	 -1.993629e-01 
20.000000 	 -1.280652e-01 
15.000000 	 -7.202305e-02 
10.000000 	 -3.195920e-02 
5.000000 	 -7.977714e-03 
0.000000 	 -0.000000e+00 
