180.000000 	 6.337529e+01 	 1.198909e+02 	 6.859717e+00
175.000000 	 6.331678e+01 	 1.195588e+02 	 7.074717e+00
170.000000 	 6.314178e+01 	 1.185662e+02 	 7.717369e+00
165.000000 	 6.285192e+01 	 1.169232e+02 	 8.780587e+00
160.000000 	 6.244993e+01 	 1.146474e+02 	 1.025242e+01
155.000000 	 6.191483e+01 	 1.117086e+02 	 1.212106e+01
150.000000 	 6.130547e+01 	 1.082568e+02 	 1.435415e+01
145.000000 	 6.059140e+01 	 1.042512e+02 	 1.693155e+01
140.000000 	 5.979650e+01 	 9.977731e+01 	 1.981568e+01
135.000000 	 5.893141e+01 	 9.489777e+01 	 2.296505e+01
130.000000 	 5.800041e+01 	 8.966426e+01 	 2.633655e+01
125.000000 	 5.702234e+01 	 8.416994e+01 	 2.987474e+01
120.000000 	 5.601426e+01 	 7.850906e+01 	 3.351945e+01
115.000000 	 5.499653e+01 	 7.278829e+01 	 3.720478e+01
110.000000 	 5.399304e+01 	 6.712967e+01 	 4.085641e+01
105.000000 	 5.303094e+01 	 6.166433e+01 	 4.439754e+01
100.000000 	 5.214166e+01 	 5.653632e+01 	 4.774701e+01
95.000000 	 5.135941e+01 	 5.189783e+01 	 5.082100e+01
90.000000 	 5.072265e+01 	 4.790802e+01 	 5.353729e+01
85.000000 	 5.027176e+01 	 4.472665e+01 	 5.581688e+01
80.000000 	 5.004895e+01 	 4.251002e+01 	 5.758789e+01
75.000000 	 5.009599e+01 	 4.140232e+01 	 5.878966e+01
70.000000 	 5.045240e+01 	 4.152779e+01 	 5.937700e+01
65.000000 	 5.115106e+01 	 4.297907e+01 	 5.932306e+01
60.000000 	 5.221601e+01 	 4.580738e+01 	 5.862464e+01
55.000000 	 5.365734e+01 	 5.001035e+01 	 5.730432e+01
50.000000 	 5.546531e+01 	 5.551949e+01 	 5.541113e+01
45.000000 	 5.760803e+01 	 6.219346e+01 	 5.302260e+01
40.000000 	 6.002649e+01 	 6.981082e+01 	 5.024217e+01
35.000000 	 6.263264e+01 	 7.806954e+01 	 4.719573e+01
30.000000 	 6.531137e+01 	 8.659485e+01 	 4.402789e+01
25.000000 	 6.792509e+01 	 9.495306e+01 	 4.089713e+01
20.000000 	 7.032396e+01 	 1.026769e+02 	 3.797101e+01
15.000000 	 7.236010e+01 	 1.092971e+02 	 3.542314e+01
10.000000 	 7.390660e+01 	 1.143848e+02 	 3.342835e+01
5.000000 	 7.486939e+01 	 1.175898e+02 	 3.214900e+01
0.000000 	 7.519583e+01 	 1.186845e+02 	 3.170711e+01
