180.000000 	 -9.165136e-17 
175.000000 	 9.457679e-04 
170.000000 	 3.779052e-03 
165.000000 	 8.487300e-03 
160.000000 	 1.504793e-02 
155.000000 	 2.342582e-02 
150.000000 	 3.357163e-02 
145.000000 	 4.541032e-02 
140.000000 	 5.884642e-02 
135.000000 	 7.374699e-02 
130.000000 	 8.994374e-02 
125.000000 	 1.072176e-01 
120.000000 	 1.252994e-01 
115.000000 	 1.438581e-01 
110.000000 	 1.625015e-01 
105.000000 	 1.807754e-01 
100.000000 	 1.981698e-01 
95.000000 	 2.141299e-01 
90.000000 	 2.280752e-01 
85.000000 	 2.394240e-01 
80.000000 	 2.476234e-01 
75.000000 	 2.521821e-01 
70.000000 	 2.527030e-01 
65.000000 	 2.489116e-01 
60.000000 	 2.406788e-01 
55.000000 	 2.280376e-01 
50.000000 	 2.111938e-01 
45.000000 	 1.905356e-01 
40.000000 	 1.666451e-01 
35.000000 	 1.403137e-01 
30.000000 	 1.125619e-01 
25.000000 	 8.465662e-02 
20.000000 	 5.811265e-02 
15.000000 	 3.465425e-02 
10.000000 	 1.610042e-02 
5.000000 	 4.138920e-03 
0.000000 	 0.000000e+00 
