180.000000 	 1.807459e+01 	 3.519797e+01 	 9.512139e-01
175.000000 	 1.803269e+01 	 3.506667e+01 	 9.987039e-01
170.000000 	 1.790786e+01 	 3.467515e+01 	 1.140565e+00
165.000000 	 1.770274e+01 	 3.403049e+01 	 1.374978e+00
160.000000 	 1.742166e+01 	 3.314439e+01 	 1.698936e+00
155.000000 	 1.707059e+01 	 3.203290e+01 	 2.108284e+00
150.000000 	 1.665699e+01 	 3.071621e+01 	 2.597769e+00
145.000000 	 1.618967e+01 	 2.921823e+01 	 3.161116e+00
140.000000 	 1.567864e+01 	 2.756616e+01 	 3.791109e+00
135.000000 	 1.513483e+01 	 2.578995e+01 	 4.479702e+00
130.000000 	 1.456990e+01 	 2.392167e+01 	 5.218135e+00
125.000000 	 1.399595e+01 	 2.199483e+01 	 5.997073e+00
120.000000 	 1.342518e+01 	 2.004359e+01 	 6.806761e+00
115.000000 	 1.286959e+01 	 1.810200e+01 	 7.637182e+00
110.000000 	 1.234065e+01 	 1.620307e+01 	 8.478235e+00
105.000000 	 1.184894e+01 	 1.437798e+01 	 9.319908e+00
100.000000 	 1.140382e+01 	 1.265519e+01 	 1.015245e+01
95.000000 	 1.101311e+01 	 1.105968e+01 	 1.096655e+01
90.000000 	 1.068285e+01 	 9.612215e+00 	 1.175348e+01
85.000000 	 1.041702e+01 	 8.328803e+00 	 1.250524e+01
80.000000 	 1.021745e+01 	 7.220250e+00 	 1.321465e+01
75.000000 	 1.008372e+01 	 6.291941e+00 	 1.387549e+01
70.000000 	 1.001317e+01 	 5.543816e+00 	 1.448253e+01
65.000000 	 1.000108e+01 	 4.970564e+00 	 1.503160e+01
60.000000 	 1.004083e+01 	 4.562019e+00 	 1.551965e+01
55.000000 	 1.012427e+01 	 4.303741e+00 	 1.594480e+01
50.000000 	 1.024208e+01 	 4.177735e+00 	 1.630643e+01
45.000000 	 1.038428e+01 	 4.163275e+00 	 1.660529e+01
40.000000 	 1.054071e+01 	 4.237774e+00 	 1.684365e+01
35.000000 	 1.070153e+01 	 4.377656e+00 	 1.702539e+01
30.000000 	 1.085769e+01 	 4.559220e+00 	 1.715616e+01
25.000000 	 1.100137e+01 	 4.759470e+00 	 1.724327e+01
20.000000 	 1.112620e+01 	 4.956934e+00 	 1.729546e+01
15.000000 	 1.122737e+01 	 5.132477e+00 	 1.732227e+01
10.000000 	 1.130159e+01 	 5.270106e+00 	 1.733308e+01
5.000000 	 1.134682e+01 	 5.357727e+00 	 1.733591e+01
0.000000 	 1.136200e+01 	 5.387790e+00 	 1.733621e+01
