180.000000 	 1.645757e+02 	 3.135886e+02 	 1.556274e+01
175.000000 	 1.646420e+02 	 3.133124e+02 	 1.597162e+01
170.000000 	 1.648390e+02 	 3.124812e+02 	 1.719678e+01
165.000000 	 1.651617e+02 	 3.110891e+02 	 1.923417e+01
160.000000 	 1.656676e+02 	 3.092035e+02 	 2.213170e+01
155.000000 	 1.662104e+02 	 3.066531e+02 	 2.576773e+01
150.000000 	 1.668779e+02 	 3.035439e+02 	 3.021182e+01
145.000000 	 1.676143e+02 	 2.998184e+02 	 3.541014e+01
140.000000 	 1.684164e+02 	 2.954865e+02 	 4.134618e+01
135.000000 	 1.692919e+02 	 2.905798e+02 	 4.800393e+01
130.000000 	 1.702278e+02 	 2.851216e+02 	 5.533406e+01
125.000000 	 1.712595e+02 	 2.792066e+02 	 6.331230e+01
120.000000 	 1.724168e+02 	 2.729511e+02 	 7.188243e+01
115.000000 	 1.737619e+02 	 2.665400e+02 	 8.098372e+01
110.000000 	 1.753877e+02 	 2.602351e+02 	 9.054038e+01
105.000000 	 1.774255e+02 	 2.543924e+02 	 1.004586e+02
100.000000 	 1.800524e+02 	 2.494811e+02 	 1.106236e+02
95.000000 	 1.834987e+02 	 2.461002e+02 	 1.208971e+02
90.000000 	 1.880526e+02 	 2.449906e+02 	 1.311147e+02
85.000000 	 1.940646e+02 	 2.470410e+02 	 1.410883e+02
80.000000 	 2.019446e+02 	 2.532787e+02 	 1.506105e+02
75.000000 	 2.121508e+02 	 2.648461e+02 	 1.594554e+02
70.000000 	 2.251740e+02 	 2.829443e+02 	 1.674038e+02
65.000000 	 2.415032e+02 	 3.087579e+02 	 1.742484e+02
60.000000 	 2.615805e+02 	 3.433386e+02 	 1.798223e+02
55.000000 	 2.857401e+02 	 3.874587e+02 	 1.840215e+02
50.000000 	 3.141330e+02 	 4.414390e+02 	 1.868270e+02
45.000000 	 3.466420e+02 	 5.049651e+02 	 1.883190e+02
40.000000 	 3.827975e+02 	 5.769170e+02 	 1.886780e+02
35.000000 	 4.217056e+02 	 6.552443e+02 	 1.881670e+02
30.000000 	 4.620102e+02 	 7.369237e+02 	 1.870967e+02
25.000000 	 5.019049e+02 	 8.180342e+02 	 1.857755e+02
20.000000 	 5.392203e+02 	 8.939771e+02 	 1.844635e+02
15.000000 	 5.715945e+02 	 9.598506e+02 	 1.833384e+02
10.000000 	 5.967250e+02 	 1.010958e+03 	 1.824922e+02
5.000000 	 6.126697e+02 	 1.043374e+03 	 1.819652e+02
0.000000 	 6.181333e+02 	 1.054479e+03 	 1.817873e+02
