180.000000 	 2.674823e-17 
175.000000 	 -4.725619e-04 
170.000000 	 -1.897473e-03 
165.000000 	 -4.296133e-03 
160.000000 	 -7.703174e-03 
155.000000 	 -1.211166e-02 
150.000000 	 -1.762319e-02 
145.000000 	 -2.432719e-02 
140.000000 	 -3.221455e-02 
135.000000 	 -4.137396e-02 
130.000000 	 -5.180766e-02 
125.000000 	 -6.357902e-02 
120.000000 	 -7.660465e-02 
115.000000 	 -9.073024e-02 
110.000000 	 -1.057778e-01 
105.000000 	 -1.213340e-01 
100.000000 	 -1.369025e-01 
95.000000 	 -1.517883e-01 
90.000000 	 -1.651340e-01 
85.000000 	 -1.759668e-01 
80.000000 	 -1.832876e-01 
75.000000 	 -1.862298e-01 
70.000000 	 -1.841845e-01 
65.000000 	 -1.769717e-01 
60.000000 	 -1.649151e-01 
55.000000 	 -1.488096e-01 
50.000000 	 -1.298205e-01 
45.000000 	 -1.092887e-01 
40.000000 	 -8.853961e-02 
35.000000 	 -6.872715e-02 
30.000000 	 -5.074225e-02 
25.000000 	 -3.518686e-02 
20.000000 	 -2.239886e-02 
15.000000 	 -1.251183e-02 
10.000000 	 -5.524529e-03 
5.000000 	 -1.374818e-03 
0.000000 	 -0.000000e+00 
