180.000000 	 1.826411e+01 	 3.588708e+01 	 6.411448e-01
175.000000 	 1.822308e+01 	 3.575334e+01 	 6.928110e-01
170.000000 	 1.810081e+01 	 3.535452e+01 	 8.470938e-01
165.000000 	 1.789979e+01 	 3.469772e+01 	 1.101854e+00
160.000000 	 1.762411e+01 	 3.379467e+01 	 1.453555e+00
155.000000 	 1.727941e+01 	 3.266152e+01 	 1.897303e+00
150.000000 	 1.687273e+01 	 3.131855e+01 	 2.426910e+00
145.000000 	 1.641238e+01 	 2.978979e+01 	 3.034970e+00
140.000000 	 1.590779e+01 	 2.810262e+01 	 3.712966e+00
135.000000 	 1.536928e+01 	 2.628718e+01 	 4.451381e+00
130.000000 	 1.480782e+01 	 2.437579e+01 	 5.239853e+00
125.000000 	 1.423478e+01 	 2.240223e+01 	 6.067328e+00
120.000000 	 1.366162e+01 	 2.040099e+01 	 6.922256e+00
115.000000 	 1.309960e+01 	 1.840642e+01 	 7.792790e+00
110.000000 	 1.255944e+01 	 1.645188e+01 	 8.667003e+00
105.000000 	 1.205100e+01 	 1.456888e+01 	 9.533124e+00
100.000000 	 1.158297e+01 	 1.278618e+01 	 1.037976e+01
95.000000 	 1.116260e+01 	 1.112905e+01 	 1.119615e+01
90.000000 	 1.079541e+01 	 9.618468e+00 	 1.197235e+01
85.000000 	 1.048504e+01 	 8.270624e+00 	 1.269946e+01
80.000000 	 1.023311e+01 	 7.096451e+00 	 1.336978e+01
75.000000 	 1.003920e+01 	 6.101432e+00 	 1.397696e+01
70.000000 	 9.900861e+00 	 5.285599e+00 	 1.451612e+01
65.000000 	 9.813846e+00 	 4.643768e+00 	 1.498392e+01
60.000000 	 9.772301e+00 	 4.165980e+00 	 1.537862e+01
55.000000 	 9.769134e+00 	 3.838136e+00 	 1.570013e+01
50.000000 	 9.796418e+00 	 3.642766e+00 	 1.595007e+01
45.000000 	 9.845860e+00 	 3.559885e+00 	 1.613183e+01
40.000000 	 9.909282e+00 	 3.567878e+00 	 1.625069e+01
35.000000 	 9.979098e+00 	 3.644359e+00 	 1.631384e+01
30.000000 	 1.004874e+01 	 3.766982e+00 	 1.633049e+01
25.000000 	 1.011296e+01 	 3.914195e+00 	 1.631172e+01
20.000000 	 1.016803e+01 	 4.065955e+00 	 1.627011e+01
15.000000 	 1.021171e+01 	 4.204441e+00 	 1.621898e+01
10.000000 	 1.024297e+01 	 4.314766e+00 	 1.617117e+01
5.000000 	 1.026162e+01 	 4.385663e+00 	 1.613757e+01
0.000000 	 1.026780e+01 	 4.410094e+00 	 1.612551e+01
