180.000000 	 1.931595e+01 	 3.858541e+01 	 4.648509e-02
175.000000 	 1.927653e+01 	 3.844239e+01 	 1.106657e-01
170.000000 	 1.915897e+01 	 3.801577e+01 	 3.021667e-01
165.000000 	 1.896535e+01 	 3.731283e+01 	 6.178750e-01
160.000000 	 1.869911e+01 	 3.634559e+01 	 1.052634e+00
155.000000 	 1.836495e+01 	 3.513062e+01 	 1.599294e+00
150.000000 	 1.796876e+01 	 3.368873e+01 	 2.248781e+00
145.000000 	 1.751746e+01 	 3.204472e+01 	 2.990202e+00
140.000000 	 1.701890e+01 	 3.022683e+01 	 3.810967e+00
135.000000 	 1.648162e+01 	 2.826628e+01 	 4.696957e+00
130.000000 	 1.591467e+01 	 2.619663e+01 	 5.632718e+00
125.000000 	 1.532738e+01 	 2.405306e+01 	 6.601704e+00
120.000000 	 1.472908e+01 	 2.187160e+01 	 7.586562e+00
115.000000 	 1.412885e+01 	 1.968825e+01 	 8.569447e+00
110.000000 	 1.353523e+01 	 1.753806e+01 	 9.532397e+00
105.000000 	 1.295596e+01 	 1.545420e+01 	 1.045773e+01
100.000000 	 1.239773e+01 	 1.346701e+01 	 1.132845e+01
95.000000 	 1.186597e+01 	 1.160318e+01 	 1.212875e+01
90.000000 	 1.136464e+01 	 9.884890e+00 	 1.284439e+01
85.000000 	 1.089621e+01 	 8.329247e+00 	 1.346317e+01
80.000000 	 1.046157e+01 	 6.947820e+00 	 1.397531e+01
75.000000 	 1.006014e+01 	 5.746461e+00 	 1.437381e+01
70.000000 	 9.690050e+00 	 4.725374e+00 	 1.465473e+01
65.000000 	 9.348412e+00 	 3.879458e+00 	 1.481737e+01
60.000000 	 9.031662e+00 	 3.198917e+00 	 1.486441e+01
55.000000 	 8.736005e+00 	 2.670072e+00 	 1.480194e+01
50.000000 	 8.457875e+00 	 2.276325e+00 	 1.463943e+01
45.000000 	 8.194408e+00 	 1.999175e+00 	 1.438964e+01
40.000000 	 7.943891e+00 	 1.819203e+00 	 1.406858e+01
35.000000 	 7.706133e+00 	 1.716935e+00 	 1.369533e+01
30.000000 	 7.482741e+00 	 1.673540e+00 	 1.329194e+01
25.000000 	 7.277219e+00 	 1.671362e+00 	 1.288308e+01
20.000000 	 7.094841e+00 	 1.694328e+00 	 1.249535e+01
15.000000 	 6.942198e+00 	 1.728328e+00 	 1.215607e+01
10.000000 	 6.826381e+00 	 1.761627e+00 	 1.189114e+01
5.000000 	 6.753835e+00 	 1.785332e+00 	 1.172234e+01
0.000000 	 6.729106e+00 	 1.793868e+00 	 1.166434e+01
