180.000000 	 1.528168e+02 	 2.939120e+02 	 1.172152e+01
175.000000 	 1.533051e+02 	 2.939651e+02 	 1.264502e+01
170.000000 	 1.532519e+02 	 2.926075e+02 	 1.389634e+01
165.000000 	 1.531626e+02 	 2.903488e+02 	 1.597641e+01
160.000000 	 1.529829e+02 	 2.870465e+02 	 1.891937e+01
155.000000 	 1.528243e+02 	 2.830224e+02 	 2.262616e+01
150.000000 	 1.526087e+02 	 2.780742e+02 	 2.714328e+01
145.000000 	 1.523723e+02 	 2.723271e+02 	 3.241756e+01
140.000000 	 1.521164e+02 	 2.658120e+02 	 3.842073e+01
135.000000 	 1.518509e+02 	 2.585885e+02 	 4.511320e+01
130.000000 	 1.515949e+02 	 2.507461e+02 	 5.244377e+01
125.000000 	 1.513785e+02 	 2.424044e+02 	 6.035262e+01
120.000000 	 1.512489e+02 	 2.337485e+02 	 6.874934e+01
115.000000 	 1.512688e+02 	 2.249928e+02 	 7.754492e+01
110.000000 	 1.515246e+02 	 2.164316e+02 	 8.661764e+01
105.000000 	 1.521292e+02 	 2.084297e+02 	 9.582876e+01
100.000000 	 1.532272e+02 	 2.014376e+02 	 1.050168e+02
95.000000 	 1.549976e+02 	 1.959979e+02 	 1.139974e+02
90.000000 	 1.576567e+02 	 1.927483e+02 	 1.225651e+02
85.000000 	 1.614561e+02 	 1.924161e+02 	 1.304962e+02
80.000000 	 1.666817e+02 	 1.958058e+02 	 1.375576e+02
75.000000 	 1.736399e+02 	 2.037671e+02 	 1.435127e+02
70.000000 	 1.826485e+02 	 2.171565e+02 	 1.481405e+02
65.000000 	 1.940044e+02 	 2.367646e+02 	 1.512442e+02
60.000000 	 2.079625e+02 	 2.632447e+02 	 1.526802e+02
55.000000 	 2.246821e+02 	 2.969970e+02 	 1.523672e+02
50.000000 	 2.441922e+02 	 3.380689e+02 	 1.503154e+02
45.000000 	 2.663348e+02 	 3.860343e+02 	 1.466353e+02
40.000000 	 2.907159e+02 	 4.398894e+02 	 1.415425e+02
35.000000 	 3.166755e+02 	 4.979947e+02 	 1.353563e+02
30.000000 	 3.432757e+02 	 5.580649e+02 	 1.284864e+02
25.000000 	 3.693212e+02 	 6.172426e+02 	 1.213998e+02
20.000000 	 3.934286e+02 	 6.722618e+02 	 1.145954e+02
15.000000 	 4.141374e+02 	 7.197040e+02 	 1.085708e+02
10.000000 	 4.300728e+02 	 7.563442e+02 	 1.038015e+02
5.000000 	 4.401127e+02 	 7.795082e+02 	 1.007172e+02
0.000000 	 4.435408e+02 	 7.874353e+02 	 9.964633e+01
