180.000000 	 7.302611e+01 	 1.390881e+02 	 6.964087e+00
175.000000 	 7.296705e+01 	 1.387262e+02 	 7.207858e+00
170.000000 	 7.279037e+01 	 1.376440e+02 	 7.936749e+00
165.000000 	 7.249758e+01 	 1.358517e+02 	 9.143446e+00
160.000000 	 7.209123e+01 	 1.333669e+02 	 1.081557e+01
155.000000 	 7.154179e+01 	 1.301398e+02 	 1.294381e+01
150.000000 	 7.092593e+01 	 1.263635e+02 	 1.548838e+01
145.000000 	 7.020054e+01 	 1.219686e+02 	 1.843244e+01
140.000000 	 6.939524e+01 	 1.170564e+02 	 2.173405e+01
135.000000 	 6.851752e+01 	 1.116844e+02 	 2.535060e+01
130.000000 	 6.757945e+01 	 1.059273e+02 	 2.923155e+01
125.000000 	 6.659697e+01 	 9.987562e+01 	 3.331831e+01
120.000000 	 6.559002e+01 	 9.363594e+01 	 3.754409e+01
115.000000 	 6.458298e+01 	 8.733199e+01 	 4.183397e+01
110.000000 	 6.360518e+01 	 8.110510e+01 	 4.610526e+01
105.000000 	 6.269165e+01 	 7.511448e+01 	 5.026883e+01
100.000000 	 6.188203e+01 	 6.953602e+01 	 5.422804e+01
95.000000 	 6.122295e+01 	 6.456109e+01 	 5.788481e+01
90.000000 	 6.076551e+01 	 6.039234e+01 	 6.113869e+01
85.000000 	 6.056597e+01 	 5.723950e+01 	 6.389245e+01
80.000000 	 6.068377e+01 	 5.531233e+01 	 6.605520e+01
75.000000 	 6.117900e+01 	 5.481013e+01 	 6.754786e+01
70.000000 	 6.210916e+01 	 5.591013e+01 	 6.830819e+01
65.000000 	 6.352447e+01 	 5.875267e+01 	 6.829628e+01
60.000000 	 6.546200e+01 	 6.342435e+01 	 6.749965e+01
55.000000 	 6.793936e+01 	 6.994072e+01 	 6.593799e+01
50.000000 	 7.094522e+01 	 7.822601e+01 	 6.366444e+01
45.000000 	 7.443536e+01 	 8.810152e+01 	 6.076921e+01
40.000000 	 7.832466e+01 	 9.927243e+01 	 5.737689e+01
35.000000 	 8.248346e+01 	 1.113248e+02 	 5.364212e+01
30.000000 	 8.674002e+01 	 1.237342e+02 	 4.974580e+01
25.000000 	 9.088635e+01 	 1.358862e+02 	 4.588654e+01
20.000000 	 9.469306e+01 	 1.471111e+02 	 4.227500e+01
15.000000 	 9.793059e+01 	 1.567329e+02 	 3.912830e+01
10.000000 	 1.003956e+02 	 1.641277e+02 	 3.666353e+01
5.000000 	 1.019343e+02 	 1.687865e+02 	 3.508200e+01
0.000000 	 1.024568e+02 	 1.703780e+02 	 3.453555e+01
