180.000000 	 7.393341e-18 
175.000000 	 9.639245e-04 
170.000000 	 3.851122e-03 
165.000000 	 8.647368e-03 
160.000000 	 1.532731e-02 
155.000000 	 2.385201e-02 
150.000000 	 3.416575e-02 
145.000000 	 4.619073e-02 
140.000000 	 5.982320e-02 
135.000000 	 7.492708e-02 
130.000000 	 9.132714e-02 
125.000000 	 1.088044e-01 
120.000000 	 1.270899e-01 
115.000000 	 1.458615e-01 
110.000000 	 1.647435e-01 
105.000000 	 1.833089e-01 
100.000000 	 2.010867e-01 
95.000000 	 2.175747e-01 
90.000000 	 2.322559e-01 
85.000000 	 2.446198e-01 
80.000000 	 2.541847e-01 
75.000000 	 2.605201e-01 
70.000000 	 2.632646e-01 
65.000000 	 2.621380e-01 
60.000000 	 2.569468e-01 
55.000000 	 2.475824e-01 
50.000000 	 2.340186e-01 
45.000000 	 2.163126e-01 
40.000000 	 1.946216e-01 
35.000000 	 1.692480e-01 
30.000000 	 1.407286e-01 
25.000000 	 1.099808e-01 
20.000000 	 7.850348e-02 
15.000000 	 4.857326e-02 
10.000000 	 2.327654e-02 
5.000000 	 6.109778e-03 
0.000000 	 0.000000e+00 
