180.000000 	 1.955149e-16 
175.000000 	 -2.059643e-03 
170.000000 	 -8.193644e-03 
165.000000 	 -1.827343e-02 
160.000000 	 -3.204810e-02 
155.000000 	 -4.933772e-02 
150.000000 	 -6.990697e-02 
145.000000 	 -9.354584e-02 
140.000000 	 -1.200919e-01 
135.000000 	 -1.494332e-01 
130.000000 	 -1.815599e-01 
125.000000 	 -2.164924e-01 
120.000000 	 -2.542765e-01 
115.000000 	 -2.949274e-01 
110.000000 	 -3.383675e-01 
105.000000 	 -3.842549e-01 
100.000000 	 -4.318695e-01 
95.000000 	 -4.799243e-01 
90.000000 	 -5.263955e-01 
85.000000 	 -5.684525e-01 
80.000000 	 -6.024434e-01 
75.000000 	 -6.243209e-01 
70.000000 	 -6.303597e-01 
65.000000 	 -6.179176e-01 
60.000000 	 -5.863457e-01 
55.000000 	 -5.373621e-01 
50.000000 	 -4.748152e-01 
45.000000 	 -4.038739e-01 
40.000000 	 -3.300008e-01 
35.000000 	 -2.580676e-01 
30.000000 	 -1.918601e-01 
25.000000 	 -1.339454e-01 
20.000000 	 -8.582831e-02 
15.000000 	 -4.823213e-02 
10.000000 	 -2.140058e-02 
5.000000 	 -5.342701e-03 
0.000000 	 -0.000000e+00 
