180.000000 	 3.813773e+02 	 3.301493e+02 	 4.326054e+02
175.000000 	 3.810122e+02 	 3.297852e+02 	 4.322392e+02
170.000000 	 3.790655e+02 	 3.268688e+02 	 4.312623e+02
165.000000 	 3.757831e+02 	 3.221044e+02 	 4.294617e+02
160.000000 	 3.718868e+02 	 3.165124e+02 	 4.272613e+02
155.000000 	 3.660808e+02 	 3.088442e+02 	 4.233173e+02
150.000000 	 3.585944e+02 	 2.996283e+02 	 4.175605e+02
145.000000 	 3.495904e+02 	 2.893087e+02 	 4.098720e+02
140.000000 	 3.388111e+02 	 2.778186e+02 	 3.998035e+02
135.000000 	 3.265319e+02 	 2.656483e+02 	 3.874154e+02
130.000000 	 3.127435e+02 	 2.528944e+02 	 3.725927e+02
125.000000 	 2.976193e+02 	 2.397849e+02 	 3.554537e+02
120.000000 	 2.812940e+02 	 2.264233e+02 	 3.361647e+02
115.000000 	 2.640558e+02 	 2.130135e+02 	 3.150980e+02
110.000000 	 2.461765e+02 	 1.996759e+02 	 2.926771e+02
105.000000 	 2.279961e+02 	 1.865619e+02 	 2.694302e+02
100.000000 	 2.098922e+02 	 1.738422e+02 	 2.459421e+02
95.000000 	 1.922757e+02 	 1.617254e+02 	 2.228259e+02
90.000000 	 1.755851e+02 	 1.504829e+02 	 2.006873e+02
85.000000 	 1.602720e+02 	 1.404608e+02 	 1.800832e+02
80.000000 	 1.467851e+02 	 1.320917e+02 	 1.614784e+02
75.000000 	 1.355668e+02 	 1.258985e+02 	 1.452350e+02
70.000000 	 1.270154e+02 	 1.224781e+02 	 1.315527e+02
65.000000 	 1.214848e+02 	 1.224653e+02 	 1.205042e+02
60.000000 	 1.192541e+02 	 1.264746e+02 	 1.120335e+02
55.000000 	 1.205134e+02 	 1.350175e+02 	 1.060092e+02
50.000000 	 1.253464e+02 	 1.484008e+02 	 1.022920e+02
45.000000 	 1.337138e+02 	 1.666212e+02 	 1.008064e+02
40.000000 	 1.454298e+02 	 1.892732e+02 	 1.015864e+02
35.000000 	 1.601284e+02 	 2.154970e+02 	 1.047599e+02
30.000000 	 1.772135e+02 	 2.439848e+02 	 1.104422e+02
25.000000 	 1.957976e+02 	 2.730562e+02 	 1.185390e+02
20.000000 	 2.146538e+02 	 3.007848e+02 	 1.285228e+02
15.000000 	 2.322091e+02 	 3.251349e+02 	 1.392832e+02
10.000000 	 2.466858e+02 	 3.442260e+02 	 1.491455e+02
5.000000 	 2.562808e+02 	 3.563610e+02 	 1.562006e+02
0.000000 	 2.596612e+02 	 3.605498e+02 	 1.587726e+02
