180.000000 	 7.805906e-17 
175.000000 	 -2.092028e-03 
170.000000 	 -8.316503e-03 
165.000000 	 -1.852572e-02 
160.000000 	 -3.243348e-02 
155.000000 	 -4.983041e-02 
150.000000 	 -7.044457e-02 
145.000000 	 -9.403386e-02 
140.000000 	 -1.204094e-01 
135.000000 	 -1.494443e-01 
130.000000 	 -1.811324e-01 
125.000000 	 -2.155141e-01 
120.000000 	 -2.526767e-01 
115.000000 	 -2.927179e-01 
110.000000 	 -3.356110e-01 
105.000000 	 -3.811805e-01 
100.000000 	 -4.288337e-01 
95.000000 	 -4.774312e-01 
90.000000 	 -5.251051e-01 
85.000000 	 -5.689911e-01 
80.000000 	 -6.054739e-01 
75.000000 	 -6.302837e-01 
70.000000 	 -6.392963e-01 
65.000000 	 -6.294522e-01 
60.000000 	 -5.996940e-01 
55.000000 	 -5.514860e-01 
50.000000 	 -4.886443e-01 
45.000000 	 -4.165088e-01 
40.000000 	 -3.408323e-01 
35.000000 	 -2.668071e-01 
30.000000 	 -1.984836e-01 
25.000000 	 -1.386230e-01 
20.000000 	 -8.884514e-02 
15.000000 	 -4.993426e-02 
10.000000 	 -2.215793e-02 
5.000000 	 -5.532030e-03 
0.000000 	 -0.000000e+00 
