180.000000 	 -8.327185e-18 
175.000000 	 -1.095669e-03 
170.000000 	 -4.389115e-03 
165.000000 	 -9.899322e-03 
160.000000 	 -1.762685e-02 
155.000000 	 -2.765520e-02 
150.000000 	 -3.998078e-02 
145.000000 	 -5.467533e-02 
140.000000 	 -7.177674e-02 
135.000000 	 -9.130263e-02 
130.000000 	 -1.132094e-01 
125.000000 	 -1.374576e-01 
120.000000 	 -1.638215e-01 
115.000000 	 -1.919998e-01 
110.000000 	 -2.214776e-01 
105.000000 	 -2.514944e-01 
100.000000 	 -2.809970e-01 
95.000000 	 -3.086177e-01 
90.000000 	 -3.326948e-01 
85.000000 	 -3.514042e-01 
80.000000 	 -3.629081e-01 
75.000000 	 -3.656764e-01 
70.000000 	 -3.587729e-01 
65.000000 	 -3.421224e-01 
60.000000 	 -3.166072e-01 
55.000000 	 -2.839697e-01 
50.000000 	 -2.465320e-01 
45.000000 	 -2.068219e-01 
40.000000 	 -1.672330e-01 
35.000000 	 -1.297605e-01 
30.000000 	 -9.590232e-02 
25.000000 	 -6.664419e-02 
20.000000 	 -4.254321e-02 
15.000000 	 -2.383491e-02 
10.000000 	 -1.055140e-02 
5.000000 	 -2.630439e-03 
0.000000 	 -0.000000e+00 
