180.000000 	 1.788220e+01 	 3.404808e+01 	 1.716313e+00
175.000000 	 1.783811e+01 	 3.392092e+01 	 1.755300e+00
170.000000 	 1.770684e+01 	 3.354180e+01 	 1.871869e+00
165.000000 	 1.749132e+01 	 3.291780e+01 	 2.064846e+00
160.000000 	 1.719643e+01 	 3.206057e+01 	 2.332295e+00
155.000000 	 1.682883e+01 	 3.098612e+01 	 2.671541e+00
150.000000 	 1.639688e+01 	 2.971455e+01 	 3.079212e+00
145.000000 	 1.591046e+01 	 2.826965e+01 	 3.551278e+00
140.000000 	 1.538079e+01 	 2.667846e+01 	 4.083115e+00
135.000000 	 1.482013e+01 	 2.497068e+01 	 4.669569e+00
130.000000 	 1.424158e+01 	 2.317813e+01 	 5.305022e+00
125.000000 	 1.365872e+01 	 2.133396e+01 	 5.983481e+00
120.000000 	 1.308532e+01 	 1.947198e+01 	 6.698648e+00
115.000000 	 1.253490e+01 	 1.762580e+01 	 7.444011e+00
110.000000 	 1.202046e+01 	 1.582800e+01 	 8.212918e+00
105.000000 	 1.155398e+01 	 1.410931e+01 	 8.998655e+00
100.000000 	 1.114615e+01 	 1.249780e+01 	 9.794510e+00
95.000000 	 1.080593e+01 	 1.101804e+01 	 1.059383e+01
90.000000 	 1.054027e+01 	 9.690491e+00 	 1.139005e+01
85.000000 	 1.035380e+01 	 8.530858e+00 	 1.217674e+01
80.000000 	 1.024866e+01 	 7.549699e+00 	 1.294762e+01
75.000000 	 1.022436e+01 	 6.752148e+00 	 1.369657e+01
70.000000 	 1.027773e+01 	 6.137835e+00 	 1.441762e+01
65.000000 	 1.040303e+01 	 5.701018e+00 	 1.510504e+01
60.000000 	 1.059211e+01 	 5.430890e+00 	 1.575332e+01
55.000000 	 1.083470e+01 	 5.312083e+00 	 1.635732e+01
50.000000 	 1.111884e+01 	 5.325314e+00 	 1.691237e+01
45.000000 	 1.143131e+01 	 5.448160e+00 	 1.741445e+01
40.000000 	 1.175819e+01 	 5.655925e+00 	 1.786046e+01
35.000000 	 1.208547e+01 	 5.922566e+00 	 1.824838e+01
30.000000 	 1.239958e+01 	 6.221656e+00 	 1.857751e+01
25.000000 	 1.268797e+01 	 6.527368e+00 	 1.884856e+01
20.000000 	 1.293950e+01 	 6.815477e+00 	 1.906353e+01
15.000000 	 1.314488e+01 	 7.064352e+00 	 1.922540e+01
10.000000 	 1.329678e+01 	 7.255920e+00 	 1.933763e+01
5.000000 	 1.338999e+01 	 7.376538e+00 	 1.940344e+01
0.000000 	 1.342140e+01 	 7.417707e+00 	 1.942510e+01
