180.000000 	 2.160952e+01 	 4.277829e+01 	 4.407578e-01
175.000000 	 2.156994e+01 	 4.262137e+01 	 5.185045e-01
170.000000 	 2.145175e+01 	 4.215317e+01 	 7.503284e-01
165.000000 	 2.125665e+01 	 4.138132e+01 	 1.131991e+00
160.000000 	 2.098743e+01 	 4.031841e+01 	 1.656458e+00
155.000000 	 2.064791e+01 	 3.898186e+01 	 2.313949e+00
150.000000 	 2.024282e+01 	 3.739363e+01 	 3.092014e+00
145.000000 	 1.977777e+01 	 3.557991e+01 	 3.975636e+00
140.000000 	 1.925903e+01 	 3.357068e+01 	 4.947382e+00
135.000000 	 1.869341e+01 	 3.139923e+01 	 5.987589e+00
130.000000 	 1.808806e+01 	 2.910149e+01 	 7.074619e+00
125.000000 	 1.745026e+01 	 2.671537e+01 	 8.185162e+00
120.000000 	 1.678724e+01 	 2.427985e+01 	 9.294626e+00
115.000000 	 1.610587e+01 	 2.183415e+01 	 1.037759e+01
110.000000 	 1.541249e+01 	 1.941665e+01 	 1.140832e+01
105.000000 	 1.471268e+01 	 1.706392e+01 	 1.236143e+01
100.000000 	 1.401107e+01 	 1.480964e+01 	 1.321250e+01
95.000000 	 1.331120e+01 	 1.268357e+01 	 1.393884e+01
90.000000 	 1.261545e+01 	 1.071066e+01 	 1.452024e+01
85.000000 	 1.192504e+01 	 8.910322e+00 	 1.493976e+01
80.000000 	 1.124014e+01 	 7.295836e+00 	 1.518444e+01
75.000000 	 1.056008e+01 	 5.874152e+00 	 1.524601e+01
70.000000 	 9.883695e+00 	 4.645943e+00 	 1.512145e+01
65.000000 	 9.209716e+00 	 3.606023e+00 	 1.481341e+01
60.000000 	 8.537283e+00 	 2.744083e+00 	 1.433048e+01
55.000000 	 7.866485e+00 	 2.045700e+00 	 1.368727e+01
50.000000 	 7.198906e+00 	 1.493539e+00 	 1.290427e+01
45.000000 	 6.538116e+00 	 1.068600e+00 	 1.200763e+01
40.000000 	 5.890079e+00 	 7.514036e-01 	 1.102875e+01
35.000000 	 5.263435e+00 	 5.229750e-01 	 1.000390e+01
30.000000 	 4.669611e+00 	 3.655412e-01 	 8.973680e+00
25.000000 	 4.122724e+00 	 2.629400e-01 	 7.982507e+00
20.000000 	 3.639173e+00 	 2.008118e-01 	 7.077533e+00
15.000000 	 3.236763e+00 	 1.667204e-01 	 6.306807e+00
10.000000 	 2.933196e+00 	 1.503489e-01 	 5.716044e+00
5.000000 	 2.743897e+00 	 1.438428e-01 	 5.343950e+00
0.000000 	 2.679522e+00 	 1.422412e-01 	 5.216803e+00
