180.000000 	 2.978199e-18 
175.000000 	 7.418376e-05 
170.000000 	 2.908387e-04 
165.000000 	 6.323303e-04 
160.000000 	 1.069468e-03 
155.000000 	 1.603683e-03 
150.000000 	 2.116868e-03 
145.000000 	 2.613779e-03 
140.000000 	 2.989333e-03 
135.000000 	 3.167865e-03 
130.000000 	 3.068742e-03 
125.000000 	 2.611993e-03 
120.000000 	 1.724118e-03 
115.000000 	 3.457764e-04 
110.000000 	 -1.540296e-03 
105.000000 	 -3.973749e-03 
100.000000 	 -6.875532e-03 
95.000000 	 -1.017258e-02 
90.000000 	 -1.367424e-02 
85.000000 	 -1.716593e-02 
80.000000 	 -2.037031e-02 
75.000000 	 -2.298960e-02 
70.000000 	 -2.474735e-02 
65.000000 	 -2.543684e-02 
60.000000 	 -2.496812e-02 
55.000000 	 -2.339054e-02 
50.000000 	 -2.088979e-02 
45.000000 	 -1.775486e-02 
40.000000 	 -1.432229e-02 
35.000000 	 -1.092534e-02 
30.000000 	 -7.829791e-03 
25.000000 	 -5.218346e-03 
20.000000 	 -3.171481e-03 
15.000000 	 -1.689002e-03 
10.000000 	 -7.151485e-04 
5.000000 	 -1.728478e-04 
0.000000 	 -0.000000e+00 
