180.000000 	 8.772959e-17 
175.000000 	 2.459245e-03 
170.000000 	 9.845727e-03 
165.000000 	 2.218368e-02 
160.000000 	 3.950659e-02 
155.000000 	 6.184630e-02 
150.000000 	 8.921662e-02 
145.000000 	 1.215904e-01 
140.000000 	 1.588692e-01 
135.000000 	 2.008445e-01 
130.000000 	 2.471504e-01 
125.000000 	 2.972097e-01 
120.000000 	 3.501760e-01 
115.000000 	 4.048802e-01 
110.000000 	 4.597920e-01 
105.000000 	 5.130124e-01 
100.000000 	 5.623146e-01 
95.000000 	 6.052492e-01 
90.000000 	 6.393206e-01 
85.000000 	 6.622240e-01 
80.000000 	 6.721132e-01 
75.000000 	 6.678504e-01 
70.000000 	 6.491829e-01 
65.000000 	 6.168040e-01 
60.000000 	 5.722843e-01 
55.000000 	 5.178919e-01 
50.000000 	 4.563483e-01 
45.000000 	 3.905729e-01 
40.000000 	 3.234616e-01 
35.000000 	 2.577262e-01 
30.000000 	 1.957987e-01 
25.000000 	 1.397907e-01 
20.000000 	 9.148748e-02 
15.000000 	 5.235711e-02 
10.000000 	 2.355758e-02 
5.000000 	 5.932988e-03 
0.000000 	 0.000000e+00 
