180.000000 	 2.899151e-17 
175.000000 	 6.856690e-04 
170.000000 	 2.738519e-03 
165.000000 	 6.145772e-03 
160.000000 	 1.088510e-02 
155.000000 	 1.693660e-02 
150.000000 	 2.423140e-02 
145.000000 	 3.272698e-02 
140.000000 	 4.231903e-02 
135.000000 	 5.292006e-02 
130.000000 	 6.438196e-02 
125.000000 	 7.652575e-02 
120.000000 	 8.915689e-02 
115.000000 	 1.020107e-01 
110.000000 	 1.147838e-01 
105.000000 	 1.271276e-01 
100.000000 	 1.386336e-01 
95.000000 	 1.488689e-01 
90.000000 	 1.573728e-01 
85.000000 	 1.636870e-01 
80.000000 	 1.673806e-01 
75.000000 	 1.681016e-01 
70.000000 	 1.656111e-01 
65.000000 	 1.598236e-01 
60.000000 	 1.508389e-01 
55.000000 	 1.389507e-01 
50.000000 	 1.246363e-01 
45.000000 	 1.085227e-01 
40.000000 	 9.134031e-02 
35.000000 	 7.386527e-02 
30.000000 	 5.687016e-02 
25.000000 	 4.108321e-02 
20.000000 	 2.716170e-02 
15.000000 	 1.567542e-02 
10.000000 	 7.098462e-03 
5.000000 	 1.795054e-03 
0.000000 	 0.000000e+00 
