180.000000 	 1.581867e-17 
175.000000 	 -1.963908e-04 
170.000000 	 -7.921949e-04 
165.000000 	 -1.807137e-03 
160.000000 	 -3.273438e-03 
155.000000 	 -5.185162e-03 
150.000000 	 -7.639618e-03 
145.000000 	 -1.072501e-02 
140.000000 	 -1.444272e-02 
135.000000 	 -1.889140e-02 
130.000000 	 -2.412830e-02 
125.000000 	 -3.019436e-02 
120.000000 	 -3.707468e-02 
115.000000 	 -4.479189e-02 
110.000000 	 -5.320183e-02 
105.000000 	 -6.217447e-02 
100.000000 	 -7.139379e-02 
95.000000 	 -8.049400e-02 
90.000000 	 -8.897503e-02 
85.000000 	 -9.624671e-02 
80.000000 	 -1.016778e-01 
75.000000 	 -1.046750e-01 
70.000000 	 -1.047820e-01 
65.000000 	 -1.017771e-01 
60.000000 	 -9.574061e-02 
55.000000 	 -8.706587e-02 
50.000000 	 -7.640661e-02 
45.000000 	 -6.457276e-02 
40.000000 	 -5.240600e-02 
35.000000 	 -4.066767e-02 
30.000000 	 -2.996076e-02 
25.000000 	 -2.070257e-02 
20.000000 	 -1.312042e-02 
15.000000 	 -7.295465e-03 
10.000000 	 -3.208325e-03 
5.000000 	 -7.962750e-04 
0.000000 	 -0.000000e+00 
