180.000000 	 1.461751e+02 	 2.808848e+02 	 1.146545e+01
175.000000 	 1.461485e+02 	 2.804242e+02 	 1.187290e+01
170.000000 	 1.460683e+02 	 2.790433e+02 	 1.309342e+01
165.000000 	 1.459344e+02 	 2.767472e+02 	 1.512157e+01
160.000000 	 1.456861e+02 	 2.733847e+02 	 1.798753e+01
155.000000 	 1.454505e+02 	 2.693036e+02 	 2.159741e+01
150.000000 	 1.451400e+02 	 2.642885e+02 	 2.599144e+01
145.000000 	 1.447964e+02 	 2.584760e+02 	 3.111675e+01
140.000000 	 1.444214e+02 	 2.519002e+02 	 3.694259e+01
135.000000 	 1.440253e+02 	 2.446238e+02 	 4.342686e+01
130.000000 	 1.436273e+02 	 2.367389e+02 	 5.051567e+01
125.000000 	 1.432570e+02 	 2.283723e+02 	 5.814177e+01
120.000000 	 1.429577e+02 	 2.196892e+02 	 6.622630e+01
115.000000 	 1.427908e+02 	 2.109176e+02 	 7.466400e+01
110.000000 	 1.428357e+02 	 2.023370e+02 	 8.333436e+01
105.000000 	 1.431980e+02 	 1.942935e+02 	 9.210254e+01
100.000000 	 1.440102e+02 	 1.872154e+02 	 1.008051e+02
95.000000 	 1.454360e+02 	 1.816119e+02 	 1.092601e+02
90.000000 	 1.476714e+02 	 1.780763e+02 	 1.172666e+02
85.000000 	 1.509450e+02 	 1.772815e+02 	 1.246084e+02
80.000000 	 1.555129e+02 	 1.799643e+02 	 1.310616e+02
75.000000 	 1.616497e+02 	 1.868978e+02 	 1.364016e+02
70.000000 	 1.696384e+02 	 1.988554e+02 	 1.404213e+02
65.000000 	 1.797410e+02 	 2.165430e+02 	 1.429390e+02
60.000000 	 1.921808e+02 	 2.405359e+02 	 1.438257e+02
55.000000 	 2.070931e+02 	 2.711731e+02 	 1.430131e+02
50.000000 	 2.244976e+02 	 3.084731e+02 	 1.405221e+02
45.000000 	 2.442405e+02 	 3.520162e+02 	 1.364647e+02
40.000000 	 2.659662e+02 	 4.008728e+02 	 1.310597e+02
35.000000 	 2.890783e+02 	 4.535358e+02 	 1.246208e+02
30.000000 	 3.127361e+02 	 5.079253e+02 	 1.175469e+02
25.000000 	 3.358752e+02 	 5.614536e+02 	 1.102969e+02
20.000000 	 3.572666e+02 	 6.111725e+02 	 1.033607e+02
15.000000 	 3.756223e+02 	 6.540130e+02 	 9.723152e+01
10.000000 	 3.897323e+02 	 6.870796e+02 	 9.238497e+01
5.000000 	 3.986172e+02 	 7.079808e+02 	 8.925368e+01
0.000000 	 4.016487e+02 	 7.151304e+02 	 8.816703e+01
