180.000000 	 1.786770e+01 	 3.356539e+01 	 2.170004e+00
175.000000 	 1.782231e+01 	 3.343998e+01 	 2.204627e+00
170.000000 	 1.768717e+01 	 3.306614e+01 	 2.308213e+00
165.000000 	 1.746543e+01 	 3.245093e+01 	 2.479920e+00
160.000000 	 1.716220e+01 	 3.160604e+01 	 2.718354e+00
155.000000 	 1.678454e+01 	 3.054748e+01 	 3.021593e+00
150.000000 	 1.634129e+01 	 2.929538e+01 	 3.387212e+00
145.000000 	 1.584291e+01 	 2.787351e+01 	 3.812314e+00
140.000000 	 1.530124e+01 	 2.630890e+01 	 4.293572e+00
135.000000 	 1.472926e+01 	 2.463125e+01 	 4.827267e+00
130.000000 	 1.414082e+01 	 2.287229e+01 	 5.409340e+00
125.000000 	 1.355028e+01 	 2.106513e+01 	 6.035431e+00
120.000000 	 1.297220e+01 	 1.924347e+01 	 6.700929e+00
115.000000 	 1.242090e+01 	 1.744080e+01 	 7.401007e+00
110.000000 	 1.191013e+01 	 1.568959e+01 	 8.130664e+00
105.000000 	 1.145259e+01 	 1.402043e+01 	 8.884741e+00
100.000000 	 1.105959e+01 	 1.246124e+01 	 9.657943e+00
95.000000 	 1.074065e+01 	 1.103646e+01 	 1.044484e+01
90.000000 	 1.050313e+01 	 9.766411e+00 	 1.123985e+01
85.000000 	 1.035195e+01 	 8.666658e+00 	 1.203723e+01
80.000000 	 1.028934e+01 	 7.747610e+00 	 1.283108e+01
75.000000 	 1.031474e+01 	 7.014218e+00 	 1.361525e+01
70.000000 	 1.042466e+01 	 6.465884e+00 	 1.438344e+01
65.000000 	 1.061284e+01 	 6.096552e+00 	 1.512914e+01
60.000000 	 1.087034e+01 	 5.894993e+00 	 1.584569e+01
55.000000 	 1.118587e+01 	 5.845267e+00 	 1.652646e+01
50.000000 	 1.154614e+01 	 5.927356e+00 	 1.716493e+01
45.000000 	 1.193643e+01 	 6.117921e+00 	 1.775493e+01
40.000000 	 1.234106e+01 	 6.391183e+00 	 1.829094e+01
35.000000 	 1.274409e+01 	 6.719876e+00 	 1.876831e+01
30.000000 	 1.312989e+01 	 7.076260e+00 	 1.918352e+01
25.000000 	 1.348376e+01 	 7.433181e+00 	 1.953433e+01
20.000000 	 1.379248e+01 	 7.765148e+00 	 1.981981e+01
15.000000 	 1.404476e+01 	 8.049397e+00 	 2.004012e+01
10.000000 	 1.423155e+01 	 8.266925e+00 	 2.019617e+01
5.000000 	 1.434628e+01 	 8.403400e+00 	 2.028915e+01
0.000000 	 1.438496e+01 	 8.449902e+00 	 2.032003e+01
