180.000000 	 9.124561e+01 	 1.749955e+02 	 7.495774e+00
175.000000 	 9.118807e+01 	 1.745874e+02 	 7.788722e+00
170.000000 	 9.101580e+01 	 1.733665e+02 	 8.665129e+00
165.000000 	 9.073011e+01 	 1.713426e+02 	 1.011757e+01
160.000000 	 9.033307e+01 	 1.685327e+02 	 1.213347e+01
155.000000 	 8.978134e+01 	 1.648526e+02 	 1.471006e+01
150.000000 	 8.917989e+01 	 1.605672e+02 	 1.779259e+01
145.000000 	 8.846560e+01 	 1.555579e+02 	 2.137326e+01
140.000000 	 8.767672e+01 	 1.499504e+02 	 2.540304e+01
135.000000 	 8.682051e+01 	 1.438047e+02 	 2.983632e+01
130.000000 	 8.591077e+01 	 1.372039e+02 	 3.461766e+01
125.000000 	 8.496687e+01 	 1.302523e+02 	 3.968145e+01
120.000000 	 8.401433e+01 	 1.230772e+02 	 4.495143e+01
115.000000 	 8.308583e+01 	 1.158298e+02 	 5.034191e+01
110.000000 	 8.222237e+01 	 1.086937e+02 	 5.575107e+01
105.000000 	 8.147373e+01 	 1.018748e+02 	 6.107264e+01
100.000000 	 8.089929e+01 	 9.561193e+01 	 6.618665e+01
95.000000 	 8.056889e+01 	 9.017095e+01 	 7.096683e+01
90.000000 	 8.056371e+01 	 8.584437e+01 	 7.528305e+01
85.000000 	 8.097338e+01 	 8.294324e+01 	 7.900352e+01
80.000000 	 8.189516e+01 	 8.178871e+01 	 8.200160e+01
75.000000 	 8.342977e+01 	 8.269767e+01 	 8.416186e+01
70.000000 	 8.567564e+01 	 8.596377e+01 	 8.538752e+01
65.000000 	 8.872102e+01 	 9.183348e+01 	 8.560856e+01
60.000000 	 9.263372e+01 	 1.004775e+02 	 8.478993e+01
55.000000 	 9.744896e+01 	 1.119589e+02 	 8.293903e+01
50.000000 	 1.031559e+02 	 1.262001e+02 	 8.011163e+01
45.000000 	 1.096840e+02 	 1.429527e+02 	 7.641523e+01
40.000000 	 1.168915e+02 	 1.617740e+02 	 7.200890e+01
35.000000 	 1.245583e+02 	 1.820170e+02 	 6.709964e+01
30.000000 	 1.323858e+02 	 2.028385e+02 	 6.193311e+01
25.000000 	 1.400077e+02 	 2.232302e+02 	 5.678524e+01
20.000000 	 1.470142e+02 	 2.420796e+02 	 5.194876e+01
15.000000 	 1.529876e+02 	 2.582510e+02 	 4.772416e+01
10.000000 	 1.575496e+02 	 2.706898e+02 	 4.440935e+01
5.000000 	 1.604052e+02 	 2.785309e+02 	 4.227950e+01
0.000000 	 1.613767e+02 	 2.812105e+02 	 4.154295e+01
