180.000000 	 1.300642e+02 	 2.501872e+02 	 9.941288e+00
175.000000 	 1.300232e+02 	 2.497259e+02 	 1.032057e+01
170.000000 	 1.299001e+02 	 2.483438e+02 	 1.145631e+01
165.000000 	 1.296952e+02 	 2.460483e+02 	 1.334218e+01
160.000000 	 1.294092e+02 	 2.428512e+02 	 1.596718e+01
155.000000 	 1.289847e+02 	 2.386220e+02 	 1.934736e+01
150.000000 	 1.285249e+02 	 2.336374e+02 	 2.341250e+01
145.000000 	 1.280110e+02 	 2.278780e+02 	 2.814401e+01
140.000000 	 1.274452e+02 	 2.213832e+02 	 3.350734e+01
135.000000 	 1.268382e+02 	 2.142197e+02 	 3.945681e+01
130.000000 	 1.262082e+02 	 2.064812e+02 	 4.593526e+01
125.000000 	 1.255824e+02 	 1.982923e+02 	 5.287259e+01
120.000000 	 1.249987e+02 	 1.898101e+02 	 6.018739e+01
115.000000 	 1.245109e+02 	 1.812494e+02 	 6.777232e+01
110.000000 	 1.241862e+02 	 1.728571e+02 	 7.551531e+01
105.000000 	 1.241123e+02 	 1.649467e+02 	 8.327781e+01
100.000000 	 1.243979e+02 	 1.578896e+02 	 9.090628e+01
95.000000 	 1.251760e+02 	 1.521219e+02 	 9.823013e+01
90.000000 	 1.266040e+02 	 1.481438e+02 	 1.050643e+02
85.000000 	 1.288633e+02 	 1.465129e+02 	 1.112137e+02
80.000000 	 1.321552e+02 	 1.478309e+02 	 1.164795e+02
75.000000 	 1.366943e+02 	 1.527200e+02 	 1.206686e+02
70.000000 	 1.426952e+02 	 1.617868e+02 	 1.236035e+02
65.000000 	 1.503611e+02 	 1.755816e+02 	 1.251407e+02
60.000000 	 1.598527e+02 	 1.945276e+02 	 1.251778e+02
55.000000 	 1.712711e+02 	 2.188639e+02 	 1.236782e+02
50.000000 	 1.846157e+02 	 2.485554e+02 	 1.206760e+02
45.000000 	 1.997570e+02 	 2.832239e+02 	 1.162901e+02
40.000000 	 2.164094e+02 	 3.220885e+02 	 1.107303e+02
35.000000 	 2.341038e+02 	 3.639192e+02 	 1.042884e+02
30.000000 	 2.521872e+02 	 4.070445e+02 	 9.732988e+01
25.000000 	 2.698416e+02 	 4.494115e+02 	 9.027179e+01
20.000000 	 2.861297e+02 	 4.886970e+02 	 8.356242e+01
15.000000 	 3.000776e+02 	 5.224987e+02 	 7.765652e+01
10.000000 	 3.107786e+02 	 5.485592e+02 	 7.299799e+01
5.000000 	 3.175065e+02 	 5.650196e+02 	 6.999345e+01
0.000000 	 3.197998e+02 	 5.706477e+02 	 6.895192e+01
