180.000000 	 1.988324e+01 	 3.976609e+01 	 3.835447e-04
175.000000 	 1.984398e+01 	 3.961911e+01 	 6.885127e-02
170.000000 	 1.972687e+01 	 3.918065e+01 	 2.730994e-01
165.000000 	 1.953387e+01 	 3.845806e+01 	 6.096719e-01
160.000000 	 1.926819e+01 	 3.746354e+01 	 1.072841e+00
155.000000 	 1.893425e+01 	 3.621385e+01 	 1.654657e+00
150.000000 	 1.853758e+01 	 3.473013e+01 	 2.345023e+00
145.000000 	 1.808466e+01 	 3.303753e+01 	 3.131795e+00
140.000000 	 1.758284e+01 	 3.116475e+01 	 4.000923e+00
135.000000 	 1.704009e+01 	 2.914357e+01 	 4.936616e+00
130.000000 	 1.646487e+01 	 2.700818e+01 	 5.921565e+00
125.000000 	 1.586583e+01 	 2.479446e+01 	 6.937200e+00
120.000000 	 1.525163e+01 	 2.253925e+01 	 7.964007e+00
115.000000 	 1.463063e+01 	 2.027936e+01 	 8.981894e+00
110.000000 	 1.401067e+01 	 1.805073e+01 	 9.970604e+00
105.000000 	 1.339879e+01 	 1.588740e+01 	 1.091018e+01
100.000000 	 1.280102e+01 	 1.382058e+01 	 1.178146e+01
95.000000 	 1.222216e+01 	 1.187769e+01 	 1.256663e+01
90.000000 	 1.166566e+01 	 1.008162e+01 	 1.324971e+01
85.000000 	 1.113358e+01 	 8.450007e+00 	 1.381715e+01
80.000000 	 1.062654e+01 	 6.994817e+00 	 1.425827e+01
75.000000 	 1.014392e+01 	 5.722129e+00 	 1.456571e+01
70.000000 	 9.684031e+00 	 4.632230e+00 	 1.473583e+01
65.000000 	 9.244445e+00 	 3.719986e+00 	 1.476890e+01
60.000000 	 8.822409e+00 	 2.975501e+00 	 1.466932e+01
55.000000 	 8.415298e+00 	 2.385000e+00 	 1.444560e+01
50.000000 	 8.021109e+00 	 1.931863e+00 	 1.411036e+01
45.000000 	 7.638942e+00 	 1.597720e+00 	 1.368016e+01
40.000000 	 7.269432e+00 	 1.363483e+00 	 1.317538e+01
35.000000 	 6.915102e+00 	 1.210240e+00 	 1.261996e+01
30.000000 	 6.580574e+00 	 1.119929e+00 	 1.204122e+01
25.000000 	 6.272606e+00 	 1.075814e+00 	 1.146940e+01
20.000000 	 5.999867e+00 	 1.062806e+00 	 1.093693e+01
15.000000 	 5.772339e+00 	 1.067732e+00 	 1.047695e+01
10.000000 	 5.600285e+00 	 1.079658e+00 	 1.012091e+01
5.000000 	 5.492799e+00 	 1.090294e+00 	 9.895304e+00
0.000000 	 5.456212e+00 	 1.094432e+00 	 9.817991e+00
