180.000000 	 1.407517e+02 	 2.645732e+02 	 1.693026e+01
175.000000 	 1.408586e+02 	 2.644158e+02 	 1.730135e+01
170.000000 	 1.411756e+02 	 2.639405e+02 	 1.841061e+01
165.000000 	 1.416928e+02 	 2.631393e+02 	 2.024637e+01
160.000000 	 1.425737e+02 	 2.622838e+02 	 2.286356e+01
155.000000 	 1.435113e+02 	 2.609013e+02 	 2.612136e+01
150.000000 	 1.445438e+02 	 2.590731e+02 	 3.001441e+01
145.000000 	 1.456598e+02 	 2.568057e+02 	 3.451384e+01
140.000000 	 1.468389e+02 	 2.540938e+02 	 3.958400e+01
135.000000 	 1.480612e+02 	 2.509366e+02 	 4.518580e+01
130.000000 	 1.493257e+02 	 2.473659e+02 	 5.128554e+01
125.000000 	 1.506081e+02 	 2.433841e+02 	 5.783201e+01
120.000000 	 1.519245e+02 	 2.390644e+02 	 6.478458e+01
115.000000 	 1.533126e+02 	 2.345244e+02 	 7.210086e+01
110.000000 	 1.548393e+02 	 2.299430e+02 	 7.973553e+01
105.000000 	 1.566095e+02 	 2.255797e+02 	 8.763925e+01
100.000000 	 1.587684e+02 	 2.217856e+02 	 9.575127e+01
95.000000 	 1.615199e+02 	 2.190363e+02 	 1.040035e+02
90.000000 	 1.651237e+02 	 2.179359e+02 	 1.123115e+02
85.000000 	 1.699038e+02 	 2.192326e+02 	 1.205751e+02
80.000000 	 1.762478e+02 	 2.238184e+02 	 1.286772e+02
75.000000 	 1.845992e+02 	 2.327055e+02 	 1.364929e+02
70.000000 	 1.954443e+02 	 2.469995e+02 	 1.438892e+02
65.000000 	 2.092816e+02 	 2.678108e+02 	 1.507524e+02
60.000000 	 2.265863e+02 	 2.961807e+02 	 1.569919e+02
55.000000 	 2.477454e+02 	 3.329110e+02 	 1.625797e+02
50.000000 	 2.729953e+02 	 3.784412e+02 	 1.675494e+02
45.000000 	 3.023252e+02 	 4.326276e+02 	 1.720227e+02
40.000000 	 3.353980e+02 	 4.946165e+02 	 1.761795e+02
35.000000 	 3.714579e+02 	 5.626782e+02 	 1.802375e+02
30.000000 	 4.092820e+02 	 6.341851e+02 	 1.843789e+02
25.000000 	 4.471642e+02 	 7.056445e+02 	 1.886839e+02
20.000000 	 4.829898e+02 	 7.729135e+02 	 1.930661e+02
15.000000 	 5.143812e+02 	 8.315151e+02 	 1.972473e+02
10.000000 	 5.389604e+02 	 8.771353e+02 	 2.007855e+02
5.000000 	 5.546547e+02 	 9.061255e+02 	 2.031839e+02
0.000000 	 5.600557e+02 	 9.160771e+02 	 2.040343e+02
