180.000000 	 1.643430e+02 	 1.643430e+02 	 1.643430e+02
175.000000 	 1.643743e+02 	 1.541263e+02 	 1.746224e+02
170.000000 	 1.644582e+02 	 1.441400e+02 	 1.847764e+02
165.000000 	 1.645654e+02 	 1.345249e+02 	 1.946058e+02
160.000000 	 1.650821e+02 	 1.258129e+02 	 2.043514e+02
155.000000 	 1.652561e+02 	 1.173985e+02 	 2.131137e+02
150.000000 	 1.651738e+02 	 1.094766e+02 	 2.208710e+02
145.000000 	 1.648013e+02 	 1.020960e+02 	 2.275067e+02
140.000000 	 1.641374e+02 	 9.531020e+01 	 2.329646e+02
135.000000 	 1.630082e+02 	 8.898226e+01 	 2.370341e+02
130.000000 	 1.614672e+02 	 8.317819e+01 	 2.397562e+02
125.000000 	 1.594481e+02 	 7.783638e+01 	 2.410599e+02
120.000000 	 1.569692e+02 	 7.297608e+01 	 2.409624e+02
115.000000 	 1.540423e+02 	 6.861314e+01 	 2.394714e+02
110.000000 	 1.507598e+02 	 6.486062e+01 	 2.366590e+02
105.000000 	 1.472279e+02 	 6.186211e+01 	 2.325936e+02
100.000000 	 1.436076e+02 	 5.983994e+01 	 2.273752e+02
95.000000 	 1.401065e+02 	 5.908825e+01 	 2.211247e+02
90.000000 	 1.369833e+02 	 5.995878e+01 	 2.140078e+02
85.000000 	 1.345428e+02 	 6.286262e+01 	 2.062230e+02
80.000000 	 1.331373e+02 	 6.822814e+01 	 1.980465e+02
75.000000 	 1.331557e+02 	 7.647331e+01 	 1.898381e+02
70.000000 	 1.350129e+02 	 8.796285e+01 	 1.820630e+02
65.000000 	 1.391289e+02 	 1.029330e+02 	 1.753247e+02
60.000000 	 1.459062e+02 	 1.214701e+02 	 1.703423e+02
55.000000 	 1.556982e+02 	 1.434511e+02 	 1.679452e+02
50.000000 	 1.687530e+02 	 1.684889e+02 	 1.690172e+02
45.000000 	 1.851803e+02 	 1.959707e+02 	 1.743898e+02
40.000000 	 2.048636e+02 	 2.250204e+02 	 1.847068e+02
35.000000 	 2.274115e+02 	 2.545665e+02 	 2.002565e+02
30.000000 	 2.520784e+02 	 2.833537e+02 	 2.208031e+02
25.000000 	 2.777187e+02 	 3.099768e+02 	 2.454607e+02
20.000000 	 3.027823e+02 	 3.329146e+02 	 2.726500e+02
15.000000 	 3.254020e+02 	 3.506156e+02 	 3.001885e+02
10.000000 	 3.435534e+02 	 3.616111e+02 	 3.254957e+02
5.000000 	 3.553688e+02 	 3.647630e+02 	 3.459745e+02
0.000000 	 3.594802e+02 	 3.594802e+02 	 3.594802e+02
