180.000000 	 2.594088e+01 	 4.741876e+01 	 4.462997e+00
175.000000 	 2.590006e+01 	 4.724656e+01 	 4.553567e+00
170.000000 	 2.577810e+01 	 4.673266e+01 	 4.823531e+00
165.000000 	 2.557640e+01 	 4.588516e+01 	 5.267653e+00
160.000000 	 2.529732e+01 	 4.471741e+01 	 5.877237e+00
155.000000 	 2.494404e+01 	 4.324792e+01 	 6.640166e+00
150.000000 	 2.452055e+01 	 4.150012e+01 	 7.540982e+00
145.000000 	 2.403149e+01 	 3.950199e+01 	 8.560993e+00
140.000000 	 2.348208e+01 	 3.728575e+01 	 9.678414e+00
135.000000 	 2.287794e+01 	 3.488728e+01 	 1.086860e+01
130.000000 	 2.222493e+01 	 3.234554e+01 	 1.210431e+01
125.000000 	 2.152896e+01 	 2.970184e+01 	 1.335607e+01
120.000000 	 2.079580e+01 	 2.699894e+01 	 1.459266e+01
115.000000 	 2.003089e+01 	 2.428014e+01 	 1.578165e+01
110.000000 	 1.923911e+01 	 2.158815e+01 	 1.689007e+01
105.000000 	 1.842463e+01 	 1.896400e+01 	 1.788526e+01
100.000000 	 1.759075e+01 	 1.644581e+01 	 1.873569e+01
95.000000 	 1.673983e+01 	 1.406765e+01 	 1.941202e+01
90.000000 	 1.587328e+01 	 1.185845e+01 	 1.988812e+01
85.000000 	 1.499164e+01 	 9.841094e+00 	 2.014218e+01
80.000000 	 1.409474e+01 	 8.031699e+00 	 2.015779e+01
75.000000 	 1.318209e+01 	 6.439244e+00 	 1.992494e+01
70.000000 	 1.225321e+01 	 5.065539e+00 	 1.944089e+01
65.000000 	 1.130824e+01 	 3.905597e+00 	 1.871089e+01
60.000000 	 1.034847e+01 	 2.948389e+00 	 1.774855e+01
55.000000 	 9.376986e+00 	 2.177944e+00 	 1.657603e+01
50.000000 	 8.399261e+00 	 1.574688e+00 	 1.522383e+01
45.000000 	 7.423648e+00 	 1.116887e+00 	 1.373041e+01
40.000000 	 6.461757e+00 	 7.820319e-01 	 1.214148e+01
35.000000 	 5.528676e+00 	 5.480085e-01 	 1.050934e+01
30.000000 	 4.643013e+00 	 3.939387e-01 	 8.892086e+00
25.000000 	 3.826740e+00 	 3.006766e-01 	 7.352804e+00
20.000000 	 3.104708e+00 	 2.510428e-01 	 5.958373e+00
15.000000 	 2.503579e+00 	 2.299846e-01 	 4.777174e+00
10.000000 	 2.049846e+00 	 2.248584e-01 	 3.874833e+00
5.000000 	 1.766736e+00 	 2.259292e-01 	 3.307542e+00
0.000000 	 1.670422e+00 	 2.269978e-01 	 3.113846e+00
