180.000000 	 1.670537e+02 	 3.193127e+02 	 1.479472e+01
175.000000 	 1.670836e+02 	 3.189470e+02 	 1.522028e+01
170.000000 	 1.671721e+02 	 3.178484e+02 	 1.649575e+01
165.000000 	 1.673163e+02 	 3.160150e+02 	 1.861765e+01
160.000000 	 1.675140e+02 	 3.133965e+02 	 2.163140e+01
155.000000 	 1.677559e+02 	 3.100884e+02 	 2.542336e+01
150.000000 	 1.680412e+02 	 3.060239e+02 	 3.005837e+01
145.000000 	 1.683628e+02 	 3.012415e+02 	 3.548412e+01
140.000000 	 1.687200e+02 	 2.957584e+02 	 4.168170e+01
135.000000 	 1.691182e+02 	 2.896139e+02 	 4.862248e+01
130.000000 	 1.695739e+02 	 2.828729e+02 	 5.627485e+01
125.000000 	 1.701097e+02 	 2.756444e+02 	 6.457490e+01
120.000000 	 1.707748e+02 	 2.680779e+02 	 7.347184e+01
115.000000 	 1.716349e+02 	 2.603890e+02 	 8.288076e+01
110.000000 	 1.727865e+02 	 2.528689e+02 	 9.270419e+01
105.000000 	 1.743617e+02 	 2.459005e+02 	 1.028229e+02
100.000000 	 1.765340e+02 	 2.399747e+02 	 1.130933e+02
95.000000 	 1.795246e+02 	 2.357027e+02 	 1.233465e+02
90.000000 	 1.836053e+02 	 2.338247e+02 	 1.333859e+02
85.000000 	 1.891012e+02 	 2.352101e+02 	 1.429924e+02
80.000000 	 1.963869e+02 	 2.408462e+02 	 1.519276e+02
75.000000 	 2.058768e+02 	 2.518084e+02 	 1.599451e+02
70.000000 	 2.180032e+02 	 2.692079e+02 	 1.667984e+02
65.000000 	 2.331911e+02 	 2.941156e+02 	 1.722667e+02
60.000000 	 2.518127e+02 	 3.274534e+02 	 1.761720e+02
55.000000 	 2.741324e+02 	 3.698606e+02 	 1.784042e+02
50.000000 	 3.002412e+02 	 4.215390e+02 	 1.789434e+02
45.000000 	 3.299832e+02 	 4.820905e+02 	 1.778758e+02
40.000000 	 3.628859e+02 	 5.503713e+02 	 1.754005e+02
35.000000 	 3.981013e+02 	 6.243865e+02 	 1.718161e+02
30.000000 	 4.343841e+02 	 7.012643e+02 	 1.675038e+02
25.000000 	 4.701089e+02 	 7.773345e+02 	 1.628833e+02
20.000000 	 5.033568e+02 	 8.483383e+02 	 1.583753e+02
15.000000 	 5.320680e+02 	 9.097704e+02 	 1.543656e+02
10.000000 	 5.542638e+02 	 9.573366e+02 	 1.511910e+02
5.000000 	 5.683015e+02 	 9.874648e+02 	 1.491383e+02
0.000000 	 5.731042e+02 	 9.977839e+02 	 1.484246e+02
