180.000000 	 7.857661e+01 	 1.500695e+02 	 7.083722e+00
175.000000 	 7.851767e+01 	 1.496922e+02 	 7.343152e+00
170.000000 	 7.834132e+01 	 1.485636e+02 	 8.118998e+00
165.000000 	 7.804897e+01 	 1.466941e+02 	 9.403876e+00
160.000000 	 7.764310e+01 	 1.441009e+02 	 1.118526e+01
155.000000 	 7.708928e+01 	 1.407230e+02 	 1.345561e+01
150.000000 	 7.647426e+01 	 1.367778e+02 	 1.617069e+01
145.000000 	 7.574798e+01 	 1.321799e+02 	 1.931607e+01
140.000000 	 7.494292e+01 	 1.270384e+02 	 2.284746e+01
135.000000 	 7.406645e+01 	 1.214118e+02 	 2.672107e+01
130.000000 	 7.313118e+01 	 1.153778e+02 	 3.088452e+01
125.000000 	 7.215405e+01 	 1.090314e+02 	 3.527674e+01
120.000000 	 7.115665e+01 	 1.024856e+02 	 3.982766e+01
115.000000 	 7.016579e+01 	 9.587342e+01 	 4.445817e+01
110.000000 	 6.921441e+01 	 8.934758e+01 	 4.908123e+01
105.000000 	 6.834113e+01 	 8.308347e+01 	 5.359879e+01
100.000000 	 6.759236e+01 	 7.727519e+01 	 5.790953e+01
95.000000 	 6.702045e+01 	 7.213608e+01 	 6.190483e+01
90.000000 	 6.668586e+01 	 6.789613e+01 	 6.547558e+01
85.000000 	 6.665408e+01 	 6.479468e+01 	 6.851349e+01
80.000000 	 6.699535e+01 	 6.307383e+01 	 7.091687e+01
75.000000 	 6.778137e+01 	 6.296706e+01 	 7.259569e+01
70.000000 	 6.908125e+01 	 6.468498e+01 	 7.347751e+01
65.000000 	 7.095651e+01 	 6.839871e+01 	 7.351431e+01
60.000000 	 7.345153e+01 	 7.421672e+01 	 7.268634e+01
55.000000 	 7.658891e+01 	 8.216722e+01 	 7.101060e+01
50.000000 	 8.035798e+01 	 9.217346e+01 	 6.854249e+01
45.000000 	 8.470636e+01 	 1.040347e+02 	 6.537803e+01
40.000000 	 8.953275e+01 	 1.174123e+02 	 6.165319e+01
35.000000 	 9.468140e+01 	 1.318240e+02 	 5.753878e+01
30.000000 	 9.994472e+01 	 1.466532e+02 	 5.323625e+01
25.000000 	 1.050705e+02 	 1.611733e+02 	 4.896766e+01
20.000000 	 1.097778e+02 	 1.745864e+02 	 4.496906e+01
15.000000 	 1.137837e+02 	 1.860846e+02 	 4.148282e+01
10.000000 	 1.168376e+02 	 1.949243e+02 	 3.875093e+01
5.000000 	 1.187458e+02 	 2.004942e+02 	 3.699737e+01
0.000000 	 1.193953e+02 	 2.023992e+02 	 3.639148e+01
