180.000000 	 -7.069422e-18 
175.000000 	 -1.175926e-03 
170.000000 	 -4.709472e-03 
165.000000 	 -1.061765e-02 
160.000000 	 -1.889898e-02 
155.000000 	 -2.963142e-02 
150.000000 	 -4.280870e-02 
145.000000 	 -5.849629e-02 
140.000000 	 -7.672626e-02 
135.000000 	 -9.751008e-02 
130.000000 	 -1.207983e-01 
125.000000 	 -1.465392e-01 
120.000000 	 -1.744976e-01 
115.000000 	 -2.043528e-01 
110.000000 	 -2.355634e-01 
105.000000 	 -2.673310e-01 
100.000000 	 -2.985490e-01 
95.000000 	 -3.277704e-01 
90.000000 	 -3.532664e-01 
85.000000 	 -3.730793e-01 
80.000000 	 -3.852778e-01 
75.000000 	 -3.882255e-01 
70.000000 	 -3.809221e-01 
65.000000 	 -3.632762e-01 
60.000000 	 -3.362171e-01 
55.000000 	 -3.015911e-01 
50.000000 	 -2.618627e-01 
45.000000 	 -2.197185e-01 
40.000000 	 -1.776925e-01 
35.000000 	 -1.379098e-01 
30.000000 	 -1.019524e-01 
25.000000 	 -7.087043e-02 
20.000000 	 -4.525592e-02 
15.000000 	 -2.536224e-02 
10.000000 	 -1.123024e-02 
5.000000 	 -2.800107e-03 
0.000000 	 -0.000000e+00 
