180.000000 	 2.380381e-16 
175.000000 	 3.070344e-03 
170.000000 	 1.230559e-02 
165.000000 	 2.777552e-02 
160.000000 	 4.958646e-02 
155.000000 	 7.786484e-02 
150.000000 	 1.127312e-01 
145.000000 	 1.542614e-01 
140.000000 	 2.024323e-01 
135.000000 	 2.570470e-01 
130.000000 	 3.176394e-01 
125.000000 	 3.833574e-01 
120.000000 	 4.528358e-01 
115.000000 	 5.240766e-01 
110.000000 	 5.943746e-01 
105.000000 	 6.603357e-01 
100.000000 	 7.180447e-01 
95.000000 	 7.634161e-01 
90.000000 	 7.927163e-01 
85.000000 	 8.031657e-01 
80.000000 	 7.934670e-01 
75.000000 	 7.640899e-01 
70.000000 	 7.172080e-01 
65.000000 	 6.563091e-01 
60.000000 	 5.856092e-01 
55.000000 	 5.094470e-01 
50.000000 	 4.318029e-01 
45.000000 	 3.560087e-01 
40.000000 	 2.846422e-01 
35.000000 	 2.195594e-01 
30.000000 	 1.620034e-01 
25.000000 	 1.127439e-01 
20.000000 	 7.221300e-02 
15.000000 	 4.062138e-02 
10.000000 	 1.804910e-02 
5.000000 	 4.511028e-03 
0.000000 	 0.000000e+00 
