145.000 0.0003 -0.0040 0.0080 -0.0013 0.0000 0.0013 0.9723 0.2337
150.000 0.0132 -0.0065 0.1147 -0.0044 -0.0006 0.0044 0.8907 -0.4398
155.000 0.0539 -0.0012 0.1121 0.0015 -0.0007 -0.0015 0.9118 -0.3951
160.000 0.1127 0.0024 0.1198 0.0067 -0.0008 -0.0066 0.9121 -0.3921
165.000 0.1805 0.0048 0.1172 0.0098 -0.0008 -0.0097 0.9116 -0.3941
170.000 0.2573 0.0068 0.1125 0.0119 -0.0009 -0.0119 0.9104 -0.3980
175.000 0.3432 0.0087 0.1066 0.0134 -0.0009 -0.0133 0.9090 -0.4028
180.000 0.4391 0.0105 0.0998 0.0143 -0.0008 -0.0142 0.9075 -0.4080
185.000 0.5463 0.0121 0.0925 0.0146 -0.0008 -0.0146 0.9058 -0.4133
190.000 0.6665 0.0137 0.0846 0.0146 -0.0008 -0.0145 0.9041 -0.4186
195.000 0.8016 0.0153 0.0765 0.0142 -0.0007 -0.0142 0.9024 -0.4239
200.000 0.9540 0.0168 0.0682 0.0136 -0.0006 -0.0135 0.9005 -0.4291
205.000 1.1262 0.0183 0.0599 0.0127 -0.0006 -0.0127 0.8987 -0.4341
210.000 1.3210 0.0198 0.0515 0.0117 -0.0005 -0.0117 0.8968 -0.4391
215.000 1.5415 0.0212 0.0433 0.0105 -0.0004 -0.0105 0.8948 -0.4438
220.000 1.7912 0.0227 0.0351 0.0092 -0.0004 -0.0093 0.8928 -0.4484
225.000 2.0739 0.0241 0.0272 0.0079 -0.0003 -0.0079 0.8908 -0.4529
230.000 2.3936 0.0255 0.0195 0.0065 -0.0002 -0.0066 0.8889 -0.4571
235.000 2.7547 0.0269 0.0120 0.0051 -0.0002 -0.0052 0.8869 -0.4610
240.000 3.1617 0.0282 0.0049 0.0036 -0.0001 -0.0039 0.8850 -0.4648
245.000 3.6190 0.0295 -0.0020 0.0023 -0.0001 -0.0026 0.8831 -0.4683
250.000 4.1308 0.0308 -0.0086 0.0009 -0.0001 -0.0013 0.8812 -0.4716
255.000 4.7005 0.0320 -0.0148 -0.0004 0.0000 -0.0001 0.8795 -0.4746
260.000 5.3301 0.0332 -0.0206 -0.0015 0.0000 0.0010 0.8778 -0.4774
265.000 6.0195 0.0343 -0.0262 -0.0026 0.0000 0.0020 0.8763 -0.4799
270.000 6.7655 0.0353 -0.0313 -0.0036 -0.0001 0.0029 0.8749 -0.4821
275.000 7.5602 0.0363 -0.0361 -0.0044 -0.0001 0.0036 0.8736 -0.4840
280.000 8.3893 0.0372 -0.0405 -0.0051 -0.0001 0.0042 0.8724 -0.4858
285.000 9.2285 0.0381 -0.0445 -0.0057 -0.0002 0.0047 0.8712 -0.4874
290.000 10.0420 0.0389 -0.0478 -0.0059 -0.0002 0.0048 0.8700 -0.4892
295.000 10.8018 0.0397 -0.0504 -0.0059 -0.0003 0.0047 0.8688 -0.4910
300.000 11.5102 0.0403 -0.0527 -0.0058 -0.0004 0.0045 0.8680 -0.4922
305.000 12.1456 0.0407 -0.0550 -0.0056 -0.0005 0.0041 0.8677 -0.4924
310.000 12.6645 0.0409 -0.0571 -0.0052 -0.0006 0.0037 0.8677 -0.4921
315.000 13.0382 0.0411 -0.0589 -0.0047 -0.0008 0.0030 0.8679 -0.4916
320.000 13.2547 0.0411 -0.0602 -0.0039 -0.0009 0.0022 0.8682 -0.4908
325.000 13.3137 0.0411 -0.0612 -0.0030 -0.0010 0.0011 0.8688 -0.4897
330.000 13.2265 0.0410 -0.0618 -0.0019 -0.0012 -0.0001 0.8695 -0.4883
335.000 13.0130 0.0407 -0.0621 -0.0005 -0.0013 -0.0015 0.8704 -0.4867
340.000 12.6969 0.0404 -0.0620 0.0010 -0.0015 -0.0032 0.8715 -0.4848
345.000 12.3032 0.0399 -0.0616 0.0027 -0.0017 -0.0050 0.8727 -0.4826
350.000 11.8557 0.0394 -0.0609 0.0047 -0.0018 -0.0071 0.8741 -0.4802
355.000 11.3753 0.0387 -0.0599 0.0068 -0.0020 -0.0093 0.8757 -0.4775
360.000 10.8793 0.0380 -0.0585 0.0091 -0.0022 -0.0118 0.8774 -0.4745
365.000 10.3814 0.0371 -0.0568 0.0117 -0.0024 -0.0144 0.8793 -0.4713
370.000 9.8916 0.0362 -0.0549 0.0144 -0.0025 -0.0173 0.8814 -0.4678
375.000 9.4172 0.0352 -0.0527 0.0173 -0.0027 -0.0203 0.8835 -0.4640
380.000 8.9628 0.0341 -0.0502 0.0204 -0.0029 -0.0235 0.8858 -0.4600
385.000 8.5312 0.0330 -0.0474 0.0237 -0.0031 -0.0268 0.8882 -0.4557
390.000 8.1237 0.0318 -0.0444 0.0271 -0.0032 -0.0304 0.8906 -0.4512
395.000 7.7408 0.0306 -0.0412 0.0307 -0.0034 -0.0341 0.8932 -0.4465
400.000 7.3819 0.0293 -0.0377 0.0345 -0.0036 -0.0380 0.8958 -0.4415
405.000 7.0461 0.0280 -0.0340 0.0385 -0.0037 -0.0420 0.8985 -0.4363
410.000 6.7322 0.0266 -0.0301 0.0426 -0.0039 -0.0463 0.9013 -0.4309
415.000 6.4388 0.0253 -0.0261 0.0468 -0.0040 -0.0506 0.9041 -0.4254
420.000 6.1643 0.0239 -0.0218 0.0512 -0.0042 -0.0551 0.9069 -0.4196
425.000 5.9073 0.0225 -0.0174 0.0558 -0.0043 -0.0598 0.9097 -0.4136
430.000 5.6662 0.0211 -0.0127 0.0606 -0.0045 -0.0647 0.9126 -0.4075
435.000 5.4396 0.0197 -0.0080 0.0654 -0.0046 -0.0696 0.9154 -0.4012
440.000 5.2260 0.0184 -0.0030 0.0705 -0.0047 -0.0748 0.9182 -0.3948
445.000 5.0242 0.0170 0.0020 0.0757 -0.0048 -0.0801 0.9210 -0.3882
450.000 4.8330 0.0157 0.0072 0.0810 -0.0049 -0.0855 0.9238 -0.3815
