145.000 0.0063 -0.0418 0.2342 -0.0668 0.0385 0.0799 0.2641 -0.9329
150.000 0.0433 -0.0351 0.3361 -0.0292 0.0123 0.0389 0.1538 -0.9281
155.000 0.0845 -0.0183 0.3812 -0.0056 -0.0023 0.0124 0.0660 -0.9219
160.000 0.1383 0.0019 0.3965 0.0100 -0.0101 -0.0050 -0.0019 -0.9180
165.000 0.2068 0.0232 0.3956 0.0209 -0.0138 -0.0165 -0.0552 -0.9165
170.000 0.2918 0.0445 0.3852 0.0287 -0.0152 -0.0241 -0.0977 -0.9166
175.000 0.3951 0.0655 0.3692 0.0346 -0.0155 -0.0290 -0.1325 -0.9176
180.000 0.5184 0.0860 0.3497 0.0389 -0.0153 -0.0321 -0.1616 -0.9189
185.000 0.6637 0.1060 0.3282 0.0422 -0.0150 -0.0338 -0.1865 -0.9202
190.000 0.8330 0.1254 0.3055 0.0447 -0.0148 -0.0347 -0.2080 -0.9210
195.000 1.0284 0.1443 0.2822 0.0466 -0.0149 -0.0348 -0.2271 -0.9212
200.000 1.2526 0.1625 0.2588 0.0478 -0.0154 -0.0344 -0.2439 -0.9209
205.000 1.5119 0.1794 0.2352 0.0481 -0.0157 -0.0331 -0.2574 -0.9204
210.000 1.8087 0.1953 0.2121 0.0480 -0.0163 -0.0315 -0.2690 -0.9195
215.000 2.1500 0.2105 0.1893 0.0473 -0.0170 -0.0293 -0.2787 -0.9183
220.000 2.5419 0.2251 0.1672 0.0464 -0.0179 -0.0269 -0.2868 -0.9166
225.000 2.9896 0.2390 0.1458 0.0451 -0.0190 -0.0243 -0.2937 -0.9146
230.000 3.5012 0.2521 0.1246 0.0436 -0.0203 -0.0214 -0.2988 -0.9125
235.000 4.0847 0.2645 0.1041 0.0419 -0.0220 -0.0187 -0.3033 -0.9100
240.000 4.7452 0.2759 0.0845 0.0400 -0.0237 -0.0156 -0.3063 -0.9076
245.000 5.4952 0.2864 0.0658 0.0380 -0.0255 -0.0126 -0.3086 -0.9050
250.000 6.3390 0.2963 0.0479 0.0360 -0.0275 -0.0097 -0.3102 -0.9023
255.000 7.2770 0.3057 0.0304 0.0337 -0.0295 -0.0068 -0.3108 -0.8996
260.000 8.3352 0.3147 0.0135 0.0314 -0.0318 -0.0042 -0.3113 -0.8966
265.000 9.4715 0.3228 -0.0023 0.0292 -0.0341 -0.0016 -0.3106 -0.8939
270.000 10.7274 0.3304 -0.0175 0.0271 -0.0366 0.0007 -0.3096 -0.8911
275.000 12.0753 0.3375 -0.0320 0.0250 -0.0393 0.0028 -0.3083 -0.8883
280.000 13.4516 0.3440 -0.0459 0.0229 -0.0420 0.0048 -0.3063 -0.8857
285.000 14.9392 0.3503 -0.0595 0.0208 -0.0449 0.0064 -0.3044 -0.8829
290.000 16.3254 0.3554 -0.0724 0.0188 -0.0478 0.0082 -0.3019 -0.8805
295.000 17.6985 0.3599 -0.0851 0.0169 -0.0507 0.0099 -0.2991 -0.8783
300.000 19.0142 0.3640 -0.0975 0.0151 -0.0538 0.0115 -0.2964 -0.8760
305.000 20.0589 0.3679 -0.1089 0.0135 -0.0572 0.0123 -0.2930 -0.8739
310.000 20.9852 0.3716 -0.1204 0.0121 -0.0609 0.0129 -0.2895 -0.8717
315.000 21.6232 0.3746 -0.1310 0.0107 -0.0644 0.0131 -0.2859 -0.8698
320.000 21.9695 0.3771 -0.1413 0.0093 -0.0678 0.0133 -0.2820 -0.8681
325.000 22.0830 0.3793 -0.1517 0.0079 -0.0713 0.0133 -0.2779 -0.8664
330.000 21.9410 0.3811 -0.1611 0.0071 -0.0751 0.0129 -0.2739 -0.8649
335.000 21.5311 0.3826 -0.1704 0.0065 -0.0791 0.0123 -0.2696 -0.8634
340.000 20.9649 0.3837 -0.1794 0.0060 -0.0833 0.0114 -0.2652 -0.8621
345.000 20.2726 0.3844 -0.1876 0.0056 -0.0872 0.0101 -0.2608 -0.8610
350.000 19.3838 0.3847 -0.1958 0.0054 -0.0913 0.0085 -0.2557 -0.8602
355.000 18.5427 0.3846 -0.2034 0.0055 -0.0955 0.0065 -0.2511 -0.8593
360.000 17.6240 0.3842 -0.2107 0.0059 -0.0999 0.0041 -0.2463 -0.8587
365.000 16.6541 0.3833 -0.2177 0.0065 -0.1044 0.0012 -0.2410 -0.8583
370.000 15.7628 0.3820 -0.2243 0.0072 -0.1089 -0.0022 -0.2361 -0.8580
375.000 14.8499 0.3803 -0.2306 0.0082 -0.1135 -0.0062 -0.2308 -0.8579
380.000 13.9771 0.3784 -0.2366 0.0095 -0.1181 -0.0105 -0.2255 -0.8579
385.000 13.1612 0.3762 -0.2421 0.0111 -0.1229 -0.0150 -0.2201 -0.8580
390.000 12.3594 0.3737 -0.2471 0.0131 -0.1278 -0.0199 -0.2143 -0.8584
395.000 11.6240 0.3708 -0.2520 0.0152 -0.1327 -0.0257 -0.2087 -0.8587
400.000 10.9255 0.3674 -0.2565 0.0176 -0.1377 -0.0322 -0.2030 -0.8592
405.000 10.2587 0.3637 -0.2607 0.0203 -0.1429 -0.0395 -0.1970 -0.8599
410.000 9.6461 0.3597 -0.2644 0.0238 -0.1486 -0.0469 -0.1910 -0.8605
415.000 9.0674 0.3555 -0.2676 0.0278 -0.1545 -0.0549 -0.1847 -0.8613
420.000 8.5255 0.3509 -0.2706 0.0322 -0.1606 -0.0636 -0.1780 -0.8621
425.000 8.0248 0.3456 -0.2739 0.0365 -0.1665 -0.0733 -0.1709 -0.8629
430.000 7.5561 0.3400 -0.2769 0.0411 -0.1724 -0.0838 -0.1633 -0.8637
435.000 7.1137 0.3344 -0.2795 0.0460 -0.1785 -0.0949 -0.1559 -0.8643
440.000 6.6949 0.3290 -0.2815 0.0513 -0.1848 -0.1066 -0.1488 -0.8646
445.000 6.2984 0.3236 -0.2828 0.0571 -0.1913 -0.1191 -0.1416 -0.8647
450.000 5.9291 0.3178 -0.2840 0.0633 -0.1982 -0.1325 -0.1343 -0.8646
