145.000 0.0053 -0.1571 0.5426 -0.0662 0.1441 0.0933 -0.7339 -0.3424
150.000 0.0421 -0.1144 0.5589 -0.0325 0.0525 0.0557 -0.7844 -0.2334
155.000 0.0916 -0.0673 0.5441 -0.0139 0.0104 0.0301 -0.8167 -0.1777
160.000 0.1613 -0.0251 0.5223 -0.0010 -0.0089 0.0128 -0.8389 -0.1500
165.000 0.2539 0.0122 0.4994 0.0092 -0.0170 0.0009 -0.8552 -0.1372
170.000 0.3718 0.0457 0.4769 0.0180 -0.0195 -0.0074 -0.8676 -0.1329
175.000 0.5174 0.0763 0.4548 0.0257 -0.0190 -0.0131 -0.8773 -0.1333
180.000 0.6933 0.1046 0.4333 0.0325 -0.0171 -0.0171 -0.8850 -0.1364
185.000 0.9023 0.1311 0.4122 0.0385 -0.0147 -0.0198 -0.8910 -0.1410
190.000 1.1473 0.1562 0.3914 0.0437 -0.0122 -0.0214 -0.8957 -0.1463
195.000 1.4315 0.1799 0.3710 0.0482 -0.0100 -0.0223 -0.8993 -0.1516
200.000 1.7589 0.2025 0.3509 0.0520 -0.0081 -0.0225 -0.9019 -0.1569
205.000 2.1370 0.2244 0.3317 0.0553 -0.0062 -0.0223 -0.9032 -0.1623
210.000 2.5701 0.2454 0.3131 0.0580 -0.0048 -0.0218 -0.9037 -0.1673
215.000 3.0665 0.2653 0.2948 0.0601 -0.0034 -0.0207 -0.9034 -0.1723
220.000 3.6344 0.2841 0.2770 0.0617 -0.0021 -0.0192 -0.9026 -0.1770
225.000 4.2823 0.3021 0.2597 0.0629 -0.0012 -0.0175 -0.9012 -0.1813
230.000 5.0218 0.3197 0.2430 0.0638 -0.0005 -0.0155 -0.8989 -0.1858
235.000 5.8656 0.3366 0.2268 0.0644 -0.0004 -0.0134 -0.8962 -0.1897
240.000 6.8141 0.3526 0.2110 0.0646 -0.0002 -0.0110 -0.8931 -0.1938
245.000 7.8872 0.3679 0.1957 0.0645 -0.0004 -0.0085 -0.8897 -0.1974
250.000 9.0918 0.3824 0.1807 0.0641 -0.0009 -0.0059 -0.8860 -0.2007
255.000 10.4275 0.3963 0.1662 0.0634 -0.0015 -0.0032 -0.8819 -0.2040
260.000 11.9344 0.4096 0.1520 0.0624 -0.0026 -0.0005 -0.8776 -0.2067
265.000 13.5395 0.4222 0.1383 0.0612 -0.0036 0.0023 -0.8731 -0.2096
270.000 15.3083 0.4343 0.1248 0.0598 -0.0050 0.0052 -0.8685 -0.2121
275.000 17.2009 0.4458 0.1116 0.0581 -0.0066 0.0080 -0.8638 -0.2142
280.000 19.1230 0.4568 0.0988 0.0561 -0.0083 0.0108 -0.8590 -0.2163
285.000 21.1999 0.4673 0.0858 0.0538 -0.0106 0.0134 -0.8541 -0.2178
290.000 23.1149 0.4769 0.0736 0.0516 -0.0124 0.0162 -0.8492 -0.2195
295.000 25.0019 0.4860 0.0613 0.0492 -0.0145 0.0191 -0.8444 -0.2210
300.000 26.8050 0.4948 0.0492 0.0466 -0.0169 0.0220 -0.8396 -0.2220
305.000 28.2223 0.5033 0.0377 0.0440 -0.0198 0.0247 -0.8346 -0.2230
310.000 29.4743 0.5116 0.0259 0.0411 -0.0234 0.0273 -0.8294 -0.2236
315.000 30.3186 0.5192 0.0144 0.0381 -0.0270 0.0298 -0.8245 -0.2242
320.000 30.7511 0.5264 0.0028 0.0348 -0.0305 0.0323 -0.8196 -0.2246
325.000 30.8606 0.5334 -0.0092 0.0312 -0.0343 0.0348 -0.8146 -0.2247
330.000 30.6187 0.5399 -0.0205 0.0275 -0.0382 0.0370 -0.8097 -0.2245
335.000 30.0050 0.5465 -0.0322 0.0234 -0.0424 0.0392 -0.8045 -0.2243
340.000 29.1829 0.5525 -0.0439 0.0192 -0.0469 0.0413 -0.7995 -0.2236
345.000 28.1918 0.5579 -0.0552 0.0151 -0.0516 0.0433 -0.7948 -0.2228
350.000 26.9270 0.5630 -0.0669 0.0107 -0.0565 0.0454 -0.7900 -0.2219
355.000 25.7473 0.5677 -0.0783 0.0061 -0.0617 0.0471 -0.7855 -0.2204
360.000 24.4656 0.5722 -0.0897 0.0013 -0.0670 0.0486 -0.7809 -0.2188
365.000 23.1177 0.5764 -0.1012 -0.0036 -0.0726 0.0501 -0.7763 -0.2171
370.000 21.8888 0.5802 -0.1123 -0.0085 -0.0785 0.0515 -0.7719 -0.2150
375.000 20.6321 0.5838 -0.1233 -0.0134 -0.0846 0.0528 -0.7675 -0.2128
380.000 19.4352 0.5870 -0.1344 -0.0186 -0.0910 0.0539 -0.7631 -0.2103
385.000 18.3208 0.5898 -0.1457 -0.0241 -0.0977 0.0548 -0.7589 -0.2075
390.000 17.2246 0.5924 -0.1571 -0.0298 -0.1046 0.0555 -0.7546 -0.2045
395.000 16.2308 0.5947 -0.1684 -0.0355 -0.1119 0.0561 -0.7505 -0.2011
400.000 15.2921 0.5967 -0.1797 -0.0414 -0.1195 0.0566 -0.7463 -0.1975
405.000 14.3995 0.5985 -0.1910 -0.0474 -0.1273 0.0569 -0.7420 -0.1937
410.000 13.5852 0.6001 -0.2025 -0.0539 -0.1354 0.0568 -0.7378 -0.1895
415.000 12.8187 0.6015 -0.2140 -0.0608 -0.1437 0.0565 -0.7334 -0.1851
420.000 12.1005 0.6028 -0.2259 -0.0678 -0.1523 0.0560 -0.7289 -0.1807
425.000 11.4336 0.6038 -0.2381 -0.0750 -0.1614 0.0556 -0.7241 -0.1762
430.000 10.8063 0.6045 -0.2506 -0.0825 -0.1708 0.0552 -0.7189 -0.1717
435.000 10.2247 0.6051 -0.2630 -0.0903 -0.1806 0.0544 -0.7138 -0.1665
440.000 9.6857 0.6054 -0.2751 -0.0983 -0.1910 0.0530 -0.7088 -0.1606
445.000 9.1819 0.6055 -0.2871 -0.1067 -0.2018 0.0513 -0.7036 -0.1543
450.000 8.7099 0.6059 -0.2994 -0.1155 -0.2128 0.0495 -0.6979 -0.1475
