145.000 0.0022 -0.0006 0.0013 -0.0002 0.0000 0.0002 0.9954 0.0953
150.000 0.0441 -0.0025 0.0377 -0.0038 -0.0002 0.0038 0.9612 0.2733
155.000 0.1112 -0.0015 0.0622 -0.0040 -0.0004 0.0040 0.9475 0.3135
160.000 0.2111 0.0002 0.0781 -0.0024 -0.0004 0.0024 0.9413 0.3284
165.000 0.3288 0.0014 0.0845 -0.0009 -0.0005 0.0009 0.9383 0.3355
170.000 0.4654 0.0024 0.0886 0.0007 -0.0004 -0.0006 0.9363 0.3399
175.000 0.6209 0.0033 0.0917 0.0022 -0.0003 -0.0021 0.9348 0.3431
180.000 0.7957 0.0041 0.0943 0.0037 -0.0002 -0.0037 0.9336 0.3456
185.000 0.9907 0.0048 0.0968 0.0053 -0.0001 -0.0053 0.9325 0.3478
190.000 1.2070 0.0055 0.0993 0.0070 0.0001 -0.0069 0.9315 0.3499
195.000 1.4459 0.0061 0.1019 0.0088 0.0003 -0.0087 0.9304 0.3521
200.000 1.7088 0.0068 0.1047 0.0108 0.0005 -0.0106 0.9292 0.3544
205.000 1.9972 0.0075 0.1076 0.0128 0.0008 -0.0126 0.9279 0.3569
210.000 2.3128 0.0082 0.1108 0.0150 0.0010 -0.0148 0.9265 0.3596
215.000 2.6575 0.0089 0.1141 0.0173 0.0013 -0.0170 0.9249 0.3626
220.000 3.0329 0.0097 0.1177 0.0197 0.0016 -0.0194 0.9231 0.3659
225.000 3.4410 0.0106 0.1215 0.0222 0.0018 -0.0220 0.9212 0.3695
230.000 3.8834 0.0115 0.1256 0.0249 0.0021 -0.0246 0.9191 0.3734
235.000 4.3615 0.0125 0.1298 0.0276 0.0024 -0.0274 0.9167 0.3776
240.000 4.8764 0.0136 0.1343 0.0305 0.0027 -0.0302 0.9142 0.3820
245.000 5.4281 0.0148 0.1390 0.0334 0.0030 -0.0332 0.9115 0.3868
250.000 6.0157 0.0160 0.1438 0.0365 0.0033 -0.0362 0.9086 0.3917
255.000 6.6365 0.0173 0.1489 0.0396 0.0035 -0.0393 0.9055 0.3969
260.000 7.2857 0.0188 0.1542 0.0428 0.0038 -0.0426 0.9022 0.4023
265.000 7.9555 0.0203 0.1596 0.0461 0.0041 -0.0458 0.8987 0.4080
270.000 8.6345 0.0219 0.1652 0.0494 0.0043 -0.0492 0.8950 0.4138
275.000 9.3078 0.0237 0.1709 0.0528 0.0045 -0.0526 0.8910 0.4199
280.000 9.9577 0.0255 0.1767 0.0562 0.0048 -0.0560 0.8869 0.4260
285.000 10.5669 0.0274 0.1827 0.0597 0.0050 -0.0595 0.8827 0.4321
290.000 11.1227 0.0294 0.1886 0.0631 0.0051 -0.0630 0.8785 0.4379
295.000 11.5961 0.0314 0.1948 0.0665 0.0053 -0.0664 0.8743 0.4434
300.000 11.9201 0.0336 0.2011 0.0701 0.0054 -0.0700 0.8697 0.4494
305.000 12.0618 0.0359 0.2077 0.0736 0.0055 -0.0736 0.8646 0.4561
310.000 12.0284 0.0385 0.2143 0.0772 0.0056 -0.0773 0.8591 0.4632
315.000 11.8301 0.0411 0.2210 0.0808 0.0056 -0.0809 0.8533 0.4705
320.000 11.4807 0.0439 0.2277 0.0843 0.0057 -0.0845 0.8473 0.4778
325.000 10.9989 0.0468 0.2344 0.0878 0.0057 -0.0881 0.8410 0.4852
330.000 10.4139 0.0499 0.2411 0.0913 0.0056 -0.0916 0.8346 0.4927
335.000 9.7567 0.0531 0.2478 0.0947 0.0055 -0.0952 0.8278 0.5004
340.000 9.0571 0.0564 0.2545 0.0980 0.0054 -0.0986 0.8208 0.5082
345.000 8.3415 0.0599 0.2610 0.1013 0.0052 -0.1020 0.8135 0.5161
350.000 7.6319 0.0636 0.2675 0.1044 0.0050 -0.1053 0.8058 0.5242
355.000 6.9448 0.0674 0.2738 0.1075 0.0047 -0.1084 0.7979 0.5326
360.000 6.2920 0.0715 0.2800 0.1103 0.0043 -0.1115 0.7895 0.5412
365.000 5.6806 0.0757 0.2860 0.1130 0.0038 -0.1143 0.7807 0.5501
370.000 5.1146 0.0802 0.2918 0.1155 0.0033 -0.1170 0.7716 0.5592
375.000 4.5949 0.0850 0.2973 0.1178 0.0026 -0.1195 0.7619 0.5688
380.000 4.1210 0.0900 0.3024 0.1198 0.0019 -0.1217 0.7517 0.5787
385.000 3.6909 0.0954 0.3072 0.1215 0.0010 -0.1237 0.7410 0.5891
390.000 3.3019 0.1010 0.3114 0.1228 0.0000 -0.1253 0.7296 0.5999
395.000 2.9511 0.1071 0.3151 0.1238 -0.0012 -0.1265 0.7175 0.6114
400.000 2.6352 0.1136 0.3181 0.1242 -0.0026 -0.1273 0.7046 0.6234
405.000 2.3511 0.1207 0.3204 0.1241 -0.0042 -0.1275 0.6909 0.6361
410.000 2.0957 0.1282 0.3217 0.1233 -0.0060 -0.1272 0.6762 0.6495
415.000 1.8662 0.1365 0.3219 0.1218 -0.0081 -0.1261 0.6603 0.6638
420.000 1.6601 0.1454 0.3208 0.1194 -0.0105 -0.1241 0.6433 0.6789
425.000 1.4751 0.1553 0.3182 0.1159 -0.0133 -0.1212 0.6248 0.6949
430.000 1.3089 0.1661 0.3137 0.1111 -0.0165 -0.1171 0.6047 0.7118
435.000 1.1597 0.1780 0.3071 0.1049 -0.0203 -0.1116 0.5829 0.7297
440.000 1.0260 0.1913 0.2977 0.0969 -0.0246 -0.1044 0.5590 0.7484
445.000 0.9061 0.2061 0.2852 0.0868 -0.0295 -0.0952 0.5330 0.7679
450.000 0.7989 0.2226 0.2688 0.0742 -0.0353 -0.0836 0.5044 0.7880
