145.000 0.0052 -0.1613 0.5969 -0.0432 0.1541 0.0669 -0.7689 0.0107
150.000 0.0424 -0.1167 0.5778 -0.0245 0.0577 0.0466 -0.7987 0.0979
155.000 0.0933 -0.0703 0.5495 -0.0132 0.0136 0.0288 -0.8210 0.1350
160.000 0.1652 -0.0294 0.5232 -0.0037 -0.0066 0.0151 -0.8384 0.1488
165.000 0.2608 0.0064 0.4999 0.0051 -0.0152 0.0049 -0.8526 0.1512
170.000 0.3823 0.0385 0.4789 0.0133 -0.0178 -0.0029 -0.8644 0.1474
175.000 0.5322 0.0679 0.4594 0.0211 -0.0172 -0.0087 -0.8745 0.1403
180.000 0.7128 0.0952 0.4409 0.0284 -0.0150 -0.0132 -0.8830 0.1314
185.000 0.9268 0.1210 0.4230 0.0351 -0.0121 -0.0164 -0.8902 0.1217
190.000 1.1772 0.1454 0.4054 0.0411 -0.0091 -0.0188 -0.8962 0.1118
195.000 1.4669 0.1686 0.3881 0.0464 -0.0063 -0.0204 -0.9012 0.1021
200.000 1.7998 0.1908 0.3711 0.0510 -0.0039 -0.0214 -0.9052 0.0926
205.000 2.1833 0.2124 0.3547 0.0552 -0.0013 -0.0220 -0.9081 0.0830
210.000 2.6214 0.2332 0.3388 0.0588 0.0008 -0.0223 -0.9101 0.0739
215.000 3.1224 0.2531 0.3231 0.0619 0.0029 -0.0220 -0.9114 0.0651
220.000 3.6944 0.2720 0.3077 0.0645 0.0049 -0.0213 -0.9120 0.0569
225.000 4.3454 0.2902 0.2926 0.0667 0.0065 -0.0204 -0.9120 0.0492
230.000 5.0867 0.3081 0.2781 0.0686 0.0079 -0.0191 -0.9112 0.0414
235.000 5.9309 0.3254 0.2638 0.0700 0.0088 -0.0177 -0.9099 0.0342
240.000 6.8776 0.3420 0.2499 0.0712 0.0098 -0.0160 -0.9080 0.0271
245.000 7.9466 0.3580 0.2362 0.0720 0.0104 -0.0141 -0.9058 0.0204
250.000 9.1447 0.3732 0.2228 0.0724 0.0106 -0.0120 -0.9032 0.0141
255.000 10.4707 0.3879 0.2098 0.0726 0.0109 -0.0099 -0.9003 0.0081
260.000 11.9647 0.4020 0.1968 0.0723 0.0105 -0.0076 -0.8970 0.0027
265.000 13.5524 0.4155 0.1843 0.0719 0.0103 -0.0052 -0.8935 -0.0028
270.000 15.2998 0.4285 0.1718 0.0712 0.0097 -0.0027 -0.8898 -0.0077
275.000 17.1665 0.4410 0.1595 0.0701 0.0088 -0.0001 -0.8859 -0.0122
280.000 19.0575 0.4529 0.1475 0.0688 0.0079 0.0024 -0.8818 -0.0166
285.000 21.0987 0.4644 0.1353 0.0671 0.0064 0.0050 -0.8775 -0.0204
290.000 22.9743 0.4750 0.1238 0.0653 0.0053 0.0076 -0.8733 -0.0241
295.000 24.8184 0.4853 0.1121 0.0633 0.0040 0.0104 -0.8689 -0.0275
300.000 26.5766 0.4952 0.1005 0.0611 0.0023 0.0132 -0.8645 -0.0305
305.000 27.9510 0.5048 0.0893 0.0588 0.0001 0.0159 -0.8598 -0.0334
310.000 29.1607 0.5144 0.0777 0.0561 -0.0029 0.0187 -0.8549 -0.0358
315.000 29.9677 0.5232 0.0664 0.0533 -0.0058 0.0215 -0.8502 -0.0380
320.000 30.3681 0.5316 0.0550 0.0502 -0.0087 0.0244 -0.8454 -0.0399
325.000 30.4509 0.5398 0.0432 0.0467 -0.0119 0.0273 -0.8404 -0.0414
330.000 30.1905 0.5476 0.0319 0.0431 -0.0153 0.0299 -0.8355 -0.0426
335.000 29.5655 0.5554 0.0201 0.0390 -0.0189 0.0325 -0.8302 -0.0436
340.000 28.7391 0.5628 0.0084 0.0347 -0.0230 0.0351 -0.8250 -0.0441
345.000 27.7509 0.5694 -0.0033 0.0303 -0.0272 0.0378 -0.8201 -0.0443
350.000 26.4965 0.5759 -0.0153 0.0256 -0.0316 0.0406 -0.8150 -0.0443
355.000 25.3300 0.5819 -0.0271 0.0206 -0.0364 0.0430 -0.8100 -0.0437
360.000 24.0656 0.5876 -0.0390 0.0154 -0.0413 0.0454 -0.8049 -0.0428
365.000 22.7384 0.5932 -0.0511 0.0098 -0.0465 0.0478 -0.7997 -0.0418
370.000 21.5307 0.5982 -0.0628 0.0044 -0.0521 0.0502 -0.7946 -0.0402
375.000 20.2968 0.6031 -0.0744 -0.0011 -0.0578 0.0526 -0.7894 -0.0385
380.000 19.1245 0.6077 -0.0863 -0.0070 -0.0639 0.0549 -0.7842 -0.0364
385.000 18.0367 0.6118 -0.0984 -0.0134 -0.0704 0.0570 -0.7790 -0.0337
390.000 16.9687 0.6157 -0.1106 -0.0200 -0.0770 0.0591 -0.7738 -0.0309
395.000 16.0009 0.6192 -0.1228 -0.0268 -0.0841 0.0610 -0.7685 -0.0276
400.000 15.0867 0.6225 -0.1349 -0.0337 -0.0915 0.0629 -0.7632 -0.0242
405.000 14.2174 0.6256 -0.1470 -0.0409 -0.0992 0.0647 -0.7578 -0.0206
410.000 13.4263 0.6285 -0.1595 -0.0487 -0.1072 0.0663 -0.7522 -0.0164
415.000 12.6822 0.6312 -0.1723 -0.0568 -0.1155 0.0677 -0.7464 -0.0119
420.000 11.9859 0.6337 -0.1853 -0.0653 -0.1241 0.0691 -0.7404 -0.0073
425.000 11.3406 0.6359 -0.1986 -0.0741 -0.1331 0.0707 -0.7341 -0.0027
430.000 10.7346 0.6380 -0.2124 -0.0831 -0.1425 0.0723 -0.7275 0.0019
435.000 10.1744 0.6399 -0.2259 -0.0925 -0.1523 0.0737 -0.7207 0.0072
440.000 9.6570 0.6415 -0.2392 -0.1022 -0.1626 0.0749 -0.7138 0.0133
445.000 9.1747 0.6429 -0.2524 -0.1121 -0.1733 0.0758 -0.7067 0.0199
450.000 8.7226 0.6444 -0.2657 -0.1226 -0.1842 0.0767 -0.6990 0.0267
