145.000 0.0004 -0.0201 0.0164 -0.0026 -0.0001 0.0026 0.8619 0.5064
150.000 0.0145 -0.0356 0.2558 -0.0105 -0.0032 0.0105 0.4050 -0.8771
155.000 0.0577 -0.0070 0.2558 0.0027 -0.0038 -0.0026 0.5086 -0.8221
160.000 0.1218 0.0127 0.2718 0.0142 -0.0044 -0.0140 0.5141 -0.8134
165.000 0.1962 0.0255 0.2652 0.0212 -0.0046 -0.0208 0.5136 -0.8156
170.000 0.2814 0.0364 0.2540 0.0260 -0.0046 -0.0254 0.5099 -0.8211
175.000 0.3775 0.0461 0.2403 0.0292 -0.0046 -0.0284 0.5048 -0.8279
180.000 0.4858 0.0551 0.2248 0.0311 -0.0044 -0.0302 0.4990 -0.8351
185.000 0.6079 0.0634 0.2082 0.0320 -0.0042 -0.0309 0.4930 -0.8424
190.000 0.7458 0.0714 0.1907 0.0319 -0.0039 -0.0307 0.4867 -0.8495
195.000 0.9020 0.0789 0.1728 0.0310 -0.0036 -0.0298 0.4803 -0.8563
200.000 1.0794 0.0862 0.1545 0.0295 -0.0032 -0.0284 0.4737 -0.8627
205.000 1.2812 0.0933 0.1363 0.0276 -0.0028 -0.0266 0.4670 -0.8687
210.000 1.5109 0.1002 0.1182 0.0252 -0.0024 -0.0245 0.4603 -0.8742
215.000 1.7725 0.1069 0.1004 0.0224 -0.0019 -0.0221 0.4534 -0.8792
220.000 2.0705 0.1134 0.0830 0.0195 -0.0015 -0.0196 0.4466 -0.8836
225.000 2.4098 0.1198 0.0661 0.0163 -0.0011 -0.0169 0.4397 -0.8876
230.000 2.7955 0.1261 0.0498 0.0131 -0.0007 -0.0142 0.4330 -0.8911
235.000 3.2334 0.1322 0.0341 0.0098 -0.0004 -0.0116 0.4263 -0.8942
240.000 3.7292 0.1381 0.0191 0.0064 0.0000 -0.0089 0.4198 -0.8968
245.000 4.2889 0.1439 0.0047 0.0031 0.0002 -0.0064 0.4136 -0.8990
250.000 4.9176 0.1494 -0.0089 -0.0001 0.0005 -0.0040 0.4076 -0.9008
255.000 5.6200 0.1547 -0.0218 -0.0033 0.0006 -0.0017 0.4019 -0.9023
260.000 6.3988 0.1598 -0.0340 -0.0063 0.0007 0.0004 0.3965 -0.9034
265.000 7.2541 0.1646 -0.0454 -0.0091 0.0008 0.0023 0.3916 -0.9042
270.000 8.1818 0.1692 -0.0562 -0.0118 0.0008 0.0040 0.3871 -0.9047
275.000 9.1724 0.1734 -0.0662 -0.0142 0.0007 0.0054 0.3829 -0.9050
280.000 10.2084 0.1774 -0.0755 -0.0164 0.0006 0.0066 0.3792 -0.9051
285.000 11.2609 0.1811 -0.0838 -0.0183 0.0004 0.0074 0.3755 -0.9052
290.000 12.2883 0.1847 -0.0910 -0.0198 0.0001 0.0078 0.3716 -0.9055
295.000 13.2542 0.1882 -0.0967 -0.0208 -0.0003 0.0076 0.3675 -0.9058
300.000 14.1498 0.1910 -0.1021 -0.0215 -0.0007 0.0072 0.3649 -0.9057
305.000 14.9437 0.1931 -0.1076 -0.0222 -0.0011 0.0067 0.3640 -0.9050
310.000 15.5855 0.1947 -0.1128 -0.0226 -0.0017 0.0059 0.3640 -0.9041
315.000 16.0412 0.1959 -0.1174 -0.0227 -0.0023 0.0049 0.3647 -0.9030
320.000 16.2960 0.1967 -0.1214 -0.0225 -0.0029 0.0034 0.3658 -0.9018
325.000 16.3503 0.1971 -0.1247 -0.0220 -0.0036 0.0017 0.3676 -0.9005
330.000 16.2183 0.1973 -0.1274 -0.0211 -0.0043 -0.0005 0.3698 -0.8992
335.000 15.9248 0.1970 -0.1296 -0.0199 -0.0051 -0.0030 0.3726 -0.8977
340.000 15.5003 0.1963 -0.1312 -0.0183 -0.0059 -0.0059 0.3760 -0.8962
345.000 14.9766 0.1952 -0.1322 -0.0163 -0.0068 -0.0092 0.3798 -0.8946
350.000 14.3840 0.1937 -0.1326 -0.0139 -0.0077 -0.0129 0.3843 -0.8928
355.000 13.7496 0.1918 -0.1326 -0.0111 -0.0086 -0.0170 0.3893 -0.8910
360.000 13.0954 0.1896 -0.1319 -0.0080 -0.0096 -0.0216 0.3948 -0.8890
365.000 12.4391 0.1869 -0.1308 -0.0044 -0.0106 -0.0265 0.4008 -0.8869
370.000 11.7937 0.1839 -0.1291 -0.0004 -0.0116 -0.0319 0.4074 -0.8845
375.000 11.1684 0.1805 -0.1269 0.0039 -0.0127 -0.0377 0.4144 -0.8820
380.000 10.5695 0.1768 -0.1242 0.0087 -0.0138 -0.0440 0.4219 -0.8793
385.000 10.0005 0.1728 -0.1210 0.0139 -0.0149 -0.0507 0.4299 -0.8764
390.000 9.4633 0.1685 -0.1173 0.0196 -0.0160 -0.0578 0.4383 -0.8732
395.000 8.9585 0.1639 -0.1131 0.0256 -0.0171 -0.0654 0.4471 -0.8698
400.000 8.4854 0.1590 -0.1084 0.0321 -0.0183 -0.0734 0.4563 -0.8661
405.000 8.0431 0.1540 -0.1032 0.0391 -0.0195 -0.0819 0.4658 -0.8620
410.000 7.6300 0.1487 -0.0975 0.0464 -0.0206 -0.0909 0.4757 -0.8576
415.000 7.2445 0.1432 -0.0913 0.0543 -0.0218 -0.1003 0.4859 -0.8529
420.000 6.8846 0.1375 -0.0847 0.0626 -0.0230 -0.1102 0.4964 -0.8478
425.000 6.5484 0.1318 -0.0776 0.0713 -0.0242 -0.1206 0.5070 -0.8423
430.000 6.2341 0.1259 -0.0701 0.0805 -0.0253 -0.1315 0.5179 -0.8364
435.000 5.9399 0.1200 -0.0621 0.0901 -0.0265 -0.1429 0.5290 -0.8300
440.000 5.6641 0.1140 -0.0537 0.1002 -0.0277 -0.1548 0.5402 -0.8232
445.000 5.4051 0.1081 -0.0448 0.1108 -0.0288 -0.1671 0.5514 -0.8159
450.000 5.1612 0.1021 -0.0356 0.1218 -0.0299 -0.1799 0.5628 -0.8082
