145.000 0.0056 -0.0528 0.4598 0.0425 0.0651 -0.0433 0.2826 0.8376
150.000 0.0454 -0.0425 0.4041 0.0112 0.0302 -0.0075 0.2430 0.8803
155.000 0.0977 -0.0299 0.3779 -0.0026 0.0110 0.0061 0.2058 0.9021
160.000 0.1690 -0.0174 0.3655 -0.0073 0.0009 0.0102 0.1727 0.9144
165.000 0.2606 -0.0052 0.3603 -0.0068 -0.0039 0.0095 0.1430 0.9217
170.000 0.3737 0.0068 0.3591 -0.0034 -0.0055 0.0064 0.1157 0.9261
175.000 0.5089 0.0187 0.3599 0.0018 -0.0051 0.0019 0.0901 0.9284
180.000 0.6671 0.0307 0.3618 0.0080 -0.0035 -0.0033 0.0657 0.9295
185.000 0.8493 0.0429 0.3641 0.0148 -0.0013 -0.0088 0.0422 0.9295
190.000 1.0564 0.0552 0.3665 0.0216 0.0012 -0.0144 0.0196 0.9287
195.000 1.2896 0.0676 0.3685 0.0285 0.0039 -0.0198 -0.0024 0.9274
200.000 1.5505 0.0800 0.3702 0.0351 0.0065 -0.0249 -0.0236 0.9255
205.000 1.8441 0.0917 0.3721 0.0416 0.0095 -0.0300 -0.0435 0.9230
210.000 2.1716 0.1030 0.3737 0.0478 0.0124 -0.0347 -0.0624 0.9202
215.000 2.5389 0.1149 0.3751 0.0541 0.0155 -0.0394 -0.0809 0.9169
220.000 2.9507 0.1273 0.3760 0.0603 0.0184 -0.0438 -0.0989 0.9132
225.000 3.4098 0.1398 0.3766 0.0664 0.0212 -0.0481 -0.1162 0.9093
230.000 3.9180 0.1522 0.3773 0.0725 0.0244 -0.0526 -0.1323 0.9049
235.000 4.4837 0.1645 0.3774 0.0783 0.0274 -0.0568 -0.1475 0.9005
240.000 5.1086 0.1770 0.3778 0.0844 0.0306 -0.0610 -0.1625 0.8956
245.000 5.8036 0.1896 0.3777 0.0901 0.0337 -0.0649 -0.1769 0.8904
250.000 6.5685 0.2023 0.3773 0.0957 0.0366 -0.0686 -0.1908 0.8851
255.000 7.3957 0.2150 0.3767 0.1011 0.0396 -0.0723 -0.2038 0.8796
260.000 8.3112 0.2278 0.3753 0.1059 0.0421 -0.0755 -0.2163 0.8742
265.000 9.2644 0.2404 0.3743 0.1111 0.0451 -0.0789 -0.2283 0.8684
270.000 10.2952 0.2531 0.3728 0.1159 0.0478 -0.0821 -0.2401 0.8624
275.000 11.3740 0.2658 0.3710 0.1204 0.0504 -0.0850 -0.2514 0.8563
280.000 12.4347 0.2783 0.3690 0.1248 0.0531 -0.0878 -0.2624 0.8500
285.000 13.5563 0.2911 0.3662 0.1286 0.0553 -0.0901 -0.2732 0.8437
290.000 14.5503 0.3033 0.3638 0.1326 0.0579 -0.0927 -0.2830 0.8374
295.000 15.4963 0.3156 0.3610 0.1363 0.0604 -0.0951 -0.2923 0.8310
300.000 16.3620 0.3279 0.3577 0.1396 0.0626 -0.0973 -0.3013 0.8245
305.000 16.9722 0.3402 0.3539 0.1425 0.0647 -0.0992 -0.3104 0.8179
310.000 17.4575 0.3530 0.3490 0.1449 0.0663 -0.1006 -0.3195 0.8112
315.000 17.7015 0.3654 0.3442 0.1471 0.0680 -0.1018 -0.3276 0.8046
320.000 17.7027 0.3778 0.3394 0.1494 0.0697 -0.1027 -0.3352 0.7979
325.000 17.5153 0.3907 0.3339 0.1514 0.0713 -0.1033 -0.3426 0.7910
330.000 17.1508 0.4030 0.3279 0.1530 0.0726 -0.1035 -0.3494 0.7845
335.000 16.5852 0.4158 0.3213 0.1543 0.0740 -0.1034 -0.3560 0.7777
340.000 15.9269 0.4284 0.3139 0.1550 0.0748 -0.1029 -0.3622 0.7711
345.000 15.2062 0.4408 0.3061 0.1548 0.0752 -0.1022 -0.3677 0.7647
350.000 14.3568 0.4535 0.2976 0.1543 0.0754 -0.1014 -0.3729 0.7580
355.000 13.5778 0.4656 0.2882 0.1530 0.0751 -0.0999 -0.3775 0.7520
360.000 12.7634 0.4776 0.2783 0.1514 0.0749 -0.0981 -0.3815 0.7460
365.000 11.9326 0.4897 0.2678 0.1494 0.0746 -0.0960 -0.3851 0.7401
370.000 11.1866 0.5015 0.2564 0.1464 0.0735 -0.0932 -0.3881 0.7345
375.000 10.4426 0.5134 0.2444 0.1430 0.0723 -0.0900 -0.3907 0.7288
380.000 9.7468 0.5250 0.2318 0.1389 0.0706 -0.0862 -0.3927 0.7234
385.000 9.1097 0.5362 0.2185 0.1340 0.0683 -0.0818 -0.3941 0.7184
390.000 8.4951 0.5472 0.2048 0.1287 0.0659 -0.0770 -0.3949 0.7135
395.000 7.9453 0.5580 0.1903 0.1225 0.0629 -0.0716 -0.3950 0.7087
400.000 7.4339 0.5688 0.1751 0.1157 0.0598 -0.0658 -0.3946 0.7040
405.000 6.9543 0.5794 0.1593 0.1084 0.0566 -0.0596 -0.3936 0.6993
410.000 6.5187 0.5897 0.1427 0.0999 0.0524 -0.0525 -0.3919 0.6949
415.000 6.1122 0.5997 0.1254 0.0907 0.0478 -0.0448 -0.3896 0.6905
420.000 5.7367 0.6097 0.1073 0.0805 0.0425 -0.0364 -0.3869 0.6859
425.000 5.3963 0.6198 0.0883 0.0690 0.0364 -0.0271 -0.3841 0.6806
430.000 5.0824 0.6298 0.0683 0.0565 0.0296 -0.0170 -0.3811 0.6749
435.000 4.7933 0.6395 0.0478 0.0431 0.0225 -0.0066 -0.3766 0.6695
440.000 4.5262 0.6488 0.0269 0.0290 0.0152 0.0041 -0.3705 0.6646
445.000 4.2779 0.6578 0.0056 0.0143 0.0078 0.0149 -0.3630 0.6599
450.000 4.0520 0.6666 -0.0164 -0.0016 -0.0004 0.0272 -0.3547 0.6549
