145.000 0.0052 -0.1569 0.6126 -0.0301 0.1538 0.0509 -0.7349 0.1863
150.000 0.0427 -0.1139 0.5790 -0.0198 0.0586 0.0405 -0.7613 0.2599
155.000 0.0941 -0.0695 0.5461 -0.0124 0.0149 0.0272 -0.7833 0.2873
160.000 0.1667 -0.0306 0.5191 -0.0048 -0.0054 0.0158 -0.8016 0.2947
165.000 0.2632 0.0037 0.4965 0.0030 -0.0140 0.0065 -0.8171 0.2925
170.000 0.3856 0.0345 0.4770 0.0110 -0.0166 -0.0009 -0.8305 0.2853
175.000 0.5363 0.0628 0.4593 0.0187 -0.0160 -0.0068 -0.8422 0.2755
180.000 0.7177 0.0893 0.4427 0.0262 -0.0137 -0.0114 -0.8524 0.2644
185.000 0.9322 0.1143 0.4267 0.0331 -0.0107 -0.0150 -0.8613 0.2527
190.000 1.1827 0.1381 0.4110 0.0395 -0.0075 -0.0178 -0.8690 0.2409
195.000 1.4721 0.1609 0.3955 0.0452 -0.0045 -0.0199 -0.8756 0.2294
200.000 1.8041 0.1827 0.3802 0.0503 -0.0017 -0.0214 -0.8812 0.2182
205.000 2.1859 0.2039 0.3656 0.0549 0.0011 -0.0224 -0.8857 0.2069
210.000 2.6213 0.2244 0.3512 0.0589 0.0036 -0.0231 -0.8893 0.1961
215.000 3.1185 0.2440 0.3370 0.0625 0.0060 -0.0234 -0.8921 0.1856
220.000 3.6855 0.2629 0.3229 0.0656 0.0083 -0.0232 -0.8941 0.1759
225.000 4.3300 0.2811 0.3092 0.0683 0.0102 -0.0226 -0.8954 0.1666
230.000 5.0626 0.2990 0.2958 0.0708 0.0121 -0.0219 -0.8959 0.1574
235.000 5.8957 0.3164 0.2827 0.0727 0.0134 -0.0209 -0.8958 0.1488
240.000 6.8288 0.3332 0.2699 0.0744 0.0148 -0.0196 -0.8952 0.1402
245.000 7.8815 0.3493 0.2572 0.0757 0.0157 -0.0181 -0.8942 0.1321
250.000 9.0599 0.3649 0.2447 0.0766 0.0164 -0.0165 -0.8926 0.1244
255.000 10.3624 0.3799 0.2325 0.0773 0.0170 -0.0146 -0.8907 0.1171
260.000 11.8288 0.3943 0.2204 0.0775 0.0171 -0.0127 -0.8884 0.1104
265.000 13.3850 0.4082 0.2086 0.0776 0.0174 -0.0106 -0.8858 0.1037
270.000 15.0963 0.4216 0.1967 0.0773 0.0172 -0.0083 -0.8830 0.0975
275.000 16.9226 0.4345 0.1850 0.0766 0.0168 -0.0060 -0.8798 0.0918
280.000 18.7697 0.4469 0.1736 0.0757 0.0163 -0.0037 -0.8765 0.0862
285.000 20.7617 0.4588 0.1618 0.0743 0.0152 -0.0013 -0.8729 0.0813
290.000 22.5885 0.4700 0.1508 0.0729 0.0145 0.0011 -0.8693 0.0764
295.000 24.3819 0.4808 0.1395 0.0713 0.0137 0.0037 -0.8655 0.0719
300.000 26.0891 0.4913 0.1282 0.0693 0.0124 0.0063 -0.8615 0.0679
305.000 27.4182 0.5015 0.1173 0.0673 0.0106 0.0090 -0.8573 0.0640
310.000 28.5845 0.5117 0.1059 0.0648 0.0080 0.0119 -0.8528 0.0605
315.000 29.3564 0.5210 0.0948 0.0621 0.0055 0.0147 -0.8485 0.0573
320.000 29.7301 0.5300 0.0835 0.0593 0.0030 0.0176 -0.8440 0.0545
325.000 29.7935 0.5390 0.0718 0.0560 0.0002 0.0206 -0.8393 0.0520
330.000 29.5232 0.5474 0.0606 0.0525 -0.0028 0.0233 -0.8345 0.0500
335.000 28.8974 0.5558 0.0489 0.0486 -0.0061 0.0262 -0.8294 0.0482
340.000 28.0770 0.5639 0.0372 0.0444 -0.0098 0.0290 -0.8243 0.0469
345.000 27.1014 0.5712 0.0255 0.0400 -0.0137 0.0318 -0.8194 0.0460
350.000 25.8676 0.5783 0.0133 0.0353 -0.0178 0.0349 -0.8143 0.0452
355.000 24.7217 0.5850 0.0014 0.0302 -0.0223 0.0376 -0.8092 0.0452
360.000 23.4819 0.5914 -0.0108 0.0249 -0.0270 0.0404 -0.8040 0.0454
365.000 22.1822 0.5976 -0.0231 0.0192 -0.0319 0.0432 -0.7986 0.0458
370.000 21.0008 0.6033 -0.0350 0.0136 -0.0373 0.0460 -0.7932 0.0469
375.000 19.7947 0.6089 -0.0470 0.0079 -0.0427 0.0489 -0.7877 0.0480
380.000 18.6505 0.6141 -0.0592 0.0018 -0.0486 0.0518 -0.7822 0.0497
385.000 17.5906 0.6189 -0.0716 -0.0049 -0.0548 0.0545 -0.7766 0.0519
390.000 16.5512 0.6235 -0.0843 -0.0119 -0.0612 0.0571 -0.7710 0.0543
395.000 15.6096 0.6277 -0.0968 -0.0190 -0.0682 0.0597 -0.7652 0.0571
400.000 14.7204 0.6316 -0.1093 -0.0263 -0.0754 0.0622 -0.7594 0.0601
405.000 13.8750 0.6353 -0.1219 -0.0339 -0.0829 0.0647 -0.7534 0.0633
410.000 13.1063 0.6388 -0.1349 -0.0422 -0.0909 0.0671 -0.7471 0.0672
415.000 12.3834 0.6421 -0.1482 -0.0509 -0.0990 0.0694 -0.7406 0.0713
420.000 11.7076 0.6453 -0.1618 -0.0599 -0.1076 0.0717 -0.7339 0.0756
425.000 11.0826 0.6481 -0.1757 -0.0693 -0.1166 0.0742 -0.7269 0.0798
430.000 10.4963 0.6508 -0.1900 -0.0790 -0.1259 0.0768 -0.7195 0.0840
435.000 9.9550 0.6533 -0.2042 -0.0890 -0.1356 0.0793 -0.7119 0.0890
440.000 9.4553 0.6555 -0.2181 -0.0993 -0.1458 0.0816 -0.7041 0.0947
445.000 8.9899 0.6575 -0.2318 -0.1099 -0.1563 0.0838 -0.6959 0.1010
450.000 8.5543 0.6596 -0.2458 -0.1210 -0.1672 0.0859 -0.6873 0.1073
