145.000 0.0057 -0.0209 0.3086 0.0389 0.0273 -0.0398 0.6923 0.6513
150.000 0.0460 -0.0174 0.2702 0.0123 0.0135 -0.0115 0.6703 0.6908
155.000 0.0977 -0.0128 0.2542 -0.0001 0.0053 0.0011 0.6492 0.7168
160.000 0.1670 -0.0079 0.2484 -0.0051 0.0008 0.0060 0.6300 0.7357
165.000 0.2549 -0.0029 0.2479 -0.0059 -0.0015 0.0067 0.6125 0.7506
170.000 0.3618 0.0022 0.2504 -0.0042 -0.0022 0.0050 0.5959 0.7630
175.000 0.4880 0.0074 0.2545 -0.0008 -0.0021 0.0019 0.5801 0.7738
180.000 0.6337 0.0129 0.2595 0.0035 -0.0013 -0.0021 0.5646 0.7834
185.000 0.7992 0.0185 0.2650 0.0084 -0.0002 -0.0065 0.5494 0.7922
190.000 0.9847 0.0244 0.2706 0.0136 0.0011 -0.0113 0.5343 0.8004
195.000 1.1906 0.0305 0.2762 0.0188 0.0025 -0.0161 0.5193 0.8082
200.000 1.4178 0.0367 0.2815 0.0241 0.0040 -0.0209 0.5045 0.8155
205.000 1.6714 0.0425 0.2869 0.0294 0.0056 -0.0257 0.4905 0.8218
210.000 1.9516 0.0482 0.2921 0.0346 0.0073 -0.0304 0.4770 0.8276
215.000 2.2620 0.0543 0.2973 0.0400 0.0090 -0.0352 0.4634 0.8332
220.000 2.6059 0.0609 0.3023 0.0454 0.0108 -0.0400 0.4496 0.8385
225.000 2.9848 0.0677 0.3071 0.0509 0.0125 -0.0448 0.4360 0.8435
230.000 3.3991 0.0744 0.3119 0.0566 0.0145 -0.0499 0.4231 0.8477
235.000 3.8547 0.0813 0.3163 0.0622 0.0164 -0.0549 0.4106 0.8517
240.000 4.3536 0.0884 0.3210 0.0681 0.0185 -0.0601 0.3981 0.8552
245.000 4.9033 0.0956 0.3255 0.0739 0.0206 -0.0651 0.3856 0.8585
250.000 5.5012 0.1031 0.3297 0.0797 0.0227 -0.0702 0.3733 0.8616
255.000 6.1384 0.1107 0.3336 0.0856 0.0248 -0.0753 0.3612 0.8643
260.000 6.8352 0.1185 0.3370 0.0910 0.0267 -0.0801 0.3493 0.8669
265.000 7.5504 0.1264 0.3408 0.0970 0.0289 -0.0853 0.3375 0.8690
270.000 8.3138 0.1344 0.3444 0.1028 0.0311 -0.0903 0.3257 0.8710
275.000 9.0998 0.1426 0.3477 0.1084 0.0332 -0.0953 0.3138 0.8729
280.000 9.8550 0.1509 0.3510 0.1142 0.0354 -0.1003 0.3019 0.8744
285.000 10.6389 0.1596 0.3535 0.1195 0.0373 -0.1048 0.2897 0.8761
290.000 11.3149 0.1679 0.3563 0.1251 0.0396 -0.1098 0.2785 0.8771
295.000 11.9403 0.1765 0.3589 0.1307 0.0418 -0.1147 0.2674 0.8779
300.000 12.4900 0.1852 0.3611 0.1361 0.0439 -0.1195 0.2562 0.8786
305.000 12.8351 0.1941 0.3630 0.1414 0.0461 -0.1242 0.2448 0.8792
310.000 13.0712 0.2035 0.3642 0.1464 0.0481 -0.1287 0.2328 0.8800
315.000 13.1243 0.2128 0.3652 0.1513 0.0501 -0.1330 0.2214 0.8803
320.000 12.9938 0.2225 0.3662 0.1564 0.0523 -0.1372 0.2102 0.8804
325.000 12.7203 0.2327 0.3668 0.1613 0.0544 -0.1413 0.1986 0.8803
330.000 12.3273 0.2427 0.3667 0.1659 0.0565 -0.1450 0.1873 0.8803
335.000 11.7915 0.2534 0.3661 0.1706 0.0588 -0.1487 0.1755 0.8801
340.000 11.2002 0.2642 0.3648 0.1747 0.0608 -0.1519 0.1639 0.8798
345.000 10.5803 0.2749 0.3628 0.1782 0.0623 -0.1548 0.1527 0.8794
350.000 9.8801 0.2863 0.3604 0.1815 0.0637 -0.1577 0.1414 0.8787
355.000 9.2438 0.2974 0.3569 0.1841 0.0650 -0.1598 0.1306 0.8782
360.000 8.5952 0.3086 0.3527 0.1865 0.0664 -0.1618 0.1200 0.8776
365.000 7.9466 0.3202 0.3479 0.1888 0.0678 -0.1636 0.1095 0.8768
370.000 7.3669 0.3318 0.3418 0.1899 0.0686 -0.1643 0.0992 0.8761
375.000 6.7990 0.3438 0.3351 0.1906 0.0694 -0.1648 0.0888 0.8752
380.000 6.2732 0.3558 0.3274 0.1905 0.0698 -0.1644 0.0788 0.8743
385.000 5.7956 0.3677 0.3186 0.1895 0.0698 -0.1631 0.0693 0.8734
390.000 5.3412 0.3796 0.3093 0.1880 0.0698 -0.1613 0.0601 0.8724
395.000 4.9372 0.3919 0.2985 0.1858 0.0696 -0.1589 0.0513 0.8713
400.000 4.5656 0.4044 0.2868 0.1831 0.0695 -0.1561 0.0427 0.8699
405.000 4.2212 0.4172 0.2742 0.1799 0.0694 -0.1527 0.0346 0.8682
410.000 3.9100 0.4298 0.2602 0.1749 0.0682 -0.1478 0.0268 0.8666
415.000 3.6226 0.4424 0.2452 0.1688 0.0666 -0.1419 0.0194 0.8647
420.000 3.3584 0.4555 0.2292 0.1617 0.0646 -0.1350 0.0118 0.8623
425.000 3.1179 0.4695 0.2120 0.1531 0.0619 -0.1268 0.0033 0.8591
430.000 2.8968 0.4842 0.1936 0.1433 0.0587 -0.1174 -0.0056 0.8552
435.000 2.6964 0.4983 0.1734 0.1317 0.0549 -0.1068 -0.0128 0.8511
440.000 2.5145 0.5117 0.1515 0.1186 0.0505 -0.0951 -0.0177 0.8470
445.000 2.3480 0.5247 0.1284 0.1041 0.0456 -0.0824 -0.0210 0.8425
450.000 2.1949 0.5385 0.1041 0.0884 0.0406 -0.0682 -0.0241 0.8367
