145.000 0.0010 -0.0443 0.0158 -0.0026 -0.0001 0.0026 0.6933 0.7191
150.000 0.0247 -0.1187 0.3535 -0.0218 -0.0102 0.0219 -0.9278 0.0107
155.000 0.0843 -0.0371 0.4182 -0.0063 -0.0141 0.0068 -0.8780 -0.2296
160.000 0.1798 0.0320 0.4490 0.0110 -0.0158 -0.0092 -0.8483 -0.2783
165.000 0.2932 0.0749 0.4439 0.0222 -0.0160 -0.0189 -0.8398 -0.3033
170.000 0.4266 0.1095 0.4314 0.0308 -0.0156 -0.0256 -0.8367 -0.3192
175.000 0.5807 0.1389 0.4155 0.0373 -0.0146 -0.0302 -0.8360 -0.3308
180.000 0.7577 0.1645 0.3979 0.0422 -0.0131 -0.0331 -0.8363 -0.3401
185.000 0.9601 0.1872 0.3793 0.0458 -0.0113 -0.0349 -0.8371 -0.3479
190.000 1.1915 0.2077 0.3601 0.0482 -0.0093 -0.0357 -0.8380 -0.3547
195.000 1.4561 0.2265 0.3405 0.0496 -0.0069 -0.0358 -0.8389 -0.3607
200.000 1.7590 0.2441 0.3208 0.0501 -0.0045 -0.0355 -0.8396 -0.3659
205.000 2.1061 0.2606 0.3011 0.0499 -0.0019 -0.0348 -0.8399 -0.3704
210.000 2.5039 0.2764 0.2816 0.0491 0.0008 -0.0339 -0.8399 -0.3743
215.000 2.9601 0.2916 0.2624 0.0476 0.0034 -0.0329 -0.8395 -0.3777
220.000 3.4834 0.3063 0.2435 0.0457 0.0060 -0.0318 -0.8386 -0.3804
225.000 4.0831 0.3206 0.2251 0.0433 0.0084 -0.0307 -0.8372 -0.3827
230.000 4.7697 0.3346 0.2071 0.0405 0.0108 -0.0295 -0.8354 -0.3845
235.000 5.5545 0.3483 0.1897 0.0374 0.0130 -0.0284 -0.8332 -0.3860
240.000 6.4494 0.3617 0.1728 0.0340 0.0150 -0.0274 -0.8305 -0.3871
245.000 7.4662 0.3747 0.1565 0.0303 0.0167 -0.0264 -0.8274 -0.3879
250.000 8.6165 0.3875 0.1407 0.0264 0.0183 -0.0255 -0.8239 -0.3886
255.000 9.9100 0.3999 0.1256 0.0224 0.0195 -0.0246 -0.8200 -0.3891
260.000 11.3535 0.4120 0.1109 0.0182 0.0206 -0.0239 -0.8158 -0.3895
265.000 12.9488 0.4237 0.0968 0.0139 0.0213 -0.0232 -0.8114 -0.3899
270.000 14.6904 0.4350 0.0832 0.0095 0.0218 -0.0226 -0.8067 -0.3902
275.000 16.5622 0.4459 0.0701 0.0050 0.0220 -0.0221 -0.8018 -0.3905
280.000 18.5354 0.4564 0.0575 0.0004 0.0220 -0.0217 -0.7968 -0.3907
285.000 20.5651 0.4665 0.0457 -0.0041 0.0216 -0.0215 -0.7918 -0.3905
290.000 22.5896 0.4762 0.0352 -0.0084 0.0210 -0.0216 -0.7871 -0.3894
295.000 24.5377 0.4855 0.0261 -0.0125 0.0201 -0.0221 -0.7826 -0.3877
300.000 26.3387 0.4943 0.0168 -0.0167 0.0190 -0.0226 -0.7777 -0.3874
305.000 27.9146 0.5024 0.0066 -0.0212 0.0176 -0.0230 -0.7722 -0.3885
310.000 29.1890 0.5100 -0.0036 -0.0259 0.0159 -0.0233 -0.7665 -0.3901
315.000 30.1058 0.5172 -0.0138 -0.0306 0.0140 -0.0237 -0.7609 -0.3919
320.000 30.6357 0.5238 -0.0236 -0.0353 0.0119 -0.0242 -0.7553 -0.3938
325.000 30.7744 0.5301 -0.0331 -0.0400 0.0095 -0.0249 -0.7497 -0.3959
330.000 30.5476 0.5361 -0.0423 -0.0446 0.0069 -0.0258 -0.7441 -0.3981
335.000 30.0020 0.5416 -0.0514 -0.0493 0.0041 -0.0269 -0.7386 -0.4004
340.000 29.1945 0.5466 -0.0604 -0.0540 0.0010 -0.0281 -0.7331 -0.4028
345.000 28.1858 0.5512 -0.0692 -0.0587 -0.0024 -0.0296 -0.7278 -0.4053
350.000 27.0345 0.5553 -0.0780 -0.0634 -0.0061 -0.0313 -0.7225 -0.4080
355.000 25.7933 0.5590 -0.0867 -0.0681 -0.0100 -0.0332 -0.7173 -0.4109
360.000 24.5061 0.5623 -0.0953 -0.0728 -0.0142 -0.0353 -0.7122 -0.4138
365.000 23.2080 0.5652 -0.1039 -0.0775 -0.0187 -0.0376 -0.7072 -0.4169
370.000 21.9254 0.5676 -0.1125 -0.0822 -0.0235 -0.0402 -0.7023 -0.4202
375.000 20.6777 0.5697 -0.1211 -0.0869 -0.0286 -0.0431 -0.6974 -0.4235
380.000 19.4777 0.5714 -0.1297 -0.0916 -0.0340 -0.0463 -0.6925 -0.4269
385.000 18.3337 0.5727 -0.1383 -0.0963 -0.0398 -0.0497 -0.6877 -0.4304
390.000 17.2502 0.5736 -0.1470 -0.1010 -0.0458 -0.0535 -0.6829 -0.4339
395.000 16.2291 0.5743 -0.1558 -0.1057 -0.0522 -0.0576 -0.6780 -0.4374
400.000 15.2703 0.5746 -0.1647 -0.1103 -0.0590 -0.0620 -0.6732 -0.4410
405.000 14.3723 0.5745 -0.1737 -0.1150 -0.0661 -0.0667 -0.6682 -0.4445
410.000 13.5330 0.5743 -0.1827 -0.1196 -0.0736 -0.0719 -0.6632 -0.4480
415.000 12.7495 0.5737 -0.1920 -0.1243 -0.0815 -0.0774 -0.6581 -0.4514
420.000 12.0188 0.5729 -0.2013 -0.1289 -0.0899 -0.0834 -0.6528 -0.4546
425.000 11.3377 0.5720 -0.2108 -0.1335 -0.0986 -0.0897 -0.6473 -0.4577
430.000 10.7030 0.5708 -0.2205 -0.1382 -0.1078 -0.0965 -0.6415 -0.4606
435.000 10.1117 0.5696 -0.2304 -0.1428 -0.1174 -0.1038 -0.6355 -0.4632
440.000 9.5607 0.5682 -0.2405 -0.1474 -0.1274 -0.1114 -0.6291 -0.4654
445.000 9.0475 0.5668 -0.2508 -0.1521 -0.1378 -0.1195 -0.6223 -0.4674
450.000 8.5692 0.5654 -0.2613 -0.1569 -0.1487 -0.1281 -0.6151 -0.4689
