145.000 0.0015 -0.0298 0.0106 -0.0018 -0.0001 0.0018 0.7925 0.6090
150.000 0.0327 -0.0954 0.2731 -0.0213 -0.0079 0.0213 -0.5202 0.8035
155.000 0.0991 -0.0397 0.3685 -0.0131 -0.0123 0.0135 -0.6851 0.6270
160.000 0.2052 0.0191 0.4148 0.0007 -0.0140 0.0009 -0.7180 0.5585
165.000 0.3311 0.0566 0.4224 0.0108 -0.0141 -0.0077 -0.7356 0.5264
170.000 0.4791 0.0872 0.4215 0.0193 -0.0134 -0.0143 -0.7475 0.5059
175.000 0.6499 0.1133 0.4171 0.0266 -0.0119 -0.0195 -0.7566 0.4909
180.000 0.8452 0.1360 0.4109 0.0330 -0.0099 -0.0237 -0.7641 0.4788
185.000 1.0676 0.1563 0.4037 0.0387 -0.0075 -0.0271 -0.7707 0.4683
190.000 1.3201 0.1749 0.3960 0.0438 -0.0047 -0.0300 -0.7767 0.4586
195.000 1.6067 0.1921 0.3880 0.0484 -0.0015 -0.0326 -0.7823 0.4492
200.000 1.9322 0.2085 0.3797 0.0525 0.0019 -0.0349 -0.7876 0.4399
205.000 2.3019 0.2243 0.3713 0.0562 0.0054 -0.0371 -0.7926 0.4306
210.000 2.7222 0.2396 0.3628 0.0595 0.0089 -0.0392 -0.7972 0.4211
215.000 3.2001 0.2548 0.3542 0.0623 0.0125 -0.0412 -0.8016 0.4113
220.000 3.7436 0.2698 0.3456 0.0648 0.0160 -0.0432 -0.8055 0.4012
225.000 4.3617 0.2847 0.3368 0.0669 0.0193 -0.0451 -0.8092 0.3909
230.000 5.0638 0.2996 0.3281 0.0686 0.0225 -0.0470 -0.8124 0.3803
235.000 5.8606 0.3145 0.3192 0.0699 0.0254 -0.0489 -0.8152 0.3694
240.000 6.7628 0.3293 0.3103 0.0708 0.0281 -0.0507 -0.8176 0.3583
245.000 7.7811 0.3440 0.3014 0.0712 0.0304 -0.0525 -0.8196 0.3470
250.000 8.9257 0.3587 0.2924 0.0713 0.0325 -0.0541 -0.8212 0.3355
255.000 10.2048 0.3732 0.2833 0.0710 0.0342 -0.0557 -0.8224 0.3239
260.000 11.6238 0.3875 0.2742 0.0703 0.0355 -0.0572 -0.8232 0.3121
265.000 13.1826 0.4016 0.2651 0.0692 0.0365 -0.0586 -0.8236 0.3003
270.000 14.8742 0.4154 0.2558 0.0677 0.0372 -0.0598 -0.8236 0.2885
275.000 16.6819 0.4289 0.2465 0.0659 0.0375 -0.0610 -0.8234 0.2767
280.000 18.5769 0.4421 0.2372 0.0638 0.0374 -0.0620 -0.8227 0.2651
285.000 20.5179 0.4548 0.2281 0.0614 0.0370 -0.0630 -0.8216 0.2541
290.000 22.4511 0.4670 0.2198 0.0589 0.0362 -0.0642 -0.8198 0.2442
295.000 24.3068 0.4787 0.2124 0.0564 0.0351 -0.0655 -0.8174 0.2351
300.000 25.9976 0.4901 0.2044 0.0535 0.0336 -0.0665 -0.8153 0.2250
305.000 27.4441 0.5011 0.1954 0.0500 0.0318 -0.0672 -0.8136 0.2137
310.000 28.5842 0.5118 0.1857 0.0462 0.0297 -0.0676 -0.8120 0.2022
315.000 29.3724 0.5220 0.1759 0.0420 0.0273 -0.0679 -0.8103 0.1909
320.000 29.7858 0.5318 0.1660 0.0376 0.0246 -0.0682 -0.8084 0.1798
325.000 29.8212 0.5411 0.1561 0.0330 0.0216 -0.0684 -0.8064 0.1690
330.000 29.5084 0.5501 0.1461 0.0282 0.0184 -0.0685 -0.8042 0.1584
335.000 28.8967 0.5586 0.1360 0.0231 0.0148 -0.0686 -0.8019 0.1481
340.000 28.0426 0.5667 0.1257 0.0178 0.0108 -0.0687 -0.7997 0.1381
345.000 27.0057 0.5744 0.1152 0.0123 0.0066 -0.0687 -0.7973 0.1283
350.000 25.8425 0.5816 0.1046 0.0065 0.0020 -0.0687 -0.7950 0.1189
355.000 24.6034 0.5884 0.0937 0.0004 -0.0030 -0.0686 -0.7926 0.1097
360.000 23.3300 0.5949 0.0826 -0.0058 -0.0082 -0.0685 -0.7902 0.1008
365.000 22.0549 0.6009 0.0713 -0.0123 -0.0139 -0.0684 -0.7878 0.0922
370.000 20.8028 0.6066 0.0597 -0.0191 -0.0198 -0.0683 -0.7853 0.0839
375.000 19.5911 0.6120 0.0478 -0.0260 -0.0262 -0.0681 -0.7828 0.0758
380.000 18.4311 0.6170 0.0356 -0.0333 -0.0329 -0.0679 -0.7803 0.0680
385.000 17.3299 0.6216 0.0231 -0.0408 -0.0400 -0.0677 -0.7777 0.0606
390.000 16.2912 0.6260 0.0102 -0.0485 -0.0475 -0.0675 -0.7750 0.0534
395.000 15.3159 0.6301 -0.0031 -0.0565 -0.0555 -0.0673 -0.7722 0.0465
400.000 14.4033 0.6340 -0.0168 -0.0648 -0.0639 -0.0671 -0.7693 0.0399
405.000 13.5516 0.6376 -0.0309 -0.0734 -0.0727 -0.0669 -0.7662 0.0337
410.000 12.7583 0.6410 -0.0454 -0.0822 -0.0820 -0.0666 -0.7628 0.0277
415.000 12.0202 0.6442 -0.0604 -0.0914 -0.0918 -0.0664 -0.7592 0.0221
420.000 11.3343 0.6472 -0.0759 -0.1008 -0.1020 -0.0661 -0.7553 0.0168
425.000 10.6971 0.6501 -0.0919 -0.1106 -0.1128 -0.0659 -0.7509 0.0119
430.000 10.1056 0.6529 -0.1085 -0.1207 -0.1241 -0.0656 -0.7461 0.0072
435.000 9.5565 0.6557 -0.1256 -0.1311 -0.1359 -0.0653 -0.7408 0.0030
440.000 9.0470 0.6583 -0.1432 -0.1419 -0.1481 -0.0650 -0.7349 -0.0010
445.000 8.5743 0.6610 -0.1614 -0.1530 -0.1609 -0.0647 -0.7283 -0.0046
450.000 8.1358 0.6637 -0.1801 -0.1645 -0.1741 -0.0643 -0.7209 -0.0078
