145.000 0.0069 -0.0079 0.1159 -0.0352 0.0083 0.0383 0.7535 -0.6468
150.000 0.0439 -0.0074 0.1896 -0.0145 0.0019 0.0168 0.7034 -0.6849
155.000 0.0812 -0.0027 0.2304 -0.0002 -0.0022 0.0018 0.6582 -0.7167
160.000 0.1272 0.0041 0.2510 0.0099 -0.0047 -0.0088 0.6192 -0.7441
165.000 0.1835 0.0121 0.2586 0.0172 -0.0060 -0.0162 0.5857 -0.7681
170.000 0.2514 0.0208 0.2579 0.0226 -0.0067 -0.0214 0.5567 -0.7894
175.000 0.3320 0.0300 0.2515 0.0265 -0.0070 -0.0252 0.5313 -0.8085
180.000 0.4263 0.0395 0.2412 0.0295 -0.0071 -0.0278 0.5085 -0.8256
185.000 0.5354 0.0491 0.2283 0.0317 -0.0072 -0.0295 0.4879 -0.8411
190.000 0.6605 0.0589 0.2136 0.0334 -0.0075 -0.0307 0.4689 -0.8551
195.000 0.8027 0.0687 0.1977 0.0346 -0.0079 -0.0315 0.4512 -0.8676
200.000 0.9638 0.0784 0.1809 0.0354 -0.0084 -0.0318 0.4347 -0.8788
205.000 1.1501 0.0872 0.1631 0.0353 -0.0089 -0.0312 0.4212 -0.8880
210.000 1.3620 0.0957 0.1449 0.0347 -0.0095 -0.0302 0.4092 -0.8959
215.000 1.6043 0.1039 0.1269 0.0338 -0.0101 -0.0289 0.3985 -0.9025
220.000 1.8805 0.1120 0.1092 0.0328 -0.0110 -0.0274 0.3886 -0.9081
225.000 2.1947 0.1197 0.0917 0.0316 -0.0119 -0.0257 0.3798 -0.9128
230.000 2.5538 0.1270 0.0740 0.0300 -0.0129 -0.0237 0.3725 -0.9164
235.000 2.9621 0.1339 0.0565 0.0284 -0.0140 -0.0218 0.3658 -0.9193
240.000 3.4246 0.1402 0.0398 0.0266 -0.0151 -0.0197 0.3605 -0.9213
245.000 3.9492 0.1460 0.0238 0.0249 -0.0164 -0.0176 0.3560 -0.9227
250.000 4.5388 0.1514 0.0084 0.0231 -0.0177 -0.0155 0.3522 -0.9236
255.000 5.1938 0.1566 -0.0066 0.0212 -0.0190 -0.0134 0.3490 -0.9239
260.000 5.9308 0.1615 -0.0210 0.0194 -0.0203 -0.0116 0.3459 -0.9239
265.000 6.7265 0.1659 -0.0345 0.0177 -0.0217 -0.0098 0.3443 -0.9233
270.000 7.6072 0.1698 -0.0473 0.0162 -0.0232 -0.0083 0.3431 -0.9224
275.000 8.5535 0.1735 -0.0595 0.0149 -0.0248 -0.0070 0.3424 -0.9212
280.000 9.5219 0.1769 -0.0710 0.0137 -0.0264 -0.0058 0.3424 -0.9197
285.000 10.5681 0.1800 -0.0823 0.0126 -0.0280 -0.0049 0.3423 -0.9181
290.000 11.5510 0.1824 -0.0928 0.0116 -0.0297 -0.0041 0.3433 -0.9162
295.000 12.5295 0.1844 -0.1032 0.0107 -0.0313 -0.0032 0.3446 -0.9142
300.000 13.4697 0.1861 -0.1132 0.0099 -0.0330 -0.0026 0.3460 -0.9120
305.000 14.2215 0.1877 -0.1220 0.0098 -0.0349 -0.0027 0.3481 -0.9097
310.000 14.8925 0.1891 -0.1309 0.0099 -0.0369 -0.0032 0.3504 -0.9072
315.000 15.3655 0.1901 -0.1388 0.0100 -0.0387 -0.0038 0.3530 -0.9048
320.000 15.6390 0.1906 -0.1462 0.0101 -0.0404 -0.0043 0.3560 -0.9022
325.000 15.7516 0.1909 -0.1536 0.0103 -0.0421 -0.0050 0.3594 -0.8995
330.000 15.6800 0.1911 -0.1600 0.0113 -0.0441 -0.0063 0.3627 -0.8969
335.000 15.4205 0.1909 -0.1661 0.0126 -0.0462 -0.0080 0.3664 -0.8943
340.000 15.0501 0.1904 -0.1717 0.0141 -0.0484 -0.0099 0.3703 -0.8916
345.000 14.5912 0.1898 -0.1765 0.0157 -0.0503 -0.0121 0.3745 -0.8889
350.000 13.9965 0.1888 -0.1809 0.0175 -0.0521 -0.0145 0.3794 -0.8860
355.000 13.4299 0.1876 -0.1848 0.0198 -0.0541 -0.0174 0.3841 -0.8833
360.000 12.8073 0.1861 -0.1883 0.0225 -0.0562 -0.0207 0.3892 -0.8806
365.000 12.1473 0.1842 -0.1912 0.0255 -0.0582 -0.0244 0.3948 -0.8777
370.000 11.5388 0.1822 -0.1936 0.0289 -0.0602 -0.0287 0.4002 -0.8749
375.000 10.9133 0.1798 -0.1952 0.0327 -0.0621 -0.0335 0.4062 -0.8721
380.000 10.3140 0.1772 -0.1966 0.0367 -0.0640 -0.0385 0.4123 -0.8693
385.000 9.7532 0.1746 -0.1977 0.0408 -0.0659 -0.0434 0.4184 -0.8665
390.000 9.2011 0.1719 -0.1983 0.0451 -0.0678 -0.0486 0.4247 -0.8636
395.000 8.6924 0.1689 -0.1980 0.0500 -0.0695 -0.0547 0.4314 -0.8607
400.000 8.2072 0.1654 -0.1968 0.0554 -0.0711 -0.0615 0.4385 -0.8578
405.000 7.7424 0.1617 -0.1948 0.0614 -0.0727 -0.0691 0.4461 -0.8548
410.000 7.3136 0.1579 -0.1930 0.0681 -0.0748 -0.0769 0.4535 -0.8517
415.000 6.9067 0.1539 -0.1907 0.0756 -0.0773 -0.0854 0.4610 -0.8485
420.000 6.5249 0.1498 -0.1880 0.0834 -0.0797 -0.0944 0.4688 -0.8451
425.000 6.1730 0.1453 -0.1850 0.0912 -0.0815 -0.1038 0.4770 -0.8415
430.000 5.8433 0.1406 -0.1815 0.0993 -0.0830 -0.1138 0.4856 -0.8376
435.000 5.5302 0.1359 -0.1774 0.1080 -0.0848 -0.1243 0.4940 -0.8337
440.000 5.2317 0.1314 -0.1725 0.1174 -0.0869 -0.1354 0.5021 -0.8299
445.000 4.9476 0.1271 -0.1669 0.1274 -0.0891 -0.1472 0.5102 -0.8261
450.000 4.6795 0.1224 -0.1606 0.1383 -0.0913 -0.1598 0.5187 -0.8218
