145.000 0.0071 -0.0002 0.0218 -0.0065 0.0002 0.0066 0.9898 -0.1405
150.000 0.0443 -0.0002 0.0381 -0.0025 0.0000 0.0026 0.9875 -0.1530
155.000 0.0796 0.0000 0.0479 0.0004 -0.0001 -0.0004 0.9853 -0.1643
160.000 0.1216 0.0003 0.0535 0.0025 -0.0002 -0.0025 0.9832 -0.1745
165.000 0.1717 0.0006 0.0563 0.0041 -0.0003 -0.0041 0.9814 -0.1837
170.000 0.2307 0.0010 0.0570 0.0053 -0.0003 -0.0053 0.9797 -0.1922
175.000 0.2995 0.0015 0.0564 0.0063 -0.0003 -0.0062 0.9782 -0.2000
180.000 0.3787 0.0019 0.0547 0.0070 -0.0003 -0.0069 0.9767 -0.2073
185.000 0.4689 0.0024 0.0522 0.0075 -0.0004 -0.0075 0.9754 -0.2141
190.000 0.5707 0.0029 0.0493 0.0079 -0.0004 -0.0079 0.9741 -0.2205
195.000 0.6847 0.0035 0.0459 0.0082 -0.0004 -0.0082 0.9729 -0.2266
200.000 0.8121 0.0040 0.0422 0.0084 -0.0005 -0.0084 0.9717 -0.2323
205.000 0.9594 0.0045 0.0380 0.0084 -0.0005 -0.0084 0.9707 -0.2371
210.000 1.1261 0.0050 0.0336 0.0083 -0.0005 -0.0082 0.9698 -0.2413
215.000 1.3152 0.0055 0.0292 0.0080 -0.0006 -0.0080 0.9690 -0.2452
220.000 1.5289 0.0059 0.0249 0.0078 -0.0006 -0.0077 0.9682 -0.2487
225.000 1.7707 0.0064 0.0205 0.0075 -0.0007 -0.0074 0.9675 -0.2519
230.000 2.0473 0.0068 0.0159 0.0071 -0.0008 -0.0070 0.9669 -0.2546
235.000 2.3608 0.0072 0.0114 0.0066 -0.0008 -0.0066 0.9663 -0.2570
240.000 2.7161 0.0076 0.0070 0.0062 -0.0009 -0.0061 0.9659 -0.2589
245.000 3.1184 0.0080 0.0028 0.0057 -0.0010 -0.0057 0.9655 -0.2604
250.000 3.5698 0.0083 -0.0013 0.0053 -0.0011 -0.0052 0.9651 -0.2618
255.000 4.0702 0.0086 -0.0053 0.0048 -0.0011 -0.0047 0.9648 -0.2629
260.000 4.6315 0.0089 -0.0092 0.0044 -0.0012 -0.0043 0.9645 -0.2639
265.000 5.2406 0.0091 -0.0128 0.0040 -0.0013 -0.0039 0.9643 -0.2644
270.000 5.9157 0.0094 -0.0162 0.0036 -0.0014 -0.0035 0.9641 -0.2648
275.000 6.6419 0.0096 -0.0194 0.0033 -0.0015 -0.0033 0.9640 -0.2649
280.000 7.3864 0.0098 -0.0225 0.0031 -0.0016 -0.0030 0.9640 -0.2649
285.000 8.1905 0.0100 -0.0254 0.0030 -0.0017 -0.0029 0.9639 -0.2648
290.000 8.9523 0.0101 -0.0282 0.0028 -0.0018 -0.0027 0.9640 -0.2644
295.000 9.7150 0.0102 -0.0309 0.0027 -0.0019 -0.0026 0.9640 -0.2638
300.000 10.4505 0.0103 -0.0334 0.0026 -0.0019 -0.0025 0.9641 -0.2631
305.000 11.0424 0.0103 -0.0356 0.0027 -0.0021 -0.0026 0.9643 -0.2623
310.000 11.5749 0.0104 -0.0378 0.0030 -0.0022 -0.0029 0.9644 -0.2614
315.000 11.9606 0.0104 -0.0397 0.0032 -0.0023 -0.0031 0.9646 -0.2604
320.000 12.1984 0.0104 -0.0414 0.0034 -0.0024 -0.0034 0.9649 -0.2592
325.000 12.3158 0.0104 -0.0431 0.0037 -0.0024 -0.0036 0.9651 -0.2580
330.000 12.2873 0.0104 -0.0445 0.0041 -0.0025 -0.0041 0.9654 -0.2567
335.000 12.1147 0.0103 -0.0458 0.0047 -0.0027 -0.0047 0.9657 -0.2554
340.000 11.8569 0.0103 -0.0469 0.0054 -0.0028 -0.0053 0.9660 -0.2540
345.000 11.5318 0.0102 -0.0478 0.0060 -0.0029 -0.0060 0.9663 -0.2525
350.000 11.1040 0.0101 -0.0485 0.0068 -0.0030 -0.0068 0.9668 -0.2508
355.000 10.6945 0.0100 -0.0491 0.0076 -0.0031 -0.0076 0.9671 -0.2492
360.000 10.2410 0.0098 -0.0495 0.0086 -0.0032 -0.0086 0.9676 -0.2475
365.000 9.7576 0.0097 -0.0497 0.0097 -0.0032 -0.0097 0.9680 -0.2456
370.000 9.3116 0.0095 -0.0498 0.0109 -0.0033 -0.0109 0.9685 -0.2438
375.000 8.8514 0.0093 -0.0495 0.0123 -0.0034 -0.0123 0.9690 -0.2419
380.000 8.4084 0.0091 -0.0492 0.0136 -0.0035 -0.0137 0.9695 -0.2399
385.000 7.9915 0.0089 -0.0490 0.0149 -0.0036 -0.0150 0.9700 -0.2380
390.000 7.5786 0.0087 -0.0486 0.0163 -0.0036 -0.0163 0.9705 -0.2360
395.000 7.1998 0.0085 -0.0478 0.0178 -0.0037 -0.0179 0.9710 -0.2339
400.000 6.8385 0.0082 -0.0466 0.0195 -0.0037 -0.0196 0.9716 -0.2317
405.000 6.4917 0.0080 -0.0452 0.0214 -0.0038 -0.0215 0.9722 -0.2294
410.000 6.1688 0.0077 -0.0440 0.0234 -0.0039 -0.0235 0.9728 -0.2271
415.000 5.8602 0.0074 -0.0427 0.0257 -0.0040 -0.0258 0.9734 -0.2248
420.000 5.5694 0.0071 -0.0413 0.0280 -0.0041 -0.0281 0.9740 -0.2225
425.000 5.3016 0.0068 -0.0398 0.0302 -0.0041 -0.0304 0.9746 -0.2201
430.000 5.0499 0.0065 -0.0380 0.0325 -0.0041 -0.0327 0.9753 -0.2175
435.000 4.8099 0.0062 -0.0362 0.0350 -0.0042 -0.0352 0.9759 -0.2150
440.000 4.5802 0.0060 -0.0342 0.0377 -0.0042 -0.0379 0.9765 -0.2127
445.000 4.3606 0.0057 -0.0319 0.0406 -0.0043 -0.0408 0.9771 -0.2103
450.000 4.1500 0.0054 -0.0295 0.0436 -0.0044 -0.0438 0.9777 -0.2078
