145.000 0.0054 -0.1365 0.4674 -0.0807 0.1220 0.1078 -0.5724 -0.6445
150.000 0.0422 -0.1016 0.5204 -0.0373 0.0436 0.0594 -0.6551 -0.5345
155.000 0.0899 -0.0587 0.5233 -0.0135 0.0066 0.0287 -0.7080 -0.4700
160.000 0.1565 -0.0185 0.5094 0.0019 -0.0106 0.0091 -0.7432 -0.4331
165.000 0.2445 0.0178 0.4896 0.0133 -0.0180 -0.0037 -0.7680 -0.4123
170.000 0.3563 0.0509 0.4674 0.0223 -0.0203 -0.0122 -0.7862 -0.4009
175.000 0.4945 0.0812 0.4444 0.0297 -0.0200 -0.0179 -0.7999 -0.3953
180.000 0.6615 0.1095 0.4211 0.0359 -0.0185 -0.0215 -0.8104 -0.3929
185.000 0.8600 0.1359 0.3979 0.0412 -0.0166 -0.0237 -0.8186 -0.3925
190.000 1.0930 0.1609 0.3748 0.0456 -0.0147 -0.0248 -0.8249 -0.3931
195.000 1.3637 0.1846 0.3520 0.0493 -0.0131 -0.0251 -0.8297 -0.3940
200.000 1.6758 0.2070 0.3297 0.0523 -0.0119 -0.0248 -0.8333 -0.3949
205.000 2.0370 0.2287 0.3082 0.0547 -0.0107 -0.0240 -0.8355 -0.3962
210.000 2.4510 0.2494 0.2874 0.0565 -0.0100 -0.0229 -0.8367 -0.3972
215.000 2.9266 0.2688 0.2671 0.0577 -0.0092 -0.0212 -0.8369 -0.3985
220.000 3.4719 0.2872 0.2474 0.0584 -0.0086 -0.0192 -0.8364 -0.3996
225.000 4.0947 0.3046 0.2282 0.0588 -0.0084 -0.0169 -0.8353 -0.4007
230.000 4.8066 0.3216 0.2098 0.0589 -0.0084 -0.0144 -0.8332 -0.4019
235.000 5.6196 0.3378 0.1919 0.0586 -0.0090 -0.0118 -0.8307 -0.4027
240.000 6.5356 0.3531 0.1747 0.0581 -0.0095 -0.0090 -0.8277 -0.4038
245.000 7.5735 0.3674 0.1580 0.0573 -0.0104 -0.0060 -0.8244 -0.4045
250.000 8.7400 0.3810 0.1419 0.0562 -0.0115 -0.0031 -0.8208 -0.4051
255.000 10.0349 0.3940 0.1262 0.0548 -0.0127 -0.0001 -0.8167 -0.4058
260.000 11.4967 0.4064 0.1110 0.0532 -0.0145 0.0027 -0.8125 -0.4061
265.000 13.0570 0.4181 0.0964 0.0515 -0.0161 0.0058 -0.8080 -0.4067
270.000 14.7779 0.4292 0.0821 0.0496 -0.0181 0.0087 -0.8034 -0.4069
275.000 16.6215 0.4397 0.0682 0.0475 -0.0204 0.0115 -0.7988 -0.4069
280.000 18.4972 0.4497 0.0548 0.0452 -0.0226 0.0143 -0.7940 -0.4071
285.000 20.5251 0.4592 0.0414 0.0426 -0.0254 0.0168 -0.7892 -0.4067
290.000 22.4000 0.4677 0.0287 0.0401 -0.0279 0.0196 -0.7845 -0.4068
295.000 24.2504 0.4757 0.0160 0.0375 -0.0306 0.0224 -0.7798 -0.4066
300.000 26.0203 0.4833 0.0036 0.0348 -0.0335 0.0251 -0.7752 -0.4061
305.000 27.4166 0.4906 -0.0082 0.0321 -0.0369 0.0275 -0.7704 -0.4058
310.000 28.6517 0.4978 -0.0201 0.0293 -0.0409 0.0297 -0.7655 -0.4051
315.000 29.4901 0.5042 -0.0317 0.0263 -0.0448 0.0318 -0.7608 -0.4045
320.000 29.9275 0.5102 -0.0432 0.0232 -0.0487 0.0338 -0.7561 -0.4039
325.000 30.0488 0.5160 -0.0552 0.0198 -0.0529 0.0358 -0.7514 -0.4030
330.000 29.8255 0.5213 -0.0663 0.0163 -0.0571 0.0374 -0.7468 -0.4021
335.000 29.2386 0.5266 -0.0778 0.0127 -0.0616 0.0390 -0.7420 -0.4011
340.000 28.4451 0.5314 -0.0891 0.0090 -0.0664 0.0404 -0.7374 -0.3999
345.000 27.4836 0.5355 -0.1000 0.0054 -0.0713 0.0416 -0.7331 -0.3986
350.000 26.2533 0.5394 -0.1112 0.0017 -0.0764 0.0429 -0.7288 -0.3974
355.000 25.1019 0.5428 -0.1220 -0.0021 -0.0818 0.0438 -0.7247 -0.3958
360.000 23.8489 0.5460 -0.1327 -0.0061 -0.0873 0.0444 -0.7207 -0.3941
365.000 22.5297 0.5490 -0.1435 -0.0102 -0.0930 0.0448 -0.7166 -0.3925
370.000 21.3247 0.5515 -0.1539 -0.0141 -0.0990 0.0450 -0.7128 -0.3905
375.000 20.0921 0.5537 -0.1642 -0.0181 -0.1051 0.0451 -0.7090 -0.3886
380.000 18.9161 0.5556 -0.1745 -0.0222 -0.1116 0.0449 -0.7053 -0.3865
385.000 17.8181 0.5572 -0.1848 -0.0263 -0.1183 0.0444 -0.7018 -0.3842
390.000 16.7371 0.5584 -0.1951 -0.0306 -0.1253 0.0437 -0.6982 -0.3820
395.000 15.7560 0.5594 -0.2055 -0.0349 -0.1325 0.0428 -0.6949 -0.3793
400.000 14.8291 0.5601 -0.2158 -0.0393 -0.1401 0.0416 -0.6916 -0.3764
405.000 13.9476 0.5606 -0.2262 -0.0439 -0.1479 0.0403 -0.6882 -0.3733
410.000 13.1412 0.5608 -0.2364 -0.0486 -0.1559 0.0384 -0.6850 -0.3701
415.000 12.3816 0.5609 -0.2467 -0.0535 -0.1641 0.0362 -0.6816 -0.3668
420.000 11.6695 0.5607 -0.2571 -0.0586 -0.1726 0.0337 -0.6781 -0.3635
425.000 11.0082 0.5602 -0.2679 -0.0637 -0.1815 0.0311 -0.6744 -0.3601
430.000 10.3864 0.5595 -0.2791 -0.0691 -0.1908 0.0284 -0.6703 -0.3568
435.000 9.8073 0.5586 -0.2901 -0.0747 -0.2005 0.0250 -0.6664 -0.3528
440.000 9.2678 0.5575 -0.3009 -0.0805 -0.2106 0.0210 -0.6626 -0.3482
445.000 8.7619 0.5563 -0.3114 -0.0866 -0.2212 0.0163 -0.6588 -0.3432
450.000 8.2894 0.5553 -0.3224 -0.0931 -0.2318 0.0118 -0.6546 -0.3376
