145.000 0.0008 -0.0456 0.0181 -0.0029 -0.0001 0.0029 0.6850 0.7268
150.000 0.0209 -0.1092 0.3699 -0.0200 -0.0096 0.0200 -0.7915 -0.4741
155.000 0.0755 -0.0293 0.4120 -0.0023 -0.0125 0.0027 -0.6447 -0.6431
160.000 0.1617 0.0329 0.4369 0.0152 -0.0140 -0.0139 -0.6080 -0.6620
165.000 0.2638 0.0716 0.4279 0.0262 -0.0143 -0.0236 -0.5966 -0.6751
170.000 0.3832 0.1030 0.4119 0.0342 -0.0141 -0.0302 -0.5930 -0.6841
175.000 0.5209 0.1300 0.3928 0.0399 -0.0134 -0.0345 -0.5927 -0.6912
180.000 0.6787 0.1536 0.3718 0.0438 -0.0124 -0.0370 -0.5939 -0.6970
185.000 0.8592 0.1747 0.3496 0.0462 -0.0112 -0.0382 -0.5958 -0.7020
190.000 1.0655 0.1939 0.3267 0.0473 -0.0097 -0.0383 -0.5980 -0.7062
195.000 1.3017 0.2116 0.3036 0.0473 -0.0080 -0.0376 -0.6003 -0.7096
200.000 1.5723 0.2280 0.2803 0.0463 -0.0061 -0.0364 -0.6025 -0.7122
205.000 1.8827 0.2436 0.2571 0.0446 -0.0042 -0.0348 -0.6046 -0.7140
210.000 2.2391 0.2584 0.2343 0.0422 -0.0023 -0.0329 -0.6064 -0.7150
215.000 2.6482 0.2726 0.2119 0.0392 -0.0003 -0.0308 -0.6081 -0.7153
220.000 3.1178 0.2863 0.1901 0.0358 0.0016 -0.0287 -0.6095 -0.7148
225.000 3.6564 0.2995 0.1689 0.0320 0.0035 -0.0265 -0.6106 -0.7136
230.000 4.2735 0.3124 0.1484 0.0278 0.0052 -0.0243 -0.6113 -0.7119
235.000 4.9791 0.3249 0.1287 0.0234 0.0069 -0.0221 -0.6118 -0.7097
240.000 5.7839 0.3371 0.1098 0.0188 0.0084 -0.0201 -0.6119 -0.7070
245.000 6.6985 0.3489 0.0917 0.0141 0.0097 -0.0181 -0.6117 -0.7040
250.000 7.7330 0.3603 0.0743 0.0092 0.0109 -0.0162 -0.6111 -0.7007
255.000 8.8962 0.3714 0.0578 0.0043 0.0119 -0.0145 -0.6102 -0.6972
260.000 10.1940 0.3820 0.0420 -0.0006 0.0127 -0.0129 -0.6089 -0.6937
265.000 11.6278 0.3923 0.0269 -0.0056 0.0132 -0.0115 -0.6074 -0.6901
270.000 13.1923 0.4022 0.0126 -0.0105 0.0136 -0.0102 -0.6055 -0.6865
275.000 14.8727 0.4116 -0.0011 -0.0154 0.0138 -0.0091 -0.6034 -0.6829
280.000 16.6424 0.4206 -0.0140 -0.0202 0.0137 -0.0082 -0.6012 -0.6794
285.000 18.4590 0.4293 -0.0260 -0.0248 0.0134 -0.0076 -0.5991 -0.6757
290.000 20.2635 0.4377 -0.0366 -0.0292 0.0130 -0.0075 -0.5975 -0.6714
295.000 21.9920 0.4457 -0.0456 -0.0331 0.0123 -0.0078 -0.5962 -0.6668
300.000 23.5912 0.4531 -0.0547 -0.0371 0.0113 -0.0081 -0.5939 -0.6635
305.000 24.9939 0.4597 -0.0644 -0.0413 0.0102 -0.0084 -0.5905 -0.6614
310.000 26.1275 0.4657 -0.0741 -0.0455 0.0089 -0.0088 -0.5866 -0.6599
315.000 26.9394 0.4712 -0.0834 -0.0496 0.0073 -0.0094 -0.5825 -0.6588
320.000 27.4031 0.4762 -0.0924 -0.0536 0.0056 -0.0102 -0.5784 -0.6579
325.000 27.5168 0.4809 -0.1008 -0.0574 0.0037 -0.0113 -0.5741 -0.6574
330.000 27.3032 0.4851 -0.1089 -0.0611 0.0017 -0.0126 -0.5697 -0.6571
335.000 26.8039 0.4889 -0.1168 -0.0647 -0.0006 -0.0142 -0.5652 -0.6572
340.000 26.0703 0.4923 -0.1243 -0.0682 -0.0031 -0.0161 -0.5606 -0.6575
345.000 25.1571 0.4951 -0.1316 -0.0715 -0.0058 -0.0184 -0.5560 -0.6582
350.000 24.1171 0.4974 -0.1387 -0.0747 -0.0088 -0.0209 -0.5512 -0.6592
355.000 22.9975 0.4993 -0.1455 -0.0778 -0.0119 -0.0238 -0.5464 -0.6605
360.000 21.8376 0.5007 -0.1521 -0.0807 -0.0153 -0.0271 -0.5415 -0.6622
365.000 20.6689 0.5017 -0.1586 -0.0835 -0.0189 -0.0307 -0.5365 -0.6641
370.000 19.5151 0.5022 -0.1649 -0.0861 -0.0227 -0.0347 -0.5314 -0.6663
375.000 18.3932 0.5022 -0.1710 -0.0886 -0.0268 -0.0391 -0.5262 -0.6688
380.000 17.3148 0.5018 -0.1770 -0.0908 -0.0310 -0.0439 -0.5209 -0.6715
385.000 16.2872 0.5009 -0.1828 -0.0929 -0.0356 -0.0492 -0.5154 -0.6745
390.000 15.3143 0.4997 -0.1885 -0.0948 -0.0404 -0.0550 -0.5098 -0.6777
395.000 14.3977 0.4980 -0.1941 -0.0965 -0.0454 -0.0612 -0.5040 -0.6810
400.000 13.5370 0.4960 -0.1995 -0.0980 -0.0508 -0.0679 -0.4981 -0.6845
405.000 12.7312 0.4936 -0.2049 -0.0993 -0.0564 -0.0752 -0.4920 -0.6881
410.000 11.9778 0.4908 -0.2101 -0.1004 -0.0623 -0.0830 -0.4857 -0.6917
415.000 11.2746 0.4877 -0.2153 -0.1012 -0.0685 -0.0915 -0.4791 -0.6953
420.000 10.6185 0.4843 -0.2203 -0.1018 -0.0750 -0.1005 -0.4723 -0.6989
425.000 10.0067 0.4806 -0.2253 -0.1021 -0.0818 -0.1102 -0.4652 -0.7024
430.000 9.4362 0.4767 -0.2301 -0.1021 -0.0889 -0.1205 -0.4578 -0.7058
435.000 8.9043 0.4726 -0.2350 -0.1019 -0.0964 -0.1316 -0.4501 -0.7090
440.000 8.4082 0.4684 -0.2397 -0.1015 -0.1041 -0.1433 -0.4421 -0.7118
445.000 7.9454 0.4640 -0.2444 -0.1008 -0.1122 -0.1557 -0.4336 -0.7143
450.000 7.5135 0.4596 -0.2491 -0.0999 -0.1205 -0.1689 -0.4248 -0.7164
