145.000 0.0019 -0.0149 0.0067 -0.0011 0.0000 0.0011 0.8954 0.4450
150.000 0.0387 -0.0530 0.1864 -0.0167 -0.0042 0.0168 0.1645 0.9672
155.000 0.1067 -0.0268 0.2788 -0.0141 -0.0073 0.0143 -0.0251 0.9596
160.000 0.2125 0.0074 0.3304 -0.0051 -0.0086 0.0059 -0.0904 0.9394
165.000 0.3377 0.0304 0.3464 0.0024 -0.0086 -0.0008 -0.1219 0.9296
170.000 0.4840 0.0494 0.3541 0.0092 -0.0080 -0.0065 -0.1422 0.9230
175.000 0.6519 0.0658 0.3584 0.0155 -0.0068 -0.0117 -0.1572 0.9179
180.000 0.8424 0.0803 0.3610 0.0215 -0.0051 -0.0164 -0.1695 0.9136
185.000 1.0575 0.0935 0.3630 0.0274 -0.0030 -0.0209 -0.1803 0.9096
190.000 1.2993 0.1057 0.3645 0.0331 -0.0006 -0.0253 -0.1906 0.9056
195.000 1.5707 0.1173 0.3660 0.0389 0.0021 -0.0297 -0.2008 0.9015
200.000 1.8751 0.1286 0.3674 0.0446 0.0051 -0.0341 -0.2111 0.8971
205.000 2.2164 0.1398 0.3688 0.0503 0.0082 -0.0386 -0.2219 0.8923
210.000 2.5989 0.1510 0.3702 0.0559 0.0114 -0.0432 -0.2331 0.8871
215.000 3.0276 0.1624 0.3717 0.0615 0.0146 -0.0479 -0.2448 0.8814
220.000 3.5080 0.1740 0.3730 0.0670 0.0179 -0.0526 -0.2571 0.8751
225.000 4.0461 0.1859 0.3744 0.0724 0.0211 -0.0574 -0.2698 0.8683
230.000 4.6485 0.1982 0.3755 0.0776 0.0241 -0.0622 -0.2830 0.8609
235.000 5.3218 0.2108 0.3765 0.0826 0.0271 -0.0671 -0.2965 0.8529
240.000 6.0730 0.2238 0.3773 0.0873 0.0298 -0.0718 -0.3103 0.8443
245.000 6.9084 0.2370 0.3778 0.0917 0.0323 -0.0765 -0.3242 0.8351
250.000 7.8338 0.2505 0.3780 0.0958 0.0346 -0.0810 -0.3383 0.8254
255.000 8.8528 0.2642 0.3779 0.0996 0.0366 -0.0854 -0.3525 0.8151
260.000 9.9667 0.2781 0.3774 0.1029 0.0383 -0.0897 -0.3666 0.8043
265.000 11.1721 0.2921 0.3765 0.1058 0.0398 -0.0937 -0.3806 0.7930
270.000 12.4601 0.3062 0.3751 0.1084 0.0409 -0.0975 -0.3945 0.7813
275.000 13.8145 0.3204 0.3733 0.1104 0.0417 -0.1010 -0.4082 0.7692
280.000 15.2111 0.3344 0.3711 0.1121 0.0422 -0.1043 -0.4214 0.7568
285.000 16.6184 0.3483 0.3685 0.1133 0.0423 -0.1074 -0.4339 0.7444
290.000 18.0000 0.3618 0.3661 0.1142 0.0421 -0.1104 -0.4449 0.7323
295.000 19.3024 0.3749 0.3640 0.1149 0.0415 -0.1132 -0.4547 0.7203
300.000 20.4429 0.3880 0.3612 0.1151 0.0407 -0.1158 -0.4652 0.7076
305.000 21.3595 0.4013 0.3572 0.1146 0.0395 -0.1179 -0.4768 0.6940
310.000 22.0199 0.4145 0.3522 0.1135 0.0381 -0.1195 -0.4886 0.6801
315.000 22.4019 0.4274 0.3467 0.1120 0.0363 -0.1208 -0.4999 0.6662
320.000 22.4980 0.4401 0.3407 0.1100 0.0342 -0.1218 -0.5108 0.6523
325.000 22.3132 0.4524 0.3343 0.1077 0.0318 -0.1226 -0.5211 0.6384
330.000 21.8778 0.4645 0.3274 0.1049 0.0291 -0.1231 -0.5310 0.6246
335.000 21.2349 0.4762 0.3199 0.1016 0.0261 -0.1234 -0.5404 0.6109
340.000 20.4305 0.4876 0.3120 0.0980 0.0228 -0.1233 -0.5494 0.5974
345.000 19.5111 0.4987 0.3034 0.0938 0.0191 -0.1230 -0.5581 0.5841
350.000 18.5195 0.5094 0.2943 0.0892 0.0150 -0.1223 -0.5663 0.5709
355.000 17.4927 0.5199 0.2846 0.0842 0.0106 -0.1214 -0.5742 0.5580
360.000 16.4601 0.5300 0.2743 0.0787 0.0058 -0.1201 -0.5817 0.5452
365.000 15.4444 0.5398 0.2634 0.0727 0.0007 -0.1186 -0.5888 0.5327
370.000 14.4615 0.5493 0.2518 0.0663 -0.0048 -0.1168 -0.5956 0.5204
375.000 13.5223 0.5585 0.2396 0.0594 -0.0108 -0.1146 -0.6020 0.5084
380.000 12.6333 0.5675 0.2266 0.0519 -0.0171 -0.1121 -0.6081 0.4967
385.000 11.7979 0.5762 0.2129 0.0440 -0.0238 -0.1093 -0.6138 0.4851
390.000 11.0170 0.5846 0.1985 0.0356 -0.0310 -0.1062 -0.6191 0.4739
395.000 10.2899 0.5929 0.1832 0.0266 -0.0386 -0.1027 -0.6240 0.4629
400.000 9.6150 0.6009 0.1670 0.0171 -0.0468 -0.0988 -0.6284 0.4522
405.000 8.9897 0.6087 0.1500 0.0070 -0.0554 -0.0946 -0.6324 0.4417
410.000 8.4113 0.6164 0.1321 -0.0036 -0.0645 -0.0900 -0.6358 0.4314
415.000 7.8768 0.6239 0.1132 -0.0149 -0.0741 -0.0850 -0.6387 0.4213
420.000 7.3831 0.6313 0.0933 -0.0268 -0.0843 -0.0796 -0.6409 0.4114
425.000 6.9274 0.6386 0.0724 -0.0394 -0.0951 -0.0738 -0.6424 0.4016
430.000 6.5068 0.6458 0.0504 -0.0526 -0.1064 -0.0675 -0.6431 0.3920
435.000 6.1186 0.6530 0.0273 -0.0665 -0.1182 -0.0608 -0.6429 0.3824
440.000 5.7605 0.6601 0.0031 -0.0811 -0.1306 -0.0537 -0.6417 0.3729
445.000 5.4302 0.6672 -0.0221 -0.0964 -0.1436 -0.0460 -0.6395 0.3633
450.000 5.1255 0.6743 -0.0485 -0.1123 -0.1571 -0.0379 -0.6360 0.3536
