145.000 0.0059 -0.0880 0.3445 -0.0829 0.0783 0.1046 -0.1792 -0.9117
150.000 0.0427 -0.0692 0.4368 -0.0371 0.0271 0.0539 -0.2976 -0.8448
155.000 0.0873 -0.0388 0.4659 -0.0105 0.0011 0.0221 -0.3812 -0.7974
160.000 0.1478 -0.0071 0.4675 0.0065 -0.0116 0.0020 -0.4404 -0.7664
165.000 0.2266 0.0235 0.4561 0.0183 -0.0173 -0.0110 -0.4836 -0.7466
170.000 0.3261 0.0525 0.4383 0.0271 -0.0192 -0.0193 -0.5162 -0.7340
175.000 0.4482 0.0798 0.4170 0.0339 -0.0193 -0.0247 -0.5414 -0.7258
180.000 0.5954 0.1056 0.3938 0.0392 -0.0184 -0.0279 -0.5614 -0.7204
185.000 0.7700 0.1302 0.3697 0.0434 -0.0174 -0.0297 -0.5777 -0.7165
190.000 0.9747 0.1536 0.3453 0.0467 -0.0164 -0.0304 -0.5910 -0.7133
195.000 1.2123 0.1759 0.3208 0.0493 -0.0158 -0.0304 -0.6022 -0.7104
200.000 1.4860 0.1972 0.2966 0.0513 -0.0156 -0.0298 -0.6115 -0.7076
205.000 1.8029 0.2173 0.2730 0.0525 -0.0153 -0.0285 -0.6186 -0.7052
210.000 2.1662 0.2363 0.2501 0.0531 -0.0154 -0.0269 -0.6243 -0.7026
215.000 2.5844 0.2544 0.2278 0.0533 -0.0155 -0.0247 -0.6285 -0.7003
220.000 3.0647 0.2714 0.2060 0.0529 -0.0158 -0.0222 -0.6315 -0.6980
225.000 3.6140 0.2875 0.1850 0.0523 -0.0164 -0.0195 -0.6334 -0.6956
230.000 4.2419 0.3031 0.1646 0.0513 -0.0173 -0.0166 -0.6342 -0.6935
235.000 4.9588 0.3178 0.1449 0.0502 -0.0186 -0.0137 -0.6344 -0.6911
240.000 5.7690 0.3314 0.1260 0.0488 -0.0200 -0.0106 -0.6336 -0.6889
245.000 6.6886 0.3441 0.1079 0.0472 -0.0215 -0.0074 -0.6325 -0.6867
250.000 7.7231 0.3561 0.0905 0.0455 -0.0233 -0.0043 -0.6309 -0.6844
255.000 8.8724 0.3676 0.0735 0.0435 -0.0252 -0.0012 -0.6286 -0.6824
260.000 10.1700 0.3785 0.0571 0.0413 -0.0274 0.0016 -0.6262 -0.6800
265.000 11.5591 0.3885 0.0416 0.0391 -0.0297 0.0046 -0.6230 -0.6780
270.000 13.0930 0.3980 0.0266 0.0369 -0.0322 0.0073 -0.6199 -0.6759
275.000 14.7378 0.4069 0.0121 0.0346 -0.0350 0.0099 -0.6165 -0.6738
280.000 16.4147 0.4153 -0.0018 0.0322 -0.0378 0.0124 -0.6128 -0.6719
285.000 18.2277 0.4233 -0.0157 0.0296 -0.0409 0.0145 -0.6092 -0.6697
290.000 19.9102 0.4302 -0.0287 0.0272 -0.0439 0.0169 -0.6053 -0.6680
295.000 21.5735 0.4365 -0.0416 0.0248 -0.0470 0.0193 -0.6015 -0.6664
300.000 23.1657 0.4424 -0.0543 0.0223 -0.0504 0.0215 -0.5977 -0.6645
305.000 24.4260 0.4480 -0.0661 0.0200 -0.0540 0.0232 -0.5936 -0.6630
310.000 25.5415 0.4534 -0.0781 0.0175 -0.0581 0.0246 -0.5894 -0.6612
315.000 26.3036 0.4581 -0.0895 0.0151 -0.0622 0.0258 -0.5853 -0.6597
320.000 26.7080 0.4624 -0.1007 0.0126 -0.0662 0.0269 -0.5811 -0.6583
325.000 26.8286 0.4663 -0.1121 0.0100 -0.0704 0.0279 -0.5769 -0.6569
330.000 26.6398 0.4699 -0.1227 0.0076 -0.0747 0.0285 -0.5728 -0.6555
335.000 26.1250 0.4732 -0.1334 0.0052 -0.0792 0.0291 -0.5685 -0.6543
340.000 25.4222 0.4761 -0.1438 0.0029 -0.0839 0.0294 -0.5642 -0.6530
345.000 24.5665 0.4785 -0.1537 0.0007 -0.0887 0.0293 -0.5602 -0.6518
350.000 23.4702 0.4805 -0.1638 -0.0015 -0.0937 0.0292 -0.5559 -0.6509
355.000 22.4384 0.4821 -0.1733 -0.0036 -0.0988 0.0285 -0.5521 -0.6497
360.000 21.3137 0.4834 -0.1826 -0.0056 -0.1041 0.0276 -0.5482 -0.6488
365.000 20.1283 0.4844 -0.1919 -0.0076 -0.1096 0.0264 -0.5441 -0.6479
370.000 19.0422 0.4849 -0.2008 -0.0095 -0.1152 0.0247 -0.5405 -0.6470
375.000 17.9311 0.4852 -0.2096 -0.0114 -0.1209 0.0227 -0.5366 -0.6463
380.000 16.8692 0.4851 -0.2182 -0.0131 -0.1269 0.0203 -0.5329 -0.6456
385.000 15.8762 0.4846 -0.2266 -0.0146 -0.1331 0.0177 -0.5292 -0.6449
390.000 14.8990 0.4839 -0.2347 -0.0159 -0.1394 0.0148 -0.5253 -0.6445
395.000 14.0085 0.4828 -0.2429 -0.0173 -0.1461 0.0113 -0.5218 -0.6437
400.000 13.1656 0.4814 -0.2511 -0.0187 -0.1530 0.0074 -0.5184 -0.6429
405.000 12.3631 0.4796 -0.2592 -0.0200 -0.1601 0.0030 -0.5149 -0.6422
410.000 11.6266 0.4777 -0.2669 -0.0210 -0.1674 -0.0018 -0.5115 -0.6414
415.000 10.9319 0.4755 -0.2743 -0.0218 -0.1750 -0.0070 -0.5079 -0.6408
420.000 10.2810 0.4729 -0.2817 -0.0226 -0.1828 -0.0127 -0.5041 -0.6402
425.000 9.6780 0.4699 -0.2896 -0.0235 -0.1909 -0.0190 -0.5000 -0.6396
430.000 9.1123 0.4665 -0.2976 -0.0243 -0.1992 -0.0259 -0.4955 -0.6391
435.000 8.5815 0.4630 -0.3054 -0.0252 -0.2079 -0.0335 -0.4912 -0.6382
440.000 8.0828 0.4596 -0.3128 -0.0261 -0.2167 -0.0418 -0.4872 -0.6368
445.000 7.6128 0.4562 -0.3199 -0.0270 -0.2259 -0.0508 -0.4831 -0.6350
450.000 7.1756 0.4527 -0.3273 -0.0280 -0.2353 -0.0600 -0.4789 -0.6327
