145.000 0.0011 -0.0427 0.0149 -0.0025 -0.0001 0.0025 0.7041 0.7086
150.000 0.0260 -0.1184 0.3434 -0.0221 -0.0101 0.0222 -0.9157 0.1718
155.000 0.0871 -0.0389 0.4150 -0.0076 -0.0143 0.0082 -0.9056 -0.0772
160.000 0.1853 0.0306 0.4482 0.0093 -0.0160 -0.0075 -0.8831 -0.1347
165.000 0.3018 0.0738 0.4449 0.0205 -0.0162 -0.0171 -0.8774 -0.1631
170.000 0.4389 0.1087 0.4340 0.0292 -0.0157 -0.0238 -0.8758 -0.1811
175.000 0.5976 0.1383 0.4198 0.0359 -0.0146 -0.0285 -0.8759 -0.1942
180.000 0.7796 0.1640 0.4038 0.0412 -0.0130 -0.0316 -0.8767 -0.2047
185.000 0.9878 0.1868 0.3868 0.0451 -0.0110 -0.0336 -0.8779 -0.2135
190.000 1.2256 0.2074 0.3692 0.0480 -0.0088 -0.0347 -0.8790 -0.2212
195.000 1.4974 0.2263 0.3513 0.0500 -0.0063 -0.0352 -0.8801 -0.2282
200.000 1.8082 0.2439 0.3332 0.0511 -0.0036 -0.0352 -0.8808 -0.2344
205.000 2.1641 0.2606 0.3151 0.0515 -0.0008 -0.0349 -0.8812 -0.2401
210.000 2.5716 0.2765 0.2972 0.0513 0.0021 -0.0344 -0.8812 -0.2452
215.000 3.0386 0.2919 0.2794 0.0505 0.0049 -0.0338 -0.8807 -0.2498
220.000 3.5737 0.3069 0.2619 0.0492 0.0077 -0.0332 -0.8798 -0.2540
225.000 4.1867 0.3214 0.2448 0.0475 0.0103 -0.0325 -0.8783 -0.2578
230.000 4.8879 0.3357 0.2280 0.0453 0.0129 -0.0318 -0.8763 -0.2613
235.000 5.6891 0.3497 0.2117 0.0428 0.0152 -0.0311 -0.8738 -0.2644
240.000 6.6020 0.3635 0.1958 0.0400 0.0173 -0.0305 -0.8709 -0.2673
245.000 7.6389 0.3769 0.1804 0.0369 0.0192 -0.0299 -0.8675 -0.2700
250.000 8.8114 0.3901 0.1654 0.0335 0.0208 -0.0293 -0.8638 -0.2725
255.000 10.1294 0.4029 0.1510 0.0300 0.0222 -0.0288 -0.8596 -0.2748
260.000 11.5997 0.4154 0.1369 0.0262 0.0233 -0.0283 -0.8551 -0.2771
265.000 13.2241 0.4275 0.1234 0.0223 0.0241 -0.0279 -0.8504 -0.2793
270.000 14.9968 0.4393 0.1102 0.0182 0.0246 -0.0276 -0.8453 -0.2815
275.000 16.9017 0.4506 0.0975 0.0140 0.0248 -0.0273 -0.8401 -0.2836
280.000 18.9095 0.4616 0.0852 0.0097 0.0247 -0.0271 -0.8348 -0.2856
285.000 20.9750 0.4721 0.0737 0.0053 0.0243 -0.0270 -0.8294 -0.2871
290.000 23.0367 0.4823 0.0633 0.0012 0.0237 -0.0273 -0.8242 -0.2877
295.000 25.0219 0.4920 0.0543 -0.0027 0.0228 -0.0280 -0.8191 -0.2876
300.000 26.8555 0.5012 0.0450 -0.0069 0.0215 -0.0285 -0.8137 -0.2888
305.000 28.4572 0.5098 0.0349 -0.0114 0.0200 -0.0289 -0.8080 -0.2914
310.000 29.7509 0.5179 0.0245 -0.0161 0.0183 -0.0292 -0.8022 -0.2945
315.000 30.6805 0.5256 0.0143 -0.0209 0.0162 -0.0295 -0.7964 -0.2977
320.000 31.2164 0.5327 0.0043 -0.0257 0.0139 -0.0300 -0.7907 -0.3009
325.000 31.3541 0.5396 -0.0054 -0.0304 0.0114 -0.0306 -0.7849 -0.3043
330.000 31.1201 0.5460 -0.0149 -0.0353 0.0087 -0.0314 -0.7792 -0.3077
335.000 30.5622 0.5520 -0.0243 -0.0402 0.0057 -0.0323 -0.7736 -0.3111
340.000 29.7383 0.5575 -0.0337 -0.0451 0.0024 -0.0333 -0.7681 -0.3146
345.000 28.7102 0.5626 -0.0429 -0.0501 -0.0012 -0.0345 -0.7627 -0.3181
350.000 27.5377 0.5673 -0.0521 -0.0551 -0.0051 -0.0359 -0.7574 -0.3217
355.000 26.2741 0.5715 -0.0613 -0.0602 -0.0093 -0.0374 -0.7523 -0.3253
360.000 24.9641 0.5753 -0.0705 -0.0653 -0.0138 -0.0392 -0.7472 -0.3290
365.000 23.6433 0.5788 -0.0796 -0.0705 -0.0185 -0.0411 -0.7422 -0.3328
370.000 22.3388 0.5818 -0.0888 -0.0757 -0.0236 -0.0433 -0.7373 -0.3366
375.000 21.0699 0.5844 -0.0981 -0.0809 -0.0290 -0.0457 -0.7325 -0.3404
380.000 19.8499 0.5867 -0.1074 -0.0862 -0.0347 -0.0483 -0.7278 -0.3443
385.000 18.6870 0.5886 -0.1168 -0.0915 -0.0407 -0.0511 -0.7231 -0.3481
390.000 17.5859 0.5902 -0.1264 -0.0969 -0.0472 -0.0542 -0.7184 -0.3520
395.000 16.5484 0.5914 -0.1360 -0.1023 -0.0539 -0.0575 -0.7137 -0.3558
400.000 15.5744 0.5924 -0.1458 -0.1078 -0.0611 -0.0612 -0.7090 -0.3596
405.000 14.6624 0.5930 -0.1557 -0.1133 -0.0686 -0.0651 -0.7043 -0.3632
410.000 13.8102 0.5934 -0.1659 -0.1189 -0.0766 -0.0694 -0.6995 -0.3668
415.000 13.0149 0.5936 -0.1762 -0.1245 -0.0849 -0.0739 -0.6945 -0.3702
420.000 12.2734 0.5935 -0.1867 -0.1302 -0.0937 -0.0788 -0.6895 -0.3735
425.000 11.5824 0.5933 -0.1974 -0.1359 -0.1030 -0.0841 -0.6842 -0.3765
430.000 10.9388 0.5929 -0.2084 -0.1417 -0.1126 -0.0897 -0.6786 -0.3793
435.000 10.3394 0.5924 -0.2196 -0.1476 -0.1228 -0.0956 -0.6727 -0.3818
440.000 9.7812 0.5918 -0.2312 -0.1535 -0.1334 -0.1019 -0.6665 -0.3840
445.000 9.2615 0.5912 -0.2429 -0.1596 -0.1444 -0.1086 -0.6599 -0.3858
450.000 8.7774 0.5906 -0.2550 -0.1657 -0.1558 -0.1156 -0.6527 -0.3872
