145.000 0.0004 -0.0086 0.0114 -0.0018 0.0000 0.0018 0.9411 0.3379
150.000 0.0135 -0.0142 0.1673 -0.0066 -0.0013 0.0066 0.7623 -0.6251
155.000 0.0548 -0.0027 0.1644 0.0021 -0.0015 -0.0021 0.8071 -0.5671
160.000 0.1150 0.0052 0.1754 0.0096 -0.0017 -0.0096 0.8081 -0.5623
165.000 0.1844 0.0103 0.1714 0.0142 -0.0018 -0.0141 0.8072 -0.5647
170.000 0.2632 0.0148 0.1644 0.0173 -0.0019 -0.0172 0.8050 -0.5698
175.000 0.3517 0.0188 0.1557 0.0194 -0.0018 -0.0192 0.8022 -0.5760
180.000 0.4506 0.0225 0.1458 0.0207 -0.0018 -0.0204 0.7992 -0.5827
185.000 0.5615 0.0261 0.1350 0.0212 -0.0017 -0.0209 0.7959 -0.5896
190.000 0.6861 0.0295 0.1236 0.0212 -0.0016 -0.0209 0.7925 -0.5965
195.000 0.8266 0.0328 0.1118 0.0206 -0.0015 -0.0203 0.7891 -0.6032
200.000 0.9852 0.0360 0.0997 0.0197 -0.0014 -0.0194 0.7855 -0.6098
205.000 1.1648 0.0391 0.0876 0.0184 -0.0012 -0.0182 0.7818 -0.6161
210.000 1.3684 0.0422 0.0755 0.0169 -0.0011 -0.0167 0.7781 -0.6222
215.000 1.5992 0.0452 0.0636 0.0151 -0.0009 -0.0151 0.7743 -0.6280
220.000 1.8610 0.0482 0.0518 0.0132 -0.0008 -0.0133 0.7704 -0.6336
225.000 2.1580 0.0511 0.0404 0.0112 -0.0006 -0.0114 0.7666 -0.6388
230.000 2.4943 0.0540 0.0293 0.0091 -0.0005 -0.0095 0.7627 -0.6438
235.000 2.8748 0.0569 0.0186 0.0070 -0.0003 -0.0076 0.7589 -0.6484
240.000 3.3042 0.0596 0.0083 0.0049 -0.0002 -0.0057 0.7552 -0.6527
245.000 3.7873 0.0623 -0.0015 0.0029 -0.0001 -0.0038 0.7516 -0.6567
250.000 4.3286 0.0649 -0.0108 0.0009 -0.0001 -0.0021 0.7481 -0.6604
255.000 4.9317 0.0674 -0.0197 -0.0010 0.0000 -0.0004 0.7447 -0.6637
260.000 5.5989 0.0698 -0.0281 -0.0028 0.0000 0.0011 0.7416 -0.6667
265.000 6.3301 0.0720 -0.0360 -0.0045 0.0000 0.0025 0.7386 -0.6693
270.000 7.1218 0.0742 -0.0433 -0.0060 0.0000 0.0038 0.7359 -0.6716
275.000 7.9657 0.0762 -0.0502 -0.0073 0.0000 0.0048 0.7334 -0.6736
280.000 8.8466 0.0780 -0.0565 -0.0085 -0.0001 0.0057 0.7312 -0.6754
285.000 9.7394 0.0797 -0.0622 -0.0094 -0.0002 0.0063 0.7290 -0.6771
290.000 10.6063 0.0814 -0.0669 -0.0099 -0.0004 0.0065 0.7267 -0.6789
295.000 11.4174 0.0830 -0.0707 -0.0101 -0.0005 0.0064 0.7243 -0.6808
300.000 12.1723 0.0843 -0.0742 -0.0101 -0.0007 0.0060 0.7228 -0.6819
305.000 12.8469 0.0851 -0.0776 -0.0100 -0.0009 0.0056 0.7222 -0.6821
310.000 13.3959 0.0857 -0.0807 -0.0097 -0.0012 0.0050 0.7222 -0.6816
315.000 13.7894 0.0861 -0.0834 -0.0092 -0.0014 0.0041 0.7225 -0.6809
320.000 14.0146 0.0863 -0.0856 -0.0083 -0.0017 0.0029 0.7232 -0.6799
325.000 14.0715 0.0863 -0.0872 -0.0073 -0.0020 0.0015 0.7243 -0.6786
330.000 13.9721 0.0861 -0.0884 -0.0059 -0.0023 -0.0001 0.7256 -0.6770
335.000 13.7376 0.0857 -0.0890 -0.0043 -0.0026 -0.0021 0.7273 -0.6751
340.000 13.3934 0.0851 -0.0893 -0.0024 -0.0030 -0.0044 0.7293 -0.6730
345.000 12.9662 0.0843 -0.0890 -0.0002 -0.0033 -0.0069 0.7316 -0.6706
350.000 12.4815 0.0832 -0.0884 0.0023 -0.0037 -0.0097 0.7343 -0.6678
355.000 11.9618 0.0820 -0.0873 0.0050 -0.0041 -0.0129 0.7372 -0.6648
360.000 11.4255 0.0806 -0.0857 0.0081 -0.0045 -0.0163 0.7405 -0.6615
365.000 10.8873 0.0790 -0.0838 0.0114 -0.0049 -0.0200 0.7441 -0.6579
370.000 10.3580 0.0772 -0.0814 0.0151 -0.0053 -0.0239 0.7479 -0.6539
375.000 9.8453 0.0753 -0.0787 0.0189 -0.0057 -0.0282 0.7521 -0.6497
380.000 9.3543 0.0732 -0.0755 0.0231 -0.0061 -0.0327 0.7564 -0.6451
385.000 8.8879 0.0710 -0.0720 0.0276 -0.0065 -0.0375 0.7610 -0.6403
390.000 8.4477 0.0687 -0.0682 0.0323 -0.0069 -0.0426 0.7658 -0.6351
395.000 8.0340 0.0662 -0.0639 0.0372 -0.0072 -0.0479 0.7708 -0.6297
400.000 7.6463 0.0637 -0.0594 0.0425 -0.0076 -0.0535 0.7759 -0.6239
405.000 7.2837 0.0610 -0.0545 0.0479 -0.0080 -0.0593 0.7812 -0.6179
410.000 6.9448 0.0583 -0.0494 0.0537 -0.0084 -0.0654 0.7866 -0.6116
415.000 6.6283 0.0555 -0.0439 0.0597 -0.0088 -0.0717 0.7921 -0.6049
420.000 6.3324 0.0527 -0.0381 0.0659 -0.0091 -0.0783 0.7977 -0.5980
425.000 6.0555 0.0499 -0.0321 0.0724 -0.0095 -0.0852 0.8033 -0.5908
430.000 5.7961 0.0471 -0.0257 0.0792 -0.0098 -0.0923 0.8090 -0.5834
435.000 5.5525 0.0442 -0.0192 0.0862 -0.0101 -0.0997 0.8147 -0.5756
440.000 5.3234 0.0414 -0.0124 0.0934 -0.0105 -0.1073 0.8204 -0.5677
445.000 5.1073 0.0386 -0.0053 0.1009 -0.0108 -0.1151 0.8260 -0.5594
450.000 4.9029 0.0358 0.0020 0.1086 -0.0110 -0.1232 0.8317 -0.5509
