145.000 0.0052 -0.1377 0.6184 -0.0039 0.1429 0.0177 -0.5751 0.4972
150.000 0.0434 -0.1017 0.5645 -0.0101 0.0569 0.0267 -0.6057 0.5479
155.000 0.0956 -0.0642 0.5272 -0.0103 0.0162 0.0227 -0.6339 0.5616
160.000 0.1689 -0.0308 0.5012 -0.0066 -0.0031 0.0160 -0.6583 0.5606
165.000 0.2659 -0.0010 0.4818 -0.0007 -0.0114 0.0090 -0.6796 0.5529
170.000 0.3884 0.0262 0.4663 0.0063 -0.0140 0.0024 -0.6985 0.5420
175.000 0.5385 0.0515 0.4530 0.0139 -0.0134 -0.0034 -0.7155 0.5294
180.000 0.7182 0.0755 0.4408 0.0215 -0.0110 -0.0084 -0.7308 0.5160
185.000 0.9298 0.0985 0.4292 0.0288 -0.0078 -0.0128 -0.7446 0.5023
190.000 1.1758 0.1206 0.4178 0.0358 -0.0043 -0.0165 -0.7570 0.4886
195.000 1.4589 0.1420 0.4065 0.0422 -0.0010 -0.0195 -0.7683 0.4752
200.000 1.7822 0.1626 0.3950 0.0481 0.0021 -0.0220 -0.7784 0.4620
205.000 2.1523 0.1825 0.3842 0.0536 0.0055 -0.0242 -0.7874 0.4487
210.000 2.5727 0.2017 0.3733 0.0584 0.0085 -0.0259 -0.7954 0.4359
215.000 3.0513 0.2206 0.3625 0.0630 0.0115 -0.0272 -0.8024 0.4234
220.000 3.5957 0.2389 0.3517 0.0672 0.0143 -0.0281 -0.8084 0.4115
225.000 4.2125 0.2568 0.3408 0.0709 0.0168 -0.0287 -0.8135 0.4001
230.000 4.9103 0.2744 0.3304 0.0744 0.0194 -0.0291 -0.8177 0.3888
235.000 5.7009 0.2916 0.3199 0.0774 0.0215 -0.0292 -0.8212 0.3781
240.000 6.5841 0.3084 0.3096 0.0803 0.0237 -0.0290 -0.8241 0.3674
245.000 7.5782 0.3247 0.2993 0.0827 0.0255 -0.0285 -0.8263 0.3571
250.000 8.6879 0.3406 0.2890 0.0848 0.0270 -0.0278 -0.8280 0.3472
255.000 9.9105 0.3560 0.2789 0.0866 0.0285 -0.0270 -0.8291 0.3378
260.000 11.2834 0.3709 0.2686 0.0878 0.0294 -0.0259 -0.8296 0.3290
265.000 12.7361 0.3854 0.2586 0.0890 0.0306 -0.0247 -0.8297 0.3202
270.000 14.3298 0.3995 0.2484 0.0897 0.0314 -0.0233 -0.8295 0.3118
275.000 16.0261 0.4131 0.2382 0.0901 0.0318 -0.0217 -0.8288 0.3039
280.000 17.7347 0.4262 0.2281 0.0902 0.0323 -0.0200 -0.8278 0.2961
285.000 19.5730 0.4391 0.2177 0.0898 0.0321 -0.0183 -0.8265 0.2889
290.000 21.2501 0.4511 0.2078 0.0893 0.0324 -0.0164 -0.8249 0.2820
295.000 22.8901 0.4629 0.1977 0.0886 0.0325 -0.0145 -0.8230 0.2754
300.000 24.4440 0.4745 0.1874 0.0874 0.0321 -0.0124 -0.8208 0.2692
305.000 25.6398 0.4858 0.1772 0.0861 0.0313 -0.0101 -0.8184 0.2631
310.000 26.6796 0.4971 0.1663 0.0842 0.0297 -0.0076 -0.8155 0.2573
315.000 27.3516 0.5077 0.1557 0.0821 0.0281 -0.0050 -0.8126 0.2521
320.000 27.6527 0.5179 0.1451 0.0800 0.0266 -0.0022 -0.8095 0.2472
325.000 27.6656 0.5282 0.1340 0.0774 0.0248 0.0007 -0.8059 0.2427
330.000 27.3736 0.5378 0.1232 0.0745 0.0226 0.0036 -0.8022 0.2388
335.000 26.7539 0.5476 0.1118 0.0712 0.0202 0.0066 -0.7981 0.2350
340.000 25.9589 0.5570 0.1003 0.0675 0.0173 0.0096 -0.7938 0.2317
345.000 25.0268 0.5657 0.0887 0.0635 0.0142 0.0127 -0.7895 0.2289
350.000 23.8605 0.5744 0.0765 0.0590 0.0110 0.0160 -0.7850 0.2263
355.000 22.7800 0.5824 0.0644 0.0541 0.0073 0.0192 -0.7803 0.2244
360.000 21.6163 0.5902 0.0520 0.0488 0.0033 0.0225 -0.7753 0.2229
365.000 20.4008 0.5979 0.0393 0.0433 -0.0009 0.0259 -0.7701 0.2216
370.000 19.2989 0.6050 0.0269 0.0376 -0.0055 0.0295 -0.7648 0.2210
375.000 18.1769 0.6120 0.0143 0.0317 -0.0103 0.0332 -0.7592 0.2205
380.000 17.1156 0.6187 0.0015 0.0253 -0.0155 0.0370 -0.7534 0.2206
385.000 16.1357 0.6249 -0.0117 0.0184 -0.0211 0.0406 -0.7475 0.2213
390.000 15.1775 0.6308 -0.0250 0.0111 -0.0270 0.0444 -0.7413 0.2222
395.000 14.3105 0.6364 -0.0384 0.0035 -0.0334 0.0481 -0.7349 0.2235
400.000 13.4928 0.6417 -0.0517 -0.0044 -0.0402 0.0519 -0.7284 0.2251
405.000 12.7162 0.6468 -0.0653 -0.0127 -0.0473 0.0558 -0.7217 0.2267
410.000 12.0106 0.6516 -0.0793 -0.0216 -0.0548 0.0597 -0.7145 0.2291
415.000 11.3475 0.6562 -0.0937 -0.0310 -0.0627 0.0637 -0.7070 0.2319
420.000 10.7290 0.6606 -0.1085 -0.0409 -0.0709 0.0679 -0.6992 0.2347
425.000 10.1602 0.6647 -0.1237 -0.0512 -0.0797 0.0722 -0.6911 0.2375
430.000 9.6286 0.6686 -0.1393 -0.0621 -0.0889 0.0768 -0.6826 0.2401
435.000 9.1379 0.6723 -0.1548 -0.0732 -0.0984 0.0813 -0.6737 0.2435
440.000 8.6849 0.6758 -0.1700 -0.0847 -0.1082 0.0859 -0.6641 0.2477
445.000 8.2631 0.6792 -0.1851 -0.0964 -0.1180 0.0904 -0.6541 0.2523
450.000 7.8710 0.6824 -0.2004 -0.1087 -0.1288 0.0950 -0.6437 0.2570
