145.000 0.0071 -0.0021 0.0667 -0.0202 0.0024 0.0209 0.9094 -0.4105
150.000 0.0441 -0.0021 0.1141 -0.0080 0.0004 0.0086 0.8894 -0.4427
155.000 0.0801 -0.0005 0.1418 0.0007 -0.0010 -0.0003 0.8706 -0.4711
160.000 0.1235 0.0020 0.1571 0.0070 -0.0019 -0.0067 0.8538 -0.4964
165.000 0.1757 0.0051 0.1640 0.0117 -0.0024 -0.0114 0.8389 -0.5190
170.000 0.2379 0.0086 0.1652 0.0151 -0.0027 -0.0149 0.8256 -0.5394
175.000 0.3107 0.0123 0.1624 0.0177 -0.0028 -0.0174 0.8136 -0.5581
180.000 0.3951 0.0162 0.1569 0.0197 -0.0029 -0.0193 0.8027 -0.5752
185.000 0.4919 0.0203 0.1493 0.0212 -0.0030 -0.0206 0.7925 -0.5910
190.000 0.6018 0.0245 0.1403 0.0223 -0.0032 -0.0216 0.7829 -0.6056
195.000 0.7256 0.0288 0.1303 0.0232 -0.0034 -0.0224 0.7738 -0.6193
200.000 0.8647 0.0331 0.1196 0.0238 -0.0037 -0.0228 0.7651 -0.6319
205.000 1.0255 0.0371 0.1077 0.0237 -0.0039 -0.0226 0.7579 -0.6424
210.000 1.2080 0.0408 0.0954 0.0233 -0.0042 -0.0221 0.7515 -0.6516
215.000 1.4156 0.0446 0.0831 0.0226 -0.0046 -0.0213 0.7455 -0.6598
220.000 1.6511 0.0483 0.0710 0.0219 -0.0050 -0.0205 0.7400 -0.6671
225.000 1.9181 0.0518 0.0589 0.0211 -0.0054 -0.0195 0.7350 -0.6736
230.000 2.2235 0.0552 0.0464 0.0199 -0.0059 -0.0183 0.7307 -0.6789
235.000 2.5700 0.0584 0.0340 0.0188 -0.0064 -0.0170 0.7267 -0.6836
240.000 2.9627 0.0613 0.0221 0.0175 -0.0070 -0.0157 0.7236 -0.6872
245.000 3.4076 0.0639 0.0106 0.0163 -0.0076 -0.0143 0.7208 -0.6901
250.000 3.9072 0.0664 -0.0004 0.0150 -0.0082 -0.0130 0.7184 -0.6924
255.000 4.4616 0.0688 -0.0112 0.0137 -0.0088 -0.0117 0.7164 -0.6942
260.000 5.0842 0.0712 -0.0216 0.0125 -0.0095 -0.0104 0.7143 -0.6958
265.000 5.7585 0.0731 -0.0313 0.0114 -0.0101 -0.0093 0.7131 -0.6965
270.000 6.5055 0.0750 -0.0405 0.0104 -0.0108 -0.0083 0.7122 -0.6967
275.000 7.3085 0.0766 -0.0492 0.0096 -0.0115 -0.0075 0.7116 -0.6966
280.000 8.1312 0.0781 -0.0574 0.0088 -0.0122 -0.0068 0.7113 -0.6961
285.000 9.0200 0.0796 -0.0654 0.0083 -0.0130 -0.0063 0.7110 -0.6955
290.000 9.8590 0.0806 -0.0729 0.0078 -0.0137 -0.0058 0.7114 -0.6942
295.000 10.6970 0.0814 -0.0802 0.0073 -0.0145 -0.0053 0.7120 -0.6927
300.000 11.5038 0.0821 -0.0872 0.0070 -0.0152 -0.0050 0.7127 -0.6910
305.000 12.1515 0.0827 -0.0933 0.0071 -0.0161 -0.0053 0.7137 -0.6891
310.000 12.7323 0.0833 -0.0993 0.0076 -0.0170 -0.0059 0.7149 -0.6869
315.000 13.1483 0.0836 -0.1046 0.0081 -0.0178 -0.0065 0.7163 -0.6846
320.000 13.3982 0.0837 -0.1095 0.0085 -0.0185 -0.0070 0.7180 -0.6821
325.000 13.5134 0.0836 -0.1144 0.0090 -0.0192 -0.0076 0.7199 -0.6793
330.000 13.4695 0.0835 -0.1185 0.0100 -0.0201 -0.0088 0.7217 -0.6766
335.000 13.2662 0.0832 -0.1224 0.0114 -0.0210 -0.0103 0.7237 -0.6737
340.000 12.9687 0.0828 -0.1258 0.0129 -0.0219 -0.0119 0.7259 -0.6708
345.000 12.5964 0.0823 -0.1285 0.0145 -0.0227 -0.0137 0.7283 -0.6677
350.000 12.1099 0.0817 -0.1309 0.0163 -0.0235 -0.0156 0.7311 -0.6642
355.000 11.6450 0.0809 -0.1329 0.0184 -0.0243 -0.0178 0.7338 -0.6609
360.000 11.1320 0.0799 -0.1345 0.0208 -0.0251 -0.0204 0.7367 -0.6574
365.000 10.5863 0.0788 -0.1357 0.0235 -0.0260 -0.0233 0.7399 -0.6536
370.000 10.0831 0.0776 -0.1364 0.0265 -0.0267 -0.0266 0.7431 -0.6499
375.000 9.5645 0.0763 -0.1364 0.0299 -0.0275 -0.0302 0.7466 -0.6461
380.000 9.0665 0.0748 -0.1363 0.0333 -0.0282 -0.0339 0.7501 -0.6421
385.000 8.5991 0.0734 -0.1361 0.0367 -0.0289 -0.0375 0.7536 -0.6382
390.000 8.1375 0.0720 -0.1356 0.0402 -0.0295 -0.0412 0.7571 -0.6342
395.000 7.7129 0.0703 -0.1341 0.0442 -0.0301 -0.0455 0.7609 -0.6301
400.000 7.3079 0.0685 -0.1318 0.0486 -0.0306 -0.0503 0.7650 -0.6257
405.000 6.9192 0.0665 -0.1288 0.0535 -0.0310 -0.0556 0.7694 -0.6211
410.000 6.5590 0.0645 -0.1262 0.0588 -0.0318 -0.0613 0.7736 -0.6166
415.000 6.2158 0.0625 -0.1233 0.0647 -0.0327 -0.0673 0.7777 -0.6120
420.000 5.8931 0.0604 -0.1201 0.0708 -0.0335 -0.0737 0.7820 -0.6073
425.000 5.5958 0.0582 -0.1166 0.0768 -0.0341 -0.0802 0.7865 -0.6022
430.000 5.3167 0.0559 -0.1127 0.0831 -0.0345 -0.0869 0.7912 -0.5969
435.000 5.0510 0.0536 -0.1083 0.0898 -0.0350 -0.0941 0.7957 -0.5918
440.000 4.7972 0.0514 -0.1034 0.0970 -0.0356 -0.1017 0.8001 -0.5867
445.000 4.5549 0.0493 -0.0980 0.1046 -0.0364 -0.1098 0.8044 -0.5818
450.000 4.3242 0.0470 -0.0921 0.1128 -0.0371 -0.1184 0.8090 -0.5763
