145.000 0.0058 0.0000 0.0000 -0.0001 0.0000 0.0001 1.0000 0.0000
150.000 0.0464 0.0000 0.0000 -0.0001 0.0000 0.0001 1.0000 0.0000
155.000 0.0976 0.0000 0.0000 -0.0001 0.0000 0.0001 1.0000 0.0000
160.000 0.1652 0.0000 0.0000 -0.0001 0.0000 0.0001 1.0000 0.0000
165.000 0.2500 0.0000 0.0000 -0.0001 0.0000 0.0001 1.0000 0.0000
170.000 0.3520 0.0000 0.0000 0.0000 0.0000 0.0000 1.0000 0.0000
175.000 0.4709 0.0000 0.0000 0.0000 0.0000 0.0000 1.0000 0.0000
180.000 0.6067 0.0000 0.0000 0.0000 0.0000 0.0000 1.0000 0.0000
185.000 0.7590 0.0000 0.0000 0.0000 0.0000 0.0000 1.0000 0.0000
190.000 0.9276 0.0000 0.0000 0.0000 0.0000 0.0000 1.0000 0.0000
195.000 1.1122 0.0000 0.0000 0.0000 0.0000 0.0000 1.0000 0.0000
200.000 1.3132 0.0000 0.0000 0.0000 0.0000 0.0000 1.0000 0.0000
205.000 1.5362 0.0000 0.0000 0.0000 0.0000 0.0000 1.0000 0.0000
210.000 1.7802 0.0000 0.0000 0.0000 0.0000 0.0000 1.0000 0.0000
215.000 2.0471 0.0000 0.0000 0.0000 0.0000 0.0000 1.0000 0.0000
220.000 2.3388 0.0000 0.0000 0.0000 0.0000 0.0000 1.0000 0.0000
225.000 2.6562 0.0000 0.0000 0.0000 0.0000 0.0000 1.0000 0.0000
230.000 2.9993 0.0000 0.0000 0.0000 0.0000 0.0000 1.0000 0.0000
235.000 3.3721 0.0000 0.0000 0.0000 0.0000 0.0000 1.0000 0.0000
240.000 3.7759 0.0000 0.0000 0.0000 0.0000 0.0000 1.0000 0.0000
245.000 4.2158 0.0000 0.0000 0.0000 0.0000 0.0000 1.0000 0.0000
250.000 4.6879 0.0000 0.0000 0.0000 0.0000 0.0000 1.0000 0.0000
255.000 5.1822 0.0000 0.0000 0.0000 0.0000 0.0000 1.0000 0.0000
260.000 5.7144 0.0000 0.0000 0.0000 0.0000 0.0000 1.0000 0.0000
265.000 6.2511 0.0000 0.0000 0.0000 0.0000 0.0000 1.0000 0.0000
270.000 6.8137 0.0000 0.0000 0.0000 0.0000 0.0000 1.0000 0.0000
275.000 7.3802 0.0000 0.0000 0.0000 0.0000 0.0000 1.0000 0.0000
280.000 7.9065 0.0000 0.0000 0.0000 0.0000 0.0000 1.0000 0.0000
285.000 8.4374 0.0000 0.0000 0.0000 0.0000 0.0000 1.0000 0.0000
290.000 8.8769 0.0000 0.0000 0.0000 0.0000 0.0000 1.0000 0.0000
295.000 9.2647 0.0000 0.0000 0.0000 0.0000 0.0000 1.0000 0.0000
300.000 9.5813 0.0000 0.0000 0.0000 0.0000 0.0000 1.0000 0.0000
305.000 9.7325 0.0000 0.0000 0.0000 0.0000 0.0000 1.0000 0.0000
310.000 9.7871 0.0000 0.0000 0.0000 0.0000 0.0000 1.0000 0.0000
315.000 9.7018 0.0000 0.0000 0.0000 0.0000 0.0000 1.0000 0.0000
320.000 9.4764 0.0000 0.0000 0.0000 0.0000 0.0000 1.0000 0.0000
325.000 9.1412 0.0000 0.0000 0.0000 0.0000 0.0000 1.0000 0.0000
330.000 8.7289 0.0000 0.0000 0.0001 0.0000 -0.0001 1.0000 0.0000
335.000 8.2165 0.0000 0.0000 0.0001 0.0000 -0.0001 1.0000 0.0001
340.000 7.6761 0.0000 0.0000 0.0001 0.0000 -0.0001 1.0000 0.0001
345.000 7.1324 0.0000 0.0000 0.0001 0.0000 -0.0001 1.0000 0.0001
350.000 6.5445 0.0000 0.0000 0.0001 0.0000 -0.0001 1.0000 0.0001
355.000 6.0162 0.0000 0.0000 0.0001 0.0000 -0.0001 1.0000 0.0001
360.000 5.4932 0.0000 0.0000 0.0001 0.0000 -0.0001 1.0000 0.0001
365.000 4.9824 0.0000 0.0000 0.0001 0.0000 -0.0001 1.0000 0.0001
370.000 4.5275 0.0000 0.0001 0.0001 0.0000 -0.0001 1.0000 0.0001
375.000 4.0916 0.0000 0.0001 0.0001 0.0000 -0.0001 1.0000 0.0001
380.000 3.6938 0.0000 0.0001 0.0001 0.0000 -0.0001 1.0000 0.0001
385.000 3.3373 0.0000 0.0001 0.0001 0.0000 -0.0001 1.0000 0.0001
390.000 3.0054 0.0000 0.0001 0.0001 0.0000 -0.0001 1.0000 0.0001
395.000 2.7110 0.0000 0.0001 0.0001 0.0000 -0.0001 1.0000 0.0001
400.000 2.4436 0.0000 0.0001 0.0001 0.0000 -0.0001 1.0000 0.0001
405.000 2.1995 0.0000 0.0001 0.0001 0.0000 -0.0001 1.0000 0.0001
410.000 1.9814 0.0000 0.0001 0.0001 0.0000 -0.0001 1.0000 0.0001
415.000 1.7833 0.0000 0.0001 0.0001 0.0000 -0.0001 1.0000 0.0001
420.000 1.6019 0.0000 0.0001 0.0001 0.0000 -0.0001 1.0000 0.0001
425.000 1.4346 0.0000 0.0001 0.0001 0.0000 -0.0001 1.0000 0.0001
430.000 1.2807 0.0000 0.0001 0.0001 0.0000 -0.0001 1.0000 0.0001
435.000 1.1457 0.0000 0.0001 0.0001 0.0000 -0.0001 1.0000 0.0001
440.000 1.0286 0.0000 0.0001 0.0001 0.0000 -0.0001 1.0000 0.0001
445.000 0.9253 0.0000 0.0001 0.0001 0.0000 -0.0001 1.0000 0.0001
450.000 0.8276 0.0000 0.0001 0.0001 0.0000 -0.0001 1.0000 0.0001
