145.000 0.0062 -0.0557 0.2688 -0.0736 0.0505 0.0897 0.1183 -0.9516
150.000 0.0431 -0.0457 0.3709 -0.0325 0.0167 0.0446 0.0002 -0.9269
155.000 0.0854 -0.0246 0.4123 -0.0074 -0.0015 0.0157 -0.0901 -0.9062
160.000 0.1414 -0.0005 0.4236 0.0091 -0.0109 -0.0029 -0.1580 -0.8919
165.000 0.2134 0.0241 0.4193 0.0204 -0.0152 -0.0150 -0.2099 -0.8829
170.000 0.3033 0.0483 0.4062 0.0287 -0.0169 -0.0229 -0.2505 -0.8775
175.000 0.4129 0.0717 0.3881 0.0348 -0.0171 -0.0280 -0.2831 -0.8742
180.000 0.5443 0.0943 0.3670 0.0395 -0.0167 -0.0311 -0.3099 -0.8722
185.000 0.6996 0.1162 0.3442 0.0431 -0.0161 -0.0329 -0.3324 -0.8707
190.000 0.8810 0.1373 0.3205 0.0459 -0.0157 -0.0336 -0.3516 -0.8692
195.000 1.0909 0.1576 0.2965 0.0479 -0.0157 -0.0336 -0.3683 -0.8675
200.000 1.3322 0.1771 0.2724 0.0494 -0.0159 -0.0331 -0.3828 -0.8654
205.000 1.6114 0.1952 0.2486 0.0499 -0.0161 -0.0318 -0.3943 -0.8636
210.000 1.9312 0.2124 0.2252 0.0500 -0.0166 -0.0301 -0.4041 -0.8615
215.000 2.2992 0.2288 0.2023 0.0495 -0.0171 -0.0279 -0.4120 -0.8593
220.000 2.7219 0.2444 0.1801 0.0487 -0.0179 -0.0254 -0.4184 -0.8569
225.000 3.2051 0.2591 0.1586 0.0476 -0.0189 -0.0227 -0.4236 -0.8542
230.000 3.7573 0.2732 0.1375 0.0463 -0.0201 -0.0198 -0.4273 -0.8516
235.000 4.3874 0.2865 0.1171 0.0447 -0.0217 -0.0169 -0.4303 -0.8487
240.000 5.1004 0.2988 0.0976 0.0429 -0.0233 -0.0138 -0.4320 -0.8460
245.000 5.9100 0.3101 0.0789 0.0411 -0.0251 -0.0107 -0.4332 -0.8432
250.000 6.8209 0.3207 0.0610 0.0390 -0.0271 -0.0076 -0.4337 -0.8403
255.000 7.8334 0.3309 0.0436 0.0368 -0.0291 -0.0047 -0.4332 -0.8375
260.000 8.9760 0.3406 0.0268 0.0345 -0.0315 -0.0020 -0.4327 -0.8344
265.000 10.2016 0.3494 0.0110 0.0323 -0.0338 0.0008 -0.4312 -0.8317
270.000 11.5558 0.3577 -0.0043 0.0301 -0.0364 0.0033 -0.4294 -0.8290
275.000 13.0087 0.3654 -0.0188 0.0279 -0.0392 0.0056 -0.4274 -0.8262
280.000 14.4916 0.3727 -0.0329 0.0256 -0.0420 0.0077 -0.4248 -0.8237
285.000 16.0945 0.3795 -0.0466 0.0234 -0.0451 0.0095 -0.4223 -0.8209
290.000 17.5860 0.3852 -0.0596 0.0212 -0.0481 0.0115 -0.4193 -0.8187
295.000 19.0622 0.3904 -0.0725 0.0191 -0.0512 0.0135 -0.4162 -0.8165
300.000 20.4761 0.3951 -0.0851 0.0170 -0.0544 0.0152 -0.4131 -0.8143
305.000 21.5975 0.3996 -0.0967 0.0151 -0.0579 0.0164 -0.4094 -0.8124
310.000 22.5910 0.4038 -0.1085 0.0133 -0.0618 0.0172 -0.4057 -0.8103
315.000 23.2729 0.4074 -0.1194 0.0115 -0.0656 0.0178 -0.4020 -0.8085
320.000 23.6397 0.4105 -0.1301 0.0097 -0.0693 0.0182 -0.3980 -0.8069
325.000 23.7554 0.4132 -0.1410 0.0079 -0.0731 0.0186 -0.3939 -0.8053
330.000 23.5964 0.4156 -0.1508 0.0066 -0.0771 0.0185 -0.3899 -0.8039
335.000 23.1489 0.4177 -0.1606 0.0053 -0.0814 0.0183 -0.3856 -0.8026
340.000 22.5336 0.4194 -0.1702 0.0042 -0.0858 0.0178 -0.3813 -0.8013
345.000 21.7826 0.4206 -0.1791 0.0032 -0.0901 0.0169 -0.3771 -0.8003
350.000 20.8193 0.4214 -0.1880 0.0023 -0.0946 0.0157 -0.3724 -0.7995
355.000 19.9094 0.4219 -0.1963 0.0016 -0.0992 0.0141 -0.3681 -0.7987
360.000 18.9163 0.4220 -0.2043 0.0012 -0.1040 0.0122 -0.3636 -0.7981
365.000 17.8685 0.4217 -0.2122 0.0009 -0.1089 0.0099 -0.3589 -0.7977
370.000 16.9067 0.4210 -0.2197 0.0008 -0.1139 0.0070 -0.3545 -0.7974
375.000 15.9220 0.4199 -0.2270 0.0007 -0.1189 0.0036 -0.3498 -0.7973
380.000 14.9807 0.4185 -0.2339 0.0010 -0.1241 -0.0002 -0.3451 -0.7973
385.000 14.1006 0.4168 -0.2405 0.0016 -0.1294 -0.0041 -0.3404 -0.7974
390.000 13.2353 0.4149 -0.2466 0.0025 -0.1349 -0.0084 -0.3354 -0.7977
395.000 12.4434 0.4125 -0.2527 0.0034 -0.1405 -0.0135 -0.3306 -0.7980
400.000 11.6921 0.4097 -0.2587 0.0045 -0.1463 -0.0193 -0.3258 -0.7983
405.000 10.9758 0.4065 -0.2644 0.0059 -0.1523 -0.0257 -0.3208 -0.7988
410.000 10.3178 0.4031 -0.2696 0.0079 -0.1586 -0.0324 -0.3159 -0.7993
415.000 9.6966 0.3995 -0.2743 0.0103 -0.1653 -0.0395 -0.3106 -0.8000
420.000 9.1148 0.3954 -0.2789 0.0130 -0.1721 -0.0474 -0.3051 -0.8007
425.000 8.5769 0.3908 -0.2839 0.0156 -0.1789 -0.0561 -0.2992 -0.8014
430.000 8.0729 0.3857 -0.2888 0.0184 -0.1857 -0.0656 -0.2928 -0.8023
435.000 7.5982 0.3807 -0.2933 0.0214 -0.1928 -0.0757 -0.2866 -0.8028
440.000 7.1498 0.3758 -0.2973 0.0247 -0.2001 -0.0865 -0.2807 -0.8029
445.000 6.7259 0.3710 -0.3007 0.0282 -0.2077 -0.0981 -0.2747 -0.8028
450.000 6.3315 0.3658 -0.3043 0.0320 -0.2156 -0.1103 -0.2687 -0.8024
