145.000 0.0011 -0.0406 0.0141 -0.0023 -0.0001 0.0023 0.7180 0.6947
150.000 0.0274 -0.1164 0.3316 -0.0222 -0.0099 0.0223 -0.8778 0.3254
155.000 0.0898 -0.0402 0.4095 -0.0089 -0.0142 0.0095 -0.9081 0.0760
160.000 0.1903 0.0288 0.4454 0.0075 -0.0159 -0.0057 -0.8947 0.0114
165.000 0.3096 0.0718 0.4441 0.0187 -0.0161 -0.0152 -0.8928 -0.0199
170.000 0.4500 0.1065 0.4350 0.0274 -0.0155 -0.0219 -0.8932 -0.0396
175.000 0.6124 0.1360 0.4226 0.0344 -0.0143 -0.0267 -0.8946 -0.0539
180.000 0.7988 0.1616 0.4084 0.0399 -0.0127 -0.0300 -0.8963 -0.0653
185.000 1.0118 0.1843 0.3932 0.0443 -0.0106 -0.0322 -0.8981 -0.0750
190.000 1.2549 0.2048 0.3774 0.0477 -0.0081 -0.0337 -0.8998 -0.0837
195.000 1.5325 0.2237 0.3613 0.0502 -0.0055 -0.0345 -0.9013 -0.0915
200.000 1.8497 0.2413 0.3450 0.0519 -0.0026 -0.0350 -0.9025 -0.0987
205.000 2.2123 0.2580 0.3286 0.0530 0.0004 -0.0351 -0.9033 -0.1054
210.000 2.6273 0.2740 0.3123 0.0535 0.0034 -0.0351 -0.9036 -0.1118
215.000 3.1022 0.2895 0.2962 0.0534 0.0065 -0.0350 -0.9034 -0.1178
220.000 3.6459 0.3046 0.2802 0.0528 0.0094 -0.0348 -0.9027 -0.1234
225.000 4.2680 0.3195 0.2645 0.0518 0.0123 -0.0345 -0.9015 -0.1288
230.000 4.9792 0.3340 0.2491 0.0503 0.0149 -0.0343 -0.8998 -0.1339
235.000 5.7911 0.3483 0.2340 0.0485 0.0174 -0.0341 -0.8975 -0.1389
240.000 6.7154 0.3623 0.2193 0.0463 0.0197 -0.0339 -0.8948 -0.1436
245.000 7.7646 0.3761 0.2049 0.0438 0.0217 -0.0337 -0.8916 -0.1482
250.000 8.9502 0.3897 0.1909 0.0410 0.0234 -0.0335 -0.8879 -0.1526
255.000 10.2820 0.4029 0.1772 0.0380 0.0248 -0.0334 -0.8839 -0.1570
260.000 11.7669 0.4158 0.1640 0.0347 0.0260 -0.0333 -0.8796 -0.1613
265.000 13.4065 0.4284 0.1510 0.0312 0.0268 -0.0332 -0.8749 -0.1655
270.000 15.1949 0.4406 0.1384 0.0276 0.0273 -0.0331 -0.8700 -0.1697
275.000 17.1156 0.4524 0.1262 0.0237 0.0275 -0.0330 -0.8648 -0.1739
280.000 19.1391 0.4638 0.1143 0.0197 0.0274 -0.0330 -0.8595 -0.1778
285.000 21.2205 0.4748 0.1030 0.0157 0.0270 -0.0332 -0.8541 -0.1812
290.000 23.2987 0.4853 0.0929 0.0118 0.0263 -0.0336 -0.8488 -0.1836
295.000 25.3004 0.4954 0.0840 0.0080 0.0253 -0.0343 -0.8435 -0.1852
300.000 27.1466 0.5050 0.0749 0.0040 0.0240 -0.0350 -0.8379 -0.1881
305.000 28.7554 0.5142 0.0648 -0.0004 0.0224 -0.0353 -0.8323 -0.1924
310.000 30.0519 0.5228 0.0544 -0.0051 0.0206 -0.0356 -0.8266 -0.1972
315.000 30.9808 0.5309 0.0441 -0.0098 0.0184 -0.0360 -0.8209 -0.2019
320.000 31.5129 0.5386 0.0340 -0.0147 0.0160 -0.0364 -0.8153 -0.2066
325.000 31.6434 0.5459 0.0241 -0.0195 0.0134 -0.0369 -0.8097 -0.2114
330.000 31.3994 0.5528 0.0144 -0.0245 0.0105 -0.0375 -0.8041 -0.2161
335.000 30.8298 0.5593 0.0047 -0.0295 0.0073 -0.0382 -0.7986 -0.2208
340.000 29.9931 0.5653 -0.0049 -0.0346 0.0038 -0.0391 -0.7932 -0.2255
345.000 28.9517 0.5709 -0.0145 -0.0398 0.0000 -0.0400 -0.7880 -0.2301
350.000 27.7657 0.5761 -0.0241 -0.0451 -0.0041 -0.0411 -0.7828 -0.2347
355.000 26.4890 0.5808 -0.0337 -0.0505 -0.0085 -0.0423 -0.7778 -0.2393
360.000 25.1664 0.5851 -0.0434 -0.0559 -0.0131 -0.0437 -0.7728 -0.2439
365.000 23.8338 0.5891 -0.0531 -0.0615 -0.0182 -0.0452 -0.7680 -0.2484
370.000 22.5182 0.5926 -0.0628 -0.0671 -0.0235 -0.0469 -0.7633 -0.2530
375.000 21.2393 0.5958 -0.0727 -0.0728 -0.0291 -0.0488 -0.7586 -0.2575
380.000 20.0100 0.5986 -0.0827 -0.0786 -0.0351 -0.0508 -0.7541 -0.2619
385.000 18.8389 0.6011 -0.0928 -0.0845 -0.0415 -0.0531 -0.7495 -0.2663
390.000 17.7303 0.6032 -0.1031 -0.0905 -0.0482 -0.0555 -0.7450 -0.2706
395.000 16.6862 0.6051 -0.1136 -0.0966 -0.0553 -0.0582 -0.7405 -0.2748
400.000 15.7064 0.6066 -0.1242 -0.1028 -0.0628 -0.0610 -0.7360 -0.2788
405.000 14.7893 0.6079 -0.1351 -0.1090 -0.0707 -0.0641 -0.7315 -0.2828
410.000 13.9326 0.6089 -0.1461 -0.1154 -0.0790 -0.0675 -0.7268 -0.2866
415.000 13.1335 0.6097 -0.1575 -0.1219 -0.0877 -0.0711 -0.7221 -0.2902
420.000 12.3887 0.6103 -0.1691 -0.1285 -0.0970 -0.0749 -0.7171 -0.2936
425.000 11.6950 0.6108 -0.1809 -0.1352 -0.1066 -0.0791 -0.7119 -0.2967
430.000 11.0491 0.6111 -0.1931 -0.1420 -0.1168 -0.0835 -0.7065 -0.2996
435.000 10.4479 0.6113 -0.2056 -0.1490 -0.1274 -0.0881 -0.7007 -0.3021
440.000 9.8884 0.6114 -0.2184 -0.1561 -0.1384 -0.0931 -0.6946 -0.3043
445.000 9.3676 0.6115 -0.2315 -0.1633 -0.1499 -0.0983 -0.6879 -0.3062
450.000 8.8830 0.6116 -0.2451 -0.1708 -0.1619 -0.1038 -0.6808 -0.3076
