145.000 0.0058 -0.0134 0.2508 0.0337 0.0177 -0.0343 0.7989 0.5462
150.000 0.0461 -0.0113 0.2196 0.0110 0.0089 -0.0106 0.7837 0.5809
155.000 0.0977 -0.0083 0.2069 0.0003 0.0036 0.0002 0.7689 0.6049
160.000 0.1664 -0.0052 0.2028 -0.0042 0.0006 0.0046 0.7555 0.6229
165.000 0.2533 -0.0020 0.2031 -0.0051 -0.0009 0.0055 0.7431 0.6376
170.000 0.3585 0.0013 0.2058 -0.0038 -0.0014 0.0042 0.7314 0.6502
175.000 0.4822 0.0048 0.2100 -0.0011 -0.0013 0.0017 0.7201 0.6613
180.000 0.6245 0.0084 0.2149 0.0024 -0.0008 -0.0017 0.7090 0.6716
185.000 0.7855 0.0122 0.2203 0.0065 -0.0001 -0.0055 0.6980 0.6812
190.000 0.9652 0.0161 0.2259 0.0108 0.0009 -0.0096 0.6871 0.6904
195.000 1.1638 0.0202 0.2314 0.0153 0.0018 -0.0138 0.6761 0.6993
200.000 1.3820 0.0245 0.2368 0.0198 0.0028 -0.0180 0.6651 0.7078
205.000 1.6251 0.0284 0.2423 0.0243 0.0040 -0.0223 0.6548 0.7154
210.000 1.8928 0.0323 0.2476 0.0288 0.0051 -0.0264 0.6449 0.7224
215.000 2.1882 0.0365 0.2529 0.0334 0.0064 -0.0308 0.6347 0.7294
220.000 2.5141 0.0411 0.2582 0.0382 0.0076 -0.0352 0.6242 0.7363
225.000 2.8718 0.0458 0.2633 0.0430 0.0089 -0.0396 0.6139 0.7429
230.000 3.2615 0.0506 0.2684 0.0481 0.0103 -0.0443 0.6041 0.7488
235.000 3.6885 0.0554 0.2732 0.0530 0.0117 -0.0490 0.5945 0.7544
240.000 4.1545 0.0604 0.2784 0.0583 0.0132 -0.0538 0.5848 0.7597
245.000 4.6662 0.0656 0.2834 0.0636 0.0148 -0.0587 0.5750 0.7649
250.000 5.2206 0.0709 0.2882 0.0689 0.0163 -0.0635 0.5654 0.7699
255.000 5.8084 0.0764 0.2928 0.0743 0.0179 -0.0685 0.5558 0.7746
260.000 6.4482 0.0821 0.2969 0.0794 0.0193 -0.0731 0.5463 0.7793
265.000 7.1016 0.0878 0.3015 0.0849 0.0210 -0.0783 0.5368 0.7835
270.000 7.7955 0.0937 0.3059 0.0904 0.0226 -0.0833 0.5271 0.7877
275.000 8.5055 0.0998 0.3102 0.0958 0.0243 -0.0883 0.5174 0.7918
280.000 9.1814 0.1060 0.3144 0.1014 0.0260 -0.0934 0.5075 0.7957
285.000 9.8776 0.1124 0.3182 0.1066 0.0275 -0.0982 0.4974 0.7998
290.000 10.4716 0.1187 0.3221 0.1122 0.0293 -0.1033 0.4879 0.8032
295.000 11.0143 0.1252 0.3259 0.1177 0.0311 -0.1084 0.4784 0.8064
300.000 11.4830 0.1319 0.3294 0.1232 0.0328 -0.1135 0.4689 0.8096
305.000 11.7604 0.1387 0.3327 0.1287 0.0346 -0.1186 0.4590 0.8128
310.000 11.9331 0.1460 0.3355 0.1340 0.0363 -0.1236 0.4486 0.8163
315.000 11.9379 0.1532 0.3382 0.1393 0.0380 -0.1284 0.4385 0.8193
320.000 11.7741 0.1608 0.3409 0.1447 0.0398 -0.1334 0.4284 0.8222
325.000 11.4789 0.1690 0.3433 0.1501 0.0417 -0.1382 0.4179 0.8250
330.000 11.0790 0.1770 0.3451 0.1553 0.0435 -0.1428 0.4075 0.8279
335.000 10.5512 0.1856 0.3466 0.1606 0.0456 -0.1474 0.3965 0.8308
340.000 9.9775 0.1944 0.3474 0.1655 0.0474 -0.1517 0.3855 0.8337
345.000 9.3839 0.2032 0.3477 0.1699 0.0489 -0.1557 0.3748 0.8364
350.000 8.7226 0.2127 0.3477 0.1743 0.0503 -0.1597 0.3637 0.8390
355.000 8.1236 0.2219 0.3466 0.1780 0.0517 -0.1630 0.3530 0.8417
360.000 7.5183 0.2314 0.3449 0.1817 0.0532 -0.1663 0.3424 0.8442
365.000 6.9173 0.2413 0.3427 0.1853 0.0547 -0.1696 0.3316 0.8467
370.000 6.3808 0.2514 0.3393 0.1878 0.0558 -0.1718 0.3208 0.8494
375.000 5.8586 0.2618 0.3353 0.1901 0.0569 -0.1738 0.3098 0.8519
380.000 5.3771 0.2724 0.3304 0.1916 0.0577 -0.1751 0.2989 0.8544
385.000 4.9412 0.2830 0.3244 0.1922 0.0582 -0.1754 0.2883 0.8570
390.000 4.5289 0.2938 0.3177 0.1925 0.0587 -0.1753 0.2778 0.8593
395.000 4.1628 0.3050 0.3097 0.1922 0.0591 -0.1747 0.2674 0.8616
400.000 3.8273 0.3166 0.3008 0.1915 0.0597 -0.1738 0.2571 0.8638
405.000 3.5177 0.3286 0.2908 0.1904 0.0604 -0.1725 0.2468 0.8657
410.000 3.2388 0.3407 0.2795 0.1875 0.0601 -0.1694 0.2367 0.8676
415.000 2.9823 0.3528 0.2670 0.1834 0.0595 -0.1653 0.2267 0.8692
420.000 2.7468 0.3657 0.2536 0.1783 0.0586 -0.1602 0.2161 0.8706
425.000 2.5318 0.3797 0.2390 0.1720 0.0572 -0.1539 0.2043 0.8715
430.000 2.3342 0.3947 0.2233 0.1645 0.0554 -0.1465 0.1916 0.8719
435.000 2.1565 0.4093 0.2053 0.1550 0.0530 -0.1374 0.1804 0.8719
440.000 1.9969 0.4232 0.1850 0.1435 0.0499 -0.1268 0.1713 0.8714
445.000 1.8521 0.4367 0.1630 0.1304 0.0464 -0.1147 0.1637 0.8704
450.000 1.7180 0.4515 0.1399 0.1162 0.0429 -0.1013 0.1557 0.8682
