145.000 0.0056 -0.0407 0.4136 0.0434 0.0513 -0.0446 0.4305 0.7995
150.000 0.0456 -0.0332 0.3629 0.0125 0.0244 -0.0100 0.3957 0.8427
155.000 0.0977 -0.0237 0.3400 -0.0016 0.0092 0.0040 0.3627 0.8673
160.000 0.1683 -0.0141 0.3300 -0.0067 0.0010 0.0088 0.3333 0.8830
165.000 0.2587 -0.0046 0.3268 -0.0068 -0.0029 0.0087 0.3066 0.8939
170.000 0.3696 0.0049 0.3272 -0.0040 -0.0043 0.0061 0.2819 0.9019
175.000 0.5016 0.0144 0.3296 0.0006 -0.0040 0.0020 0.2585 0.9079
180.000 0.6555 0.0242 0.3331 0.0063 -0.0027 -0.0029 0.2360 0.9126
185.000 0.8317 0.0341 0.3369 0.0125 -0.0008 -0.0082 0.2142 0.9162
190.000 1.0312 0.0442 0.3409 0.0190 0.0014 -0.0136 0.1930 0.9191
195.000 1.2547 0.0545 0.3446 0.0254 0.0037 -0.0191 0.1722 0.9213
200.000 1.5036 0.0650 0.3480 0.0318 0.0059 -0.0243 0.1520 0.9230
205.000 1.7829 0.0747 0.3516 0.0381 0.0085 -0.0295 0.1330 0.9239
210.000 2.0934 0.0842 0.3548 0.0441 0.0111 -0.0344 0.1148 0.9244
215.000 2.4403 0.0943 0.3578 0.0503 0.0138 -0.0393 0.0969 0.9244
220.000 2.8278 0.1049 0.3606 0.0565 0.0164 -0.0441 0.0791 0.9240
225.000 3.2583 0.1156 0.3629 0.0625 0.0190 -0.0488 0.0619 0.9232
230.000 3.7327 0.1263 0.3653 0.0688 0.0219 -0.0537 0.0458 0.9219
235.000 4.2587 0.1370 0.3672 0.0747 0.0246 -0.0584 0.0304 0.9203
240.000 4.8382 0.1479 0.3694 0.0809 0.0276 -0.0632 0.0152 0.9183
245.000 5.4809 0.1590 0.3712 0.0869 0.0305 -0.0677 0.0003 0.9160
250.000 6.1857 0.1702 0.3726 0.0928 0.0333 -0.0720 -0.0142 0.9134
255.000 6.9443 0.1815 0.3737 0.0986 0.0361 -0.0764 -0.0279 0.9106
260.000 7.7809 0.1930 0.3741 0.1039 0.0385 -0.0804 -0.0412 0.9077
265.000 8.6481 0.2044 0.3749 0.1095 0.0414 -0.0846 -0.0542 0.9043
270.000 9.5824 0.2159 0.3753 0.1149 0.0442 -0.0886 -0.0670 0.9008
275.000 10.5554 0.2274 0.3754 0.1200 0.0468 -0.0924 -0.0796 0.8971
280.000 11.5057 0.2390 0.3753 0.1250 0.0495 -0.0961 -0.0919 0.8931
285.000 12.5051 0.2508 0.3743 0.1295 0.0517 -0.0993 -0.1041 0.8890
290.000 13.3839 0.2621 0.3737 0.1342 0.0544 -0.1028 -0.1153 0.8848
295.000 14.2136 0.2736 0.3728 0.1388 0.0570 -0.1062 -0.1261 0.8803
300.000 14.9646 0.2852 0.3713 0.1429 0.0593 -0.1094 -0.1368 0.8758
305.000 15.4781 0.2968 0.3694 0.1468 0.0616 -0.1123 -0.1475 0.8711
310.000 15.8725 0.3090 0.3665 0.1501 0.0636 -0.1148 -0.1585 0.8663
315.000 16.0467 0.3208 0.3635 0.1534 0.0656 -0.1171 -0.1686 0.8614
320.000 15.9997 0.3328 0.3605 0.1567 0.0677 -0.1192 -0.1782 0.8563
325.000 15.7806 0.3454 0.3568 0.1597 0.0696 -0.1209 -0.1877 0.8510
330.000 15.4054 0.3574 0.3526 0.1624 0.0714 -0.1222 -0.1968 0.8459
335.000 14.8504 0.3700 0.3478 0.1649 0.0733 -0.1233 -0.2058 0.8405
340.000 14.2162 0.3826 0.3421 0.1667 0.0747 -0.1239 -0.2145 0.8351
345.000 13.5318 0.3950 0.3359 0.1677 0.0755 -0.1243 -0.2224 0.8298
350.000 12.7363 0.4078 0.3291 0.1684 0.0763 -0.1246 -0.2303 0.8242
355.000 12.0088 0.4201 0.3212 0.1683 0.0767 -0.1241 -0.2374 0.8192
360.000 11.2541 0.4324 0.3128 0.1679 0.0771 -0.1234 -0.2440 0.8141
365.000 10.4890 0.4449 0.3036 0.1672 0.0775 -0.1223 -0.2503 0.8088
370.000 9.8030 0.4571 0.2935 0.1653 0.0771 -0.1204 -0.2561 0.8039
375.000 9.1227 0.4695 0.2827 0.1631 0.0767 -0.1181 -0.2615 0.7988
380.000 8.4884 0.4817 0.2711 0.1601 0.0758 -0.1152 -0.2663 0.7938
385.000 7.9087 0.4935 0.2588 0.1562 0.0743 -0.1114 -0.2705 0.7892
390.000 7.3517 0.5052 0.2459 0.1518 0.0726 -0.1072 -0.2741 0.7845
395.000 6.8546 0.5170 0.2320 0.1466 0.0706 -0.1024 -0.2771 0.7799
400.000 6.3939 0.5287 0.2173 0.1409 0.0685 -0.0971 -0.2795 0.7752
405.000 5.9634 0.5404 0.2019 0.1345 0.0663 -0.0913 -0.2814 0.7704
410.000 5.5728 0.5517 0.1855 0.1268 0.0631 -0.0844 -0.2825 0.7658
415.000 5.2093 0.5629 0.1683 0.1182 0.0594 -0.0768 -0.2830 0.7611
420.000 4.8741 0.5741 0.1503 0.1086 0.0551 -0.0684 -0.2833 0.7561
425.000 4.5702 0.5856 0.1311 0.0976 0.0500 -0.0589 -0.2838 0.7502
430.000 4.2904 0.5973 0.1110 0.0854 0.0442 -0.0484 -0.2841 0.7438
435.000 4.0335 0.6085 0.0899 0.0722 0.0380 -0.0374 -0.2827 0.7376
440.000 3.7972 0.6192 0.0682 0.0580 0.0315 -0.0260 -0.2795 0.7318
445.000 3.5782 0.6296 0.0459 0.0430 0.0247 -0.0142 -0.2748 0.7260
450.000 3.3786 0.6399 0.0227 0.0268 0.0173 -0.0008 -0.2693 0.7197
