145.000 0.0054 -0.0952 0.5676 0.0273 0.1082 -0.0234 -0.1793 0.7907
150.000 0.0445 -0.0733 0.5043 0.0030 0.0465 0.0064 -0.2221 0.8300
155.000 0.0971 -0.0489 0.4696 -0.0064 0.0152 0.0142 -0.2616 0.8416
160.000 0.1700 -0.0262 0.4495 -0.0079 -0.0003 0.0140 -0.2959 0.8423
165.000 0.2652 -0.0051 0.4372 -0.0050 -0.0074 0.0105 -0.3262 0.8380
170.000 0.3842 0.0149 0.4291 0.0004 -0.0096 0.0056 -0.3535 0.8310
175.000 0.5285 0.0341 0.4233 0.0070 -0.0091 0.0002 -0.3785 0.8224
180.000 0.6996 0.0528 0.4186 0.0144 -0.0069 -0.0053 -0.4017 0.8129
185.000 0.8990 0.0711 0.4144 0.0218 -0.0039 -0.0105 -0.4233 0.8028
190.000 1.1287 0.0891 0.4102 0.0292 -0.0006 -0.0155 -0.4436 0.7923
195.000 1.3906 0.1069 0.4057 0.0363 0.0028 -0.0200 -0.4626 0.7816
200.000 1.6871 0.1244 0.4009 0.0429 0.0060 -0.0241 -0.4805 0.7708
205.000 2.0237 0.1410 0.3965 0.0493 0.0096 -0.0279 -0.4971 0.7598
210.000 2.4029 0.1571 0.3919 0.0552 0.0130 -0.0313 -0.5126 0.7489
215.000 2.8320 0.1733 0.3871 0.0610 0.0164 -0.0345 -0.5270 0.7380
220.000 3.3174 0.1897 0.3820 0.0666 0.0196 -0.0373 -0.5405 0.7271
225.000 3.8638 0.2059 0.3765 0.0718 0.0227 -0.0398 -0.5529 0.7164
230.000 4.4759 0.2218 0.3713 0.0769 0.0260 -0.0422 -0.5642 0.7057
235.000 5.1640 0.2375 0.3658 0.0815 0.0289 -0.0444 -0.5745 0.6954
240.000 5.9293 0.2532 0.3604 0.0861 0.0321 -0.0464 -0.5842 0.6847
245.000 6.7866 0.2688 0.3547 0.0904 0.0349 -0.0479 -0.5933 0.6742
250.000 7.7381 0.2841 0.3488 0.0943 0.0374 -0.0492 -0.6015 0.6640
255.000 8.7784 0.2991 0.3428 0.0980 0.0401 -0.0504 -0.6089 0.6540
260.000 9.9401 0.3139 0.3363 0.1011 0.0420 -0.0513 -0.6156 0.6444
265.000 11.1615 0.3284 0.3302 0.1043 0.0445 -0.0522 -0.6217 0.6346
270.000 12.4942 0.3428 0.3236 0.1070 0.0466 -0.0527 -0.6274 0.6250
275.000 13.9037 0.3568 0.3168 0.1093 0.0484 -0.0530 -0.6325 0.6157
280.000 15.3106 0.3705 0.3100 0.1114 0.0503 -0.0532 -0.6372 0.6064
285.000 16.8148 0.3841 0.3025 0.1129 0.0514 -0.0530 -0.6414 0.5974
290.000 18.1720 0.3970 0.2955 0.1145 0.0532 -0.0529 -0.6450 0.5887
295.000 19.4859 0.4098 0.2882 0.1157 0.0547 -0.0527 -0.6481 0.5802
300.000 20.7158 0.4225 0.2804 0.1164 0.0557 -0.0522 -0.6508 0.5719
305.000 21.6344 0.4350 0.2724 0.1168 0.0565 -0.0514 -0.6533 0.5636
310.000 22.4112 0.4478 0.2634 0.1165 0.0566 -0.0502 -0.6554 0.5553
315.000 22.8793 0.4598 0.2547 0.1161 0.0567 -0.0488 -0.6570 0.5476
320.000 23.0364 0.4718 0.2460 0.1157 0.0569 -0.0472 -0.6581 0.5402
325.000 22.9523 0.4839 0.2366 0.1150 0.0568 -0.0453 -0.6587 0.5329
330.000 22.6238 0.4953 0.2273 0.1138 0.0564 -0.0432 -0.6588 0.5262
335.000 22.0271 0.5070 0.2173 0.1123 0.0558 -0.0408 -0.6586 0.5195
340.000 21.2944 0.5183 0.2069 0.1102 0.0546 -0.0382 -0.6579 0.5132
345.000 20.4603 0.5291 0.1962 0.1074 0.0532 -0.0355 -0.6569 0.5074
350.000 19.4420 0.5401 0.1848 0.1042 0.0515 -0.0327 -0.6555 0.5016
355.000 18.5022 0.5504 0.1732 0.1004 0.0493 -0.0296 -0.6536 0.4966
360.000 17.5016 0.5605 0.1611 0.0963 0.0470 -0.0263 -0.6514 0.4919
365.000 16.4658 0.5705 0.1485 0.0917 0.0445 -0.0226 -0.6487 0.4874
370.000 15.5310 0.5800 0.1357 0.0867 0.0413 -0.0187 -0.6456 0.4836
375.000 14.5866 0.5894 0.1227 0.0813 0.0381 -0.0145 -0.6421 0.4798
380.000 13.6975 0.5985 0.1092 0.0754 0.0344 -0.0100 -0.6381 0.4765
385.000 12.8799 0.6071 0.0953 0.0688 0.0301 -0.0052 -0.6337 0.4739
390.000 12.0846 0.6154 0.0812 0.0618 0.0256 -0.0003 -0.6290 0.4714
395.000 11.3683 0.6234 0.0667 0.0542 0.0204 0.0049 -0.6238 0.4694
400.000 10.6962 0.6311 0.0520 0.0462 0.0150 0.0103 -0.6182 0.4675
405.000 10.0605 0.6386 0.0369 0.0377 0.0092 0.0160 -0.6123 0.4658
410.000 9.4827 0.6458 0.0212 0.0283 0.0028 0.0220 -0.6057 0.4647
415.000 8.9407 0.6528 0.0051 0.0185 -0.0039 0.0283 -0.5986 0.4638
420.000 8.4376 0.6595 -0.0115 0.0080 -0.0111 0.0350 -0.5910 0.4630
425.000 7.9791 0.6660 -0.0288 -0.0035 -0.0192 0.0422 -0.5833 0.4619
430.000 7.5537 0.6722 -0.0467 -0.0156 -0.0278 0.0498 -0.5752 0.4605
435.000 7.1606 0.6783 -0.0647 -0.0282 -0.0366 0.0574 -0.5661 0.4598
440.000 6.7967 0.6842 -0.0825 -0.0411 -0.0453 0.0651 -0.5559 0.4598
445.000 6.4575 0.6900 -0.1003 -0.0544 -0.0541 0.0729 -0.5449 0.4601
450.000 6.1467 0.6953 -0.1186 -0.0686 -0.0641 0.0813 -0.5333 0.4604
