145.000 0.0021 -0.0040 0.0032 -0.0006 0.0000 0.0006 0.9720 0.2348
150.000 0.0429 -0.0150 0.0940 -0.0092 -0.0012 0.0092 0.7650 0.6369
155.000 0.1104 -0.0086 0.1516 -0.0093 -0.0022 0.0093 0.6896 0.7081
160.000 0.2120 0.0014 0.1878 -0.0051 -0.0026 0.0052 0.6570 0.7301
165.000 0.3320 0.0084 0.2015 -0.0013 -0.0027 0.0015 0.6413 0.7403
170.000 0.4715 0.0143 0.2099 0.0025 -0.0024 -0.0020 0.6311 0.7466
175.000 0.6305 0.0195 0.2161 0.0061 -0.0020 -0.0054 0.6236 0.7511
180.000 0.8098 0.0241 0.2212 0.0098 -0.0013 -0.0089 0.6174 0.7545
185.000 1.0104 0.0283 0.2260 0.0136 -0.0005 -0.0124 0.6118 0.7575
190.000 1.2336 0.0322 0.2307 0.0175 0.0004 -0.0160 0.6064 0.7603
195.000 1.4812 0.0361 0.2356 0.0215 0.0015 -0.0198 0.6009 0.7630
200.000 1.7551 0.0399 0.2407 0.0258 0.0027 -0.0238 0.5950 0.7659
205.000 2.0574 0.0437 0.2460 0.0303 0.0040 -0.0280 0.5886 0.7689
210.000 2.3905 0.0477 0.2517 0.0350 0.0053 -0.0324 0.5816 0.7722
215.000 2.7570 0.0519 0.2577 0.0399 0.0067 -0.0371 0.5739 0.7757
220.000 3.1597 0.0563 0.2641 0.0450 0.0082 -0.0420 0.5656 0.7794
225.000 3.6015 0.0610 0.2707 0.0502 0.0096 -0.0470 0.5565 0.7833
230.000 4.0854 0.0659 0.2776 0.0556 0.0111 -0.0523 0.5468 0.7873
235.000 4.6141 0.0712 0.2847 0.0611 0.0125 -0.0576 0.5363 0.7916
240.000 5.1902 0.0768 0.2920 0.0667 0.0139 -0.0632 0.5251 0.7959
245.000 5.8155 0.0828 0.2995 0.0723 0.0153 -0.0688 0.5132 0.8002
250.000 6.4908 0.0891 0.3071 0.0780 0.0166 -0.0744 0.5006 0.8046
255.000 7.2151 0.0957 0.3148 0.0836 0.0178 -0.0802 0.4874 0.8089
260.000 7.9851 0.1027 0.3226 0.0893 0.0190 -0.0859 0.4736 0.8132
265.000 8.7942 0.1100 0.3303 0.0949 0.0201 -0.0917 0.4592 0.8174
270.000 9.6318 0.1177 0.3380 0.1004 0.0211 -0.0974 0.4443 0.8214
275.000 10.4826 0.1257 0.3456 0.1058 0.0220 -0.1031 0.4288 0.8252
280.000 11.3273 0.1340 0.3531 0.1111 0.0228 -0.1087 0.4130 0.8287
285.000 12.1450 0.1424 0.3604 0.1162 0.0234 -0.1141 0.3971 0.8319
290.000 12.9169 0.1510 0.3676 0.1211 0.0239 -0.1195 0.3819 0.8343
295.000 13.6076 0.1595 0.3748 0.1258 0.0242 -0.1248 0.3671 0.8361
300.000 14.1457 0.1685 0.3819 0.1304 0.0244 -0.1299 0.3511 0.8379
305.000 14.4905 0.1780 0.3887 0.1348 0.0245 -0.1349 0.3335 0.8399
310.000 14.6390 0.1880 0.3949 0.1389 0.0245 -0.1396 0.3151 0.8418
315.000 14.5930 0.1981 0.4007 0.1426 0.0243 -0.1441 0.2964 0.8434
320.000 14.3607 0.2085 0.4060 0.1460 0.0239 -0.1484 0.2775 0.8446
325.000 13.9570 0.2190 0.4110 0.1492 0.0234 -0.1524 0.2585 0.8455
330.000 13.4113 0.2297 0.4154 0.1520 0.0227 -0.1561 0.2394 0.8459
335.000 12.7581 0.2405 0.4192 0.1543 0.0217 -0.1596 0.2201 0.8461
340.000 12.0310 0.2516 0.4224 0.1563 0.0206 -0.1626 0.2006 0.8459
345.000 11.2620 0.2628 0.4249 0.1578 0.0192 -0.1654 0.1810 0.8455
350.000 10.4783 0.2741 0.4267 0.1589 0.0176 -0.1677 0.1613 0.8447
355.000 9.7019 0.2856 0.4278 0.1594 0.0157 -0.1696 0.1414 0.8437
360.000 8.9491 0.2972 0.4280 0.1594 0.0136 -0.1710 0.1213 0.8424
365.000 8.2312 0.3091 0.4273 0.1589 0.0112 -0.1720 0.1011 0.8409
370.000 7.5553 0.3211 0.4257 0.1577 0.0084 -0.1725 0.0808 0.8392
375.000 6.9249 0.3332 0.4230 0.1559 0.0054 -0.1724 0.0602 0.8372
380.000 6.3414 0.3456 0.4193 0.1533 0.0020 -0.1717 0.0396 0.8350
385.000 5.8042 0.3582 0.4143 0.1501 -0.0018 -0.1704 0.0187 0.8326
390.000 5.3115 0.3710 0.4079 0.1460 -0.0060 -0.1684 -0.0023 0.8300
395.000 4.8611 0.3841 0.4002 0.1411 -0.0106 -0.1656 -0.0235 0.8271
400.000 4.4500 0.3974 0.3910 0.1352 -0.0156 -0.1621 -0.0449 0.8240
405.000 4.0754 0.4110 0.3801 0.1284 -0.0212 -0.1577 -0.0663 0.8206
410.000 3.7343 0.4250 0.3673 0.1204 -0.0273 -0.1523 -0.0880 0.8168
415.000 3.4237 0.4394 0.3527 0.1113 -0.0340 -0.1460 -0.1097 0.8127
420.000 3.1411 0.4541 0.3360 0.1010 -0.0413 -0.1386 -0.1315 0.8080
425.000 2.8840 0.4693 0.3169 0.0893 -0.0492 -0.1300 -0.1533 0.8028
430.000 2.6499 0.4849 0.2955 0.0761 -0.0579 -0.1202 -0.1750 0.7968
435.000 2.4370 0.5010 0.2714 0.0615 -0.0673 -0.1089 -0.1966 0.7900
440.000 2.2433 0.5177 0.2446 0.0451 -0.0774 -0.0963 -0.2177 0.7820
445.000 2.0670 0.5348 0.2147 0.0270 -0.0883 -0.0821 -0.2384 0.7728
450.000 1.9069 0.5524 0.1817 0.0070 -0.1001 -0.0662 -0.2584 0.7620
