145.000 0.0057 -0.1051 0.3850 -0.0847 0.0932 0.1087 -0.3225 -0.8505
150.000 0.0425 -0.0810 0.4672 -0.0382 0.0327 0.0570 -0.4331 -0.7647
155.000 0.0882 -0.0460 0.4882 -0.0118 0.0028 0.0248 -0.5082 -0.7076
160.000 0.1508 -0.0109 0.4845 0.0050 -0.0116 0.0045 -0.5601 -0.6718
165.000 0.2329 0.0222 0.4699 0.0169 -0.0178 -0.0086 -0.5972 -0.6496
170.000 0.3369 0.0529 0.4502 0.0258 -0.0199 -0.0171 -0.6247 -0.6358
175.000 0.4649 0.0816 0.4279 0.0328 -0.0198 -0.0225 -0.6458 -0.6272
180.000 0.6193 0.1086 0.4043 0.0384 -0.0188 -0.0259 -0.6622 -0.6218
185.000 0.8028 0.1341 0.3802 0.0430 -0.0174 -0.0278 -0.6753 -0.6183
190.000 1.0181 0.1582 0.3559 0.0467 -0.0162 -0.0286 -0.6858 -0.6157
195.000 1.2681 0.1811 0.3317 0.0496 -0.0152 -0.0286 -0.6944 -0.6134
200.000 1.5564 0.2029 0.3079 0.0518 -0.0147 -0.0280 -0.7014 -0.6113
205.000 1.8901 0.2237 0.2848 0.0534 -0.0141 -0.0268 -0.7065 -0.6096
210.000 2.2728 0.2435 0.2624 0.0544 -0.0140 -0.0253 -0.7104 -0.6078
215.000 2.7131 0.2621 0.2406 0.0549 -0.0139 -0.0233 -0.7129 -0.6062
220.000 3.2186 0.2797 0.2194 0.0549 -0.0139 -0.0209 -0.7144 -0.6047
225.000 3.7965 0.2963 0.1989 0.0545 -0.0142 -0.0183 -0.7150 -0.6032
230.000 4.4572 0.3124 0.1790 0.0539 -0.0149 -0.0154 -0.7145 -0.6019
235.000 5.2118 0.3277 0.1599 0.0530 -0.0160 -0.0126 -0.7135 -0.6002
240.000 6.0638 0.3420 0.1415 0.0518 -0.0171 -0.0095 -0.7118 -0.5989
245.000 7.0304 0.3552 0.1237 0.0505 -0.0185 -0.0064 -0.7097 -0.5974
250.000 8.1175 0.3678 0.1067 0.0489 -0.0201 -0.0033 -0.7073 -0.5959
255.000 9.3251 0.3798 0.0901 0.0470 -0.0218 -0.0002 -0.7042 -0.5946
260.000 10.6885 0.3912 0.0740 0.0450 -0.0239 0.0027 -0.7010 -0.5929
265.000 12.1467 0.4019 0.0587 0.0430 -0.0260 0.0057 -0.6972 -0.5917
270.000 13.7562 0.4119 0.0439 0.0408 -0.0284 0.0085 -0.6934 -0.5902
275.000 15.4817 0.4214 0.0296 0.0385 -0.0311 0.0112 -0.6896 -0.5886
280.000 17.2397 0.4303 0.0158 0.0361 -0.0338 0.0138 -0.6854 -0.5872
285.000 19.1406 0.4388 0.0020 0.0335 -0.0369 0.0161 -0.6813 -0.5855
290.000 20.9024 0.4462 -0.0109 0.0310 -0.0397 0.0186 -0.6770 -0.5843
295.000 22.6432 0.4531 -0.0238 0.0284 -0.0428 0.0212 -0.6729 -0.5830
300.000 24.3094 0.4596 -0.0364 0.0258 -0.0460 0.0236 -0.6688 -0.5815
305.000 25.6267 0.4658 -0.0483 0.0233 -0.0497 0.0256 -0.6644 -0.5803
310.000 26.7926 0.4718 -0.0603 0.0207 -0.0538 0.0273 -0.6600 -0.5788
315.000 27.5875 0.4770 -0.0718 0.0180 -0.0578 0.0288 -0.6557 -0.5775
320.000 28.0071 0.4819 -0.0831 0.0153 -0.0619 0.0302 -0.6514 -0.5763
325.000 28.1295 0.4864 -0.0948 0.0123 -0.0662 0.0315 -0.6470 -0.5749
330.000 27.9280 0.4906 -0.1056 0.0095 -0.0705 0.0325 -0.6428 -0.5737
335.000 27.3849 0.4946 -0.1166 0.0066 -0.0751 0.0334 -0.6383 -0.5724
340.000 26.6457 0.4981 -0.1274 0.0038 -0.0799 0.0341 -0.6340 -0.5711
345.000 25.7471 0.5010 -0.1377 0.0010 -0.0848 0.0345 -0.6300 -0.5698
350.000 24.5960 0.5037 -0.1482 -0.0017 -0.0898 0.0348 -0.6258 -0.5687
355.000 23.5148 0.5059 -0.1582 -0.0045 -0.0951 0.0347 -0.6220 -0.5674
360.000 22.3368 0.5078 -0.1680 -0.0072 -0.1005 0.0343 -0.6182 -0.5662
365.000 21.0955 0.5094 -0.1779 -0.0100 -0.1062 0.0336 -0.6142 -0.5650
370.000 19.9596 0.5107 -0.1874 -0.0127 -0.1120 0.0326 -0.6107 -0.5637
375.000 18.7975 0.5116 -0.1968 -0.0153 -0.1179 0.0313 -0.6070 -0.5625
380.000 17.6874 0.5121 -0.2061 -0.0179 -0.1242 0.0297 -0.6035 -0.5613
385.000 16.6495 0.5124 -0.2151 -0.0204 -0.1306 0.0277 -0.6001 -0.5601
390.000 15.6278 0.5123 -0.2241 -0.0228 -0.1373 0.0255 -0.5965 -0.5591
395.000 14.6982 0.5119 -0.2331 -0.0253 -0.1442 0.0229 -0.5933 -0.5576
400.000 13.8192 0.5112 -0.2422 -0.0278 -0.1515 0.0200 -0.5901 -0.5561
405.000 12.9827 0.5102 -0.2512 -0.0303 -0.1589 0.0166 -0.5870 -0.5545
410.000 12.2157 0.5090 -0.2599 -0.0327 -0.1666 0.0129 -0.5839 -0.5529
415.000 11.4926 0.5076 -0.2683 -0.0350 -0.1744 0.0087 -0.5807 -0.5513
420.000 10.8148 0.5058 -0.2769 -0.0374 -0.1825 0.0040 -0.5773 -0.5498
425.000 10.1863 0.5037 -0.2860 -0.0399 -0.1910 -0.0010 -0.5736 -0.5483
430.000 9.5961 0.5012 -0.2953 -0.0424 -0.1999 -0.0065 -0.5696 -0.5468
435.000 9.0438 0.4986 -0.3043 -0.0450 -0.2090 -0.0126 -0.5658 -0.5448
440.000 8.5262 0.4960 -0.3131 -0.0478 -0.2184 -0.0195 -0.5622 -0.5423
445.000 8.0392 0.4933 -0.3216 -0.0507 -0.2282 -0.0270 -0.5585 -0.5394
450.000 7.5858 0.4907 -0.3305 -0.0538 -0.2382 -0.0347 -0.5548 -0.5359
