145.000 0.0052 -0.1488 0.6198 -0.0168 0.1499 0.0342 -0.6689 0.3507
150.000 0.0430 -0.1087 0.5745 -0.0150 0.0583 0.0338 -0.6960 0.4115
155.000 0.0949 -0.0675 0.5387 -0.0114 0.0157 0.0252 -0.7203 0.4309
160.000 0.1680 -0.0310 0.5117 -0.0058 -0.0042 0.0160 -0.7411 0.4332
165.000 0.2649 0.0012 0.4906 0.0011 -0.0128 0.0079 -0.7592 0.4275
170.000 0.3876 0.0303 0.4729 0.0086 -0.0154 0.0009 -0.7750 0.4179
175.000 0.5384 0.0573 0.4572 0.0163 -0.0147 -0.0050 -0.7891 0.4062
180.000 0.7194 0.0826 0.4427 0.0238 -0.0124 -0.0098 -0.8017 0.3935
185.000 0.9331 0.1067 0.4289 0.0310 -0.0092 -0.0138 -0.8128 0.3804
190.000 1.1821 0.1298 0.4153 0.0377 -0.0059 -0.0171 -0.8227 0.3673
195.000 1.4693 0.1519 0.4018 0.0438 -0.0027 -0.0196 -0.8315 0.3545
200.000 1.7980 0.1733 0.3883 0.0493 0.0003 -0.0216 -0.8391 0.3421
205.000 2.1752 0.1939 0.3755 0.0544 0.0034 -0.0232 -0.8457 0.3295
210.000 2.6046 0.2139 0.3628 0.0588 0.0062 -0.0244 -0.8513 0.3173
215.000 3.0943 0.2332 0.3503 0.0629 0.0089 -0.0251 -0.8560 0.3056
220.000 3.6520 0.2518 0.3377 0.0665 0.0114 -0.0254 -0.8599 0.2946
225.000 4.2850 0.2699 0.3254 0.0697 0.0137 -0.0254 -0.8629 0.2841
230.000 5.0029 0.2878 0.3134 0.0727 0.0159 -0.0252 -0.8651 0.2737
235.000 5.8179 0.3051 0.3016 0.0752 0.0176 -0.0248 -0.8667 0.2638
240.000 6.7296 0.3219 0.2900 0.0775 0.0195 -0.0240 -0.8676 0.2540
245.000 7.7570 0.3383 0.2784 0.0793 0.0208 -0.0230 -0.8681 0.2447
250.000 8.9056 0.3540 0.2669 0.0808 0.0219 -0.0217 -0.8680 0.2358
255.000 10.1734 0.3693 0.2557 0.0820 0.0230 -0.0204 -0.8674 0.2273
260.000 11.5989 0.3840 0.2444 0.0827 0.0234 -0.0188 -0.8664 0.2195
265.000 13.1097 0.3982 0.2334 0.0833 0.0242 -0.0171 -0.8650 0.2116
270.000 14.7692 0.4120 0.2224 0.0835 0.0245 -0.0152 -0.8633 0.2043
275.000 16.5381 0.4253 0.2113 0.0833 0.0245 -0.0132 -0.8612 0.1974
280.000 18.3238 0.4380 0.2005 0.0829 0.0245 -0.0112 -0.8589 0.1907
285.000 20.2476 0.4505 0.1894 0.0819 0.0238 -0.0091 -0.8563 0.1846
290.000 22.0076 0.4621 0.1788 0.0810 0.0237 -0.0069 -0.8536 0.1786
295.000 23.7324 0.4734 0.1681 0.0797 0.0233 -0.0046 -0.8506 0.1731
300.000 25.3708 0.4845 0.1573 0.0781 0.0224 -0.0022 -0.8473 0.1680
305.000 26.6399 0.4952 0.1467 0.0764 0.0211 0.0004 -0.8439 0.1629
310.000 27.7491 0.5060 0.1354 0.0741 0.0189 0.0031 -0.8401 0.1583
315.000 28.4757 0.5159 0.1246 0.0718 0.0169 0.0059 -0.8363 0.1541
320.000 28.8161 0.5256 0.1136 0.0692 0.0149 0.0087 -0.8323 0.1502
325.000 28.8561 0.5352 0.1021 0.0662 0.0125 0.0118 -0.8281 0.1468
330.000 28.5753 0.5442 0.0911 0.0630 0.0099 0.0146 -0.8237 0.1438
335.000 27.9513 0.5533 0.0795 0.0594 0.0070 0.0175 -0.8190 0.1411
340.000 27.1416 0.5620 0.0678 0.0553 0.0037 0.0205 -0.8142 0.1388
345.000 26.1849 0.5700 0.0561 0.0511 0.0002 0.0235 -0.8095 0.1370
350.000 24.9809 0.5779 0.0439 0.0464 -0.0035 0.0267 -0.8045 0.1354
355.000 23.8641 0.5852 0.0319 0.0414 -0.0076 0.0297 -0.7995 0.1345
360.000 22.6582 0.5923 0.0196 0.0360 -0.0120 0.0328 -0.7943 0.1339
365.000 21.3961 0.5993 0.0071 0.0304 -0.0166 0.0359 -0.7889 0.1336
370.000 20.2504 0.6057 -0.0052 0.0247 -0.0216 0.0392 -0.7834 0.1339
375.000 19.0819 0.6120 -0.0174 0.0188 -0.0268 0.0426 -0.7778 0.1343
380.000 17.9751 0.6179 -0.0300 0.0126 -0.0323 0.0459 -0.7720 0.1352
385.000 16.9515 0.6234 -0.0427 0.0057 -0.0383 0.0491 -0.7662 0.1368
390.000 15.9491 0.6286 -0.0558 -0.0015 -0.0445 0.0523 -0.7602 0.1386
395.000 15.0415 0.6335 -0.0687 -0.0089 -0.0512 0.0555 -0.7540 0.1408
400.000 14.1848 0.6381 -0.0816 -0.0166 -0.0582 0.0587 -0.7478 0.1431
405.000 13.3705 0.6425 -0.0947 -0.0245 -0.0655 0.0619 -0.7413 0.1456
410.000 12.6305 0.6466 -0.1082 -0.0332 -0.0733 0.0650 -0.7345 0.1489
415.000 11.9349 0.6505 -0.1220 -0.0422 -0.0814 0.0681 -0.7275 0.1525
420.000 11.2852 0.6543 -0.1362 -0.0517 -0.0898 0.0714 -0.7201 0.1562
425.000 10.6860 0.6577 -0.1507 -0.0616 -0.0987 0.0748 -0.7124 0.1598
430.000 10.1248 0.6610 -0.1657 -0.0719 -0.1080 0.0784 -0.7045 0.1633
435.000 9.6068 0.6641 -0.1805 -0.0825 -0.1176 0.0819 -0.6961 0.1676
440.000 9.1288 0.6670 -0.1950 -0.0934 -0.1276 0.0854 -0.6874 0.1727
445.000 8.6838 0.6697 -0.2094 -0.1046 -0.1378 0.0888 -0.6782 0.1783
450.000 8.2684 0.6723 -0.2240 -0.1163 -0.1486 0.0921 -0.6686 0.1840
