145.000 0.0016 -0.0237 0.0090 -0.0015 -0.0001 0.0015 0.8347 0.5502
150.000 0.0353 -0.0794 0.2395 -0.0199 -0.0065 0.0199 -0.2593 0.9322
155.000 0.1027 -0.0360 0.3375 -0.0142 -0.0105 0.0145 -0.4566 0.8223
160.000 0.2095 0.0140 0.3877 -0.0021 -0.0121 0.0035 -0.5095 0.7679
165.000 0.3361 0.0464 0.3994 0.0071 -0.0122 -0.0045 -0.5357 0.7424
170.000 0.4846 0.0730 0.4025 0.0151 -0.0115 -0.0109 -0.5528 0.7260
175.000 0.6557 0.0958 0.4020 0.0222 -0.0100 -0.0162 -0.5656 0.7138
180.000 0.8508 0.1158 0.3998 0.0287 -0.0081 -0.0207 -0.5760 0.7038
185.000 1.0722 0.1338 0.3967 0.0347 -0.0056 -0.0247 -0.5851 0.6950
190.000 1.3228 0.1503 0.3930 0.0403 -0.0028 -0.0284 -0.5936 0.6866
195.000 1.6060 0.1657 0.3891 0.0456 0.0003 -0.0318 -0.6016 0.6784
200.000 1.9262 0.1806 0.3850 0.0506 0.0037 -0.0351 -0.6095 0.6700
205.000 2.2883 0.1950 0.3808 0.0554 0.0072 -0.0383 -0.6174 0.6614
210.000 2.6979 0.2092 0.3764 0.0599 0.0108 -0.0415 -0.6252 0.6523
215.000 3.1614 0.2234 0.3720 0.0641 0.0144 -0.0447 -0.6329 0.6427
220.000 3.6860 0.2376 0.3674 0.0680 0.0180 -0.0478 -0.6406 0.6326
225.000 4.2794 0.2519 0.3627 0.0716 0.0214 -0.0510 -0.6482 0.6220
230.000 4.9504 0.2663 0.3578 0.0749 0.0247 -0.0541 -0.6557 0.6109
235.000 5.7081 0.2808 0.3528 0.0778 0.0277 -0.0572 -0.6630 0.5993
240.000 6.5620 0.2954 0.3475 0.0803 0.0305 -0.0602 -0.6701 0.5872
245.000 7.5212 0.3101 0.3421 0.0824 0.0330 -0.0631 -0.6769 0.5748
250.000 8.5945 0.3248 0.3364 0.0841 0.0352 -0.0658 -0.6834 0.5620
255.000 9.7885 0.3395 0.3305 0.0853 0.0371 -0.0685 -0.6896 0.5488
260.000 11.1069 0.3542 0.3243 0.0862 0.0386 -0.0710 -0.6955 0.5354
265.000 12.5488 0.3687 0.3179 0.0866 0.0398 -0.0733 -0.7010 0.5217
270.000 14.1062 0.3830 0.3112 0.0866 0.0406 -0.0754 -0.7061 0.5079
275.000 15.7625 0.3972 0.3043 0.0861 0.0410 -0.0773 -0.7109 0.4940
280.000 17.4904 0.4110 0.2971 0.0853 0.0411 -0.0791 -0.7152 0.4802
285.000 19.2520 0.4245 0.2900 0.0841 0.0408 -0.0808 -0.7188 0.4668
290.000 20.9997 0.4375 0.2834 0.0827 0.0401 -0.0825 -0.7213 0.4543
295.000 22.6692 0.4499 0.2774 0.0813 0.0391 -0.0842 -0.7230 0.4426
300.000 24.1733 0.4622 0.2709 0.0793 0.0378 -0.0857 -0.7251 0.4299
305.000 25.4381 0.4743 0.2631 0.0767 0.0361 -0.0867 -0.7278 0.4162
310.000 26.4122 0.4861 0.2546 0.0736 0.0341 -0.0874 -0.7306 0.4022
315.000 27.0586 0.4975 0.2458 0.0702 0.0318 -0.0878 -0.7331 0.3884
320.000 27.3597 0.5084 0.2367 0.0664 0.0291 -0.0882 -0.7353 0.3750
325.000 27.3150 0.5189 0.2275 0.0624 0.0262 -0.0884 -0.7373 0.3617
330.000 26.9549 0.5291 0.2180 0.0580 0.0230 -0.0885 -0.7389 0.3487
335.000 26.3271 0.5389 0.2083 0.0533 0.0194 -0.0884 -0.7403 0.3360
340.000 25.4845 0.5482 0.1983 0.0483 0.0155 -0.0882 -0.7414 0.3237
345.000 24.4825 0.5571 0.1880 0.0430 0.0113 -0.0878 -0.7424 0.3117
350.000 23.3731 0.5656 0.1773 0.0374 0.0067 -0.0874 -0.7432 0.3000
355.000 22.2020 0.5737 0.1663 0.0314 0.0018 -0.0868 -0.7439 0.2886
360.000 21.0069 0.5814 0.1550 0.0251 -0.0035 -0.0860 -0.7444 0.2776
365.000 19.8170 0.5888 0.1433 0.0185 -0.0092 -0.0852 -0.7447 0.2669
370.000 18.6539 0.5958 0.1312 0.0116 -0.0152 -0.0842 -0.7449 0.2565
375.000 17.5327 0.6025 0.1187 0.0043 -0.0216 -0.0830 -0.7449 0.2465
380.000 16.4632 0.6088 0.1057 -0.0033 -0.0284 -0.0818 -0.7448 0.2368
385.000 15.4512 0.6148 0.0923 -0.0112 -0.0356 -0.0804 -0.7444 0.2274
390.000 14.4992 0.6206 0.0784 -0.0195 -0.0432 -0.0789 -0.7439 0.2184
395.000 13.6077 0.6260 0.0640 -0.0281 -0.0512 -0.0773 -0.7431 0.2097
400.000 12.7756 0.6313 0.0490 -0.0371 -0.0597 -0.0755 -0.7420 0.2014
405.000 12.0008 0.6363 0.0335 -0.0465 -0.0687 -0.0736 -0.7407 0.1934
410.000 11.2807 0.6411 0.0173 -0.0563 -0.0781 -0.0716 -0.7390 0.1858
415.000 10.6122 0.6457 0.0006 -0.0665 -0.0881 -0.0694 -0.7369 0.1785
420.000 9.9921 0.6502 -0.0168 -0.0771 -0.0985 -0.0671 -0.7344 0.1715
425.000 9.4173 0.6545 -0.0348 -0.0881 -0.1095 -0.0646 -0.7313 0.1648
430.000 8.8846 0.6587 -0.0536 -0.0995 -0.1210 -0.0619 -0.7277 0.1584
435.000 8.3911 0.6629 -0.0730 -0.1114 -0.1330 -0.0591 -0.7234 0.1524
440.000 7.9341 0.6670 -0.0931 -0.1237 -0.1455 -0.0561 -0.7183 0.1466
445.000 7.5109 0.6711 -0.1139 -0.1365 -0.1585 -0.0529 -0.7124 0.1410
450.000 7.1190 0.6752 -0.1355 -0.1498 -0.1720 -0.0496 -0.7055 0.1357
