145.000 0.0009 -0.0454 0.0166 -0.0027 -0.0001 0.0027 0.6861 0.7259
150.000 0.0234 -0.1174 0.3616 -0.0213 -0.0102 0.0214 -0.9120 -0.1538
155.000 0.0814 -0.0349 0.4190 -0.0049 -0.0138 0.0054 -0.8250 -0.3774
160.000 0.1741 0.0329 0.4476 0.0125 -0.0154 -0.0109 -0.7906 -0.4163
165.000 0.2839 0.0750 0.4409 0.0238 -0.0157 -0.0207 -0.7801 -0.4375
170.000 0.4130 0.1089 0.4269 0.0322 -0.0153 -0.0273 -0.7762 -0.4510
175.000 0.5622 0.1378 0.4097 0.0385 -0.0144 -0.0318 -0.7751 -0.4610
180.000 0.7333 0.1630 0.3907 0.0430 -0.0131 -0.0346 -0.7754 -0.4691
185.000 0.9291 0.1855 0.3706 0.0462 -0.0115 -0.0361 -0.7762 -0.4759
190.000 1.1530 0.2057 0.3499 0.0481 -0.0096 -0.0367 -0.7772 -0.4817
195.000 1.4092 0.2243 0.3289 0.0490 -0.0075 -0.0365 -0.7782 -0.4867
200.000 1.7027 0.2416 0.3078 0.0490 -0.0052 -0.0358 -0.7791 -0.4909
205.000 2.0391 0.2579 0.2867 0.0482 -0.0028 -0.0348 -0.7797 -0.4944
210.000 2.4250 0.2734 0.2659 0.0468 -0.0004 -0.0335 -0.7800 -0.4971
215.000 2.8679 0.2884 0.2454 0.0447 0.0020 -0.0321 -0.7800 -0.4992
220.000 3.3760 0.3028 0.2253 0.0422 0.0044 -0.0306 -0.7796 -0.5007
225.000 3.9588 0.3168 0.2057 0.0392 0.0067 -0.0291 -0.7787 -0.5016
230.000 4.6262 0.3305 0.1868 0.0359 0.0088 -0.0276 -0.7774 -0.5019
235.000 5.3894 0.3438 0.1684 0.0322 0.0108 -0.0261 -0.7758 -0.5019
240.000 6.2599 0.3568 0.1506 0.0283 0.0127 -0.0247 -0.7737 -0.5014
245.000 7.2492 0.3695 0.1336 0.0242 0.0143 -0.0233 -0.7712 -0.5007
250.000 8.3687 0.3818 0.1171 0.0199 0.0157 -0.0221 -0.7684 -0.4997
255.000 9.6276 0.3938 0.1013 0.0155 0.0169 -0.0209 -0.7652 -0.4986
260.000 11.0329 0.4054 0.0862 0.0110 0.0179 -0.0198 -0.7618 -0.4973
265.000 12.5860 0.4167 0.0716 0.0063 0.0186 -0.0189 -0.7580 -0.4960
270.000 14.2815 0.4275 0.0577 0.0017 0.0190 -0.0180 -0.7540 -0.4947
275.000 16.1039 0.4380 0.0443 -0.0031 0.0192 -0.0173 -0.7497 -0.4934
280.000 18.0248 0.4480 0.0315 -0.0078 0.0192 -0.0167 -0.7454 -0.4921
285.000 19.9999 0.4576 0.0196 -0.0124 0.0189 -0.0164 -0.7411 -0.4904
290.000 21.9679 0.4669 0.0090 -0.0168 0.0183 -0.0164 -0.7373 -0.4879
295.000 23.8594 0.4758 -0.0002 -0.0209 0.0175 -0.0168 -0.7337 -0.4850
300.000 25.6090 0.4841 -0.0095 -0.0252 0.0165 -0.0173 -0.7294 -0.4833
305.000 27.1419 0.4918 -0.0195 -0.0297 0.0151 -0.0176 -0.7244 -0.4831
310.000 28.3819 0.4989 -0.0297 -0.0343 0.0136 -0.0179 -0.7192 -0.4834
315.000 29.2737 0.5055 -0.0396 -0.0389 0.0118 -0.0184 -0.7139 -0.4840
320.000 29.7885 0.5116 -0.0492 -0.0434 0.0098 -0.0190 -0.7087 -0.4848
325.000 29.9227 0.5174 -0.0584 -0.0479 0.0076 -0.0198 -0.7034 -0.4857
330.000 29.7011 0.5228 -0.0674 -0.0523 0.0052 -0.0208 -0.6981 -0.4869
335.000 29.1690 0.5278 -0.0761 -0.0567 0.0025 -0.0221 -0.6928 -0.4883
340.000 28.3817 0.5323 -0.0847 -0.0611 -0.0004 -0.0236 -0.6876 -0.4898
345.000 27.3985 0.5363 -0.0931 -0.0654 -0.0036 -0.0253 -0.6824 -0.4916
350.000 26.2765 0.5399 -0.1013 -0.0697 -0.0070 -0.0272 -0.6773 -0.4936
355.000 25.0669 0.5431 -0.1095 -0.0739 -0.0107 -0.0295 -0.6722 -0.4957
360.000 23.8125 0.5458 -0.1175 -0.0781 -0.0147 -0.0319 -0.6671 -0.4981
365.000 22.5475 0.5481 -0.1255 -0.0823 -0.0189 -0.0347 -0.6621 -0.5007
370.000 21.2978 0.5499 -0.1334 -0.0864 -0.0234 -0.0378 -0.6572 -0.5034
375.000 20.0819 0.5513 -0.1412 -0.0905 -0.0281 -0.0412 -0.6522 -0.5064
380.000 18.9125 0.5524 -0.1490 -0.0945 -0.0332 -0.0449 -0.6472 -0.5095
385.000 17.7978 0.5530 -0.1569 -0.0984 -0.0386 -0.0490 -0.6423 -0.5127
390.000 16.7419 0.5533 -0.1647 -0.1023 -0.0442 -0.0534 -0.6373 -0.5160
395.000 15.7468 0.5532 -0.1725 -0.1061 -0.0502 -0.0582 -0.6323 -0.5194
400.000 14.8123 0.5528 -0.1803 -0.1099 -0.0565 -0.0634 -0.6272 -0.5229
405.000 13.9371 0.5521 -0.1882 -0.1136 -0.0632 -0.0690 -0.6220 -0.5264
410.000 13.1188 0.5510 -0.1962 -0.1172 -0.0702 -0.0750 -0.6167 -0.5299
415.000 12.3550 0.5497 -0.2042 -0.1207 -0.0777 -0.0816 -0.6112 -0.5333
420.000 11.6424 0.5482 -0.2123 -0.1241 -0.0854 -0.0886 -0.6056 -0.5366
425.000 10.9781 0.5464 -0.2204 -0.1275 -0.0936 -0.0960 -0.5998 -0.5398
430.000 10.3588 0.5444 -0.2287 -0.1308 -0.1022 -0.1040 -0.5937 -0.5429
435.000 9.7817 0.5423 -0.2371 -0.1340 -0.1112 -0.1126 -0.5873 -0.5457
440.000 9.2438 0.5400 -0.2456 -0.1372 -0.1205 -0.1216 -0.5806 -0.5481
445.000 8.7424 0.5377 -0.2543 -0.1403 -0.1303 -0.1312 -0.5735 -0.5503
450.000 8.2749 0.5354 -0.2631 -0.1434 -0.1404 -0.1413 -0.5660 -0.5520
