145.000 0.0022 -0.0026 0.0026 -0.0004 0.0000 0.0004 0.9820 0.1890
150.000 0.0434 -0.0097 0.0753 -0.0075 -0.0008 0.0075 0.8475 0.5253
155.000 0.1107 -0.0057 0.1226 -0.0076 -0.0014 0.0077 0.7966 0.5919
160.000 0.2117 0.0008 0.1527 -0.0044 -0.0017 0.0045 0.7741 0.6143
165.000 0.3307 0.0054 0.1645 -0.0013 -0.0017 0.0015 0.7632 0.6248
170.000 0.4690 0.0093 0.1718 0.0017 -0.0016 -0.0014 0.7561 0.6314
175.000 0.6266 0.0127 0.1772 0.0047 -0.0013 -0.0043 0.7509 0.6361
180.000 0.8040 0.0158 0.1818 0.0077 -0.0008 -0.0072 0.7466 0.6398
185.000 1.0023 0.0185 0.1861 0.0108 -0.0003 -0.0101 0.7427 0.6430
190.000 1.2227 0.0211 0.1904 0.0140 0.0004 -0.0132 0.7389 0.6460
195.000 1.4666 0.0237 0.1948 0.0174 0.0011 -0.0165 0.7351 0.6490
200.000 1.7359 0.0262 0.1995 0.0210 0.0019 -0.0199 0.7309 0.6522
205.000 2.0324 0.0288 0.2044 0.0248 0.0028 -0.0236 0.7264 0.6556
210.000 2.3582 0.0315 0.2097 0.0288 0.0037 -0.0274 0.7214 0.6593
215.000 2.7156 0.0343 0.2153 0.0330 0.0047 -0.0315 0.7159 0.6634
220.000 3.1068 0.0372 0.2212 0.0374 0.0056 -0.0357 0.7099 0.6677
225.000 3.5346 0.0404 0.2274 0.0419 0.0067 -0.0402 0.7033 0.6724
230.000 4.0011 0.0438 0.2339 0.0466 0.0077 -0.0448 0.6962 0.6774
235.000 4.5086 0.0474 0.2407 0.0515 0.0087 -0.0496 0.6885 0.6826
240.000 5.0591 0.0513 0.2477 0.0564 0.0097 -0.0545 0.6802 0.6881
245.000 5.6536 0.0554 0.2550 0.0615 0.0106 -0.0595 0.6714 0.6937
250.000 6.2923 0.0598 0.2625 0.0666 0.0116 -0.0647 0.6620 0.6996
255.000 6.9733 0.0645 0.2702 0.0718 0.0125 -0.0699 0.6520 0.7055
260.000 7.6929 0.0695 0.2780 0.0771 0.0134 -0.0752 0.6416 0.7116
265.000 8.4438 0.0747 0.2859 0.0823 0.0142 -0.0805 0.6305 0.7178
270.000 9.2152 0.0802 0.2939 0.0876 0.0150 -0.0859 0.6190 0.7239
275.000 9.9919 0.0860 0.3019 0.0928 0.0157 -0.0912 0.6070 0.7301
280.000 10.7554 0.0921 0.3099 0.0980 0.0163 -0.0966 0.5946 0.7362
285.000 11.4862 0.0983 0.3179 0.1030 0.0168 -0.1019 0.5820 0.7419
290.000 12.1680 0.1047 0.3258 0.1080 0.0173 -0.1071 0.5698 0.7471
295.000 12.7682 0.1111 0.3338 0.1129 0.0176 -0.1123 0.5578 0.7516
300.000 13.2172 0.1178 0.3419 0.1177 0.0178 -0.1174 0.5447 0.7564
305.000 13.4775 0.1251 0.3499 0.1225 0.0180 -0.1225 0.5303 0.7618
310.000 13.5503 0.1328 0.3576 0.1270 0.0181 -0.1274 0.5151 0.7673
315.000 13.4410 0.1407 0.3651 0.1314 0.0181 -0.1322 0.4994 0.7726
320.000 13.1600 0.1488 0.3722 0.1355 0.0180 -0.1368 0.4834 0.7778
325.000 12.7240 0.1572 0.3791 0.1395 0.0177 -0.1413 0.4672 0.7826
330.000 12.1621 0.1658 0.3857 0.1432 0.0173 -0.1456 0.4506 0.7872
335.000 11.5073 0.1746 0.3919 0.1466 0.0168 -0.1496 0.4337 0.7916
340.000 10.7918 0.1837 0.3976 0.1497 0.0161 -0.1534 0.4164 0.7959
345.000 10.0451 0.1929 0.4028 0.1525 0.0152 -0.1569 0.3989 0.7999
350.000 9.2923 0.2025 0.4075 0.1549 0.0142 -0.1601 0.3809 0.8038
355.000 8.5532 0.2122 0.4115 0.1569 0.0129 -0.1629 0.3626 0.8075
360.000 7.8421 0.2223 0.4149 0.1584 0.0115 -0.1654 0.3440 0.8110
365.000 7.1686 0.2326 0.4176 0.1595 0.0098 -0.1674 0.3249 0.8144
370.000 6.5383 0.2432 0.4195 0.1600 0.0078 -0.1690 0.3054 0.8177
375.000 5.9541 0.2541 0.4205 0.1600 0.0056 -0.1701 0.2854 0.8209
380.000 5.4161 0.2653 0.4205 0.1594 0.0031 -0.1707 0.2650 0.8239
385.000 4.9234 0.2769 0.4194 0.1581 0.0003 -0.1706 0.2442 0.8269
390.000 4.4739 0.2888 0.4172 0.1560 -0.0028 -0.1699 0.2228 0.8297
395.000 4.0648 0.3012 0.4136 0.1531 -0.0063 -0.1685 0.2009 0.8324
400.000 3.6933 0.3140 0.4085 0.1494 -0.0103 -0.1663 0.1784 0.8350
405.000 3.3562 0.3273 0.4019 0.1446 -0.0146 -0.1633 0.1553 0.8374
410.000 3.0506 0.3411 0.3935 0.1388 -0.0195 -0.1592 0.1316 0.8397
415.000 2.7737 0.3556 0.3831 0.1318 -0.0249 -0.1542 0.1073 0.8416
420.000 2.5229 0.3707 0.3705 0.1234 -0.0309 -0.1479 0.0823 0.8432
425.000 2.2956 0.3865 0.3555 0.1137 -0.0376 -0.1404 0.0568 0.8443
430.000 2.0897 0.4031 0.3379 0.1023 -0.0449 -0.1314 0.0305 0.8447
435.000 1.9032 0.4205 0.3174 0.0892 -0.0530 -0.1209 0.0038 0.8444
440.000 1.7342 0.4387 0.2936 0.0741 -0.0619 -0.1086 -0.0234 0.8430
445.000 1.5814 0.4579 0.2663 0.0570 -0.0716 -0.0945 -0.0510 0.8402
450.000 1.4431 0.4781 0.2351 0.0375 -0.0822 -0.0782 -0.0787 0.8357
