145.000 0.0014 -0.0327 0.0115 -0.0019 -0.0001 0.0019 0.7720 0.6346
150.000 0.0314 -0.1023 0.2890 -0.0217 -0.0085 0.0218 -0.6347 0.7093
155.000 0.0971 -0.0407 0.3814 -0.0123 -0.0130 0.0127 -0.7731 0.5050
160.000 0.2023 0.0217 0.4253 0.0023 -0.0147 -0.0006 -0.7941 0.4333
165.000 0.3272 0.0613 0.4307 0.0128 -0.0149 -0.0095 -0.8068 0.3997
170.000 0.4741 0.0934 0.4277 0.0214 -0.0141 -0.0161 -0.8156 0.3783
175.000 0.6439 0.1207 0.4212 0.0287 -0.0127 -0.0213 -0.8226 0.3627
180.000 0.8382 0.1445 0.4130 0.0350 -0.0108 -0.0252 -0.8285 0.3502
185.000 1.0597 0.1657 0.4038 0.0404 -0.0084 -0.0284 -0.8337 0.3393
190.000 1.3116 0.1850 0.3940 0.0451 -0.0056 -0.0309 -0.8385 0.3294
195.000 1.5981 0.2029 0.3838 0.0493 -0.0025 -0.0330 -0.8429 0.3200
200.000 1.9240 0.2198 0.3735 0.0528 0.0008 -0.0348 -0.8468 0.3109
205.000 2.2949 0.2360 0.3630 0.0559 0.0042 -0.0365 -0.8504 0.3018
210.000 2.7174 0.2517 0.3524 0.0585 0.0077 -0.0380 -0.8537 0.2927
215.000 3.1988 0.2671 0.3418 0.0607 0.0111 -0.0395 -0.8564 0.2834
220.000 3.7475 0.2823 0.3312 0.0624 0.0145 -0.0409 -0.8588 0.2741
225.000 4.3726 0.2973 0.3206 0.0637 0.0178 -0.0422 -0.8607 0.2645
230.000 5.0842 0.3123 0.3100 0.0646 0.0208 -0.0436 -0.8621 0.2549
235.000 5.8931 0.3271 0.2994 0.0650 0.0237 -0.0449 -0.8631 0.2451
240.000 6.8108 0.3419 0.2888 0.0651 0.0263 -0.0461 -0.8636 0.2352
245.000 7.8486 0.3565 0.2784 0.0648 0.0285 -0.0473 -0.8636 0.2252
250.000 9.0170 0.3709 0.2679 0.0641 0.0305 -0.0485 -0.8632 0.2151
255.000 10.3251 0.3852 0.2575 0.0630 0.0321 -0.0496 -0.8624 0.2050
260.000 11.7787 0.3992 0.2472 0.0616 0.0334 -0.0506 -0.8612 0.1948
265.000 13.3783 0.4130 0.2368 0.0598 0.0344 -0.0516 -0.8597 0.1846
270.000 15.1173 0.4264 0.2266 0.0577 0.0350 -0.0525 -0.8578 0.1743
275.000 16.9789 0.4395 0.2163 0.0553 0.0352 -0.0533 -0.8556 0.1642
280.000 18.9338 0.4523 0.2062 0.0526 0.0351 -0.0540 -0.8531 0.1543
285.000 20.9395 0.4646 0.1964 0.0497 0.0347 -0.0548 -0.8502 0.1450
290.000 22.9395 0.4764 0.1875 0.0468 0.0339 -0.0557 -0.8468 0.1369
295.000 24.8624 0.4876 0.1795 0.0439 0.0328 -0.0568 -0.8431 0.1296
300.000 26.6218 0.4986 0.1711 0.0406 0.0313 -0.0577 -0.8395 0.1211
305.000 28.1363 0.5091 0.1617 0.0368 0.0295 -0.0583 -0.8362 0.1115
310.000 29.3396 0.5193 0.1517 0.0327 0.0275 -0.0587 -0.8330 0.1015
315.000 30.1828 0.5289 0.1416 0.0283 0.0251 -0.0590 -0.8297 0.0917
320.000 30.6406 0.5381 0.1315 0.0237 0.0224 -0.0592 -0.8264 0.0822
325.000 30.7090 0.5469 0.1215 0.0189 0.0194 -0.0595 -0.8229 0.0728
330.000 30.4174 0.5554 0.1114 0.0140 0.0162 -0.0597 -0.8194 0.0637
335.000 29.8154 0.5633 0.1013 0.0088 0.0127 -0.0600 -0.8159 0.0548
340.000 28.9605 0.5709 0.0911 0.0035 0.0088 -0.0602 -0.8124 0.0461
345.000 27.9140 0.5780 0.0807 -0.0021 0.0046 -0.0604 -0.8089 0.0377
350.000 26.7339 0.5847 0.0702 -0.0078 0.0001 -0.0607 -0.8055 0.0295
355.000 25.4723 0.5909 0.0596 -0.0137 -0.0048 -0.0609 -0.8020 0.0215
360.000 24.1722 0.5968 0.0488 -0.0199 -0.0100 -0.0612 -0.7986 0.0137
365.000 22.8677 0.6023 0.0378 -0.0262 -0.0155 -0.0615 -0.7953 0.0062
370.000 21.5843 0.6074 0.0266 -0.0328 -0.0214 -0.0618 -0.7919 -0.0011
375.000 20.3403 0.6122 0.0151 -0.0395 -0.0276 -0.0621 -0.7886 -0.0082
380.000 19.1479 0.6166 0.0034 -0.0465 -0.0342 -0.0625 -0.7853 -0.0150
385.000 18.0146 0.6207 -0.0086 -0.0537 -0.0412 -0.0629 -0.7820 -0.0216
390.000 16.9443 0.6245 -0.0209 -0.0611 -0.0486 -0.0634 -0.7786 -0.0279
395.000 15.9383 0.6280 -0.0335 -0.0687 -0.0564 -0.0639 -0.7751 -0.0340
400.000 14.9961 0.6312 -0.0465 -0.0765 -0.0646 -0.0644 -0.7716 -0.0398
405.000 14.1160 0.6342 -0.0598 -0.0846 -0.0733 -0.0651 -0.7679 -0.0453
410.000 13.2954 0.6370 -0.0735 -0.0929 -0.0825 -0.0657 -0.7641 -0.0505
415.000 12.5314 0.6396 -0.0877 -0.1015 -0.0921 -0.0664 -0.7600 -0.0554
420.000 11.8207 0.6420 -0.1022 -0.1103 -0.1021 -0.0672 -0.7556 -0.0600
425.000 11.1600 0.6443 -0.1172 -0.1194 -0.1127 -0.0681 -0.7510 -0.0643
430.000 10.5461 0.6464 -0.1327 -0.1288 -0.1238 -0.0690 -0.7459 -0.0683
435.000 9.9758 0.6485 -0.1486 -0.1384 -0.1354 -0.0699 -0.7403 -0.0719
440.000 9.4461 0.6506 -0.1651 -0.1484 -0.1475 -0.0709 -0.7342 -0.0751
445.000 8.9543 0.6526 -0.1820 -0.1586 -0.1600 -0.0720 -0.7275 -0.0780
450.000 8.4977 0.6546 -0.1994 -0.1692 -0.1730 -0.0731 -0.7201 -0.0805
