145.000 0.0003 -0.0010 0.0041 -0.0007 0.0000 0.0007 0.9928 0.1196
150.000 0.0131 -0.0017 0.0583 -0.0022 -0.0002 0.0022 0.9721 -0.2271
155.000 0.0533 -0.0003 0.0568 0.0008 -0.0002 -0.0008 0.9776 -0.2028
160.000 0.1114 0.0006 0.0608 0.0034 -0.0002 -0.0034 0.9776 -0.2014
165.000 0.1782 0.0012 0.0595 0.0050 -0.0002 -0.0050 0.9775 -0.2026
170.000 0.2537 0.0017 0.0571 0.0061 -0.0002 -0.0061 0.9772 -0.2047
175.000 0.3380 0.0022 0.0542 0.0068 -0.0002 -0.0068 0.9768 -0.2073
180.000 0.4320 0.0027 0.0507 0.0073 -0.0002 -0.0073 0.9763 -0.2101
185.000 0.5370 0.0031 0.0470 0.0075 -0.0002 -0.0075 0.9759 -0.2131
190.000 0.6544 0.0035 0.0430 0.0075 -0.0002 -0.0075 0.9754 -0.2160
195.000 0.7864 0.0039 0.0389 0.0073 -0.0002 -0.0073 0.9750 -0.2189
200.000 0.9349 0.0043 0.0347 0.0070 -0.0002 -0.0070 0.9745 -0.2218
205.000 1.1026 0.0047 0.0304 0.0065 -0.0002 -0.0065 0.9740 -0.2246
210.000 1.2919 0.0051 0.0262 0.0060 -0.0001 -0.0060 0.9734 -0.2274
215.000 1.5061 0.0055 0.0219 0.0054 -0.0001 -0.0054 0.9729 -0.2301
220.000 1.7482 0.0059 0.0178 0.0048 -0.0001 -0.0048 0.9724 -0.2327
225.000 2.0221 0.0063 0.0137 0.0041 -0.0001 -0.0041 0.9718 -0.2352
230.000 2.3315 0.0066 0.0097 0.0034 -0.0001 -0.0034 0.9713 -0.2376
235.000 2.6807 0.0070 0.0059 0.0026 -0.0001 -0.0027 0.9707 -0.2400
240.000 3.0738 0.0073 0.0022 0.0019 0.0000 -0.0020 0.9702 -0.2422
245.000 3.5153 0.0077 -0.0013 0.0012 0.0000 -0.0013 0.9697 -0.2442
250.000 4.0089 0.0080 -0.0047 0.0006 0.0000 -0.0006 0.9692 -0.2462
255.000 4.5579 0.0084 -0.0079 -0.0001 0.0000 0.0000 0.9687 -0.2480
260.000 5.1643 0.0087 -0.0109 -0.0006 0.0000 0.0006 0.9682 -0.2496
265.000 5.8279 0.0090 -0.0138 -0.0012 0.0000 0.0011 0.9678 -0.2511
270.000 6.5457 0.0092 -0.0165 -0.0017 0.0000 0.0016 0.9674 -0.2525
275.000 7.3101 0.0095 -0.0189 -0.0021 0.0000 0.0020 0.9671 -0.2537
280.000 8.1072 0.0097 -0.0212 -0.0024 0.0000 0.0023 0.9667 -0.2548
285.000 8.9136 0.0100 -0.0232 -0.0026 -0.0001 0.0025 0.9664 -0.2558
290.000 9.6942 0.0102 -0.0249 -0.0027 -0.0001 0.0026 0.9661 -0.2569
295.000 10.4224 0.0104 -0.0262 -0.0027 -0.0001 0.0025 0.9657 -0.2580
300.000 11.1023 0.0105 -0.0274 -0.0026 -0.0001 0.0024 0.9655 -0.2587
305.000 11.7138 0.0106 -0.0286 -0.0024 -0.0001 0.0022 0.9654 -0.2589
310.000 12.2143 0.0107 -0.0296 -0.0022 -0.0002 0.0020 0.9654 -0.2587
315.000 12.5762 0.0107 -0.0305 -0.0018 -0.0002 0.0016 0.9655 -0.2584
320.000 12.7876 0.0108 -0.0311 -0.0014 -0.0002 0.0011 0.9656 -0.2580
325.000 12.8482 0.0107 -0.0316 -0.0008 -0.0003 0.0006 0.9657 -0.2573
330.000 12.7689 0.0107 -0.0319 -0.0002 -0.0003 -0.0001 0.9659 -0.2565
335.000 12.5686 0.0106 -0.0319 0.0005 -0.0004 -0.0008 0.9662 -0.2556
340.000 12.2701 0.0105 -0.0318 0.0014 -0.0004 -0.0017 0.9665 -0.2545
345.000 11.8973 0.0104 -0.0315 0.0024 -0.0004 -0.0027 0.9669 -0.2532
350.000 11.4729 0.0102 -0.0311 0.0034 -0.0005 -0.0037 0.9672 -0.2517
355.000 11.0170 0.0101 -0.0304 0.0046 -0.0005 -0.0049 0.9677 -0.2501
360.000 10.5461 0.0098 -0.0296 0.0059 -0.0006 -0.0062 0.9682 -0.2483
365.000 10.0731 0.0096 -0.0287 0.0072 -0.0006 -0.0076 0.9687 -0.2464
370.000 9.6079 0.0094 -0.0276 0.0087 -0.0007 -0.0091 0.9693 -0.2443
375.000 9.1571 0.0091 -0.0263 0.0102 -0.0007 -0.0106 0.9699 -0.2421
380.000 8.7254 0.0088 -0.0250 0.0119 -0.0008 -0.0123 0.9705 -0.2397
385.000 8.3153 0.0085 -0.0234 0.0136 -0.0008 -0.0140 0.9711 -0.2372
390.000 7.9281 0.0082 -0.0218 0.0154 -0.0008 -0.0159 0.9718 -0.2346
395.000 7.5642 0.0078 -0.0200 0.0173 -0.0009 -0.0178 0.9725 -0.2318
400.000 7.2230 0.0075 -0.0182 0.0193 -0.0009 -0.0198 0.9732 -0.2289
405.000 6.9038 0.0071 -0.0162 0.0214 -0.0010 -0.0218 0.9740 -0.2259
410.000 6.6053 0.0068 -0.0141 0.0235 -0.0010 -0.0240 0.9747 -0.2228
415.000 6.3262 0.0064 -0.0119 0.0257 -0.0010 -0.0262 0.9755 -0.2196
420.000 6.0650 0.0060 -0.0097 0.0280 -0.0011 -0.0285 0.9762 -0.2163
425.000 5.8202 0.0057 -0.0073 0.0303 -0.0011 -0.0309 0.9770 -0.2130
430.000 5.5904 0.0053 -0.0049 0.0328 -0.0011 -0.0333 0.9778 -0.2095
435.000 5.3741 0.0049 -0.0024 0.0353 -0.0012 -0.0358 0.9785 -0.2060
440.000 5.1701 0.0046 0.0002 0.0378 -0.0012 -0.0384 0.9793 -0.2024
445.000 4.9771 0.0042 0.0028 0.0405 -0.0012 -0.0410 0.9800 -0.1988
450.000 4.7939 0.0039 0.0055 0.0432 -0.0012 -0.0438 0.9807 -0.1950
