145.000 0.0004 -0.0141 0.0142 -0.0023 0.0000 0.0023 0.9030 0.4292
150.000 0.0140 -0.0241 0.2146 -0.0086 -0.0022 0.0086 0.5965 -0.7730
155.000 0.0561 -0.0046 0.2126 0.0025 -0.0026 -0.0025 0.6700 -0.7113
160.000 0.1180 0.0087 0.2263 0.0122 -0.0030 -0.0120 0.6727 -0.7044
165.000 0.1897 0.0174 0.2210 0.0180 -0.0031 -0.0178 0.6717 -0.7069
170.000 0.2713 0.0249 0.2119 0.0220 -0.0031 -0.0217 0.6685 -0.7124
175.000 0.3632 0.0316 0.2005 0.0247 -0.0031 -0.0243 0.6644 -0.7193
180.000 0.4663 0.0378 0.1877 0.0263 -0.0030 -0.0258 0.6598 -0.7266
185.000 0.5822 0.0437 0.1738 0.0270 -0.0029 -0.0264 0.6550 -0.7341
190.000 0.7128 0.0493 0.1591 0.0269 -0.0027 -0.0263 0.6500 -0.7415
195.000 0.8604 0.0546 0.1440 0.0262 -0.0025 -0.0256 0.6448 -0.7487
200.000 1.0274 0.0598 0.1286 0.0250 -0.0022 -0.0244 0.6395 -0.7556
205.000 1.2170 0.0649 0.1131 0.0233 -0.0020 -0.0229 0.6341 -0.7622
210.000 1.4324 0.0698 0.0977 0.0213 -0.0017 -0.0210 0.6286 -0.7684
215.000 1.6771 0.0747 0.0826 0.0191 -0.0014 -0.0189 0.6230 -0.7742
220.000 1.9553 0.0795 0.0678 0.0166 -0.0012 -0.0167 0.6174 -0.7797
225.000 2.2713 0.0842 0.0533 0.0140 -0.0009 -0.0144 0.6118 -0.7847
230.000 2.6299 0.0887 0.0394 0.0113 -0.0007 -0.0121 0.6063 -0.7893
235.000 3.0364 0.0932 0.0259 0.0086 -0.0004 -0.0097 0.6008 -0.7935
240.000 3.4958 0.0976 0.0130 0.0058 -0.0002 -0.0074 0.5954 -0.7974
245.000 4.0135 0.1018 0.0007 0.0031 -0.0001 -0.0051 0.5902 -0.8008
250.000 4.5943 0.1059 -0.0110 0.0005 0.0001 -0.0029 0.5851 -0.8039
255.000 5.2423 0.1098 -0.0221 -0.0021 0.0002 -0.0009 0.5804 -0.8066
260.000 5.9599 0.1135 -0.0326 -0.0045 0.0003 0.0010 0.5759 -0.8090
265.000 6.7470 0.1171 -0.0425 -0.0067 0.0003 0.0027 0.5717 -0.8110
270.000 7.6001 0.1204 -0.0517 -0.0088 0.0002 0.0042 0.5679 -0.8127
275.000 8.5102 0.1235 -0.0603 -0.0107 0.0002 0.0054 0.5644 -0.8141
280.000 9.4610 0.1265 -0.0683 -0.0123 0.0001 0.0065 0.5612 -0.8152
285.000 10.4257 0.1292 -0.0754 -0.0137 -0.0001 0.0072 0.5581 -0.8163
290.000 11.3648 0.1318 -0.0814 -0.0147 -0.0003 0.0075 0.5547 -0.8176
295.000 12.2454 0.1344 -0.0863 -0.0152 -0.0006 0.0073 0.5513 -0.8190
300.000 13.0634 0.1364 -0.0907 -0.0155 -0.0009 0.0070 0.5492 -0.8196
305.000 13.7913 0.1378 -0.0952 -0.0157 -0.0012 0.0065 0.5484 -0.8194
310.000 14.3816 0.1389 -0.0994 -0.0157 -0.0016 0.0057 0.5483 -0.8188
315.000 14.8025 0.1396 -0.1031 -0.0153 -0.0020 0.0047 0.5488 -0.8178
320.000 15.0404 0.1400 -0.1061 -0.0147 -0.0025 0.0034 0.5498 -0.8167
325.000 15.0954 0.1402 -0.1085 -0.0138 -0.0029 0.0017 0.5512 -0.8154
330.000 14.9806 0.1400 -0.1104 -0.0125 -0.0035 -0.0002 0.5531 -0.8139
335.000 14.7189 0.1396 -0.1117 -0.0109 -0.0040 -0.0026 0.5555 -0.8121
340.000 14.3378 0.1389 -0.1125 -0.0090 -0.0046 -0.0052 0.5583 -0.8102
345.000 13.8665 0.1378 -0.1128 -0.0067 -0.0052 -0.0083 0.5616 -0.8080
350.000 13.3326 0.1364 -0.1125 -0.0041 -0.0058 -0.0117 0.5653 -0.8056
355.000 12.7606 0.1348 -0.1118 -0.0011 -0.0064 -0.0154 0.5695 -0.8030
360.000 12.1707 0.1328 -0.1105 0.0022 -0.0071 -0.0195 0.5741 -0.8001
365.000 11.5789 0.1305 -0.1087 0.0059 -0.0077 -0.0240 0.5792 -0.7969
370.000 10.9969 0.1280 -0.1065 0.0099 -0.0084 -0.0288 0.5847 -0.7935
375.000 10.4332 0.1252 -0.1037 0.0143 -0.0091 -0.0340 0.5905 -0.7898
380.000 9.8933 0.1222 -0.1005 0.0191 -0.0098 -0.0396 0.5968 -0.7858
385.000 9.3805 0.1189 -0.0969 0.0242 -0.0105 -0.0455 0.6034 -0.7816
390.000 8.8964 0.1155 -0.0928 0.0296 -0.0113 -0.0517 0.6103 -0.7770
395.000 8.4415 0.1118 -0.0882 0.0354 -0.0120 -0.0584 0.6175 -0.7721
400.000 8.0152 0.1080 -0.0833 0.0416 -0.0127 -0.0653 0.6250 -0.7669
405.000 7.6166 0.1040 -0.0779 0.0481 -0.0134 -0.0727 0.6328 -0.7613
410.000 7.2442 0.0998 -0.0721 0.0550 -0.0141 -0.0804 0.6407 -0.7554
415.000 6.8965 0.0956 -0.0659 0.0622 -0.0148 -0.0885 0.6489 -0.7492
420.000 6.5717 0.0913 -0.0593 0.0698 -0.0155 -0.0969 0.6573 -0.7426
425.000 6.2682 0.0869 -0.0523 0.0778 -0.0162 -0.1057 0.6657 -0.7356
430.000 5.9840 0.0824 -0.0450 0.0861 -0.0169 -0.1149 0.6743 -0.7283
435.000 5.7177 0.0780 -0.0373 0.0947 -0.0176 -0.1244 0.6829 -0.7206
440.000 5.4676 0.0735 -0.0293 0.1037 -0.0182 -0.1343 0.6916 -0.7126
445.000 5.2322 0.0691 -0.0209 0.1131 -0.0188 -0.1446 0.7004 -0.7041
450.000 5.0101 0.0647 -0.0122 0.1227 -0.0194 -0.1552 0.7091 -0.6953
