145.000 0.0017 -0.0207 0.0082 -0.0014 -0.0001 0.0014 0.8556 0.5172
150.000 0.0365 -0.0707 0.2221 -0.0190 -0.0057 0.0190 -0.1193 0.9651
155.000 0.1042 -0.0333 0.3195 -0.0144 -0.0095 0.0147 -0.3214 0.8907
160.000 0.2109 0.0116 0.3709 -0.0033 -0.0110 0.0045 -0.3813 0.8466
165.000 0.3373 0.0411 0.3843 0.0054 -0.0111 -0.0031 -0.4105 0.8258
170.000 0.4854 0.0653 0.3892 0.0130 -0.0104 -0.0093 -0.4294 0.8123
175.000 0.6559 0.0861 0.3905 0.0199 -0.0090 -0.0146 -0.4435 0.8022
180.000 0.8499 0.1044 0.3901 0.0264 -0.0071 -0.0193 -0.4549 0.7939
185.000 1.0697 0.1209 0.3889 0.0324 -0.0047 -0.0235 -0.4650 0.7864
190.000 1.3180 0.1362 0.3871 0.0382 -0.0020 -0.0275 -0.4744 0.7793
195.000 1.5980 0.1505 0.3852 0.0437 0.0011 -0.0313 -0.4835 0.7721
200.000 1.9138 0.1643 0.3830 0.0491 0.0044 -0.0350 -0.4925 0.7648
205.000 2.2699 0.1778 0.3808 0.0542 0.0078 -0.0387 -0.5016 0.7571
210.000 2.6716 0.1912 0.3785 0.0592 0.0114 -0.0424 -0.5109 0.7488
215.000 3.1248 0.2046 0.3761 0.0640 0.0149 -0.0461 -0.5203 0.7401
220.000 3.6362 0.2182 0.3736 0.0686 0.0184 -0.0499 -0.5298 0.7308
225.000 4.2131 0.2319 0.3709 0.0728 0.0219 -0.0536 -0.5394 0.7209
230.000 4.8634 0.2458 0.3681 0.0768 0.0251 -0.0574 -0.5490 0.7104
235.000 5.5955 0.2599 0.3651 0.0805 0.0282 -0.0610 -0.5586 0.6993
240.000 6.4181 0.2742 0.3618 0.0838 0.0310 -0.0646 -0.5682 0.6878
245.000 7.3396 0.2886 0.3583 0.0867 0.0335 -0.0681 -0.5776 0.6757
250.000 8.3676 0.3031 0.3544 0.0892 0.0358 -0.0715 -0.5868 0.6631
255.000 9.5079 0.3177 0.3503 0.0913 0.0377 -0.0747 -0.5958 0.6502
260.000 10.7635 0.3323 0.3459 0.0930 0.0393 -0.0777 -0.6045 0.6368
265.000 12.1325 0.3468 0.3411 0.0942 0.0406 -0.0806 -0.6129 0.6232
270.000 13.6068 0.3613 0.3360 0.0950 0.0415 -0.0832 -0.6210 0.6093
275.000 15.1697 0.3756 0.3306 0.0953 0.0420 -0.0857 -0.6288 0.5952
280.000 16.7950 0.3897 0.3249 0.0952 0.0422 -0.0879 -0.6360 0.5811
285.000 18.4468 0.4035 0.3190 0.0948 0.0420 -0.0900 -0.6424 0.5673
290.000 20.0811 0.4167 0.3136 0.0941 0.0415 -0.0920 -0.6477 0.5543
295.000 21.6367 0.4295 0.3086 0.0932 0.0406 -0.0941 -0.6518 0.5418
300.000 23.0276 0.4421 0.3031 0.0919 0.0394 -0.0958 -0.6565 0.5285
305.000 24.1836 0.4547 0.2963 0.0899 0.0378 -0.0971 -0.6621 0.5142
310.000 25.0592 0.4671 0.2887 0.0874 0.0359 -0.0980 -0.6676 0.4996
315.000 25.6222 0.4790 0.2806 0.0844 0.0337 -0.0986 -0.6728 0.4852
320.000 25.8583 0.4906 0.2722 0.0811 0.0312 -0.0991 -0.6776 0.4710
325.000 25.7685 0.5017 0.2637 0.0775 0.0284 -0.0994 -0.6821 0.4570
330.000 25.3834 0.5126 0.2548 0.0735 0.0253 -0.0995 -0.6861 0.4432
335.000 24.7494 0.5230 0.2456 0.0692 0.0218 -0.0995 -0.6899 0.4297
340.000 23.9172 0.5330 0.2359 0.0645 0.0180 -0.0992 -0.6933 0.4166
345.000 22.9395 0.5426 0.2259 0.0594 0.0139 -0.0988 -0.6965 0.4037
350.000 21.8654 0.5518 0.2155 0.0540 0.0094 -0.0981 -0.6995 0.3912
355.000 20.7382 0.5606 0.2047 0.0482 0.0046 -0.0973 -0.7021 0.3789
360.000 19.5926 0.5691 0.1935 0.0420 -0.0006 -0.0963 -0.7046 0.3670
365.000 18.4561 0.5772 0.1818 0.0355 -0.0062 -0.0952 -0.7068 0.3555
370.000 17.3484 0.5850 0.1696 0.0286 -0.0121 -0.0938 -0.7088 0.3442
375.000 16.2832 0.5924 0.1570 0.0213 -0.0184 -0.0923 -0.7106 0.3333
380.000 15.2694 0.5995 0.1438 0.0137 -0.0251 -0.0905 -0.7121 0.3227
385.000 14.3120 0.6064 0.1301 0.0056 -0.0323 -0.0886 -0.7134 0.3125
390.000 13.4130 0.6129 0.1159 -0.0028 -0.0398 -0.0865 -0.7144 0.3026
395.000 12.5725 0.6192 0.1010 -0.0117 -0.0478 -0.0842 -0.7150 0.2930
400.000 11.7891 0.6253 0.0855 -0.0209 -0.0563 -0.0817 -0.7154 0.2838
405.000 11.0608 0.6311 0.0693 -0.0306 -0.0652 -0.0789 -0.7154 0.2749
410.000 10.3848 0.6367 0.0525 -0.0408 -0.0746 -0.0760 -0.7150 0.2663
415.000 9.7581 0.6422 0.0349 -0.0514 -0.0845 -0.0729 -0.7141 0.2580
420.000 9.1774 0.6475 0.0167 -0.0625 -0.0950 -0.0695 -0.7127 0.2501
425.000 8.6398 0.6527 -0.0024 -0.0741 -0.1059 -0.0659 -0.7108 0.2424
430.000 8.1422 0.6578 -0.0222 -0.0861 -0.1174 -0.0620 -0.7081 0.2350
435.000 7.6817 0.6628 -0.0429 -0.0987 -0.1295 -0.0579 -0.7047 0.2278
440.000 7.2557 0.6677 -0.0643 -0.1118 -0.1420 -0.0535 -0.7005 0.2208
445.000 6.8616 0.6727 -0.0866 -0.1254 -0.1551 -0.0489 -0.6953 0.2141
450.000 6.4971 0.6776 -0.1096 -0.1396 -0.1686 -0.0440 -0.6891 0.2075
