145.000 0.0065 -0.0300 0.2016 -0.0593 0.0283 0.0694 0.4033 -0.8909
150.000 0.0435 -0.0258 0.3004 -0.0257 0.0086 0.0331 0.3048 -0.9032
155.000 0.0836 -0.0128 0.3473 -0.0040 -0.0028 0.0091 0.2235 -0.9106
160.000 0.1352 0.0036 0.3658 0.0106 -0.0090 -0.0068 0.1587 -0.9171
165.000 0.2003 0.0214 0.3679 0.0209 -0.0120 -0.0174 0.1067 -0.9235
170.000 0.2806 0.0396 0.3603 0.0282 -0.0133 -0.0246 0.0642 -0.9298
175.000 0.3777 0.0579 0.3466 0.0337 -0.0136 -0.0293 0.0288 -0.9358
180.000 0.4930 0.0760 0.3291 0.0377 -0.0136 -0.0323 -0.0013 -0.9413
185.000 0.6284 0.0938 0.3093 0.0408 -0.0134 -0.0341 -0.0275 -0.9461
190.000 0.7857 0.1113 0.2880 0.0430 -0.0134 -0.0351 -0.0505 -0.9500
195.000 0.9667 0.1284 0.2659 0.0447 -0.0137 -0.0353 -0.0712 -0.9531
200.000 1.1738 0.1449 0.2434 0.0458 -0.0143 -0.0351 -0.0897 -0.9552
205.000 1.4134 0.1602 0.2206 0.0459 -0.0148 -0.0339 -0.1047 -0.9568
210.000 1.6872 0.1747 0.1980 0.0456 -0.0154 -0.0324 -0.1177 -0.9577
215.000 2.0019 0.1886 0.1757 0.0448 -0.0162 -0.0304 -0.1287 -0.9580
220.000 2.3627 0.2019 0.1541 0.0437 -0.0172 -0.0281 -0.1383 -0.9577
225.000 2.7747 0.2146 0.1330 0.0424 -0.0184 -0.0256 -0.1465 -0.9569
230.000 3.2455 0.2266 0.1120 0.0407 -0.0197 -0.0229 -0.1530 -0.9557
235.000 3.7820 0.2380 0.0917 0.0390 -0.0213 -0.0203 -0.1587 -0.9541
240.000 4.3895 0.2484 0.0722 0.0370 -0.0230 -0.0174 -0.1629 -0.9524
245.000 5.0793 0.2579 0.0537 0.0350 -0.0248 -0.0145 -0.1662 -0.9505
250.000 5.8553 0.2669 0.0358 0.0329 -0.0267 -0.0118 -0.1688 -0.9483
255.000 6.7179 0.2755 0.0185 0.0307 -0.0287 -0.0090 -0.1705 -0.9459
260.000 7.6906 0.2837 0.0018 0.0284 -0.0308 -0.0066 -0.1720 -0.9433
265.000 8.7364 0.2910 -0.0139 0.0263 -0.0330 -0.0041 -0.1721 -0.9408
270.000 9.8925 0.2978 -0.0289 0.0242 -0.0354 -0.0020 -0.1718 -0.9382
275.000 11.1337 0.3041 -0.0431 0.0223 -0.0379 0.0000 -0.1712 -0.9356
280.000 12.4018 0.3100 -0.0568 0.0204 -0.0404 0.0018 -0.1698 -0.9331
285.000 13.7721 0.3156 -0.0702 0.0185 -0.0431 0.0032 -0.1685 -0.9303
290.000 15.0513 0.3201 -0.0827 0.0168 -0.0458 0.0047 -0.1664 -0.9280
295.000 16.3196 0.3240 -0.0952 0.0151 -0.0485 0.0063 -0.1640 -0.9257
300.000 17.5353 0.3275 -0.1073 0.0135 -0.0514 0.0075 -0.1616 -0.9234
305.000 18.5022 0.3308 -0.1183 0.0123 -0.0545 0.0081 -0.1584 -0.9212
310.000 19.3603 0.3339 -0.1295 0.0113 -0.0579 0.0083 -0.1551 -0.9189
315.000 19.9539 0.3363 -0.1397 0.0103 -0.0611 0.0083 -0.1517 -0.9169
320.000 20.2800 0.3383 -0.1495 0.0093 -0.0641 0.0082 -0.1479 -0.9150
325.000 20.3921 0.3399 -0.1593 0.0084 -0.0673 0.0080 -0.1438 -0.9132
330.000 20.2678 0.3412 -0.1681 0.0081 -0.0707 0.0073 -0.1399 -0.9115
335.000 19.8968 0.3421 -0.1768 0.0081 -0.0744 0.0063 -0.1355 -0.9098
340.000 19.3814 0.3427 -0.1851 0.0082 -0.0782 0.0051 -0.1310 -0.9083
345.000 18.7497 0.3429 -0.1926 0.0085 -0.0817 0.0034 -0.1264 -0.9070
350.000 17.9376 0.3427 -0.2000 0.0089 -0.0853 0.0014 -0.1211 -0.9059
355.000 17.1678 0.3422 -0.2068 0.0097 -0.0891 -0.0010 -0.1162 -0.9049
360.000 16.3260 0.3412 -0.2132 0.0109 -0.0930 -0.0038 -0.1109 -0.9040
365.000 15.4367 0.3398 -0.2193 0.0124 -0.0970 -0.0071 -0.1052 -0.9034
370.000 14.6186 0.3381 -0.2249 0.0140 -0.1009 -0.0110 -0.0998 -0.9028
375.000 13.7802 0.3360 -0.2301 0.0159 -0.1049 -0.0155 -0.0939 -0.9024
380.000 12.9783 0.3336 -0.2349 0.0181 -0.1089 -0.0203 -0.0879 -0.9021
385.000 12.2289 0.3310 -0.2393 0.0207 -0.1130 -0.0252 -0.0819 -0.9019
390.000 11.4926 0.3282 -0.2431 0.0236 -0.1172 -0.0305 -0.0755 -0.9019
395.000 10.8159 0.3248 -0.2467 0.0268 -0.1214 -0.0367 -0.0691 -0.9019
400.000 10.1723 0.3211 -0.2497 0.0304 -0.1256 -0.0438 -0.0624 -0.9022
405.000 9.5573 0.3169 -0.2522 0.0344 -0.1298 -0.0517 -0.0553 -0.9025
410.000 8.9921 0.3125 -0.2545 0.0392 -0.1347 -0.0597 -0.0483 -0.9028
415.000 8.4578 0.3079 -0.2561 0.0447 -0.1399 -0.0684 -0.0410 -0.9032
420.000 7.9574 0.3029 -0.2574 0.0506 -0.1451 -0.0777 -0.0334 -0.9035
425.000 7.4955 0.2974 -0.2588 0.0564 -0.1500 -0.0880 -0.0252 -0.9038
430.000 7.0631 0.2914 -0.2600 0.0625 -0.1548 -0.0991 -0.0165 -0.9041
435.000 6.6543 0.2854 -0.2606 0.0691 -0.1597 -0.1108 -0.0080 -0.9042
440.000 6.2666 0.2797 -0.2605 0.0763 -0.1650 -0.1232 0.0003 -0.9041
445.000 5.8990 0.2741 -0.2596 0.0840 -0.1704 -0.1363 0.0085 -0.9038
450.000 5.5558 0.2680 -0.2585 0.0923 -0.1761 -0.1503 0.0170 -0.9033
