145.000 0.0022 -0.0015 0.0019 -0.0003 0.0000 0.0003 0.9898 0.1425
150.000 0.0438 -0.0055 0.0565 -0.0056 -0.0004 0.0056 0.9133 0.4033
155.000 0.1110 -0.0033 0.0927 -0.0059 -0.0008 0.0059 0.8835 0.4591
160.000 0.2113 0.0004 0.1161 -0.0035 -0.0010 0.0035 0.8700 0.4791
165.000 0.3296 0.0031 0.1253 -0.0012 -0.0010 0.0012 0.8635 0.4885
170.000 0.4670 0.0053 0.1312 0.0011 -0.0009 -0.0010 0.8593 0.4944
175.000 0.6233 0.0073 0.1355 0.0034 -0.0007 -0.0032 0.8561 0.4986
180.000 0.7993 0.0090 0.1393 0.0057 -0.0005 -0.0054 0.8535 0.5020
185.000 0.9957 0.0106 0.1428 0.0080 -0.0002 -0.0078 0.8512 0.5049
190.000 1.2137 0.0121 0.1464 0.0105 0.0002 -0.0102 0.8490 0.5077
195.000 1.4547 0.0136 0.1500 0.0132 0.0007 -0.0128 0.8466 0.5105
200.000 1.7203 0.0151 0.1539 0.0160 0.0011 -0.0155 0.8441 0.5135
205.000 2.0121 0.0166 0.1580 0.0189 0.0017 -0.0184 0.8413 0.5167
210.000 2.3320 0.0181 0.1624 0.0221 0.0022 -0.0215 0.8383 0.5202
215.000 2.6821 0.0198 0.1670 0.0254 0.0028 -0.0247 0.8349 0.5241
220.000 3.0642 0.0215 0.1720 0.0289 0.0034 -0.0282 0.8312 0.5283
225.000 3.4806 0.0234 0.1773 0.0325 0.0040 -0.0317 0.8271 0.5329
230.000 3.9331 0.0254 0.1828 0.0363 0.0046 -0.0355 0.8227 0.5377
235.000 4.4237 0.0275 0.1886 0.0402 0.0052 -0.0394 0.8179 0.5430
240.000 4.9536 0.0299 0.1947 0.0443 0.0058 -0.0434 0.8127 0.5485
245.000 5.5234 0.0323 0.2010 0.0484 0.0064 -0.0475 0.8071 0.5543
250.000 6.1325 0.0350 0.2076 0.0527 0.0070 -0.0518 0.8011 0.5603
255.000 6.7788 0.0378 0.2143 0.0570 0.0076 -0.0561 0.7947 0.5666
260.000 7.4578 0.0409 0.2213 0.0614 0.0081 -0.0606 0.7880 0.5731
265.000 8.1618 0.0441 0.2285 0.0659 0.0086 -0.0651 0.7809 0.5798
270.000 8.8799 0.0475 0.2358 0.0704 0.0091 -0.0697 0.7733 0.5866
275.000 9.5970 0.0511 0.2432 0.0750 0.0096 -0.0743 0.7654 0.5936
280.000 10.2949 0.0549 0.2507 0.0795 0.0100 -0.0789 0.7572 0.6006
285.000 10.9556 0.0589 0.2582 0.0841 0.0104 -0.0835 0.7488 0.6075
290.000 11.5647 0.0629 0.2658 0.0886 0.0107 -0.0881 0.7406 0.6140
295.000 12.0918 0.0670 0.2735 0.0930 0.0110 -0.0927 0.7324 0.6199
300.000 12.4688 0.0714 0.2814 0.0975 0.0112 -0.0974 0.7235 0.6263
305.000 12.6607 0.0762 0.2894 0.1020 0.0114 -0.1020 0.7135 0.6334
310.000 12.6723 0.0812 0.2974 0.1065 0.0115 -0.1067 0.7029 0.6409
315.000 12.5118 0.0864 0.3052 0.1108 0.0116 -0.1112 0.6919 0.6484
320.000 12.1914 0.0919 0.3130 0.1151 0.0115 -0.1157 0.6806 0.6558
325.000 11.7290 0.0976 0.3207 0.1192 0.0115 -0.1201 0.6689 0.6632
330.000 11.1538 0.1035 0.3282 0.1232 0.0113 -0.1244 0.6569 0.6706
335.000 10.4978 0.1096 0.3356 0.1271 0.0111 -0.1285 0.6445 0.6779
340.000 9.7914 0.1159 0.3427 0.1308 0.0107 -0.1325 0.6317 0.6852
345.000 9.0627 0.1225 0.3495 0.1342 0.0102 -0.1364 0.6186 0.6925
350.000 8.3349 0.1293 0.3560 0.1375 0.0097 -0.1400 0.6049 0.6998
355.000 7.6258 0.1364 0.3622 0.1404 0.0090 -0.1434 0.5909 0.7072
360.000 6.9483 0.1437 0.3680 0.1431 0.0081 -0.1465 0.5763 0.7147
365.000 6.3106 0.1514 0.3733 0.1454 0.0071 -0.1493 0.5613 0.7222
370.000 5.7174 0.1594 0.3780 0.1474 0.0059 -0.1518 0.5456 0.7298
375.000 5.1703 0.1677 0.3822 0.1490 0.0046 -0.1540 0.5294 0.7375
380.000 4.6693 0.1764 0.3856 0.1500 0.0030 -0.1557 0.5126 0.7454
385.000 4.2126 0.1855 0.3883 0.1506 0.0012 -0.1569 0.4951 0.7535
390.000 3.7980 0.1950 0.3901 0.1506 -0.0009 -0.1576 0.4769 0.7617
395.000 3.4225 0.2050 0.3908 0.1499 -0.0032 -0.1578 0.4579 0.7702
400.000 3.0829 0.2156 0.3904 0.1485 -0.0058 -0.1572 0.4380 0.7788
405.000 2.7764 0.2268 0.3887 0.1462 -0.0089 -0.1559 0.4171 0.7877
410.000 2.4997 0.2386 0.3856 0.1430 -0.0122 -0.1537 0.3953 0.7968
415.000 2.2501 0.2513 0.3807 0.1387 -0.0161 -0.1506 0.3723 0.8060
420.000 2.0250 0.2647 0.3738 0.1333 -0.0204 -0.1463 0.3482 0.8154
425.000 1.8220 0.2791 0.3648 0.1264 -0.0253 -0.1408 0.3228 0.8248
430.000 1.6389 0.2945 0.3533 0.1179 -0.0308 -0.1338 0.2960 0.8342
435.000 1.4739 0.3111 0.3388 0.1077 -0.0370 -0.1252 0.2677 0.8434
440.000 1.3252 0.3289 0.3211 0.0954 -0.0440 -0.1147 0.2380 0.8521
445.000 1.1913 0.3482 0.2996 0.0808 -0.0519 -0.1021 0.2067 0.8601
450.000 1.0708 0.3689 0.2737 0.0636 -0.0606 -0.0870 0.1740 0.8669
