145.000 0.0006 -0.0426 0.0192 -0.0031 -0.0001 0.0031 0.7059 0.7067
150.000 0.0187 -0.0940 0.3642 -0.0180 -0.0084 0.0181 -0.5513 -0.7447
155.000 0.0697 -0.0229 0.3911 0.0000 -0.0106 0.0003 -0.3742 -0.8405
160.000 0.1491 0.0301 0.4133 0.0169 -0.0118 -0.0159 -0.3434 -0.8428
165.000 0.2426 0.0633 0.4033 0.0273 -0.0122 -0.0254 -0.3346 -0.8493
170.000 0.3516 0.0905 0.3868 0.0347 -0.0121 -0.0318 -0.3334 -0.8550
175.000 0.4768 0.1140 0.3671 0.0398 -0.0116 -0.0359 -0.3354 -0.8602
180.000 0.6199 0.1349 0.3454 0.0431 -0.0109 -0.0382 -0.3387 -0.8649
185.000 0.7831 0.1538 0.3225 0.0449 -0.0100 -0.0391 -0.3427 -0.8691
190.000 0.9694 0.1710 0.2988 0.0453 -0.0089 -0.0390 -0.3470 -0.8726
195.000 1.1825 0.1870 0.2748 0.0447 -0.0076 -0.0380 -0.3514 -0.8755
200.000 1.4265 0.2020 0.2506 0.0432 -0.0063 -0.0365 -0.3558 -0.8777
205.000 1.7063 0.2162 0.2266 0.0408 -0.0048 -0.0345 -0.3602 -0.8790
210.000 2.0272 0.2298 0.2030 0.0379 -0.0034 -0.0321 -0.3644 -0.8795
215.000 2.3954 0.2428 0.1798 0.0344 -0.0019 -0.0296 -0.3686 -0.8793
220.000 2.8178 0.2554 0.1573 0.0305 -0.0004 -0.0270 -0.3726 -0.8783
225.000 3.3019 0.2676 0.1355 0.0262 0.0010 -0.0243 -0.3764 -0.8766
230.000 3.8561 0.2794 0.1145 0.0217 0.0023 -0.0216 -0.3800 -0.8743
235.000 4.4893 0.2908 0.0943 0.0170 0.0036 -0.0189 -0.3833 -0.8715
240.000 5.2107 0.3019 0.0750 0.0122 0.0047 -0.0164 -0.3863 -0.8682
245.000 6.0298 0.3126 0.0565 0.0073 0.0058 -0.0139 -0.3890 -0.8646
250.000 6.9554 0.3230 0.0390 0.0023 0.0067 -0.0116 -0.3914 -0.8607
255.000 7.9949 0.3329 0.0223 -0.0026 0.0074 -0.0095 -0.3934 -0.8566
260.000 9.1535 0.3425 0.0065 -0.0075 0.0080 -0.0075 -0.3950 -0.8524
265.000 10.4319 0.3517 -0.0085 -0.0124 0.0084 -0.0057 -0.3963 -0.8481
270.000 11.8253 0.3605 -0.0228 -0.0171 0.0086 -0.0041 -0.3972 -0.8438
275.000 13.3199 0.3688 -0.0362 -0.0218 0.0087 -0.0027 -0.3978 -0.8396
280.000 14.8914 0.3767 -0.0489 -0.0263 0.0086 -0.0016 -0.3981 -0.8354
285.000 16.5005 0.3843 -0.0605 -0.0305 0.0084 -0.0008 -0.3985 -0.8311
290.000 18.0922 0.3916 -0.0707 -0.0344 0.0079 -0.0005 -0.3995 -0.8265
295.000 19.6099 0.3987 -0.0794 -0.0379 0.0073 -0.0007 -0.4008 -0.8219
300.000 21.0134 0.4050 -0.0879 -0.0413 0.0065 -0.0010 -0.4008 -0.8181
305.000 22.2455 0.4104 -0.0968 -0.0448 0.0056 -0.0014 -0.3992 -0.8154
310.000 23.2389 0.4152 -0.1058 -0.0482 0.0044 -0.0018 -0.3969 -0.8131
315.000 23.9460 0.4195 -0.1142 -0.0515 0.0031 -0.0026 -0.3943 -0.8113
320.000 24.3435 0.4233 -0.1222 -0.0545 0.0017 -0.0036 -0.3914 -0.8097
325.000 24.4310 0.4267 -0.1296 -0.0573 0.0001 -0.0050 -0.3882 -0.8085
330.000 24.2288 0.4297 -0.1366 -0.0599 -0.0016 -0.0066 -0.3847 -0.8076
335.000 23.7744 0.4322 -0.1432 -0.0623 -0.0035 -0.0086 -0.3809 -0.8071
340.000 23.1136 0.4341 -0.1494 -0.0645 -0.0056 -0.0110 -0.3770 -0.8069
345.000 22.2953 0.4356 -0.1552 -0.0665 -0.0078 -0.0138 -0.3727 -0.8071
350.000 21.3663 0.4366 -0.1607 -0.0682 -0.0102 -0.0169 -0.3682 -0.8076
355.000 20.3686 0.4371 -0.1659 -0.0696 -0.0127 -0.0205 -0.3634 -0.8085
360.000 19.3368 0.4370 -0.1707 -0.0708 -0.0155 -0.0245 -0.3584 -0.8097
365.000 18.2987 0.4365 -0.1752 -0.0718 -0.0184 -0.0289 -0.3530 -0.8113
370.000 17.2751 0.4354 -0.1794 -0.0724 -0.0214 -0.0338 -0.3474 -0.8131
375.000 16.2810 0.4339 -0.1834 -0.0728 -0.0247 -0.0392 -0.3415 -0.8153
380.000 15.3264 0.4319 -0.1870 -0.0729 -0.0281 -0.0450 -0.3353 -0.8177
385.000 14.4175 0.4294 -0.1903 -0.0726 -0.0317 -0.0514 -0.3288 -0.8203
390.000 13.5578 0.4264 -0.1934 -0.0720 -0.0355 -0.0583 -0.3220 -0.8232
395.000 12.7483 0.4230 -0.1961 -0.0711 -0.0394 -0.0658 -0.3148 -0.8262
400.000 11.9887 0.4192 -0.1986 -0.0698 -0.0436 -0.0739 -0.3074 -0.8294
405.000 11.2779 0.4150 -0.2008 -0.0681 -0.0480 -0.0827 -0.2995 -0.8326
410.000 10.6137 0.4104 -0.2027 -0.0661 -0.0525 -0.0920 -0.2914 -0.8359
415.000 9.9938 0.4054 -0.2043 -0.0636 -0.0573 -0.1021 -0.2829 -0.8392
420.000 9.4155 0.4000 -0.2056 -0.0607 -0.0623 -0.1129 -0.2740 -0.8424
425.000 8.8763 0.3944 -0.2066 -0.0574 -0.0674 -0.1244 -0.2648 -0.8455
430.000 8.3734 0.3885 -0.2073 -0.0536 -0.0728 -0.1367 -0.2552 -0.8485
435.000 7.9042 0.3823 -0.2077 -0.0494 -0.0784 -0.1498 -0.2452 -0.8511
440.000 7.4664 0.3760 -0.2079 -0.0447 -0.0842 -0.1636 -0.2348 -0.8535
445.000 7.0576 0.3695 -0.2078 -0.0396 -0.0902 -0.1784 -0.2240 -0.8554
450.000 6.6756 0.3629 -0.2074 -0.0340 -0.0963 -0.1939 -0.2128 -0.8569
