145.000 0.0058 -0.0075 0.1904 0.0268 0.0100 -0.0271 0.8851 0.4245
150.000 0.0462 -0.0064 0.1667 0.0090 0.0051 -0.0088 0.8759 0.4527
155.000 0.0976 -0.0048 0.1574 0.0004 0.0021 -0.0002 0.8671 0.4727
160.000 0.1659 -0.0030 0.1546 -0.0032 0.0004 0.0034 0.8590 0.4882
165.000 0.2519 -0.0012 0.1552 -0.0040 -0.0005 0.0042 0.8514 0.5010
170.000 0.3557 0.0007 0.1577 -0.0031 -0.0008 0.0033 0.8443 0.5121
175.000 0.4774 0.0027 0.1614 -0.0011 -0.0008 0.0014 0.8374 0.5222
180.000 0.6170 0.0048 0.1657 0.0016 -0.0005 -0.0013 0.8306 0.5317
185.000 0.7743 0.0070 0.1704 0.0047 0.0000 -0.0043 0.8238 0.5407
190.000 0.9492 0.0093 0.1753 0.0081 0.0005 -0.0076 0.8170 0.5493
195.000 1.1419 0.0117 0.1802 0.0116 0.0011 -0.0109 0.8101 0.5578
200.000 1.3527 0.0142 0.1850 0.0151 0.0017 -0.0144 0.8032 0.5661
205.000 1.5872 0.0166 0.1898 0.0187 0.0024 -0.0178 0.7967 0.5735
210.000 1.8448 0.0189 0.1946 0.0223 0.0031 -0.0212 0.7904 0.5806
215.000 2.1280 0.0214 0.1994 0.0260 0.0039 -0.0248 0.7839 0.5876
220.000 2.4393 0.0242 0.2042 0.0298 0.0046 -0.0285 0.7772 0.5947
225.000 2.7799 0.0270 0.2089 0.0337 0.0054 -0.0322 0.7706 0.6016
230.000 3.1496 0.0299 0.2137 0.0378 0.0063 -0.0361 0.7642 0.6079
235.000 3.5534 0.0328 0.2182 0.0419 0.0071 -0.0401 0.7579 0.6139
240.000 3.9928 0.0359 0.2230 0.0463 0.0081 -0.0442 0.7516 0.6198
245.000 4.4738 0.0391 0.2278 0.0507 0.0091 -0.0484 0.7452 0.6257
250.000 4.9930 0.0424 0.2324 0.0551 0.0101 -0.0526 0.7387 0.6314
255.000 5.5407 0.0458 0.2369 0.0596 0.0111 -0.0569 0.7324 0.6369
260.000 6.1345 0.0493 0.2411 0.0639 0.0120 -0.0611 0.7259 0.6424
265.000 6.7379 0.0529 0.2457 0.0687 0.0131 -0.0656 0.7195 0.6476
270.000 7.3756 0.0566 0.2502 0.0734 0.0142 -0.0701 0.7129 0.6529
275.000 8.0242 0.0605 0.2546 0.0781 0.0152 -0.0746 0.7062 0.6581
280.000 8.6360 0.0644 0.2591 0.0830 0.0164 -0.0793 0.6993 0.6633
285.000 9.2614 0.0686 0.2632 0.0876 0.0174 -0.0837 0.6922 0.6687
290.000 9.7892 0.0727 0.2675 0.0925 0.0186 -0.0884 0.6855 0.6735
295.000 10.2654 0.0769 0.2717 0.0976 0.0198 -0.0932 0.6789 0.6781
300.000 10.6688 0.0813 0.2757 0.1025 0.0209 -0.0980 0.6720 0.6828
305.000 10.8920 0.0857 0.2797 0.1076 0.0222 -0.1028 0.6649 0.6876
310.000 11.0138 0.0905 0.2834 0.1126 0.0234 -0.1077 0.6573 0.6928
315.000 10.9798 0.0954 0.2869 0.1176 0.0246 -0.1125 0.6500 0.6976
320.000 10.7895 0.1005 0.2906 0.1228 0.0259 -0.1174 0.6425 0.7024
325.000 10.4770 0.1060 0.2941 0.1281 0.0272 -0.1224 0.6345 0.7073
330.000 10.0717 0.1115 0.2971 0.1332 0.0286 -0.1271 0.6266 0.7123
335.000 9.5505 0.1174 0.3000 0.1385 0.0301 -0.1321 0.6182 0.7176
340.000 8.9910 0.1236 0.3025 0.1436 0.0315 -0.1368 0.6096 0.7229
345.000 8.4187 0.1298 0.3044 0.1482 0.0327 -0.1412 0.6011 0.7281
350.000 7.7888 0.1365 0.3063 0.1530 0.0338 -0.1458 0.5923 0.7333
355.000 7.2200 0.1432 0.3072 0.1573 0.0350 -0.1499 0.5837 0.7386
360.000 6.6499 0.1500 0.3078 0.1616 0.0362 -0.1540 0.5749 0.7439
365.000 6.0875 0.1572 0.3079 0.1661 0.0375 -0.1582 0.5659 0.7492
370.000 5.5859 0.1647 0.3070 0.1696 0.0385 -0.1615 0.5567 0.7549
375.000 5.1006 0.1725 0.3057 0.1730 0.0396 -0.1647 0.5472 0.7606
380.000 4.6549 0.1805 0.3036 0.1758 0.0405 -0.1673 0.5377 0.7664
385.000 4.2529 0.1886 0.3005 0.1778 0.0411 -0.1691 0.5282 0.7723
390.000 3.8749 0.1969 0.2969 0.1795 0.0418 -0.1706 0.5187 0.7781
395.000 3.5394 0.2057 0.2921 0.1810 0.0426 -0.1719 0.5090 0.7840
400.000 3.2332 0.2150 0.2865 0.1822 0.0435 -0.1729 0.4991 0.7900
405.000 2.9517 0.2247 0.2799 0.1832 0.0445 -0.1737 0.4890 0.7959
410.000 2.6987 0.2345 0.2721 0.1824 0.0448 -0.1727 0.4789 0.8019
415.000 2.4673 0.2447 0.2632 0.1807 0.0449 -0.1709 0.4685 0.8079
420.000 2.2550 0.2555 0.2535 0.1781 0.0447 -0.1681 0.4574 0.8140
425.000 2.0605 0.2677 0.2429 0.1746 0.0444 -0.1646 0.4448 0.8203
430.000 1.8816 0.2810 0.2313 0.1702 0.0438 -0.1600 0.4309 0.8267
435.000 1.7222 0.2941 0.2171 0.1636 0.0427 -0.1536 0.4180 0.8325
440.000 1.5808 0.3067 0.2003 0.1548 0.0410 -0.1452 0.4067 0.8376
445.000 1.4536 0.3191 0.1813 0.1442 0.0389 -0.1351 0.3966 0.8420
450.000 1.3351 0.3332 0.1614 0.1328 0.0370 -0.1240 0.3853 0.8458
