145.000 0.0068 -0.0132 0.1426 -0.0432 0.0133 0.0482 0.6504 -0.7455
150.000 0.0438 -0.0120 0.2270 -0.0181 0.0035 0.0218 0.5833 -0.7797
155.000 0.0819 -0.0051 0.2718 -0.0012 -0.0027 0.0037 0.5243 -0.8070
160.000 0.1296 0.0046 0.2929 0.0106 -0.0062 -0.0087 0.4746 -0.8300
165.000 0.1886 0.0157 0.2996 0.0191 -0.0081 -0.0174 0.4328 -0.8501
170.000 0.2602 0.0275 0.2969 0.0252 -0.0089 -0.0234 0.3973 -0.8679
175.000 0.3457 0.0397 0.2882 0.0297 -0.0093 -0.0275 0.3666 -0.8837
180.000 0.4464 0.0522 0.2754 0.0331 -0.0094 -0.0303 0.3396 -0.8979
185.000 0.5635 0.0648 0.2600 0.0356 -0.0095 -0.0322 0.3155 -0.9104
190.000 0.6983 0.0773 0.2427 0.0374 -0.0097 -0.0333 0.2935 -0.9215
195.000 0.8523 0.0898 0.2243 0.0388 -0.0101 -0.0339 0.2733 -0.9312
200.000 1.0275 0.1021 0.2052 0.0397 -0.0107 -0.0340 0.2547 -0.9396
205.000 1.2299 0.1134 0.1852 0.0396 -0.0113 -0.0332 0.2395 -0.9465
210.000 1.4607 0.1241 0.1650 0.0391 -0.0119 -0.0320 0.2261 -0.9522
215.000 1.7250 0.1344 0.1450 0.0382 -0.0127 -0.0305 0.2143 -0.9567
220.000 2.0272 0.1445 0.1254 0.0371 -0.0136 -0.0286 0.2037 -0.9603
225.000 2.3713 0.1542 0.1063 0.0358 -0.0147 -0.0267 0.1942 -0.9631
230.000 2.7646 0.1633 0.0869 0.0341 -0.0159 -0.0244 0.1865 -0.9650
235.000 3.2121 0.1719 0.0680 0.0323 -0.0172 -0.0222 0.1795 -0.9664
240.000 3.7191 0.1797 0.0499 0.0304 -0.0186 -0.0197 0.1741 -0.9670
245.000 4.2943 0.1869 0.0325 0.0285 -0.0202 -0.0173 0.1695 -0.9671
250.000 4.9410 0.1937 0.0159 0.0266 -0.0218 -0.0150 0.1656 -0.9669
255.000 5.6598 0.2002 -0.0003 0.0245 -0.0233 -0.0126 0.1626 -0.9661
260.000 6.4692 0.2063 -0.0159 0.0225 -0.0250 -0.0105 0.1597 -0.9651
265.000 7.3418 0.2118 -0.0305 0.0206 -0.0267 -0.0085 0.1583 -0.9637
270.000 8.3072 0.2168 -0.0444 0.0189 -0.0286 -0.0067 0.1574 -0.9622
275.000 9.3441 0.2214 -0.0576 0.0174 -0.0305 -0.0052 0.1570 -0.9604
280.000 10.4047 0.2257 -0.0701 0.0159 -0.0324 -0.0038 0.1573 -0.9584
285.000 11.5506 0.2297 -0.0824 0.0145 -0.0345 -0.0028 0.1576 -0.9564
290.000 12.6247 0.2328 -0.0938 0.0133 -0.0366 -0.0017 0.1589 -0.9542
295.000 13.6922 0.2354 -0.1052 0.0121 -0.0386 -0.0006 0.1606 -0.9520
300.000 14.7170 0.2378 -0.1161 0.0111 -0.0408 0.0002 0.1624 -0.9498
305.000 15.5349 0.2399 -0.1259 0.0106 -0.0431 0.0003 0.1649 -0.9474
310.000 16.2632 0.2418 -0.1358 0.0104 -0.0457 0.0000 0.1676 -0.9450
315.000 16.7729 0.2432 -0.1446 0.0102 -0.0480 -0.0004 0.1706 -0.9427
320.000 17.0620 0.2442 -0.1530 0.0100 -0.0502 -0.0009 0.1740 -0.9403
325.000 17.1737 0.2449 -0.1614 0.0099 -0.0524 -0.0015 0.1778 -0.9379
330.000 17.0853 0.2453 -0.1687 0.0105 -0.0549 -0.0027 0.1815 -0.9357
335.000 16.7909 0.2453 -0.1759 0.0115 -0.0577 -0.0043 0.1856 -0.9334
340.000 16.3751 0.2451 -0.1825 0.0127 -0.0605 -0.0061 0.1899 -0.9311
345.000 15.8624 0.2446 -0.1882 0.0140 -0.0630 -0.0082 0.1945 -0.9290
350.000 15.2000 0.2438 -0.1937 0.0155 -0.0654 -0.0106 0.1999 -0.9268
355.000 14.5700 0.2426 -0.1986 0.0175 -0.0680 -0.0135 0.2050 -0.9248
360.000 13.8791 0.2411 -0.2030 0.0199 -0.0707 -0.0168 0.2105 -0.9227
365.000 13.1475 0.2392 -0.2071 0.0226 -0.0735 -0.0206 0.2165 -0.9207
370.000 12.4736 0.2370 -0.2105 0.0256 -0.0762 -0.0250 0.2224 -0.9189
375.000 11.7816 0.2345 -0.2133 0.0291 -0.0788 -0.0299 0.2288 -0.9170
380.000 11.1191 0.2317 -0.2157 0.0328 -0.0814 -0.0351 0.2354 -0.9152
385.000 10.4996 0.2289 -0.2179 0.0366 -0.0840 -0.0403 0.2419 -0.9134
390.000 9.8905 0.2259 -0.2194 0.0408 -0.0866 -0.0457 0.2488 -0.9116
395.000 9.3294 0.2224 -0.2203 0.0455 -0.0891 -0.0522 0.2559 -0.9099
400.000 8.7945 0.2186 -0.2203 0.0506 -0.0915 -0.0595 0.2635 -0.9082
405.000 8.2825 0.2144 -0.2196 0.0564 -0.0939 -0.0675 0.2716 -0.9066
410.000 7.8110 0.2100 -0.2189 0.0629 -0.0969 -0.0759 0.2795 -0.9048
415.000 7.3643 0.2055 -0.2176 0.0703 -0.1003 -0.0848 0.2876 -0.9030
420.000 6.9456 0.2007 -0.2159 0.0780 -0.1037 -0.0943 0.2961 -0.9010
425.000 6.5594 0.1955 -0.2141 0.0857 -0.1064 -0.1046 0.3050 -0.8989
430.000 6.1979 0.1900 -0.2117 0.0937 -0.1089 -0.1155 0.3145 -0.8965
435.000 5.8550 0.1845 -0.2088 0.1024 -0.1116 -0.1269 0.3237 -0.8942
440.000 5.5287 0.1792 -0.2050 0.1117 -0.1146 -0.1390 0.3327 -0.8917
445.000 5.2184 0.1741 -0.2004 0.1217 -0.1179 -0.1518 0.3416 -0.8892
450.000 4.9269 0.1685 -0.1954 0.1326 -0.1211 -0.1656 0.3510 -0.8864
