145.000 0.0022 0.0000 0.0000 0.0000 0.0000 0.0000 1.0000 0.0000
150.000 0.0444 0.0000 0.0000 0.0000 0.0000 0.0000 1.0000 0.0000
155.000 0.1114 0.0000 0.0000 0.0000 0.0000 0.0000 1.0000 0.0000
160.000 0.2108 0.0000 0.0000 0.0000 0.0000 0.0000 1.0000 0.0000
165.000 0.3281 0.0000 0.0000 0.0000 0.0000 0.0000 1.0000 0.0000
170.000 0.4641 0.0000 0.0000 0.0000 0.0000 0.0000 1.0000 0.0000
175.000 0.6188 0.0000 0.0000 0.0000 0.0000 0.0000 1.0000 0.0000
180.000 0.7927 0.0000 0.0000 0.0000 0.0000 0.0000 1.0000 0.0000
185.000 0.9867 0.0000 0.0000 0.0000 0.0000 0.0000 1.0000 0.0000
190.000 1.2016 0.0000 0.0000 0.0000 0.0000 0.0000 1.0000 0.0000
195.000 1.4387 0.0000 0.0000 0.0000 0.0000 0.0000 1.0000 0.0000
200.000 1.6993 0.0000 0.0000 0.0000 0.0000 0.0000 1.0000 0.0000
205.000 1.9850 0.0000 0.0000 0.0000 0.0000 0.0000 1.0000 0.0000
210.000 2.2971 0.0000 0.0000 0.0000 0.0000 0.0000 1.0000 0.0000
215.000 2.6374 0.0000 0.0000 0.0000 0.0000 0.0000 1.0000 0.0000
220.000 3.0074 0.0000 0.0000 0.0000 0.0000 0.0000 1.0000 0.0000
225.000 3.4088 0.0000 0.0000 0.0000 0.0000 0.0000 1.0000 0.0000
230.000 3.8429 0.0000 0.0000 0.0000 0.0000 0.0000 1.0000 0.0000
235.000 4.3109 0.0000 0.0000 0.0000 0.0000 0.0000 1.0000 0.0000
240.000 4.8135 0.0000 0.0000 0.0000 0.0000 0.0000 1.0000 0.0000
245.000 5.3505 0.0000 0.0000 0.0000 0.0000 0.0000 1.0000 0.0000
250.000 5.9206 0.0000 0.0000 0.0000 0.0000 0.0000 1.0000 0.0000
255.000 6.5207 0.0000 0.0000 0.0000 0.0000 0.0000 1.0000 0.0000
260.000 7.1457 0.0000 0.0000 0.0000 0.0000 0.0000 1.0000 0.0000
265.000 7.7875 0.0000 0.0000 0.0000 0.0000 0.0000 1.0000 0.0000
270.000 8.4346 0.0000 0.0000 0.0000 0.0000 0.0000 1.0000 0.0000
275.000 9.0723 0.0000 0.0000 0.0000 0.0000 0.0000 1.0000 0.0000
280.000 9.6829 0.0000 0.0000 0.0000 0.0000 0.0000 1.0000 0.0000
285.000 10.2502 0.0000 0.0000 0.0000 0.0000 0.0000 1.0000 0.0000
290.000 10.7624 0.0000 0.0000 0.0000 0.0000 0.0000 1.0000 0.0000
295.000 11.1919 0.0000 0.0000 0.0000 0.0000 0.0000 1.0000 0.0000
300.000 11.4727 0.0000 0.0000 0.0000 0.0000 0.0000 1.0000 0.0000
305.000 11.5733 0.0000 0.0000 0.0000 0.0000 0.0000 1.0000 0.0000
310.000 11.5031 0.0000 0.0000 0.0000 0.0000 0.0000 1.0000 0.0000
315.000 11.2739 0.0000 0.0000 0.0000 0.0000 0.0000 1.0000 0.0000
320.000 10.9007 0.0000 0.0000 0.0000 0.0000 0.0000 1.0000 0.0000
325.000 10.4031 0.0000 0.0000 0.0000 0.0000 0.0000 1.0000 0.0000
330.000 9.8099 0.0000 0.0000 0.0000 0.0000 0.0000 1.0000 0.0000
335.000 9.1518 0.0000 0.0000 0.0001 0.0000 -0.0001 1.0000 0.0000
340.000 8.4575 0.0000 0.0000 0.0001 0.0000 -0.0001 1.0000 0.0000
345.000 7.7526 0.0000 0.0000 0.0001 0.0000 -0.0001 1.0000 0.0000
350.000 7.0578 0.0000 0.0000 0.0001 0.0000 -0.0001 1.0000 0.0001
355.000 6.3888 0.0000 0.0000 0.0001 0.0000 -0.0001 1.0000 0.0001
360.000 5.7561 0.0000 0.0001 0.0001 0.0000 -0.0001 1.0000 0.0001
365.000 5.1662 0.0000 0.0001 0.0001 0.0000 -0.0001 1.0000 0.0001
370.000 4.6223 0.0000 0.0001 0.0001 0.0000 -0.0001 1.0000 0.0001
375.000 4.1251 0.0000 0.0001 0.0001 0.0000 -0.0001 1.0000 0.0001
380.000 3.6733 0.0000 0.0001 0.0001 0.0000 -0.0001 1.0000 0.0001
385.000 3.2649 0.0000 0.0001 0.0001 0.0000 -0.0001 1.0000 0.0001
390.000 2.8970 0.0000 0.0001 0.0001 0.0000 -0.0001 1.0000 0.0001
395.000 2.5664 0.0000 0.0001 0.0001 0.0000 -0.0001 1.0000 0.0001
400.000 2.2698 0.0000 0.0001 0.0001 0.0000 -0.0001 1.0000 0.0001
405.000 2.0040 0.0000 0.0001 0.0001 0.0000 -0.0001 1.0000 0.0001
410.000 1.7661 0.0000 0.0001 0.0001 0.0000 -0.0001 1.0000 0.0001
415.000 1.5532 0.0000 0.0001 0.0001 0.0000 -0.0001 1.0000 0.0001
420.000 1.3627 0.0000 0.0001 0.0001 0.0000 -0.0001 1.0000 0.0001
425.000 1.1923 0.0000 0.0001 0.0001 0.0000 -0.0001 1.0000 0.0001
430.000 1.0400 0.0000 0.0001 0.0001 0.0000 -0.0001 1.0000 0.0001
435.000 0.9039 0.0000 0.0001 0.0002 0.0000 -0.0002 1.0000 0.0001
440.000 0.7824 0.0000 0.0001 0.0002 0.0000 -0.0002 1.0000 0.0001
445.000 0.6740 0.0000 0.0001 0.0002 0.0000 -0.0002 1.0000 0.0001
450.000 0.5776 0.0000 0.0001 0.0002 0.0000 -0.0002 1.0000 0.0001
