145.000 0.0005 -0.0314 0.0189 -0.0030 -0.0001 0.0030 0.7842 0.6195
150.000 0.0159 -0.0605 0.3181 -0.0140 -0.0055 0.0140 -0.0074 -0.9461
155.000 0.0619 -0.0129 0.3260 0.0023 -0.0066 -0.0022 0.1477 -0.9337
160.000 0.1314 0.0208 0.3450 0.0168 -0.0075 -0.0163 0.1621 -0.9242
165.000 0.2127 0.0424 0.3362 0.0255 -0.0078 -0.0246 0.1645 -0.9264
170.000 0.3064 0.0604 0.3218 0.0316 -0.0078 -0.0302 0.1614 -0.9310
175.000 0.4130 0.0763 0.3043 0.0357 -0.0077 -0.0339 0.1562 -0.9366
180.000 0.5339 0.0907 0.2850 0.0381 -0.0073 -0.0359 0.1500 -0.9424
185.000 0.6710 0.1040 0.2643 0.0392 -0.0069 -0.0367 0.1434 -0.9481
190.000 0.8268 0.1164 0.2428 0.0392 -0.0063 -0.0364 0.1365 -0.9534
195.000 1.0041 0.1280 0.2208 0.0382 -0.0056 -0.0354 0.1294 -0.9583
200.000 1.2063 0.1392 0.1986 0.0365 -0.0049 -0.0337 0.1223 -0.9625
205.000 1.4373 0.1498 0.1765 0.0341 -0.0041 -0.0316 0.1150 -0.9661
210.000 1.7013 0.1601 0.1546 0.0311 -0.0033 -0.0291 0.1078 -0.9690
215.000 2.0032 0.1700 0.1332 0.0277 -0.0025 -0.0264 0.1005 -0.9713
220.000 2.3483 0.1797 0.1123 0.0241 -0.0017 -0.0236 0.0933 -0.9728
225.000 2.7427 0.1890 0.0921 0.0201 -0.0010 -0.0206 0.0861 -0.9738
230.000 3.1926 0.1981 0.0726 0.0160 -0.0002 -0.0177 0.0791 -0.9742
235.000 3.7050 0.2070 0.0539 0.0118 0.0004 -0.0147 0.0723 -0.9741
240.000 4.2870 0.2155 0.0361 0.0075 0.0010 -0.0118 0.0657 -0.9736
245.000 4.9458 0.2238 0.0191 0.0033 0.0016 -0.0091 0.0594 -0.9726
250.000 5.6881 0.2318 0.0029 -0.0010 0.0020 -0.0065 0.0535 -0.9713
255.000 6.5193 0.2394 -0.0124 -0.0051 0.0024 -0.0040 0.0479 -0.9697
260.000 7.4432 0.2467 -0.0269 -0.0091 0.0027 -0.0018 0.0427 -0.9678
265.000 8.4600 0.2537 -0.0405 -0.0130 0.0029 0.0003 0.0380 -0.9658
270.000 9.5651 0.2603 -0.0533 -0.0168 0.0029 0.0021 0.0338 -0.9636
275.000 10.7474 0.2665 -0.0653 -0.0203 0.0029 0.0036 0.0300 -0.9614
280.000 11.9865 0.2723 -0.0765 -0.0236 0.0027 0.0049 0.0266 -0.9591
285.000 13.2495 0.2778 -0.0867 -0.0266 0.0025 0.0058 0.0232 -0.9568
290.000 14.4891 0.2832 -0.0955 -0.0292 0.0021 0.0062 0.0193 -0.9545
295.000 15.6612 0.2883 -0.1028 -0.0313 0.0016 0.0060 0.0152 -0.9524
300.000 16.7456 0.2927 -0.1097 -0.0332 0.0010 0.0057 0.0128 -0.9504
305.000 17.7011 0.2962 -0.1169 -0.0350 0.0003 0.0052 0.0123 -0.9485
310.000 18.4708 0.2990 -0.1239 -0.0366 -0.0005 0.0045 0.0128 -0.9468
315.000 19.0154 0.3014 -0.1303 -0.0380 -0.0014 0.0035 0.0139 -0.9452
320.000 19.3171 0.3032 -0.1362 -0.0391 -0.0024 0.0021 0.0155 -0.9438
325.000 19.3765 0.3047 -0.1413 -0.0398 -0.0035 0.0004 0.0176 -0.9426
330.000 19.2102 0.3057 -0.1459 -0.0402 -0.0046 -0.0017 0.0203 -0.9415
335.000 18.8481 0.3063 -0.1499 -0.0403 -0.0058 -0.0042 0.0235 -0.9406
340.000 18.3264 0.3063 -0.1534 -0.0400 -0.0072 -0.0071 0.0272 -0.9399
345.000 17.6838 0.3059 -0.1564 -0.0394 -0.0086 -0.0105 0.0314 -0.9393
350.000 16.9571 0.3049 -0.1588 -0.0384 -0.0101 -0.0143 0.0361 -0.9390
355.000 16.1787 0.3035 -0.1608 -0.0370 -0.0117 -0.0185 0.0414 -0.9387
360.000 15.3758 0.3015 -0.1622 -0.0352 -0.0134 -0.0233 0.0473 -0.9386
365.000 14.5697 0.2991 -0.1632 -0.0330 -0.0152 -0.0285 0.0536 -0.9387
370.000 13.7765 0.2961 -0.1636 -0.0304 -0.0170 -0.0342 0.0606 -0.9388
375.000 13.0075 0.2927 -0.1636 -0.0274 -0.0189 -0.0404 0.0680 -0.9390
380.000 12.2703 0.2889 -0.1631 -0.0239 -0.0209 -0.0471 0.0759 -0.9392
385.000 11.5695 0.2846 -0.1621 -0.0200 -0.0230 -0.0544 0.0844 -0.9394
390.000 10.9075 0.2798 -0.1606 -0.0155 -0.0251 -0.0622 0.0934 -0.9396
395.000 10.2849 0.2747 -0.1586 -0.0106 -0.0273 -0.0706 0.1029 -0.9398
400.000 9.7014 0.2691 -0.1560 -0.0052 -0.0296 -0.0795 0.1128 -0.9399
405.000 9.1558 0.2632 -0.1530 0.0007 -0.0319 -0.0891 0.1233 -0.9398
410.000 8.6463 0.2570 -0.1495 0.0071 -0.0343 -0.0993 0.1342 -0.9395
415.000 8.1708 0.2504 -0.1455 0.0141 -0.0367 -0.1102 0.1455 -0.9390
420.000 7.7273 0.2435 -0.1409 0.0217 -0.0393 -0.1217 0.1572 -0.9382
425.000 7.3136 0.2364 -0.1359 0.0298 -0.0418 -0.1339 0.1694 -0.9371
430.000 6.9273 0.2291 -0.1303 0.0385 -0.0445 -0.1468 0.1819 -0.9356
435.000 6.5665 0.2216 -0.1242 0.0477 -0.0471 -0.1604 0.1947 -0.9337
440.000 6.2291 0.2139 -0.1176 0.0576 -0.0498 -0.1747 0.2079 -0.9314
445.000 5.9133 0.2062 -0.1106 0.0680 -0.0525 -0.1898 0.2214 -0.9285
450.000 5.6172 0.1984 -0.1030 0.0790 -0.0553 -0.2056 0.2351 -0.9250
