145.000 0.0012 -0.0382 0.0132 -0.0022 -0.0001 0.0022 0.7343 0.6776
150.000 0.0287 -0.1130 0.3184 -0.0222 -0.0095 0.0223 -0.8165 0.4681
155.000 0.0924 -0.0410 0.4021 -0.0102 -0.0140 0.0107 -0.8861 0.2263
160.000 0.1948 0.0266 0.4406 0.0058 -0.0157 -0.0040 -0.8834 0.1568
165.000 0.3164 0.0690 0.4415 0.0168 -0.0159 -0.0132 -0.8860 0.1236
170.000 0.4596 0.1032 0.4343 0.0255 -0.0152 -0.0200 -0.8889 0.1027
175.000 0.6252 0.1322 0.4238 0.0326 -0.0140 -0.0249 -0.8919 0.0875
180.000 0.8150 0.1574 0.4115 0.0385 -0.0122 -0.0284 -0.8948 0.0753
185.000 1.0318 0.1798 0.3982 0.0432 -0.0099 -0.0309 -0.8976 0.0650
190.000 1.2791 0.2001 0.3844 0.0471 -0.0074 -0.0327 -0.9001 0.0557
195.000 1.5611 0.2188 0.3702 0.0501 -0.0045 -0.0340 -0.9024 0.0471
200.000 1.8829 0.2363 0.3557 0.0525 -0.0015 -0.0348 -0.9042 0.0390
205.000 2.2503 0.2530 0.3413 0.0542 0.0017 -0.0355 -0.9057 0.0313
210.000 2.6702 0.2690 0.3268 0.0554 0.0049 -0.0359 -0.9067 0.0238
215.000 3.1502 0.2845 0.3124 0.0561 0.0081 -0.0363 -0.9072 0.0166
220.000 3.6990 0.2998 0.2981 0.0563 0.0112 -0.0366 -0.9071 0.0095
225.000 4.3263 0.3147 0.2840 0.0560 0.0142 -0.0369 -0.9066 0.0026
230.000 5.0425 0.3295 0.2700 0.0553 0.0170 -0.0371 -0.9055 -0.0042
235.000 5.8592 0.3440 0.2563 0.0542 0.0196 -0.0374 -0.9039 -0.0109
240.000 6.7882 0.3583 0.2429 0.0527 0.0220 -0.0376 -0.9018 -0.0175
245.000 7.8416 0.3725 0.2297 0.0509 0.0241 -0.0379 -0.8992 -0.0241
250.000 9.0309 0.3863 0.2167 0.0488 0.0259 -0.0381 -0.8962 -0.0305
255.000 10.3657 0.3999 0.2040 0.0463 0.0274 -0.0384 -0.8927 -0.0369
260.000 11.8527 0.4133 0.1916 0.0436 0.0286 -0.0386 -0.8889 -0.0433
265.000 13.4932 0.4262 0.1794 0.0406 0.0294 -0.0389 -0.8848 -0.0496
270.000 15.2811 0.4389 0.1675 0.0374 0.0300 -0.0391 -0.8805 -0.0558
275.000 17.1998 0.4511 0.1558 0.0340 0.0302 -0.0393 -0.8758 -0.0620
280.000 19.2197 0.4630 0.1444 0.0304 0.0301 -0.0395 -0.8710 -0.0680
285.000 21.2964 0.4744 0.1335 0.0267 0.0297 -0.0398 -0.8660 -0.0734
290.000 23.3698 0.4854 0.1237 0.0230 0.0289 -0.0404 -0.8609 -0.0777
295.000 25.3666 0.4959 0.1151 0.0195 0.0279 -0.0412 -0.8557 -0.0812
300.000 27.2045 0.5059 0.1061 0.0157 0.0265 -0.0420 -0.8504 -0.0859
305.000 28.8011 0.5155 0.0961 0.0114 0.0248 -0.0424 -0.8451 -0.0920
310.000 30.0834 0.5246 0.0858 0.0069 0.0229 -0.0427 -0.8399 -0.0985
315.000 30.9976 0.5333 0.0755 0.0022 0.0206 -0.0430 -0.8347 -0.1049
320.000 31.5154 0.5414 0.0653 -0.0026 0.0181 -0.0433 -0.8295 -0.1112
325.000 31.6318 0.5492 0.0553 -0.0075 0.0153 -0.0438 -0.8243 -0.1175
330.000 31.3749 0.5566 0.0454 -0.0125 0.0123 -0.0442 -0.8191 -0.1237
335.000 30.7941 0.5636 0.0355 -0.0176 0.0089 -0.0448 -0.8140 -0.1297
340.000 29.9480 0.5701 0.0256 -0.0229 0.0053 -0.0454 -0.8089 -0.1357
345.000 28.8991 0.5762 0.0157 -0.0282 0.0014 -0.0461 -0.8040 -0.1415
350.000 27.7075 0.5818 0.0058 -0.0337 -0.0029 -0.0470 -0.7992 -0.1472
355.000 26.4267 0.5871 -0.0042 -0.0394 -0.0075 -0.0479 -0.7944 -0.1529
360.000 25.1017 0.5919 -0.0143 -0.0451 -0.0124 -0.0489 -0.7898 -0.1585
365.000 23.7680 0.5964 -0.0245 -0.0510 -0.0176 -0.0500 -0.7853 -0.1639
370.000 22.4524 0.6004 -0.0348 -0.0570 -0.0231 -0.0512 -0.7808 -0.1693
375.000 21.1744 0.6041 -0.0452 -0.0631 -0.0290 -0.0526 -0.7765 -0.1746
380.000 19.9468 0.6075 -0.0558 -0.0693 -0.0352 -0.0540 -0.7722 -0.1797
385.000 18.7780 0.6105 -0.0666 -0.0757 -0.0419 -0.0557 -0.7679 -0.1847
390.000 17.6723 0.6132 -0.0776 -0.0822 -0.0488 -0.0575 -0.7636 -0.1896
395.000 16.6314 0.6156 -0.0888 -0.0889 -0.0562 -0.0594 -0.7594 -0.1943
400.000 15.6551 0.6177 -0.1003 -0.0956 -0.0640 -0.0615 -0.7551 -0.1988
405.000 14.7418 0.6195 -0.1120 -0.1026 -0.0722 -0.0638 -0.7507 -0.2032
410.000 13.8891 0.6211 -0.1240 -0.1097 -0.0808 -0.0662 -0.7463 -0.2073
415.000 13.0940 0.6226 -0.1363 -0.1169 -0.0899 -0.0688 -0.7417 -0.2112
420.000 12.3534 0.6238 -0.1489 -0.1243 -0.0995 -0.0717 -0.7369 -0.2149
425.000 11.6640 0.6248 -0.1618 -0.1319 -0.1095 -0.0747 -0.7318 -0.2182
430.000 11.0225 0.6258 -0.1751 -0.1397 -0.1200 -0.0779 -0.7265 -0.2213
435.000 10.4258 0.6266 -0.1888 -0.1476 -0.1310 -0.0814 -0.7208 -0.2241
440.000 9.8707 0.6274 -0.2029 -0.1558 -0.1425 -0.0850 -0.7146 -0.2264
445.000 9.3545 0.6282 -0.2173 -0.1641 -0.1544 -0.0888 -0.7079 -0.2285
450.000 8.8744 0.6290 -0.2321 -0.1727 -0.1668 -0.0928 -0.7007 -0.2300
