145.000 0.0018 -0.0177 0.0075 -0.0013 -0.0001 0.0013 0.8759 0.4821
150.000 0.0376 -0.0619 0.2044 -0.0179 -0.0050 0.0179 0.0230 0.9766
155.000 0.1056 -0.0302 0.3000 -0.0144 -0.0084 0.0146 -0.1764 0.9370
160.000 0.2119 0.0094 0.3519 -0.0043 -0.0098 0.0053 -0.2405 0.9045
165.000 0.3378 0.0357 0.3667 0.0038 -0.0099 -0.0018 -0.2715 0.8891
170.000 0.4852 0.0574 0.3732 0.0110 -0.0092 -0.0079 -0.2915 0.8789
175.000 0.6545 0.0761 0.3761 0.0177 -0.0079 -0.0131 -0.3064 0.8712
180.000 0.8470 0.0925 0.3773 0.0240 -0.0061 -0.0179 -0.3185 0.8648
185.000 1.0646 0.1074 0.3778 0.0300 -0.0038 -0.0223 -0.3291 0.8590
190.000 1.3099 0.1212 0.3778 0.0358 -0.0012 -0.0265 -0.3392 0.8533
195.000 1.5859 0.1343 0.3776 0.0415 0.0017 -0.0306 -0.3490 0.8476
200.000 1.8963 0.1469 0.3773 0.0470 0.0048 -0.0347 -0.3589 0.8416
205.000 2.2454 0.1593 0.3770 0.0525 0.0082 -0.0388 -0.3690 0.8352
210.000 2.6379 0.1717 0.3767 0.0579 0.0116 -0.0430 -0.3794 0.8283
215.000 3.0794 0.1842 0.3763 0.0632 0.0150 -0.0473 -0.3902 0.8208
220.000 3.5759 0.1969 0.3757 0.0683 0.0184 -0.0516 -0.4013 0.8128
225.000 4.1341 0.2098 0.3751 0.0731 0.0218 -0.0559 -0.4127 0.8042
230.000 4.7612 0.2230 0.3743 0.0778 0.0249 -0.0602 -0.4243 0.7950
235.000 5.4649 0.2365 0.3733 0.0821 0.0280 -0.0644 -0.4360 0.7851
240.000 6.2529 0.2502 0.3721 0.0862 0.0308 -0.0686 -0.4479 0.7747
245.000 7.1327 0.2641 0.3705 0.0899 0.0333 -0.0727 -0.4598 0.7637
250.000 8.1108 0.2782 0.3687 0.0932 0.0356 -0.0767 -0.4716 0.7522
255.000 9.1922 0.2925 0.3665 0.0961 0.0376 -0.0805 -0.4833 0.7402
260.000 10.3789 0.3069 0.3640 0.0986 0.0393 -0.0841 -0.4949 0.7277
265.000 11.6683 0.3213 0.3611 0.1007 0.0406 -0.0875 -0.5062 0.7148
270.000 13.0519 0.3357 0.3577 0.1024 0.0416 -0.0907 -0.5173 0.7016
275.000 14.5132 0.3500 0.3540 0.1035 0.0423 -0.0937 -0.5281 0.6881
280.000 16.0270 0.3642 0.3499 0.1043 0.0426 -0.0964 -0.5383 0.6744
285.000 17.5595 0.3781 0.3456 0.1046 0.0426 -0.0990 -0.5478 0.6609
290.000 19.0706 0.3916 0.3415 0.1047 0.0422 -0.1014 -0.5559 0.6480
295.000 20.5027 0.4046 0.3379 0.1046 0.0415 -0.1039 -0.5629 0.6354
300.000 21.7713 0.4175 0.3336 0.1039 0.0404 -0.1060 -0.5705 0.6220
305.000 22.8101 0.4306 0.3280 0.1026 0.0390 -0.1076 -0.5790 0.6077
310.000 23.5802 0.4434 0.3216 0.1008 0.0373 -0.1088 -0.5875 0.5931
315.000 24.0544 0.4559 0.3146 0.0985 0.0353 -0.1098 -0.5957 0.5786
320.000 24.2215 0.4680 0.3072 0.0957 0.0330 -0.1104 -0.6035 0.5642
325.000 24.0847 0.4798 0.2996 0.0927 0.0303 -0.1109 -0.6108 0.5499
330.000 23.6744 0.4912 0.2915 0.0892 0.0274 -0.1112 -0.6176 0.5358
335.000 23.0354 0.5023 0.2830 0.0854 0.0241 -0.1112 -0.6241 0.5220
340.000 22.2161 0.5130 0.2741 0.0811 0.0205 -0.1110 -0.6301 0.5084
345.000 21.2663 0.5234 0.2646 0.0764 0.0166 -0.1105 -0.6359 0.4950
350.000 20.2320 0.5334 0.2547 0.0713 0.0123 -0.1099 -0.6413 0.4819
355.000 19.1533 0.5430 0.2443 0.0658 0.0076 -0.1089 -0.6464 0.4691
360.000 18.0625 0.5522 0.2334 0.0599 0.0026 -0.1077 -0.6512 0.4566
365.000 16.9845 0.5612 0.2220 0.0536 -0.0028 -0.1063 -0.6557 0.4444
370.000 15.9374 0.5698 0.2100 0.0468 -0.0086 -0.1047 -0.6599 0.4325
375.000 14.9336 0.5781 0.1974 0.0397 -0.0148 -0.1028 -0.6638 0.4208
380.000 13.9805 0.5861 0.1842 0.0321 -0.0213 -0.1006 -0.6673 0.4095
385.000 13.0825 0.5938 0.1704 0.0240 -0.0283 -0.0982 -0.6706 0.3985
390.000 12.2410 0.6012 0.1559 0.0155 -0.0357 -0.0955 -0.6735 0.3878
395.000 11.4558 0.6084 0.1407 0.0065 -0.0436 -0.0926 -0.6761 0.3775
400.000 10.7253 0.6154 0.1248 -0.0029 -0.0519 -0.0894 -0.6783 0.3674
405.000 10.0473 0.6222 0.1081 -0.0129 -0.0607 -0.0859 -0.6800 0.3576
410.000 9.4190 0.6288 0.0906 -0.0233 -0.0700 -0.0821 -0.6813 0.3481
415.000 8.8372 0.6352 0.0724 -0.0343 -0.0799 -0.0780 -0.6820 0.3389
420.000 8.2991 0.6415 0.0532 -0.0458 -0.0902 -0.0736 -0.6822 0.3300
425.000 7.8015 0.6476 0.0332 -0.0579 -0.1011 -0.0688 -0.6817 0.3212
430.000 7.3415 0.6537 0.0122 -0.0706 -0.1126 -0.0638 -0.6804 0.3127
435.000 6.9165 0.6597 -0.0096 -0.0838 -0.1245 -0.0584 -0.6784 0.3043
440.000 6.5237 0.6657 -0.0324 -0.0977 -0.1371 -0.0526 -0.6754 0.2961
445.000 6.1608 0.6716 -0.0561 -0.1121 -0.1501 -0.0465 -0.6714 0.2879
450.000 5.8256 0.6775 -0.0808 -0.1272 -0.1636 -0.0400 -0.6663 0.2799
