145.000 0.0052 -0.1615 0.5732 -0.0555 0.1508 0.0813 -0.7686 -0.1684
150.000 0.0422 -0.1169 0.5711 -0.0288 0.0556 0.0518 -0.8066 -0.0685
155.000 0.0925 -0.0695 0.5488 -0.0137 0.0121 0.0297 -0.8323 -0.0216
160.000 0.1634 -0.0276 0.5243 -0.0024 -0.0078 0.0141 -0.8509 -0.0007
165.000 0.2577 0.0093 0.5009 0.0071 -0.0162 0.0030 -0.8653 0.0069
170.000 0.3777 0.0423 0.4788 0.0157 -0.0187 -0.0050 -0.8768 0.0071
175.000 0.5258 0.0724 0.4579 0.0235 -0.0182 -0.0109 -0.8861 0.0032
180.000 0.7047 0.1004 0.4377 0.0305 -0.0161 -0.0151 -0.8937 -0.0029
185.000 0.9169 0.1266 0.4181 0.0369 -0.0135 -0.0180 -0.9000 -0.0102
190.000 1.1654 0.1514 0.3988 0.0425 -0.0107 -0.0200 -0.9050 -0.0178
195.000 1.4534 0.1750 0.3799 0.0474 -0.0082 -0.0212 -0.9089 -0.0255
200.000 1.7847 0.1975 0.3612 0.0516 -0.0060 -0.0218 -0.9119 -0.0329
205.000 2.1671 0.2193 0.3434 0.0554 -0.0038 -0.0220 -0.9137 -0.0405
210.000 2.6044 0.2403 0.3260 0.0585 -0.0020 -0.0218 -0.9147 -0.0476
215.000 3.1052 0.2602 0.3090 0.0611 -0.0002 -0.0211 -0.9149 -0.0546
220.000 3.6775 0.2791 0.2923 0.0632 0.0014 -0.0200 -0.9146 -0.0610
225.000 4.3296 0.2972 0.2760 0.0648 0.0026 -0.0187 -0.9137 -0.0671
230.000 5.0734 0.3150 0.2604 0.0662 0.0037 -0.0170 -0.9120 -0.0732
235.000 5.9212 0.3322 0.2451 0.0672 0.0042 -0.0152 -0.9097 -0.0788
240.000 6.8731 0.3485 0.2302 0.0679 0.0048 -0.0131 -0.9071 -0.0845
245.000 7.9491 0.3642 0.2156 0.0683 0.0049 -0.0109 -0.9041 -0.0896
250.000 9.1560 0.3791 0.2014 0.0682 0.0048 -0.0085 -0.9008 -0.0944
255.000 10.4932 0.3934 0.1876 0.0679 0.0046 -0.0060 -0.8971 -0.0991
260.000 12.0009 0.4071 0.1740 0.0672 0.0038 -0.0036 -0.8932 -0.1032
265.000 13.6051 0.4202 0.1609 0.0665 0.0033 -0.0009 -0.8891 -0.1073
270.000 15.3718 0.4328 0.1478 0.0653 0.0023 0.0018 -0.8848 -0.1110
275.000 17.2609 0.4447 0.1350 0.0639 0.0010 0.0045 -0.8803 -0.1143
280.000 19.1771 0.4562 0.1226 0.0623 -0.0003 0.0072 -0.8757 -0.1175
285.000 21.2468 0.4672 0.1100 0.0602 -0.0022 0.0098 -0.8711 -0.1201
290.000 23.1520 0.4773 0.0980 0.0582 -0.0038 0.0126 -0.8664 -0.1228
295.000 25.0276 0.4870 0.0861 0.0559 -0.0054 0.0155 -0.8617 -0.1252
300.000 26.8180 0.4964 0.0741 0.0535 -0.0076 0.0183 -0.8570 -0.1271
305.000 28.2220 0.5054 0.0628 0.0510 -0.0101 0.0211 -0.8521 -0.1290
310.000 29.4604 0.5144 0.0511 0.0482 -0.0134 0.0238 -0.8470 -0.1305
315.000 30.2916 0.5225 0.0397 0.0452 -0.0167 0.0265 -0.8421 -0.1318
320.000 30.7115 0.5303 0.0281 0.0420 -0.0199 0.0292 -0.8372 -0.1329
325.000 30.8097 0.5379 0.0162 0.0384 -0.0235 0.0320 -0.8321 -0.1337
330.000 30.5587 0.5451 0.0048 0.0347 -0.0272 0.0344 -0.8271 -0.1341
335.000 29.9376 0.5523 -0.0069 0.0306 -0.0311 0.0368 -0.8219 -0.1344
340.000 29.1104 0.5590 -0.0186 0.0263 -0.0354 0.0392 -0.8167 -0.1343
345.000 28.1170 0.5650 -0.0302 0.0220 -0.0399 0.0415 -0.8119 -0.1338
350.000 26.8520 0.5708 -0.0421 0.0174 -0.0445 0.0440 -0.8069 -0.1333
355.000 25.6739 0.5761 -0.0537 0.0126 -0.0496 0.0461 -0.8021 -0.1322
360.000 24.3953 0.5812 -0.0653 0.0075 -0.0547 0.0481 -0.7972 -0.1309
365.000 23.0518 0.5861 -0.0771 0.0022 -0.0602 0.0500 -0.7923 -0.1294
370.000 21.8280 0.5905 -0.0885 -0.0030 -0.0659 0.0519 -0.7875 -0.1274
375.000 20.5770 0.5947 -0.0999 -0.0082 -0.0719 0.0538 -0.7827 -0.1254
380.000 19.3870 0.5986 -0.1113 -0.0138 -0.0781 0.0556 -0.7779 -0.1230
385.000 18.2807 0.6021 -0.1230 -0.0198 -0.0848 0.0571 -0.7732 -0.1202
390.000 17.1935 0.6053 -0.1349 -0.0260 -0.0916 0.0585 -0.7685 -0.1172
395.000 16.2080 0.6082 -0.1466 -0.0323 -0.0988 0.0597 -0.7638 -0.1137
400.000 15.2771 0.6109 -0.1583 -0.0387 -0.1063 0.0609 -0.7590 -0.1101
405.000 14.3920 0.6134 -0.1701 -0.0454 -0.1140 0.0620 -0.7542 -0.1063
410.000 13.5855 0.6156 -0.1821 -0.0526 -0.1221 0.0628 -0.7493 -0.1019
415.000 12.8268 0.6177 -0.1942 -0.0602 -0.1304 0.0633 -0.7442 -0.0973
420.000 12.1161 0.6195 -0.2067 -0.0680 -0.1391 0.0638 -0.7390 -0.0927
425.000 11.4567 0.6212 -0.2194 -0.0761 -0.1481 0.0644 -0.7334 -0.0880
430.000 10.8369 0.6226 -0.2326 -0.0844 -0.1575 0.0650 -0.7276 -0.0833
435.000 10.2631 0.6239 -0.2456 -0.0930 -0.1674 0.0654 -0.7217 -0.0779
440.000 9.7324 0.6248 -0.2583 -0.1019 -0.1777 0.0653 -0.7157 -0.0718
445.000 9.2372 0.6256 -0.2709 -0.1111 -0.1885 0.0649 -0.7097 -0.0652
450.000 8.7728 0.6265 -0.2837 -0.1208 -0.1995 0.0645 -0.7030 -0.0582
