145.000 0.0006 -0.0398 0.0194 -0.0031 -0.0001 0.0031 0.7257 0.6866
150.000 0.0177 -0.0840 0.3544 -0.0168 -0.0075 0.0169 -0.3901 -0.8456
155.000 0.0669 -0.0195 0.3743 0.0010 -0.0094 -0.0007 -0.2113 -0.9026
160.000 0.1429 0.0276 0.3955 0.0173 -0.0105 -0.0165 -0.1856 -0.8990
165.000 0.2322 0.0573 0.3855 0.0273 -0.0108 -0.0257 -0.1790 -0.9033
170.000 0.3359 0.0818 0.3693 0.0343 -0.0108 -0.0319 -0.1793 -0.9082
175.000 0.4548 0.1031 0.3499 0.0391 -0.0105 -0.0359 -0.1826 -0.9131
180.000 0.5902 0.1221 0.3285 0.0421 -0.0099 -0.0381 -0.1871 -0.9178
185.000 0.7446 0.1394 0.3059 0.0436 -0.0091 -0.0390 -0.1922 -0.9221
190.000 0.9206 0.1553 0.2824 0.0438 -0.0082 -0.0388 -0.1976 -0.9260
195.000 1.1216 0.1701 0.2586 0.0430 -0.0072 -0.0377 -0.2032 -0.9291
200.000 1.3516 0.1841 0.2346 0.0413 -0.0060 -0.0361 -0.2087 -0.9316
205.000 1.6150 0.1974 0.2108 0.0388 -0.0048 -0.0339 -0.2143 -0.9333
210.000 1.9170 0.2101 0.1872 0.0357 -0.0036 -0.0315 -0.2198 -0.9342
215.000 2.2632 0.2223 0.1642 0.0322 -0.0023 -0.0288 -0.2253 -0.9344
220.000 2.6600 0.2341 0.1419 0.0282 -0.0011 -0.0260 -0.2306 -0.9338
225.000 3.1145 0.2455 0.1202 0.0239 0.0001 -0.0232 -0.2358 -0.9326
230.000 3.6344 0.2566 0.0993 0.0194 0.0012 -0.0203 -0.2408 -0.9307
235.000 4.2278 0.2673 0.0793 0.0148 0.0023 -0.0175 -0.2456 -0.9284
240.000 4.9034 0.2777 0.0602 0.0100 0.0033 -0.0148 -0.2500 -0.9255
245.000 5.6699 0.2878 0.0419 0.0052 0.0041 -0.0122 -0.2542 -0.9223
250.000 6.5352 0.2975 0.0246 0.0004 0.0048 -0.0097 -0.2580 -0.9188
255.000 7.5064 0.3068 0.0081 -0.0044 0.0055 -0.0074 -0.2614 -0.9151
260.000 8.5879 0.3157 -0.0075 -0.0091 0.0059 -0.0053 -0.2645 -0.9112
265.000 9.7804 0.3243 -0.0222 -0.0138 0.0063 -0.0033 -0.2671 -0.9073
270.000 11.0790 0.3324 -0.0362 -0.0183 0.0064 -0.0016 -0.2694 -0.9033
275.000 12.4709 0.3401 -0.0493 -0.0227 0.0065 -0.0002 -0.2712 -0.8993
280.000 13.9327 0.3474 -0.0616 -0.0268 0.0064 0.0010 -0.2728 -0.8954
285.000 15.4275 0.3544 -0.0730 -0.0308 0.0061 0.0019 -0.2744 -0.8915
290.000 16.9025 0.3611 -0.0828 -0.0343 0.0057 0.0023 -0.2766 -0.8873
295.000 18.3052 0.3676 -0.0911 -0.0374 0.0051 0.0021 -0.2791 -0.8832
300.000 19.6021 0.3733 -0.0992 -0.0404 0.0044 0.0017 -0.2801 -0.8798
305.000 20.7416 0.3781 -0.1077 -0.0434 0.0035 0.0014 -0.2793 -0.8771
310.000 21.6594 0.3823 -0.1160 -0.0463 0.0025 0.0008 -0.2778 -0.8749
315.000 22.3108 0.3859 -0.1239 -0.0490 0.0013 0.0000 -0.2758 -0.8730
320.000 22.6743 0.3890 -0.1313 -0.0514 0.0000 -0.0012 -0.2734 -0.8714
325.000 22.7499 0.3918 -0.1380 -0.0536 -0.0014 -0.0026 -0.2707 -0.8701
330.000 22.5570 0.3941 -0.1443 -0.0555 -0.0030 -0.0045 -0.2675 -0.8691
335.000 22.1303 0.3959 -0.1501 -0.0572 -0.0046 -0.0067 -0.2641 -0.8684
340.000 21.5128 0.3972 -0.1555 -0.0586 -0.0065 -0.0093 -0.2603 -0.8681
345.000 20.7499 0.3980 -0.1604 -0.0597 -0.0084 -0.0123 -0.2561 -0.8681
350.000 19.8852 0.3983 -0.1650 -0.0605 -0.0106 -0.0157 -0.2515 -0.8684
355.000 18.9576 0.3980 -0.1692 -0.0610 -0.0128 -0.0196 -0.2466 -0.8691
360.000 17.9993 0.3972 -0.1729 -0.0612 -0.0152 -0.0239 -0.2413 -0.8701
365.000 17.0358 0.3959 -0.1763 -0.0611 -0.0177 -0.0287 -0.2357 -0.8713
370.000 16.0865 0.3941 -0.1793 -0.0607 -0.0204 -0.0339 -0.2296 -0.8729
375.000 15.1652 0.3919 -0.1820 -0.0599 -0.0232 -0.0397 -0.2232 -0.8746
380.000 14.2809 0.3891 -0.1843 -0.0587 -0.0262 -0.0460 -0.2163 -0.8767
385.000 13.4395 0.3858 -0.1862 -0.0572 -0.0292 -0.0528 -0.2091 -0.8789
390.000 12.6439 0.3821 -0.1877 -0.0552 -0.0325 -0.0602 -0.2015 -0.8812
395.000 11.8951 0.3779 -0.1889 -0.0529 -0.0359 -0.0682 -0.1934 -0.8837
400.000 11.1929 0.3733 -0.1897 -0.0501 -0.0394 -0.0768 -0.1850 -0.8863
405.000 10.5358 0.3682 -0.1901 -0.0469 -0.0431 -0.0861 -0.1762 -0.8889
410.000 9.9220 0.3628 -0.1901 -0.0432 -0.0469 -0.0960 -0.1669 -0.8915
415.000 9.3492 0.3570 -0.1898 -0.0390 -0.0509 -0.1066 -0.1573 -0.8941
420.000 8.8150 0.3508 -0.1890 -0.0343 -0.0551 -0.1180 -0.1472 -0.8965
425.000 8.3168 0.3444 -0.1879 -0.0291 -0.0594 -0.1301 -0.1367 -0.8988
430.000 7.8520 0.3376 -0.1864 -0.0234 -0.0638 -0.1430 -0.1258 -0.9008
435.000 7.4184 0.3307 -0.1844 -0.0172 -0.0684 -0.1567 -0.1145 -0.9025
440.000 7.0135 0.3235 -0.1821 -0.0104 -0.0731 -0.1712 -0.1029 -0.9039
445.000 6.6351 0.3162 -0.1795 -0.0031 -0.0780 -0.1865 -0.0908 -0.9048
450.000 6.2813 0.3088 -0.1764 0.0047 -0.0829 -0.2027 -0.0783 -0.9052
