145.000 0.0058 -0.0008 0.0644 0.0096 0.0011 -0.0096 0.9870 0.1473
150.000 0.0463 -0.0007 0.0563 0.0033 0.0006 -0.0033 0.9859 0.1575
155.000 0.0976 -0.0005 0.0533 0.0002 0.0002 -0.0002 0.9848 0.1651
160.000 0.1653 -0.0003 0.0525 -0.0011 0.0000 0.0011 0.9839 0.1711
165.000 0.2502 -0.0001 0.0529 -0.0014 -0.0001 0.0014 0.9830 0.1761
170.000 0.3524 0.0001 0.0539 -0.0011 -0.0001 0.0011 0.9821 0.1806
175.000 0.4717 0.0003 0.0554 -0.0005 -0.0001 0.0005 0.9812 0.1847
180.000 0.6079 0.0005 0.0571 0.0004 0.0000 -0.0004 0.9804 0.1886
185.000 0.7608 0.0008 0.0589 0.0015 0.0000 -0.0015 0.9796 0.1924
190.000 0.9301 0.0011 0.0608 0.0027 0.0001 -0.0027 0.9787 0.1961
195.000 1.1156 0.0013 0.0628 0.0039 0.0001 -0.0039 0.9778 0.1997
200.000 1.3177 0.0016 0.0647 0.0052 0.0002 -0.0051 0.9770 0.2034
205.000 1.5420 0.0019 0.0667 0.0064 0.0003 -0.0064 0.9761 0.2066
210.000 1.7875 0.0022 0.0686 0.0077 0.0004 -0.0077 0.9753 0.2098
215.000 2.0563 0.0025 0.0705 0.0090 0.0005 -0.0090 0.9745 0.2130
220.000 2.3502 0.0028 0.0725 0.0104 0.0006 -0.0104 0.9736 0.2162
225.000 2.6703 0.0032 0.0745 0.0118 0.0007 -0.0118 0.9728 0.2195
230.000 3.0164 0.0035 0.0765 0.0134 0.0008 -0.0133 0.9719 0.2224
235.000 3.3927 0.0039 0.0784 0.0149 0.0009 -0.0148 0.9711 0.2254
240.000 3.8005 0.0043 0.0805 0.0165 0.0010 -0.0164 0.9703 0.2282
245.000 4.2451 0.0047 0.0826 0.0182 0.0011 -0.0181 0.9694 0.2311
250.000 4.7225 0.0051 0.0846 0.0198 0.0013 -0.0197 0.9685 0.2340
255.000 5.2229 0.0055 0.0866 0.0216 0.0014 -0.0215 0.9677 0.2369
260.000 5.7620 0.0059 0.0885 0.0232 0.0015 -0.0231 0.9668 0.2398
265.000 6.3063 0.0064 0.0906 0.0251 0.0016 -0.0250 0.9659 0.2426
270.000 6.8774 0.0069 0.0927 0.0270 0.0018 -0.0268 0.9649 0.2454
275.000 7.4532 0.0074 0.0948 0.0288 0.0019 -0.0287 0.9640 0.2484
280.000 7.9892 0.0079 0.0969 0.0308 0.0021 -0.0306 0.9630 0.2513
285.000 8.5308 0.0084 0.0990 0.0327 0.0022 -0.0325 0.9620 0.2544
290.000 8.9803 0.0090 0.1011 0.0347 0.0024 -0.0345 0.9610 0.2572
295.000 9.3781 0.0095 0.1032 0.0368 0.0026 -0.0366 0.9600 0.2600
300.000 9.7045 0.0101 0.1053 0.0389 0.0027 -0.0387 0.9590 0.2629
305.000 9.8638 0.0107 0.1074 0.0411 0.0029 -0.0409 0.9579 0.2659
310.000 9.9260 0.0114 0.1095 0.0433 0.0031 -0.0431 0.9568 0.2691
315.000 9.8465 0.0121 0.1116 0.0455 0.0032 -0.0453 0.9557 0.2723
320.000 9.6250 0.0128 0.1137 0.0478 0.0034 -0.0476 0.9545 0.2754
325.000 9.2924 0.0136 0.1159 0.0502 0.0036 -0.0500 0.9532 0.2789
330.000 8.8808 0.0144 0.1179 0.0526 0.0039 -0.0523 0.9519 0.2823
335.000 8.3674 0.0152 0.1200 0.0551 0.0041 -0.0549 0.9506 0.2860
340.000 7.8248 0.0161 0.1219 0.0576 0.0043 -0.0573 0.9491 0.2899
345.000 7.2779 0.0170 0.1237 0.0600 0.0045 -0.0597 0.9477 0.2938
350.000 6.6853 0.0181 0.1255 0.0625 0.0047 -0.0622 0.9462 0.2978
355.000 6.1524 0.0191 0.1270 0.0648 0.0049 -0.0645 0.9447 0.3019
360.000 5.6240 0.0201 0.1284 0.0673 0.0051 -0.0669 0.9431 0.3061
365.000 5.1074 0.0213 0.1298 0.0698 0.0054 -0.0695 0.9415 0.3105
370.000 4.6472 0.0225 0.1308 0.0721 0.0056 -0.0717 0.9397 0.3151
375.000 4.2057 0.0238 0.1317 0.0744 0.0058 -0.0740 0.9379 0.3200
380.000 3.8025 0.0251 0.1323 0.0765 0.0060 -0.0761 0.9360 0.3251
385.000 3.4407 0.0265 0.1326 0.0783 0.0062 -0.0779 0.9341 0.3303
390.000 3.1036 0.0279 0.1327 0.0801 0.0064 -0.0797 0.9322 0.3357
395.000 2.8046 0.0295 0.1323 0.0819 0.0066 -0.0815 0.9301 0.3414
400.000 2.5328 0.0312 0.1317 0.0838 0.0068 -0.0833 0.9279 0.3473
405.000 2.2845 0.0330 0.1308 0.0856 0.0071 -0.0852 0.9257 0.3536
410.000 2.0624 0.0349 0.1294 0.0868 0.0073 -0.0863 0.9233 0.3601
415.000 1.8605 0.0369 0.1275 0.0875 0.0074 -0.0870 0.9207 0.3670
420.000 1.6756 0.0391 0.1253 0.0881 0.0075 -0.0876 0.9180 0.3744
425.000 1.5053 0.0417 0.1231 0.0885 0.0077 -0.0880 0.9147 0.3828
430.000 1.3485 0.0446 0.1206 0.0888 0.0078 -0.0882 0.9109 0.3921
435.000 1.2108 0.0476 0.1167 0.0879 0.0078 -0.0873 0.9072 0.4015
440.000 1.0909 0.0505 0.1112 0.0858 0.0077 -0.0852 0.9037 0.4104
445.000 0.9849 0.0535 0.1042 0.0826 0.0075 -0.0821 0.9003 0.4192
450.000 0.8848 0.0571 0.0970 0.0794 0.0074 -0.0789 0.8963 0.4289
