145.000 0.0057 -0.0300 0.3631 0.0421 0.0386 -0.0433 0.5683 0.7367
150.000 0.0458 -0.0248 0.3181 0.0128 0.0188 -0.0113 0.5396 0.7789
155.000 0.0977 -0.0180 0.2987 -0.0008 0.0072 0.0023 0.5122 0.8050
160.000 0.1677 -0.0109 0.2909 -0.0060 0.0009 0.0073 0.4875 0.8231
165.000 0.2568 -0.0038 0.2893 -0.0065 -0.0021 0.0078 0.4650 0.8367
170.000 0.3656 0.0034 0.2909 -0.0042 -0.0032 0.0057 0.4440 0.8475
175.000 0.4946 0.0107 0.2944 -0.0002 -0.0029 0.0021 0.4240 0.8564
180.000 0.6442 0.0182 0.2990 0.0048 -0.0019 -0.0025 0.4046 0.8641
185.000 0.8148 0.0259 0.3039 0.0104 -0.0004 -0.0074 0.3856 0.8708
190.000 1.0070 0.0339 0.3090 0.0163 0.0013 -0.0126 0.3670 0.8768
195.000 1.2213 0.0420 0.3139 0.0222 0.0032 -0.0179 0.3486 0.8822
200.000 1.4588 0.0504 0.3186 0.0281 0.0050 -0.0230 0.3305 0.8871
205.000 1.7247 0.0581 0.3233 0.0340 0.0072 -0.0281 0.3136 0.8911
210.000 2.0192 0.0657 0.3278 0.0397 0.0093 -0.0330 0.2972 0.8946
215.000 2.3470 0.0738 0.3322 0.0456 0.0116 -0.0380 0.2809 0.8977
220.000 2.7116 0.0825 0.3363 0.0515 0.0138 -0.0429 0.2646 0.9004
225.000 3.1150 0.0913 0.3401 0.0574 0.0160 -0.0478 0.2486 0.9027
230.000 3.5578 0.1001 0.3439 0.0635 0.0185 -0.0529 0.2336 0.9044
235.000 4.0468 0.1089 0.3473 0.0694 0.0208 -0.0579 0.2191 0.9058
240.000 4.5839 0.1180 0.3510 0.0756 0.0234 -0.0631 0.2046 0.9068
245.000 5.1777 0.1273 0.3543 0.0817 0.0260 -0.0680 0.1904 0.9074
250.000 5.8262 0.1367 0.3573 0.0876 0.0285 -0.0728 0.1764 0.9078
255.000 6.5209 0.1464 0.3601 0.0936 0.0311 -0.0777 0.1630 0.9078
260.000 7.2839 0.1561 0.3621 0.0991 0.0333 -0.0822 0.1498 0.9077
265.000 8.0711 0.1659 0.3646 0.1050 0.0359 -0.0871 0.1368 0.9072
270.000 8.9153 0.1759 0.3668 0.1107 0.0385 -0.0918 0.1239 0.9064
275.000 9.7898 0.1859 0.3686 0.1162 0.0409 -0.0962 0.1111 0.9054
280.000 10.6373 0.1960 0.3703 0.1218 0.0434 -0.1007 0.0984 0.9042
285.000 11.5232 0.2065 0.3712 0.1268 0.0456 -0.1047 0.0856 0.9029
290.000 12.2951 0.2165 0.3724 0.1321 0.0482 -0.1091 0.0738 0.9012
295.000 13.0169 0.2268 0.3734 0.1373 0.0507 -0.1134 0.0623 0.8993
300.000 13.6616 0.2372 0.3738 0.1422 0.0530 -0.1174 0.0508 0.8972
305.000 14.0860 0.2477 0.3738 0.1469 0.0554 -0.1214 0.0392 0.8951
310.000 14.3966 0.2587 0.3730 0.1512 0.0575 -0.1250 0.0271 0.8928
315.000 14.5067 0.2696 0.3721 0.1554 0.0596 -0.1283 0.0158 0.8904
320.000 14.4154 0.2807 0.3710 0.1597 0.0618 -0.1316 0.0048 0.8876
325.000 14.1674 0.2924 0.3695 0.1638 0.0639 -0.1345 -0.0063 0.8846
330.000 13.7827 0.3038 0.3673 0.1674 0.0660 -0.1371 -0.0170 0.8817
335.000 13.2377 0.3157 0.3645 0.1711 0.0682 -0.1394 -0.0280 0.8786
340.000 12.6260 0.3277 0.3608 0.1741 0.0700 -0.1414 -0.0386 0.8754
345.000 11.9756 0.3396 0.3566 0.1764 0.0713 -0.1430 -0.0486 0.8722
350.000 11.2303 0.3521 0.3519 0.1784 0.0725 -0.1445 -0.0587 0.8686
355.000 10.5507 0.3641 0.3460 0.1796 0.0734 -0.1453 -0.0681 0.8654
360.000 9.8518 0.3762 0.3395 0.1806 0.0744 -0.1459 -0.0771 0.8620
365.000 9.1480 0.3885 0.3323 0.1813 0.0755 -0.1461 -0.0859 0.8585
370.000 8.5180 0.4008 0.3239 0.1809 0.0757 -0.1454 -0.0943 0.8552
375.000 7.8969 0.4133 0.3149 0.1800 0.0760 -0.1444 -0.1025 0.8517
380.000 7.3198 0.4257 0.3049 0.1784 0.0758 -0.1425 -0.1102 0.8482
385.000 6.7938 0.4379 0.2940 0.1758 0.0751 -0.1398 -0.1172 0.8448
390.000 6.2907 0.4501 0.2825 0.1727 0.0743 -0.1366 -0.1239 0.8414
395.000 5.8425 0.4623 0.2698 0.1688 0.0732 -0.1328 -0.1299 0.8379
400.000 5.4289 0.4747 0.2562 0.1644 0.0722 -0.1284 -0.1355 0.8342
405.000 5.0438 0.4872 0.2418 0.1594 0.0710 -0.1236 -0.1405 0.8303
410.000 4.6951 0.4995 0.2262 0.1528 0.0688 -0.1174 -0.1450 0.8265
415.000 4.3717 0.5116 0.2097 0.1453 0.0662 -0.1103 -0.1490 0.8226
420.000 4.0739 0.5240 0.1923 0.1366 0.0630 -0.1023 -0.1529 0.8181
425.000 3.8036 0.5370 0.1736 0.1265 0.0590 -0.0931 -0.1572 0.8128
430.000 3.5549 0.5503 0.1539 0.1152 0.0544 -0.0828 -0.1616 0.8068
435.000 3.3278 0.5631 0.1328 0.1025 0.0493 -0.0717 -0.1642 0.8008
440.000 3.1201 0.5752 0.1106 0.0886 0.0437 -0.0598 -0.1648 0.7950
445.000 2.9286 0.5870 0.0876 0.0735 0.0379 -0.0473 -0.1637 0.7891
450.000 2.7535 0.5991 0.0635 0.0573 0.0315 -0.0332 -0.1620 0.7823
