145.000 0.0071 -0.0008 0.0439 -0.0132 0.0010 0.0135 0.9595 -0.2783
150.000 0.0442 -0.0008 0.0761 -0.0052 0.0001 0.0053 0.9503 -0.3019
155.000 0.0798 -0.0001 0.0953 0.0006 -0.0005 -0.0005 0.9416 -0.3231
160.000 0.1223 0.0010 0.1062 0.0049 -0.0009 -0.0048 0.9337 -0.3421
165.000 0.1732 0.0024 0.1113 0.0081 -0.0011 -0.0080 0.9266 -0.3592
170.000 0.2334 0.0040 0.1126 0.0105 -0.0012 -0.0104 0.9202 -0.3749
175.000 0.3038 0.0057 0.1110 0.0122 -0.0013 -0.0121 0.9144 -0.3893
180.000 0.3849 0.0075 0.1075 0.0136 -0.0014 -0.0135 0.9090 -0.4025
185.000 0.4776 0.0095 0.1026 0.0146 -0.0014 -0.0145 0.9040 -0.4149
190.000 0.5825 0.0114 0.0966 0.0154 -0.0015 -0.0152 0.8993 -0.4265
195.000 0.7002 0.0135 0.0898 0.0160 -0.0016 -0.0158 0.8947 -0.4374
200.000 0.8321 0.0155 0.0825 0.0165 -0.0017 -0.0162 0.8903 -0.4476
205.000 0.9845 0.0174 0.0743 0.0164 -0.0019 -0.0161 0.8867 -0.4561
210.000 1.1572 0.0193 0.0658 0.0161 -0.0020 -0.0158 0.8834 -0.4636
215.000 1.3533 0.0210 0.0572 0.0157 -0.0022 -0.0153 0.8804 -0.4704
220.000 1.5753 0.0228 0.0488 0.0152 -0.0024 -0.0147 0.8775 -0.4765
225.000 1.8267 0.0246 0.0403 0.0146 -0.0026 -0.0141 0.8749 -0.4820
230.000 2.1143 0.0262 0.0315 0.0138 -0.0029 -0.0133 0.8726 -0.4866
235.000 2.4404 0.0278 0.0227 0.0130 -0.0031 -0.0124 0.8706 -0.4907
240.000 2.8098 0.0292 0.0143 0.0121 -0.0034 -0.0115 0.8689 -0.4939
245.000 3.2283 0.0305 0.0061 0.0112 -0.0037 -0.0106 0.8675 -0.4965
250.000 3.6980 0.0317 -0.0017 0.0103 -0.0040 -0.0097 0.8662 -0.4987
255.000 4.2190 0.0328 -0.0094 0.0094 -0.0043 -0.0088 0.8651 -0.5005
260.000 4.8036 0.0340 -0.0168 0.0086 -0.0046 -0.0079 0.8640 -0.5021
265.000 5.4375 0.0349 -0.0237 0.0078 -0.0049 -0.0071 0.8633 -0.5029
270.000 6.1400 0.0358 -0.0302 0.0071 -0.0052 -0.0065 0.8628 -0.5034
275.000 6.8954 0.0366 -0.0364 0.0066 -0.0056 -0.0059 0.8624 -0.5036
280.000 7.6697 0.0374 -0.0423 0.0061 -0.0059 -0.0054 0.8622 -0.5033
285.000 8.5060 0.0380 -0.0480 0.0058 -0.0063 -0.0051 0.8621 -0.5030
290.000 9.2972 0.0385 -0.0532 0.0054 -0.0067 -0.0048 0.8622 -0.5022
295.000 10.0885 0.0389 -0.0584 0.0051 -0.0070 -0.0045 0.8625 -0.5011
300.000 10.8511 0.0392 -0.0633 0.0049 -0.0074 -0.0043 0.8629 -0.4998
305.000 11.4643 0.0395 -0.0676 0.0051 -0.0078 -0.0046 0.8634 -0.4984
310.000 12.0152 0.0398 -0.0718 0.0056 -0.0082 -0.0050 0.8640 -0.4967
315.000 12.4123 0.0399 -0.0755 0.0060 -0.0086 -0.0055 0.8647 -0.4949
320.000 12.6547 0.0399 -0.0789 0.0064 -0.0089 -0.0059 0.8656 -0.4928
325.000 12.7712 0.0399 -0.0822 0.0068 -0.0093 -0.0064 0.8666 -0.4906
330.000 12.7368 0.0398 -0.0850 0.0076 -0.0097 -0.0072 0.8675 -0.4884
335.000 12.5525 0.0396 -0.0876 0.0087 -0.0101 -0.0083 0.8686 -0.4861
340.000 12.2795 0.0394 -0.0899 0.0099 -0.0106 -0.0096 0.8697 -0.4836
345.000 11.9364 0.0391 -0.0917 0.0111 -0.0109 -0.0108 0.8709 -0.4811
350.000 11.4862 0.0387 -0.0931 0.0125 -0.0113 -0.0123 0.8724 -0.4781
355.000 11.0555 0.0383 -0.0944 0.0141 -0.0116 -0.0139 0.8738 -0.4753
360.000 10.5794 0.0378 -0.0953 0.0159 -0.0120 -0.0158 0.8753 -0.4723
365.000 10.0722 0.0372 -0.0959 0.0179 -0.0124 -0.0179 0.8770 -0.4691
370.000 9.6044 0.0366 -0.0961 0.0202 -0.0128 -0.0202 0.8787 -0.4660
375.000 9.1219 0.0359 -0.0959 0.0227 -0.0131 -0.0228 0.8805 -0.4627
380.000 8.6579 0.0352 -0.0955 0.0252 -0.0134 -0.0254 0.8823 -0.4593
385.000 8.2218 0.0344 -0.0951 0.0277 -0.0137 -0.0280 0.8841 -0.4559
390.000 7.7903 0.0337 -0.0945 0.0303 -0.0140 -0.0306 0.8860 -0.4525
395.000 7.3940 0.0328 -0.0932 0.0332 -0.0142 -0.0336 0.8879 -0.4490
400.000 7.0160 0.0319 -0.0912 0.0364 -0.0144 -0.0370 0.8901 -0.4452
405.000 6.6532 0.0309 -0.0887 0.0400 -0.0146 -0.0407 0.8923 -0.4412
410.000 6.3161 0.0299 -0.0865 0.0439 -0.0149 -0.0446 0.8945 -0.4373
415.000 5.9943 0.0289 -0.0842 0.0481 -0.0153 -0.0489 0.8966 -0.4334
420.000 5.6914 0.0279 -0.0817 0.0525 -0.0157 -0.0534 0.8988 -0.4294
425.000 5.4123 0.0268 -0.0789 0.0568 -0.0159 -0.0579 0.9011 -0.4251
430.000 5.1502 0.0257 -0.0758 0.0613 -0.0160 -0.0625 0.9035 -0.4206
435.000 4.9004 0.0245 -0.0724 0.0661 -0.0162 -0.0674 0.9058 -0.4163
440.000 4.6615 0.0235 -0.0686 0.0712 -0.0165 -0.0727 0.9080 -0.4121
445.000 4.4332 0.0224 -0.0645 0.0767 -0.0168 -0.0783 0.9101 -0.4080
450.000 4.2150 0.0213 -0.0600 0.0825 -0.0171 -0.0843 0.9124 -0.4035
