145.000 0.0003 0.0000 0.0000 0.0000 0.0000 0.0000 1.0000 0.0000
150.000 0.0130 0.0000 0.0000 0.0000 0.0000 0.0000 1.0000 0.0000
155.000 0.0531 0.0000 0.0000 0.0000 0.0000 0.0000 1.0000 0.0000
160.000 0.1109 0.0000 0.0000 0.0000 0.0000 0.0000 1.0000 0.0000
165.000 0.1774 0.0000 0.0000 0.0000 0.0000 0.0000 1.0000 0.0000
170.000 0.2525 0.0000 0.0000 0.0000 0.0000 0.0000 1.0000 0.0000
175.000 0.3363 0.0000 0.0000 0.0000 0.0000 0.0000 1.0000 0.0000
180.000 0.4297 0.0000 0.0000 0.0000 0.0000 0.0000 1.0000 0.0000
185.000 0.5338 0.0000 0.0000 0.0000 0.0000 0.0000 1.0000 0.0000
190.000 0.6504 0.0000 0.0000 0.0000 0.0000 0.0000 1.0000 0.0000
195.000 0.7812 0.0000 0.0000 0.0000 0.0000 0.0000 1.0000 0.0000
200.000 0.9285 0.0000 0.0000 0.0000 0.0000 0.0000 1.0000 0.0000
205.000 1.0946 0.0000 0.0000 0.0000 0.0000 0.0000 1.0000 0.0000
210.000 1.2821 0.0000 0.0000 0.0000 0.0000 0.0000 1.0000 0.0000
215.000 1.4941 0.0000 0.0000 0.0000 0.0000 0.0000 1.0000 0.0000
220.000 1.7337 0.0000 0.0000 0.0000 0.0000 0.0000 1.0000 0.0000
225.000 2.0046 0.0000 0.0000 0.0000 0.0000 0.0000 1.0000 0.0000
230.000 2.3106 0.0000 0.0000 0.0000 0.0000 0.0000 1.0000 0.0000
235.000 2.6557 0.0000 0.0000 0.0000 0.0000 0.0000 1.0000 0.0000
240.000 3.0442 0.0000 0.0000 0.0000 0.0000 0.0000 1.0000 0.0000
245.000 3.4802 0.0000 0.0000 0.0000 0.0000 0.0000 1.0000 0.0000
250.000 3.9677 0.0000 0.0000 0.0000 0.0000 0.0000 1.0000 0.0000
255.000 4.5097 0.0000 0.0000 0.0000 0.0000 0.0000 1.0000 0.0000
260.000 5.1082 0.0000 0.0000 0.0000 0.0000 0.0000 1.0000 0.0000
265.000 5.7632 0.0000 0.0000 0.0000 0.0000 0.0000 1.0000 0.0000
270.000 6.4714 0.0000 0.0000 0.0000 0.0000 0.0000 1.0000 0.0000
275.000 7.2255 0.0000 0.0000 0.0000 0.0000 0.0000 1.0000 0.0000
280.000 8.0118 0.0000 0.0000 0.0000 0.0000 0.0000 1.0000 0.0000
285.000 8.8071 0.0000 0.0000 0.0000 0.0000 0.0000 1.0000 0.0000
290.000 9.5767 0.0000 0.0000 0.0000 0.0000 0.0000 1.0000 0.0000
295.000 10.2942 0.0000 0.0000 0.0000 0.0000 0.0000 1.0000 0.0000
300.000 10.9646 0.0000 0.0000 0.0000 0.0000 0.0000 1.0000 0.0000
305.000 11.5680 0.0000 0.0000 0.0000 0.0000 0.0000 1.0000 0.0000
310.000 12.0624 0.0000 0.0000 0.0000 0.0000 0.0000 1.0000 0.0000
315.000 12.4203 0.0000 0.0000 0.0000 0.0000 0.0000 1.0000 0.0000
320.000 12.6300 0.0000 0.0000 0.0000 0.0000 0.0000 1.0000 0.0000
325.000 12.6912 0.0000 0.0000 0.0000 0.0000 0.0000 1.0000 0.0000
330.000 12.6146 0.0000 0.0000 0.0000 0.0000 0.0000 1.0000 0.0000
335.000 12.4188 0.0000 0.0000 0.0000 0.0000 0.0000 1.0000 0.0000
340.000 12.1263 0.0000 0.0000 0.0000 0.0000 0.0000 1.0000 0.0000
345.000 11.7607 0.0000 0.0000 0.0000 0.0000 0.0000 1.0000 0.0000
350.000 11.3441 0.0000 0.0000 0.0000 0.0000 0.0000 1.0000 0.0000
355.000 10.8965 0.0000 0.0000 0.0000 0.0000 0.0000 1.0000 0.0000
360.000 10.4341 0.0000 0.0000 0.0000 0.0000 0.0000 1.0000 0.0000
365.000 9.9696 0.0000 0.0000 0.0000 0.0000 0.0000 1.0000 0.0000
370.000 9.5127 0.0000 0.0000 0.0000 0.0000 0.0000 1.0000 0.0000
375.000 9.0700 0.0000 0.0000 0.0000 0.0000 0.0000 1.0000 0.0000
380.000 8.6459 0.0000 0.0000 0.0000 0.0000 0.0000 1.0000 0.0000
385.000 8.2430 0.0000 0.0000 0.0000 0.0000 0.0000 1.0000 0.0000
390.000 7.8627 0.0000 0.0000 0.0000 0.0000 0.0000 1.0000 0.0000
395.000 7.5052 0.0000 0.0000 0.0000 0.0000 0.0000 1.0000 0.0000
400.000 7.1701 0.0000 0.0000 0.0000 0.0000 0.0000 1.0000 0.0000
405.000 6.8565 0.0000 0.0000 0.0000 0.0000 0.0000 1.0000 0.0000
410.000 6.5632 0.0000 0.0000 0.0000 0.0000 0.0000 1.0000 0.0000
415.000 6.2889 0.0000 0.0000 0.0000 0.0000 0.0000 1.0000 0.0000
420.000 6.0321 0.0000 0.0000 0.0000 0.0000 0.0000 1.0000 0.0000
425.000 5.7915 0.0000 0.0000 0.0000 0.0000 0.0000 1.0000 0.0000
430.000 5.5654 0.0000 0.0000 0.0000 0.0000 0.0000 1.0000 0.0000
435.000 5.3527 0.0000 0.0000 0.0000 0.0000 0.0000 1.0000 0.0000
440.000 5.1520 0.0000 0.0000 0.0000 0.0000 0.0000 1.0000 0.0000
445.000 4.9619 0.0000 0.0000 0.0000 0.0000 0.0000 1.0000 0.0000
450.000 4.7814 0.0000 0.0000 0.0000 0.0000 0.0000 1.0000 0.0000
