145.000 0.0053 -0.1245 0.6088 0.0080 0.1332 0.0022 -0.4587 0.6211
150.000 0.0438 -0.0931 0.5493 -0.0053 0.0543 0.0196 -0.4940 0.6651
155.000 0.0962 -0.0599 0.5119 -0.0091 0.0163 0.0200 -0.5266 0.6757
160.000 0.1696 -0.0299 0.4874 -0.0073 -0.0020 0.0156 -0.5549 0.6734
165.000 0.2662 -0.0028 0.4702 -0.0024 -0.0101 0.0097 -0.5797 0.6654
170.000 0.3880 0.0222 0.4570 0.0042 -0.0126 0.0037 -0.6018 0.6545
175.000 0.5367 0.0457 0.4461 0.0115 -0.0119 -0.0020 -0.6217 0.6421
180.000 0.7142 0.0681 0.4364 0.0191 -0.0096 -0.0072 -0.6399 0.6290
185.000 0.9227 0.0897 0.4272 0.0266 -0.0064 -0.0119 -0.6565 0.6156
190.000 1.1644 0.1107 0.4182 0.0337 -0.0029 -0.0160 -0.6718 0.6021
195.000 1.4417 0.1310 0.4091 0.0404 0.0005 -0.0196 -0.6857 0.5887
200.000 1.7576 0.1508 0.3998 0.0466 0.0037 -0.0227 -0.6984 0.5756
205.000 2.1184 0.1698 0.3910 0.0525 0.0073 -0.0254 -0.7100 0.5623
210.000 2.5270 0.1882 0.3821 0.0577 0.0104 -0.0277 -0.7206 0.5493
215.000 2.9915 0.2063 0.3732 0.0627 0.0137 -0.0296 -0.7301 0.5366
220.000 3.5191 0.2242 0.3641 0.0674 0.0167 -0.0311 -0.7385 0.5244
225.000 4.1156 0.2417 0.3550 0.0717 0.0194 -0.0323 -0.7460 0.5127
230.000 4.7885 0.2590 0.3462 0.0758 0.0223 -0.0333 -0.7525 0.5010
235.000 5.5491 0.2758 0.3372 0.0793 0.0248 -0.0341 -0.7582 0.4898
240.000 6.3977 0.2924 0.3284 0.0828 0.0273 -0.0345 -0.7632 0.4786
245.000 7.3515 0.3087 0.3195 0.0858 0.0295 -0.0347 -0.7676 0.4677
250.000 8.4144 0.3245 0.3105 0.0885 0.0314 -0.0346 -0.7713 0.4572
255.000 9.5829 0.3400 0.3016 0.0909 0.0333 -0.0343 -0.7743 0.4471
260.000 10.8931 0.3550 0.2924 0.0927 0.0346 -0.0338 -0.7766 0.4377
265.000 12.2767 0.3696 0.2835 0.0945 0.0363 -0.0332 -0.7786 0.4282
270.000 13.7925 0.3839 0.2744 0.0958 0.0375 -0.0323 -0.7801 0.4190
275.000 15.4029 0.3978 0.2651 0.0968 0.0384 -0.0313 -0.7811 0.4103
280.000 17.0209 0.4112 0.2560 0.0976 0.0394 -0.0301 -0.7817 0.4016
285.000 18.7589 0.4244 0.2464 0.0977 0.0397 -0.0288 -0.7819 0.3936
290.000 20.3394 0.4368 0.2373 0.0978 0.0405 -0.0274 -0.7818 0.3857
295.000 21.8808 0.4491 0.2280 0.0977 0.0411 -0.0259 -0.7813 0.3783
300.000 23.3365 0.4611 0.2183 0.0970 0.0412 -0.0243 -0.7804 0.3711
305.000 24.4480 0.4729 0.2087 0.0962 0.0409 -0.0223 -0.7793 0.3641
310.000 25.4076 0.4848 0.1982 0.0947 0.0398 -0.0201 -0.7778 0.3572
315.000 26.0172 0.4959 0.1881 0.0931 0.0388 -0.0178 -0.7761 0.3510
320.000 26.2739 0.5068 0.1780 0.0914 0.0378 -0.0153 -0.7740 0.3451
325.000 26.2566 0.5177 0.1673 0.0893 0.0365 -0.0125 -0.7715 0.3396
330.000 25.9528 0.5279 0.1568 0.0869 0.0349 -0.0098 -0.7688 0.3346
335.000 25.3393 0.5384 0.1458 0.0841 0.0330 -0.0068 -0.7656 0.3297
340.000 24.5626 0.5484 0.1344 0.0808 0.0307 -0.0038 -0.7621 0.3254
345.000 23.6597 0.5578 0.1230 0.0771 0.0281 -0.0007 -0.7586 0.3216
350.000 22.5379 0.5673 0.1110 0.0729 0.0254 0.0025 -0.7547 0.3178
355.000 21.4998 0.5760 0.0989 0.0682 0.0220 0.0058 -0.7506 0.3149
360.000 20.3853 0.5846 0.0865 0.0632 0.0185 0.0092 -0.7462 0.3123
365.000 19.2241 0.5930 0.0737 0.0579 0.0149 0.0128 -0.7415 0.3100
370.000 18.1729 0.6009 0.0611 0.0522 0.0107 0.0166 -0.7365 0.3084
375.000 17.1047 0.6087 0.0483 0.0464 0.0064 0.0207 -0.7312 0.3069
380.000 16.0958 0.6161 0.0351 0.0401 0.0016 0.0248 -0.7257 0.3059
385.000 15.1656 0.6231 0.0217 0.0332 -0.0037 0.0289 -0.7199 0.3055
390.000 14.2575 0.6298 0.0080 0.0259 -0.0092 0.0331 -0.7138 0.3054
395.000 13.4368 0.6361 -0.0057 0.0182 -0.0153 0.0374 -0.7075 0.3057
400.000 12.6638 0.6421 -0.0196 0.0101 -0.0217 0.0418 -0.7010 0.3062
405.000 11.9303 0.6479 -0.0336 0.0016 -0.0285 0.0463 -0.6942 0.3069
410.000 11.2638 0.6535 -0.0482 -0.0075 -0.0357 0.0510 -0.6869 0.3083
415.000 10.6377 0.6588 -0.0632 -0.0171 -0.0433 0.0558 -0.6791 0.3100
420.000 10.0547 0.6639 -0.0785 -0.0273 -0.0513 0.0608 -0.6711 0.3118
425.000 9.5201 0.6687 -0.0944 -0.0381 -0.0599 0.0661 -0.6627 0.3134
430.000 9.0216 0.6733 -0.1108 -0.0494 -0.0690 0.0717 -0.6541 0.3149
435.000 8.5614 0.6777 -0.1270 -0.0611 -0.0783 0.0773 -0.6447 0.3171
440.000 8.1362 0.6819 -0.1430 -0.0730 -0.0878 0.0829 -0.6347 0.3201
445.000 7.7401 0.6861 -0.1589 -0.0853 -0.0973 0.0885 -0.6240 0.3235
450.000 7.3736 0.6899 -0.1751 -0.0982 -0.1078 0.0944 -0.6129 0.3270
