145.000 0.0066 -0.0205 0.1712 -0.0513 0.0199 0.0587 0.5329 -0.8277
150.000 0.0436 -0.0181 0.2640 -0.0219 0.0057 0.0273 0.4492 -0.8532
155.000 0.0827 -0.0084 0.3108 -0.0025 -0.0029 0.0062 0.3779 -0.8721
160.000 0.1323 0.0045 0.3312 0.0109 -0.0077 -0.0081 0.3193 -0.8879
165.000 0.1942 0.0188 0.3360 0.0203 -0.0101 -0.0178 0.2711 -0.9018
170.000 0.2700 0.0339 0.3310 0.0271 -0.0112 -0.0244 0.2310 -0.9143
175.000 0.3611 0.0492 0.3198 0.0321 -0.0115 -0.0289 0.1969 -0.9255
180.000 0.4688 0.0646 0.3046 0.0358 -0.0116 -0.0318 0.1674 -0.9355
185.000 0.5947 0.0799 0.2868 0.0386 -0.0116 -0.0336 0.1414 -0.9443
190.000 0.7404 0.0951 0.2673 0.0406 -0.0117 -0.0347 0.1182 -0.9518
195.000 0.9075 0.1100 0.2468 0.0421 -0.0121 -0.0351 0.0970 -0.9581
200.000 1.0981 0.1246 0.2258 0.0431 -0.0127 -0.0351 0.0778 -0.9633
205.000 1.3185 0.1381 0.2041 0.0431 -0.0133 -0.0341 0.0622 -0.9674
210.000 1.5702 0.1507 0.1825 0.0426 -0.0140 -0.0327 0.0485 -0.9707
215.000 1.8589 0.1630 0.1611 0.0418 -0.0148 -0.0309 0.0366 -0.9730
220.000 2.1895 0.1749 0.1403 0.0406 -0.0158 -0.0288 0.0262 -0.9745
225.000 2.5666 0.1862 0.1199 0.0393 -0.0169 -0.0265 0.0170 -0.9753
230.000 2.9975 0.1969 0.0995 0.0376 -0.0182 -0.0240 0.0096 -0.9756
235.000 3.4882 0.2070 0.0797 0.0358 -0.0197 -0.0216 0.0029 -0.9753
240.000 4.0440 0.2162 0.0607 0.0338 -0.0213 -0.0189 -0.0020 -0.9746
245.000 4.6749 0.2246 0.0425 0.0319 -0.0230 -0.0162 -0.0062 -0.9736
250.000 5.3845 0.2326 0.0251 0.0298 -0.0248 -0.0136 -0.0096 -0.9723
255.000 6.1732 0.2402 0.0081 0.0276 -0.0266 -0.0110 -0.0121 -0.9706
260.000 7.0621 0.2474 -0.0082 0.0255 -0.0285 -0.0087 -0.0144 -0.9686
265.000 8.0189 0.2539 -0.0234 0.0234 -0.0305 -0.0065 -0.0153 -0.9666
270.000 9.0772 0.2598 -0.0380 0.0216 -0.0327 -0.0045 -0.0157 -0.9645
275.000 10.2136 0.2654 -0.0519 0.0198 -0.0349 -0.0028 -0.0156 -0.9622
280.000 11.3752 0.2705 -0.0651 0.0181 -0.0372 -0.0012 -0.0148 -0.9599
285.000 12.6304 0.2753 -0.0781 0.0165 -0.0397 0.0000 -0.0141 -0.9574
290.000 13.8043 0.2791 -0.0902 0.0150 -0.0420 0.0014 -0.0124 -0.9551
295.000 14.9695 0.2824 -0.1022 0.0136 -0.0445 0.0026 -0.0104 -0.9529
300.000 16.0872 0.2853 -0.1138 0.0123 -0.0470 0.0037 -0.0082 -0.9505
305.000 16.9776 0.2880 -0.1243 0.0114 -0.0498 0.0040 -0.0054 -0.9483
310.000 17.7690 0.2905 -0.1349 0.0108 -0.0528 0.0039 -0.0024 -0.9459
315.000 18.3193 0.2924 -0.1445 0.0102 -0.0556 0.0037 0.0009 -0.9437
320.000 18.6261 0.2939 -0.1537 0.0096 -0.0582 0.0034 0.0046 -0.9416
325.000 18.7376 0.2950 -0.1629 0.0092 -0.0609 0.0029 0.0086 -0.9395
330.000 18.6314 0.2958 -0.1710 0.0094 -0.0640 0.0019 0.0124 -0.9376
335.000 18.2994 0.2962 -0.1790 0.0099 -0.0673 0.0007 0.0168 -0.9357
340.000 17.8347 0.2963 -0.1865 0.0106 -0.0705 -0.0009 0.0213 -0.9339
345.000 17.2636 0.2961 -0.1932 0.0115 -0.0736 -0.0029 0.0260 -0.9322
350.000 16.5279 0.2956 -0.1996 0.0124 -0.0766 -0.0051 0.0314 -0.9306
355.000 15.8292 0.2946 -0.2055 0.0139 -0.0798 -0.0078 0.0365 -0.9292
360.000 15.0643 0.2933 -0.2110 0.0158 -0.0832 -0.0110 0.0421 -0.9278
365.000 14.2554 0.2916 -0.2160 0.0180 -0.0866 -0.0146 0.0481 -0.9266
370.000 13.5107 0.2895 -0.2206 0.0204 -0.0899 -0.0188 0.0539 -0.9255
375.000 12.7468 0.2871 -0.2246 0.0232 -0.0933 -0.0236 0.0602 -0.9245
380.000 12.0159 0.2844 -0.2282 0.0262 -0.0966 -0.0287 0.0667 -0.9236
385.000 11.3328 0.2816 -0.2315 0.0295 -0.1000 -0.0339 0.0731 -0.9228
390.000 10.6615 0.2785 -0.2342 0.0332 -0.1034 -0.0394 0.0800 -0.9220
395.000 10.0437 0.2750 -0.2363 0.0373 -0.1067 -0.0459 0.0870 -0.9213
400.000 9.4553 0.2711 -0.2378 0.0418 -0.1100 -0.0533 0.0944 -0.9208
405.000 8.8926 0.2667 -0.2386 0.0469 -0.1133 -0.0614 0.1022 -0.9204
410.000 8.3750 0.2622 -0.2393 0.0528 -0.1173 -0.0698 0.1099 -0.9198
415.000 7.8853 0.2575 -0.2394 0.0594 -0.1216 -0.0787 0.1179 -0.9192
420.000 7.4265 0.2524 -0.2392 0.0664 -0.1259 -0.0884 0.1263 -0.9186
425.000 7.0032 0.2468 -0.2388 0.0734 -0.1297 -0.0989 0.1352 -0.9179
430.000 6.6070 0.2409 -0.2381 0.0808 -0.1333 -0.1102 0.1446 -0.9171
435.000 6.2318 0.2350 -0.2368 0.0887 -0.1371 -0.1220 0.1538 -0.9161
440.000 5.8753 0.2293 -0.2347 0.0973 -0.1412 -0.1345 0.1627 -0.9150
445.000 5.5369 0.2238 -0.2318 0.1065 -0.1455 -0.1477 0.1716 -0.9138
450.000 5.2200 0.2177 -0.2285 0.1164 -0.1500 -0.1620 0.1809 -0.9124
