145.000 0.0021 -0.0057 0.0039 -0.0007 0.0000 0.0007 0.9601 0.2795
150.000 0.0422 -0.0212 0.1127 -0.0109 -0.0017 0.0109 0.6673 0.7359
155.000 0.1099 -0.0120 0.1796 -0.0107 -0.0031 0.0107 0.5655 0.8048
160.000 0.2124 0.0021 0.2208 -0.0056 -0.0037 0.0058 0.5230 0.8232
165.000 0.3334 0.0119 0.2361 -0.0010 -0.0037 0.0015 0.5025 0.8316
170.000 0.4742 0.0202 0.2452 0.0034 -0.0034 -0.0026 0.4892 0.8367
175.000 0.6349 0.0273 0.2517 0.0077 -0.0028 -0.0066 0.4794 0.8403
180.000 0.8163 0.0337 0.2571 0.0120 -0.0019 -0.0105 0.4713 0.8430
185.000 1.0195 0.0396 0.2620 0.0164 -0.0008 -0.0144 0.4641 0.8452
190.000 1.2461 0.0450 0.2668 0.0208 0.0005 -0.0184 0.4571 0.8473
195.000 1.4979 0.0503 0.2717 0.0255 0.0019 -0.0226 0.4500 0.8493
200.000 1.7771 0.0556 0.2768 0.0303 0.0035 -0.0270 0.4424 0.8513
205.000 2.0862 0.0609 0.2822 0.0354 0.0052 -0.0316 0.4343 0.8534
210.000 2.4279 0.0663 0.2879 0.0406 0.0070 -0.0365 0.4255 0.8556
215.000 2.8051 0.0720 0.2938 0.0460 0.0089 -0.0415 0.4159 0.8578
220.000 3.2212 0.0779 0.3000 0.0516 0.0107 -0.0468 0.4055 0.8601
225.000 3.6796 0.0842 0.3065 0.0573 0.0126 -0.0522 0.3943 0.8625
230.000 4.1837 0.0908 0.3131 0.0631 0.0145 -0.0578 0.3823 0.8649
235.000 4.7373 0.0978 0.3199 0.0689 0.0164 -0.0635 0.3695 0.8672
240.000 5.3434 0.1052 0.3269 0.0748 0.0182 -0.0693 0.3559 0.8694
245.000 6.0047 0.1130 0.3338 0.0807 0.0199 -0.0751 0.3416 0.8715
250.000 6.7228 0.1211 0.3409 0.0866 0.0215 -0.0810 0.3267 0.8734
255.000 7.4976 0.1297 0.3478 0.0923 0.0231 -0.0869 0.3111 0.8751
260.000 8.3266 0.1386 0.3547 0.0980 0.0245 -0.0928 0.2949 0.8766
265.000 9.2036 0.1479 0.3615 0.1035 0.0258 -0.0986 0.2781 0.8777
270.000 10.1185 0.1576 0.3681 0.1089 0.0270 -0.1043 0.2609 0.8786
275.000 11.0558 0.1675 0.3745 0.1141 0.0280 -0.1099 0.2432 0.8790
280.000 11.9953 0.1778 0.3806 0.1190 0.0288 -0.1154 0.2253 0.8791
285.000 12.9143 0.1882 0.3864 0.1237 0.0295 -0.1207 0.2076 0.8787
290.000 13.7911 0.1985 0.3920 0.1281 0.0300 -0.1258 0.1907 0.8776
295.000 14.5872 0.2089 0.3977 0.1323 0.0302 -0.1308 0.1746 0.8759
300.000 15.2290 0.2196 0.4031 0.1363 0.0303 -0.1356 0.1572 0.8740
305.000 15.6722 0.2309 0.4078 0.1399 0.0302 -0.1401 0.1382 0.8719
310.000 15.9087 0.2425 0.4119 0.1430 0.0299 -0.1443 0.1186 0.8696
315.000 15.9363 0.2543 0.4153 0.1458 0.0294 -0.1482 0.0988 0.8669
320.000 15.7604 0.2662 0.4181 0.1481 0.0287 -0.1518 0.0790 0.8638
325.000 15.3943 0.2782 0.4205 0.1501 0.0278 -0.1551 0.0593 0.8602
330.000 14.8674 0.2902 0.4222 0.1517 0.0267 -0.1581 0.0397 0.8563
335.000 14.2157 0.3023 0.4232 0.1528 0.0253 -0.1607 0.0202 0.8520
340.000 13.4751 0.3145 0.4236 0.1534 0.0237 -0.1629 0.0007 0.8474
345.000 12.6799 0.3267 0.4231 0.1535 0.0218 -0.1647 -0.0186 0.8425
350.000 11.8602 0.3389 0.4219 0.1531 0.0196 -0.1661 -0.0379 0.8374
355.000 11.0404 0.3512 0.4198 0.1521 0.0171 -0.1670 -0.0571 0.8319
360.000 10.2391 0.3635 0.4169 0.1505 0.0142 -0.1675 -0.0763 0.8263
365.000 9.4696 0.3758 0.4130 0.1483 0.0111 -0.1675 -0.0953 0.8204
370.000 8.7404 0.3881 0.4081 0.1455 0.0076 -0.1669 -0.1142 0.8143
375.000 8.0566 0.4006 0.4021 0.1421 0.0038 -0.1658 -0.1331 0.8080
380.000 7.4201 0.4130 0.3951 0.1379 -0.0005 -0.1641 -0.1518 0.8015
385.000 6.8311 0.4255 0.3868 0.1329 -0.0051 -0.1618 -0.1704 0.7948
390.000 6.2885 0.4381 0.3772 0.1272 -0.0102 -0.1589 -0.1889 0.7880
395.000 5.7900 0.4508 0.3663 0.1207 -0.0157 -0.1553 -0.2072 0.7810
400.000 5.3331 0.4636 0.3539 0.1132 -0.0217 -0.1509 -0.2254 0.7737
405.000 4.9150 0.4765 0.3400 0.1049 -0.0282 -0.1457 -0.2434 0.7662
410.000 4.5326 0.4895 0.3244 0.0955 -0.0353 -0.1397 -0.2612 0.7585
415.000 4.1831 0.5028 0.3070 0.0851 -0.0430 -0.1329 -0.2787 0.7504
420.000 3.8638 0.5162 0.2878 0.0736 -0.0512 -0.1250 -0.2958 0.7419
425.000 3.5720 0.5298 0.2666 0.0608 -0.0601 -0.1162 -0.3125 0.7329
430.000 3.3055 0.5437 0.2433 0.0469 -0.0697 -0.1064 -0.3287 0.7233
435.000 3.0620 0.5578 0.2177 0.0316 -0.0800 -0.0954 -0.3443 0.7131
440.000 2.8396 0.5721 0.1899 0.0149 -0.0910 -0.0832 -0.3590 0.7020
445.000 2.6365 0.5867 0.1596 -0.0032 -0.1027 -0.0698 -0.3728 0.6898
450.000 2.4510 0.6016 0.1268 -0.0229 -0.1151 -0.0551 -0.3854 0.6766
