145.000 0.0007 -0.0445 0.0188 -0.0030 -0.0001 0.0030 0.6925 0.7198
150.000 0.0198 -0.1025 0.3691 -0.0191 -0.0090 0.0191 -0.6859 -0.6187
155.000 0.0725 -0.0262 0.4035 -0.0011 -0.0116 0.0014 -0.5197 -0.7525
160.000 0.1554 0.0319 0.4270 0.0162 -0.0130 -0.0150 -0.4851 -0.7624
165.000 0.2532 0.0680 0.4173 0.0270 -0.0134 -0.0247 -0.4746 -0.7720
170.000 0.3675 0.0976 0.4008 0.0347 -0.0132 -0.0312 -0.4721 -0.7791
175.000 0.4990 0.1230 0.3812 0.0401 -0.0126 -0.0354 -0.4728 -0.7850
180.000 0.6496 0.1454 0.3597 0.0437 -0.0118 -0.0378 -0.4750 -0.7901
185.000 0.8215 0.1655 0.3369 0.0457 -0.0107 -0.0388 -0.4778 -0.7945
190.000 1.0181 0.1839 0.3135 0.0465 -0.0094 -0.0388 -0.4810 -0.7982
195.000 1.2430 0.2008 0.2897 0.0461 -0.0079 -0.0380 -0.4842 -0.8012
200.000 1.5006 0.2166 0.2658 0.0448 -0.0063 -0.0366 -0.4875 -0.8034
205.000 1.7962 0.2316 0.2420 0.0428 -0.0046 -0.0347 -0.4906 -0.8048
210.000 2.1353 0.2459 0.2186 0.0400 -0.0029 -0.0326 -0.4937 -0.8053
215.000 2.5247 0.2596 0.1957 0.0367 -0.0012 -0.0303 -0.4965 -0.8051
220.000 2.9715 0.2728 0.1734 0.0330 0.0005 -0.0278 -0.4992 -0.8042
225.000 3.4840 0.2855 0.1517 0.0289 0.0021 -0.0253 -0.5015 -0.8026
230.000 4.0708 0.2979 0.1309 0.0245 0.0037 -0.0229 -0.5037 -0.8003
235.000 4.7417 0.3099 0.1108 0.0199 0.0051 -0.0205 -0.5055 -0.7976
240.000 5.5066 0.3216 0.0915 0.0151 0.0065 -0.0181 -0.5070 -0.7943
245.000 6.3755 0.3329 0.0732 0.0102 0.0077 -0.0159 -0.5082 -0.7908
250.000 7.3579 0.3438 0.0556 0.0053 0.0087 -0.0138 -0.5091 -0.7870
255.000 8.4620 0.3543 0.0389 0.0003 0.0095 -0.0118 -0.5096 -0.7829
260.000 9.6934 0.3645 0.0230 -0.0047 0.0102 -0.0100 -0.5098 -0.7788
265.000 11.0530 0.3742 0.0079 -0.0096 0.0107 -0.0084 -0.5096 -0.7747
270.000 12.5359 0.3836 -0.0065 -0.0145 0.0110 -0.0070 -0.5091 -0.7705
275.000 14.1277 0.3925 -0.0201 -0.0194 0.0112 -0.0057 -0.5083 -0.7664
280.000 15.8027 0.4010 -0.0329 -0.0240 0.0111 -0.0047 -0.5073 -0.7623
285.000 17.5203 0.4091 -0.0448 -0.0286 0.0108 -0.0040 -0.5065 -0.7581
290.000 19.2230 0.4170 -0.0552 -0.0327 0.0104 -0.0037 -0.5062 -0.7535
295.000 20.8505 0.4246 -0.0641 -0.0365 0.0097 -0.0040 -0.5062 -0.7487
300.000 22.3559 0.4314 -0.0729 -0.0403 0.0089 -0.0043 -0.5051 -0.7450
305.000 23.6769 0.4374 -0.0823 -0.0441 0.0078 -0.0046 -0.5025 -0.7424
310.000 24.7432 0.4429 -0.0917 -0.0480 0.0066 -0.0051 -0.4994 -0.7404
315.000 25.5046 0.4478 -0.1006 -0.0517 0.0052 -0.0057 -0.4961 -0.7388
320.000 25.9361 0.4522 -0.1091 -0.0553 0.0036 -0.0066 -0.4926 -0.7375
325.000 26.0367 0.4562 -0.1171 -0.0586 0.0019 -0.0078 -0.4889 -0.7365
330.000 25.8279 0.4599 -0.1247 -0.0618 0.0000 -0.0093 -0.4849 -0.7359
335.000 25.3493 0.4630 -0.1319 -0.0649 -0.0021 -0.0111 -0.4809 -0.7356
340.000 24.6496 0.4657 -0.1389 -0.0678 -0.0044 -0.0133 -0.4766 -0.7356
345.000 23.7810 0.4679 -0.1455 -0.0705 -0.0069 -0.0158 -0.4722 -0.7360
350.000 22.7932 0.4695 -0.1518 -0.0730 -0.0096 -0.0187 -0.4676 -0.7367
355.000 21.7309 0.4707 -0.1579 -0.0753 -0.0124 -0.0219 -0.4629 -0.7378
360.000 20.6315 0.4714 -0.1637 -0.0774 -0.0155 -0.0255 -0.4579 -0.7392
365.000 19.5244 0.4716 -0.1692 -0.0793 -0.0187 -0.0296 -0.4528 -0.7409
370.000 18.4320 0.4713 -0.1745 -0.0810 -0.0222 -0.0340 -0.4475 -0.7430
375.000 17.3705 0.4706 -0.1796 -0.0825 -0.0258 -0.0389 -0.4420 -0.7453
380.000 16.3505 0.4694 -0.1844 -0.0837 -0.0297 -0.0443 -0.4363 -0.7479
385.000 15.3790 0.4677 -0.1891 -0.0847 -0.0338 -0.0501 -0.4304 -0.7508
390.000 14.4596 0.4656 -0.1935 -0.0854 -0.0381 -0.0565 -0.4243 -0.7539
395.000 13.5936 0.4631 -0.1978 -0.0858 -0.0426 -0.0634 -0.4179 -0.7571
400.000 12.7807 0.4602 -0.2018 -0.0860 -0.0474 -0.0708 -0.4113 -0.7606
405.000 12.0197 0.4568 -0.2057 -0.0858 -0.0524 -0.0789 -0.4045 -0.7641
410.000 11.3085 0.4531 -0.2093 -0.0854 -0.0576 -0.0876 -0.3973 -0.7677
415.000 10.6447 0.4491 -0.2127 -0.0846 -0.0631 -0.0969 -0.3899 -0.7713
420.000 10.0254 0.4447 -0.2160 -0.0835 -0.0689 -0.1068 -0.3821 -0.7748
425.000 9.4478 0.4400 -0.2191 -0.0820 -0.0749 -0.1175 -0.3741 -0.7783
430.000 8.9093 0.4351 -0.2220 -0.0802 -0.0812 -0.1289 -0.3657 -0.7816
435.000 8.4070 0.4299 -0.2247 -0.0781 -0.0878 -0.1411 -0.3569 -0.7847
440.000 7.9384 0.4246 -0.2272 -0.0755 -0.0946 -0.1540 -0.3478 -0.7875
445.000 7.5011 0.4191 -0.2296 -0.0727 -0.1016 -0.1677 -0.3383 -0.7899
450.000 7.0928 0.4136 -0.2319 -0.0695 -0.1089 -0.1822 -0.3283 -0.7919
