145.000 0.0008 -0.0458 0.0174 -0.0028 -0.0001 0.0028 0.6831 0.7287
150.000 0.0221 -0.1142 0.3672 -0.0207 -0.0100 0.0208 -0.8668 -0.3172
155.000 0.0784 -0.0322 0.4170 -0.0036 -0.0133 0.0040 -0.7470 -0.5166
160.000 0.1680 0.0333 0.4436 0.0140 -0.0148 -0.0125 -0.7102 -0.5454
165.000 0.2740 0.0739 0.4356 0.0251 -0.0151 -0.0223 -0.6988 -0.5625
170.000 0.3985 0.1068 0.4205 0.0333 -0.0148 -0.0289 -0.6948 -0.5737
175.000 0.5421 0.1349 0.4022 0.0393 -0.0140 -0.0333 -0.6938 -0.5821
180.000 0.7068 0.1594 0.3820 0.0436 -0.0129 -0.0359 -0.6944 -0.5890
185.000 0.8953 0.1813 0.3608 0.0463 -0.0114 -0.0372 -0.6956 -0.5948
190.000 1.1108 0.2011 0.3388 0.0478 -0.0097 -0.0375 -0.6970 -0.5997
195.000 1.3574 0.2193 0.3166 0.0482 -0.0078 -0.0371 -0.6985 -0.6038
200.000 1.6401 0.2363 0.2943 0.0477 -0.0058 -0.0362 -0.6999 -0.6072
205.000 1.9642 0.2523 0.2720 0.0464 -0.0036 -0.0348 -0.7011 -0.6097
210.000 2.3362 0.2675 0.2501 0.0445 -0.0014 -0.0332 -0.7021 -0.6115
215.000 2.7633 0.2821 0.2285 0.0419 0.0008 -0.0314 -0.7027 -0.6125
220.000 3.2535 0.2962 0.2074 0.0389 0.0029 -0.0296 -0.7031 -0.6128
225.000 3.8157 0.3099 0.1870 0.0354 0.0050 -0.0277 -0.7030 -0.6125
230.000 4.4598 0.3232 0.1671 0.0316 0.0070 -0.0258 -0.7027 -0.6117
235.000 5.1965 0.3361 0.1480 0.0275 0.0088 -0.0240 -0.7019 -0.6104
240.000 6.0367 0.3487 0.1296 0.0232 0.0105 -0.0222 -0.7008 -0.6086
245.000 6.9917 0.3610 0.1119 0.0188 0.0120 -0.0205 -0.6993 -0.6066
250.000 8.0723 0.3729 0.0949 0.0141 0.0133 -0.0190 -0.6975 -0.6043
255.000 9.2875 0.3844 0.0786 0.0094 0.0143 -0.0175 -0.6953 -0.6018
260.000 10.6437 0.3956 0.0631 0.0046 0.0152 -0.0162 -0.6928 -0.5992
265.000 12.1425 0.4063 0.0482 -0.0002 0.0159 -0.0150 -0.6901 -0.5966
270.000 13.7786 0.4167 0.0340 -0.0051 0.0163 -0.0139 -0.6870 -0.5940
275.000 15.5366 0.4266 0.0205 -0.0099 0.0165 -0.0130 -0.6837 -0.5914
280.000 17.3890 0.4362 0.0076 -0.0147 0.0164 -0.0123 -0.6804 -0.5887
285.000 19.2923 0.4453 -0.0045 -0.0194 0.0161 -0.0118 -0.6771 -0.5859
290.000 21.1862 0.4542 -0.0151 -0.0238 0.0156 -0.0117 -0.6743 -0.5823
295.000 23.0037 0.4627 -0.0242 -0.0279 0.0149 -0.0120 -0.6717 -0.5784
300.000 24.6852 0.4705 -0.0334 -0.0321 0.0139 -0.0125 -0.6684 -0.5757
305.000 26.1595 0.4776 -0.0433 -0.0364 0.0127 -0.0128 -0.6641 -0.5744
310.000 27.3519 0.4842 -0.0533 -0.0409 0.0112 -0.0131 -0.6595 -0.5737
315.000 28.2080 0.4903 -0.0630 -0.0453 0.0096 -0.0136 -0.6548 -0.5733
320.000 28.7002 0.4959 -0.0723 -0.0496 0.0077 -0.0143 -0.6501 -0.5731
325.000 28.8256 0.5011 -0.0811 -0.0538 0.0057 -0.0153 -0.6452 -0.5732
330.000 28.6080 0.5060 -0.0897 -0.0579 0.0034 -0.0164 -0.6403 -0.5736
335.000 28.0911 0.5104 -0.0980 -0.0619 0.0009 -0.0179 -0.6354 -0.5742
340.000 27.3284 0.5143 -0.1061 -0.0659 -0.0018 -0.0196 -0.6305 -0.5751
345.000 26.3770 0.5178 -0.1140 -0.0698 -0.0047 -0.0215 -0.6255 -0.5762
350.000 25.2921 0.5208 -0.1217 -0.0736 -0.0079 -0.0238 -0.6206 -0.5776
355.000 24.1231 0.5233 -0.1292 -0.0773 -0.0113 -0.0263 -0.6157 -0.5793
360.000 22.9114 0.5254 -0.1366 -0.0809 -0.0150 -0.0292 -0.6107 -0.5812
365.000 21.6897 0.5270 -0.1439 -0.0844 -0.0189 -0.0324 -0.6057 -0.5834
370.000 20.4831 0.5282 -0.1510 -0.0878 -0.0231 -0.0360 -0.6007 -0.5859
375.000 19.3095 0.5290 -0.1580 -0.0911 -0.0275 -0.0399 -0.5957 -0.5885
380.000 18.1809 0.5293 -0.1650 -0.0944 -0.0322 -0.0441 -0.5906 -0.5914
385.000 17.1052 0.5293 -0.1719 -0.0974 -0.0372 -0.0488 -0.5854 -0.5945
390.000 16.0864 0.5288 -0.1787 -0.1004 -0.0424 -0.0539 -0.5802 -0.5977
395.000 15.1264 0.5280 -0.1854 -0.1032 -0.0480 -0.0594 -0.5748 -0.6010
400.000 14.2249 0.5268 -0.1922 -0.1059 -0.0538 -0.0654 -0.5694 -0.6045
405.000 13.3806 0.5252 -0.1989 -0.1085 -0.0600 -0.0718 -0.5638 -0.6080
410.000 12.5913 0.5233 -0.2055 -0.1109 -0.0665 -0.0788 -0.5581 -0.6116
415.000 11.8544 0.5212 -0.2122 -0.1131 -0.0733 -0.0863 -0.5522 -0.6151
420.000 11.1669 0.5187 -0.2188 -0.1152 -0.0805 -0.0943 -0.5461 -0.6186
425.000 10.5258 0.5160 -0.2255 -0.1172 -0.0880 -0.1029 -0.5398 -0.6220
430.000 9.9282 0.5131 -0.2322 -0.1189 -0.0959 -0.1121 -0.5332 -0.6252
435.000 9.3711 0.5100 -0.2389 -0.1206 -0.1042 -0.1219 -0.5262 -0.6282
440.000 8.8516 0.5068 -0.2456 -0.1220 -0.1128 -0.1323 -0.5190 -0.6310
445.000 8.3672 0.5035 -0.2524 -0.1233 -0.1217 -0.1434 -0.5113 -0.6333
450.000 7.9154 0.5002 -0.2593 -0.1245 -0.1310 -0.1551 -0.5033 -0.6353
