145.000 0.0053 -0.1486 0.5067 -0.0747 0.1342 0.1022 -0.6670 -0.5033
150.000 0.0421 -0.1092 0.5418 -0.0354 0.0484 0.0583 -0.7331 -0.3906
155.000 0.0908 -0.0637 0.5356 -0.0139 0.0085 0.0297 -0.7748 -0.3287
160.000 0.1590 -0.0220 0.5174 0.0004 -0.0098 0.0111 -0.8027 -0.2953
165.000 0.2495 0.0151 0.4957 0.0113 -0.0176 -0.0013 -0.8226 -0.2780
170.000 0.3646 0.0486 0.4730 0.0202 -0.0200 -0.0098 -0.8373 -0.2697
175.000 0.5069 0.0793 0.4503 0.0278 -0.0196 -0.0155 -0.8484 -0.2669
180.000 0.6789 0.1077 0.4277 0.0343 -0.0179 -0.0193 -0.8571 -0.2671
185.000 0.8832 0.1343 0.4054 0.0400 -0.0157 -0.0217 -0.8638 -0.2691
190.000 1.1230 0.1594 0.3834 0.0448 -0.0135 -0.0230 -0.8689 -0.2719
195.000 1.4015 0.1831 0.3617 0.0489 -0.0116 -0.0236 -0.8728 -0.2749
200.000 1.7224 0.2057 0.3404 0.0523 -0.0101 -0.0235 -0.8756 -0.2780
205.000 2.0934 0.2276 0.3200 0.0551 -0.0086 -0.0230 -0.8770 -0.2812
210.000 2.5187 0.2485 0.3002 0.0573 -0.0075 -0.0221 -0.8776 -0.2842
215.000 3.0066 0.2683 0.2808 0.0590 -0.0064 -0.0207 -0.8773 -0.2872
220.000 3.5655 0.2868 0.2620 0.0601 -0.0055 -0.0190 -0.8764 -0.2901
225.000 4.2035 0.3046 0.2437 0.0608 -0.0049 -0.0169 -0.8750 -0.2927
230.000 4.9324 0.3219 0.2261 0.0614 -0.0046 -0.0146 -0.8726 -0.2955
235.000 5.7645 0.3385 0.2090 0.0615 -0.0048 -0.0123 -0.8698 -0.2978
240.000 6.7009 0.3542 0.1925 0.0614 -0.0050 -0.0096 -0.8666 -0.3003
245.000 7.7613 0.3690 0.1764 0.0609 -0.0056 -0.0069 -0.8631 -0.3025
250.000 8.9524 0.3831 0.1609 0.0601 -0.0064 -0.0041 -0.8593 -0.3043
255.000 10.2739 0.3966 0.1458 0.0590 -0.0073 -0.0012 -0.8550 -0.3064
260.000 11.7653 0.4094 0.1310 0.0577 -0.0088 0.0016 -0.8507 -0.3078
265.000 13.3556 0.4216 0.1168 0.0562 -0.0101 0.0045 -0.8461 -0.3095
270.000 15.1090 0.4332 0.1029 0.0545 -0.0118 0.0074 -0.8414 -0.3108
275.000 16.9863 0.4442 0.0893 0.0526 -0.0138 0.0103 -0.8366 -0.3118
280.000 18.8947 0.4546 0.0762 0.0504 -0.0158 0.0131 -0.8317 -0.3129
285.000 20.9575 0.4647 0.0630 0.0480 -0.0183 0.0157 -0.8268 -0.3134
290.000 22.8622 0.4737 0.0505 0.0456 -0.0206 0.0185 -0.8220 -0.3142
295.000 24.7407 0.4823 0.0380 0.0430 -0.0229 0.0214 -0.8171 -0.3148
300.000 26.5367 0.4905 0.0257 0.0403 -0.0257 0.0242 -0.8124 -0.3150
305.000 27.9513 0.4984 0.0140 0.0377 -0.0288 0.0268 -0.8074 -0.3153
310.000 29.2020 0.5061 0.0021 0.0348 -0.0326 0.0292 -0.8024 -0.3152
315.000 30.0485 0.5131 -0.0094 0.0318 -0.0364 0.0315 -0.7975 -0.3151
320.000 30.4867 0.5197 -0.0210 0.0285 -0.0401 0.0338 -0.7927 -0.3149
325.000 30.6037 0.5261 -0.0330 0.0250 -0.0442 0.0361 -0.7878 -0.3145
330.000 30.3709 0.5320 -0.0442 0.0214 -0.0483 0.0380 -0.7830 -0.3139
335.000 29.7686 0.5380 -0.0558 0.0175 -0.0526 0.0398 -0.7780 -0.3132
340.000 28.9576 0.5434 -0.0673 0.0135 -0.0573 0.0416 -0.7732 -0.3122
345.000 27.9771 0.5481 -0.0785 0.0096 -0.0621 0.0432 -0.7688 -0.3111
350.000 26.7238 0.5526 -0.0900 0.0055 -0.0672 0.0450 -0.7642 -0.3100
355.000 25.5529 0.5567 -0.1011 0.0012 -0.0725 0.0462 -0.7599 -0.3083
360.000 24.2797 0.5605 -0.1121 -0.0032 -0.0779 0.0473 -0.7556 -0.3066
365.000 22.9398 0.5641 -0.1233 -0.0078 -0.0836 0.0483 -0.7513 -0.3049
370.000 21.7171 0.5672 -0.1340 -0.0122 -0.0896 0.0491 -0.7472 -0.3027
375.000 20.4665 0.5701 -0.1447 -0.0167 -0.0957 0.0498 -0.7431 -0.3006
380.000 19.2743 0.5727 -0.1555 -0.0214 -0.1022 0.0503 -0.7392 -0.2983
385.000 18.1625 0.5749 -0.1663 -0.0262 -0.1089 0.0505 -0.7354 -0.2956
390.000 17.0683 0.5768 -0.1772 -0.0313 -0.1159 0.0505 -0.7315 -0.2929
395.000 16.0759 0.5784 -0.1880 -0.0364 -0.1232 0.0504 -0.7278 -0.2898
400.000 15.1385 0.5798 -0.1989 -0.0416 -0.1308 0.0501 -0.7241 -0.2864
405.000 14.2471 0.5810 -0.2097 -0.0469 -0.1386 0.0496 -0.7204 -0.2829
410.000 13.4327 0.5819 -0.2207 -0.0526 -0.1467 0.0486 -0.7167 -0.2791
415.000 12.6659 0.5827 -0.2316 -0.0586 -0.1550 0.0473 -0.7130 -0.2751
420.000 11.9472 0.5832 -0.2427 -0.0647 -0.1636 0.0459 -0.7090 -0.2711
425.000 11.2796 0.5835 -0.2543 -0.0710 -0.1726 0.0444 -0.7048 -0.2671
430.000 10.6517 0.5836 -0.2662 -0.0774 -0.1820 0.0429 -0.7003 -0.2630
435.000 10.0682 0.5834 -0.2780 -0.0842 -0.1918 0.0408 -0.6959 -0.2583
440.000 9.5262 0.5831 -0.2895 -0.0912 -0.2021 0.0382 -0.6916 -0.2530
445.000 9.0188 0.5825 -0.3008 -0.0985 -0.2128 0.0350 -0.6872 -0.2472
450.000 8.5440 0.5822 -0.3125 -0.1063 -0.2237 0.0319 -0.6824 -0.2408
