145.000 0.0055 -0.0803 0.5372 0.0344 0.0940 -0.0327 -0.0265 0.8340
150.000 0.0448 -0.0628 0.4750 0.0065 0.0415 0.0008 -0.0703 0.8739
155.000 0.0974 -0.0427 0.4427 -0.0051 0.0141 0.0113 -0.1110 0.8886
160.000 0.1699 -0.0236 0.4252 -0.0079 0.0003 0.0128 -0.1465 0.8928
165.000 0.2640 -0.0055 0.4154 -0.0059 -0.0061 0.0104 -0.1780 0.8919
170.000 0.3812 0.0118 0.4098 -0.0012 -0.0082 0.0061 -0.2066 0.8883
175.000 0.5226 0.0286 0.4064 0.0051 -0.0077 0.0009 -0.2330 0.8830
180.000 0.6897 0.0452 0.4042 0.0121 -0.0057 -0.0045 -0.2576 0.8765
185.000 0.8837 0.0615 0.4023 0.0195 -0.0029 -0.0100 -0.2809 0.8693
190.000 1.1062 0.0778 0.4005 0.0268 0.0003 -0.0152 -0.3029 0.8616
195.000 1.3589 0.0940 0.3983 0.0339 0.0035 -0.0201 -0.3238 0.8535
200.000 1.6440 0.1100 0.3958 0.0406 0.0066 -0.0247 -0.3436 0.8451
205.000 1.9667 0.1252 0.3937 0.0472 0.0101 -0.0290 -0.3621 0.8364
210.000 2.3291 0.1398 0.3912 0.0533 0.0134 -0.0329 -0.3795 0.8276
215.000 2.7381 0.1548 0.3885 0.0594 0.0168 -0.0367 -0.3960 0.8186
220.000 3.1997 0.1701 0.3855 0.0653 0.0200 -0.0401 -0.4116 0.8095
225.000 3.7177 0.1853 0.3820 0.0708 0.0231 -0.0432 -0.4262 0.8004
230.000 4.2958 0.2003 0.3788 0.0764 0.0265 -0.0464 -0.4397 0.7912
235.000 4.9438 0.2151 0.3751 0.0815 0.0295 -0.0493 -0.4522 0.7822
240.000 5.6629 0.2300 0.3716 0.0867 0.0328 -0.0521 -0.4641 0.7729
245.000 6.4669 0.2449 0.3678 0.0915 0.0358 -0.0544 -0.4754 0.7635
250.000 7.3570 0.2596 0.3636 0.0961 0.0386 -0.0565 -0.4859 0.7542
255.000 8.3270 0.2741 0.3593 0.1004 0.0415 -0.0586 -0.4955 0.7451
260.000 9.4075 0.2885 0.3544 0.1041 0.0437 -0.0602 -0.5043 0.7363
265.000 10.5402 0.3027 0.3498 0.1080 0.0465 -0.0619 -0.5127 0.7272
270.000 11.7731 0.3167 0.3448 0.1114 0.0489 -0.0633 -0.5206 0.7182
275.000 13.0733 0.3306 0.3395 0.1145 0.0511 -0.0644 -0.5280 0.7093
280.000 14.3655 0.3442 0.3341 0.1174 0.0533 -0.0654 -0.5349 0.7003
285.000 15.7430 0.3577 0.3280 0.1196 0.0549 -0.0659 -0.5414 0.6916
290.000 16.9795 0.3706 0.3223 0.1219 0.0570 -0.0667 -0.5471 0.6831
295.000 18.1710 0.3835 0.3163 0.1240 0.0589 -0.0672 -0.5523 0.6747
300.000 19.2796 0.3964 0.3098 0.1254 0.0604 -0.0675 -0.5571 0.6664
305.000 20.0950 0.4090 0.3029 0.1266 0.0618 -0.0675 -0.5618 0.6580
310.000 20.7742 0.4220 0.2950 0.1271 0.0624 -0.0670 -0.5662 0.6497
315.000 21.1672 0.4344 0.2874 0.1275 0.0631 -0.0663 -0.5698 0.6418
320.000 21.2717 0.4467 0.2796 0.1279 0.0639 -0.0654 -0.5729 0.6341
325.000 21.1527 0.4592 0.2713 0.1280 0.0643 -0.0641 -0.5756 0.6263
330.000 20.8118 0.4711 0.2628 0.1276 0.0645 -0.0626 -0.5778 0.6192
335.000 20.2250 0.4833 0.2537 0.1270 0.0646 -0.0607 -0.5795 0.6119
340.000 19.5168 0.4953 0.2440 0.1256 0.0641 -0.0586 -0.5808 0.6050
345.000 18.7201 0.5067 0.2339 0.1236 0.0633 -0.0564 -0.5817 0.5985
350.000 17.7578 0.5185 0.2233 0.1211 0.0622 -0.0541 -0.5821 0.5919
355.000 16.8712 0.5294 0.2121 0.1179 0.0606 -0.0513 -0.5820 0.5862
360.000 15.9322 0.5402 0.2004 0.1144 0.0590 -0.0483 -0.5815 0.5806
365.000 14.9643 0.5510 0.1882 0.1106 0.0572 -0.0449 -0.5805 0.5753
370.000 14.0922 0.5614 0.1756 0.1060 0.0547 -0.0411 -0.5790 0.5704
375.000 13.2144 0.5716 0.1626 0.1011 0.0521 -0.0370 -0.5770 0.5657
380.000 12.3895 0.5816 0.1492 0.0956 0.0490 -0.0325 -0.5745 0.5614
385.000 11.6320 0.5910 0.1353 0.0894 0.0453 -0.0277 -0.5715 0.5576
390.000 10.8968 0.6003 0.1210 0.0828 0.0414 -0.0226 -0.5681 0.5540
395.000 10.2360 0.6092 0.1063 0.0754 0.0369 -0.0171 -0.5641 0.5508
400.000 9.6176 0.6179 0.0913 0.0676 0.0320 -0.0114 -0.5597 0.5477
405.000 9.0340 0.6264 0.0758 0.0593 0.0270 -0.0053 -0.5549 0.5448
410.000 8.5036 0.6345 0.0596 0.0500 0.0212 0.0013 -0.5493 0.5424
415.000 8.0066 0.6424 0.0430 0.0402 0.0151 0.0082 -0.5431 0.5402
420.000 7.5461 0.6501 0.0258 0.0297 0.0084 0.0157 -0.5366 0.5379
425.000 7.1275 0.6576 0.0077 0.0181 0.0008 0.0237 -0.5298 0.5353
430.000 6.7398 0.6649 -0.0110 0.0056 -0.0074 0.0322 -0.5228 0.5323
435.000 6.3818 0.6720 -0.0298 -0.0073 -0.0157 0.0409 -0.5145 0.5300
440.000 6.0503 0.6789 -0.0487 -0.0207 -0.0241 0.0496 -0.5050 0.5282
445.000 5.7412 0.6857 -0.0676 -0.0345 -0.0325 0.0585 -0.4945 0.5268
450.000 5.4591 0.6920 -0.0870 -0.0493 -0.0420 0.0682 -0.4834 0.5253
