145.000 0.0020 -0.0099 0.0053 -0.0009 0.0000 0.0009 0.9308 0.3653
150.000 0.0407 -0.0360 0.1498 -0.0140 -0.0029 0.0140 0.4337 0.8878
155.000 0.1086 -0.0193 0.2320 -0.0129 -0.0051 0.0130 0.2811 0.9310
160.000 0.2128 0.0043 0.2804 -0.0059 -0.0061 0.0063 0.2224 0.9337
165.000 0.3360 0.0204 0.2971 0.0002 -0.0061 0.0007 0.1942 0.9347
170.000 0.4797 0.0339 0.3063 0.0059 -0.0056 -0.0043 0.1759 0.9349
175.000 0.6441 0.0456 0.3124 0.0114 -0.0047 -0.0090 0.1624 0.9349
180.000 0.8301 0.0560 0.3171 0.0167 -0.0034 -0.0135 0.1514 0.9346
185.000 1.0392 0.0655 0.3212 0.0220 -0.0017 -0.0180 0.1415 0.9342
190.000 1.2734 0.0743 0.3250 0.0273 0.0002 -0.0224 0.1321 0.9336
195.000 1.5348 0.0828 0.3289 0.0327 0.0024 -0.0270 0.1226 0.9329
200.000 1.8263 0.0911 0.3328 0.0383 0.0047 -0.0317 0.1127 0.9320
205.000 2.1510 0.0994 0.3369 0.0440 0.0072 -0.0365 0.1022 0.9310
210.000 2.5125 0.1079 0.3412 0.0497 0.0098 -0.0416 0.0910 0.9297
215.000 2.9146 0.1166 0.3456 0.0556 0.0125 -0.0468 0.0791 0.9281
220.000 3.3616 0.1256 0.3502 0.0615 0.0152 -0.0521 0.0663 0.9263
225.000 3.8584 0.1350 0.3548 0.0674 0.0179 -0.0576 0.0528 0.9241
230.000 4.4098 0.1447 0.3594 0.0733 0.0205 -0.0631 0.0386 0.9216
235.000 5.0209 0.1549 0.3640 0.0791 0.0230 -0.0687 0.0236 0.9187
240.000 5.6966 0.1655 0.3685 0.0848 0.0254 -0.0743 0.0081 0.9153
245.000 6.4415 0.1765 0.3728 0.0904 0.0277 -0.0799 -0.0080 0.9115
250.000 7.2591 0.1879 0.3770 0.0957 0.0298 -0.0855 -0.0246 0.9072
255.000 8.1512 0.1996 0.3809 0.1009 0.0317 -0.0909 -0.0416 0.9024
260.000 9.1168 0.2117 0.3845 0.1057 0.0334 -0.0962 -0.0589 0.8970
265.000 10.1514 0.2241 0.3878 0.1102 0.0349 -0.1014 -0.0765 0.8912
270.000 11.2454 0.2367 0.3907 0.1144 0.0362 -0.1063 -0.0942 0.8849
275.000 12.3828 0.2495 0.3931 0.1183 0.0372 -0.1111 -0.1120 0.8780
280.000 13.5415 0.2624 0.3951 0.1217 0.0380 -0.1156 -0.1297 0.8707
285.000 14.6949 0.2754 0.3968 0.1248 0.0384 -0.1199 -0.1469 0.8631
290.000 15.8141 0.2881 0.3983 0.1276 0.0386 -0.1240 -0.1627 0.8552
295.000 16.8534 0.3006 0.3999 0.1301 0.0385 -0.1280 -0.1773 0.8470
300.000 17.7345 0.3133 0.4010 0.1322 0.0381 -0.1316 -0.1930 0.8381
305.000 18.4047 0.3265 0.4010 0.1337 0.0375 -0.1349 -0.2101 0.8287
310.000 18.8443 0.3397 0.4001 0.1346 0.0366 -0.1377 -0.2275 0.8189
315.000 19.0417 0.3529 0.3985 0.1351 0.0355 -0.1401 -0.2446 0.8088
320.000 18.9959 0.3660 0.3963 0.1351 0.0340 -0.1422 -0.2615 0.7984
325.000 18.7162 0.3789 0.3936 0.1346 0.0323 -0.1440 -0.2778 0.7878
330.000 18.2326 0.3917 0.3902 0.1337 0.0304 -0.1455 -0.2938 0.7770
335.000 17.5845 0.4044 0.3862 0.1323 0.0281 -0.1466 -0.3094 0.7661
340.000 16.8126 0.4168 0.3814 0.1304 0.0254 -0.1473 -0.3246 0.7550
345.000 15.9572 0.4291 0.3760 0.1279 0.0225 -0.1477 -0.3394 0.7439
350.000 15.0543 0.4412 0.3698 0.1250 0.0192 -0.1476 -0.3538 0.7328
355.000 14.1345 0.4531 0.3628 0.1215 0.0156 -0.1472 -0.3679 0.7216
360.000 13.2216 0.4648 0.3550 0.1174 0.0116 -0.1463 -0.3816 0.7103
365.000 12.3333 0.4763 0.3464 0.1128 0.0073 -0.1450 -0.3949 0.6991
370.000 11.4818 0.4876 0.3370 0.1076 0.0025 -0.1433 -0.4079 0.6880
375.000 10.6748 0.4988 0.3266 0.1018 -0.0026 -0.1412 -0.4205 0.6768
380.000 9.9166 0.5097 0.3153 0.0954 -0.0081 -0.1385 -0.4328 0.6658
385.000 9.2088 0.5206 0.3031 0.0883 -0.0141 -0.1354 -0.4447 0.6548
390.000 8.5513 0.5313 0.2897 0.0806 -0.0204 -0.1318 -0.4561 0.6438
395.000 7.9427 0.5418 0.2753 0.0722 -0.0273 -0.1277 -0.4671 0.6329
400.000 7.3807 0.5523 0.2598 0.0631 -0.0347 -0.1230 -0.4777 0.6221
405.000 6.8627 0.5626 0.2430 0.0533 -0.0425 -0.1178 -0.4878 0.6113
410.000 6.3859 0.5729 0.2250 0.0427 -0.0509 -0.1120 -0.4973 0.6004
415.000 5.9472 0.5831 0.2057 0.0312 -0.0599 -0.1055 -0.5063 0.5896
420.000 5.5438 0.5933 0.1850 0.0189 -0.0694 -0.0984 -0.5146 0.5787
425.000 5.1730 0.6034 0.1628 0.0058 -0.0795 -0.0906 -0.5221 0.5677
430.000 4.8321 0.6136 0.1392 -0.0083 -0.0903 -0.0822 -0.5289 0.5565
435.000 4.5189 0.6237 0.1141 -0.0233 -0.1016 -0.0730 -0.5346 0.5450
440.000 4.2310 0.6339 0.0873 -0.0392 -0.1136 -0.0630 -0.5394 0.5332
445.000 3.9665 0.6440 0.0590 -0.0561 -0.1261 -0.0523 -0.5429 0.5211
450.000 3.7235 0.6543 0.0291 -0.0740 -0.1393 -0.0409 -0.5450 0.5084
