145.000 0.0070 -0.0044 0.0906 -0.0275 0.0048 0.0292 0.8404 -0.5342
150.000 0.0440 -0.0042 0.1520 -0.0111 0.0010 0.0123 0.8064 -0.5715
155.000 0.0806 -0.0013 0.1870 0.0004 -0.0016 0.0004 0.7750 -0.6037
160.000 0.1251 0.0031 0.2055 0.0087 -0.0032 -0.0081 0.7474 -0.6318
165.000 0.1792 0.0085 0.2133 0.0148 -0.0041 -0.0142 0.7232 -0.6568
170.000 0.2439 0.0144 0.2139 0.0192 -0.0046 -0.0186 0.7020 -0.6791
175.000 0.3202 0.0206 0.2095 0.0225 -0.0048 -0.0218 0.6831 -0.6993
180.000 0.4091 0.0272 0.2016 0.0250 -0.0049 -0.0241 0.6660 -0.7177
185.000 0.5113 0.0339 0.1914 0.0269 -0.0050 -0.0257 0.6503 -0.7344
190.000 0.6280 0.0408 0.1795 0.0283 -0.0052 -0.0268 0.6356 -0.7498
195.000 0.7601 0.0478 0.1664 0.0294 -0.0055 -0.0276 0.6218 -0.7639
200.000 0.9091 0.0547 0.1525 0.0301 -0.0060 -0.0281 0.6088 -0.7767
205.000 1.0813 0.0611 0.1374 0.0300 -0.0064 -0.0277 0.5981 -0.7873
210.000 1.2770 0.0672 0.1218 0.0295 -0.0068 -0.0269 0.5885 -0.7965
215.000 1.5001 0.0732 0.1063 0.0287 -0.0073 -0.0259 0.5798 -0.8045
220.000 1.7538 0.0790 0.0911 0.0278 -0.0080 -0.0247 0.5718 -0.8116
225.000 2.0420 0.0847 0.0760 0.0267 -0.0087 -0.0234 0.5645 -0.8176
230.000 2.3715 0.0900 0.0605 0.0254 -0.0094 -0.0218 0.5583 -0.8225
235.000 2.7458 0.0951 0.0452 0.0239 -0.0102 -0.0201 0.5527 -0.8267
240.000 3.1698 0.0997 0.0306 0.0223 -0.0111 -0.0184 0.5483 -0.8298
245.000 3.6505 0.1039 0.0165 0.0208 -0.0121 -0.0166 0.5444 -0.8322
250.000 4.1905 0.1078 0.0029 0.0193 -0.0131 -0.0149 0.5411 -0.8340
255.000 4.7900 0.1116 -0.0103 0.0176 -0.0140 -0.0132 0.5382 -0.8353
260.000 5.4641 0.1153 -0.0231 0.0161 -0.0150 -0.0116 0.5355 -0.8363
265.000 6.1929 0.1184 -0.0349 0.0147 -0.0160 -0.0101 0.5339 -0.8364
270.000 7.0000 0.1213 -0.0462 0.0134 -0.0171 -0.0089 0.5327 -0.8362
275.000 7.8674 0.1239 -0.0569 0.0123 -0.0182 -0.0078 0.5319 -0.8356
280.000 8.7556 0.1264 -0.0670 0.0114 -0.0194 -0.0069 0.5317 -0.8346
285.000 9.7151 0.1287 -0.0769 0.0106 -0.0206 -0.0062 0.5315 -0.8335
290.000 10.6188 0.1304 -0.0860 0.0098 -0.0218 -0.0055 0.5321 -0.8319
295.000 11.5199 0.1317 -0.0951 0.0091 -0.0230 -0.0049 0.5330 -0.8301
300.000 12.3866 0.1329 -0.1038 0.0086 -0.0242 -0.0044 0.5341 -0.8281
305.000 13.0810 0.1340 -0.1114 0.0086 -0.0255 -0.0046 0.5357 -0.8259
310.000 13.7023 0.1349 -0.1190 0.0090 -0.0270 -0.0052 0.5375 -0.8235
315.000 14.1438 0.1355 -0.1257 0.0094 -0.0283 -0.0059 0.5395 -0.8210
320.000 14.4041 0.1358 -0.1320 0.0097 -0.0295 -0.0065 0.5420 -0.8183
325.000 14.5179 0.1358 -0.1382 0.0101 -0.0306 -0.0072 0.5447 -0.8154
330.000 14.4615 0.1358 -0.1435 0.0112 -0.0320 -0.0085 0.5474 -0.8127
335.000 14.2327 0.1354 -0.1486 0.0127 -0.0336 -0.0101 0.5503 -0.8097
340.000 13.9022 0.1350 -0.1531 0.0143 -0.0351 -0.0120 0.5535 -0.8067
345.000 13.4909 0.1343 -0.1569 0.0160 -0.0364 -0.0140 0.5569 -0.8037
350.000 12.9555 0.1334 -0.1602 0.0179 -0.0377 -0.0163 0.5610 -0.8003
355.000 12.4447 0.1324 -0.1632 0.0203 -0.0390 -0.0190 0.5648 -0.7971
360.000 11.8822 0.1310 -0.1656 0.0230 -0.0405 -0.0220 0.5691 -0.7937
365.000 11.2849 0.1295 -0.1676 0.0260 -0.0419 -0.0255 0.5737 -0.7901
370.000 10.7341 0.1278 -0.1690 0.0294 -0.0432 -0.0294 0.5782 -0.7867
375.000 10.1673 0.1258 -0.1697 0.0332 -0.0445 -0.0338 0.5832 -0.7831
380.000 9.6235 0.1237 -0.1702 0.0371 -0.0457 -0.0383 0.5883 -0.7794
385.000 9.1140 0.1216 -0.1705 0.0410 -0.0470 -0.0427 0.5932 -0.7758
390.000 8.6117 0.1194 -0.1704 0.0451 -0.0482 -0.0472 0.5984 -0.7721
395.000 8.1491 0.1170 -0.1693 0.0498 -0.0492 -0.0526 0.6039 -0.7683
400.000 7.7078 0.1142 -0.1673 0.0550 -0.0502 -0.0586 0.6098 -0.7643
405.000 7.2847 0.1113 -0.1644 0.0607 -0.0511 -0.0652 0.6161 -0.7601
410.000 6.8935 0.1083 -0.1620 0.0670 -0.0524 -0.0722 0.6222 -0.7559
415.000 6.5216 0.1053 -0.1591 0.0739 -0.0541 -0.0796 0.6283 -0.7517
420.000 6.1722 0.1021 -0.1558 0.0812 -0.0556 -0.0876 0.6346 -0.7473
425.000 5.8503 0.0986 -0.1522 0.0885 -0.0567 -0.0957 0.6413 -0.7425
430.000 5.5484 0.0950 -0.1482 0.0959 -0.0575 -0.1043 0.6482 -0.7375
435.000 5.2614 0.0915 -0.1436 0.1040 -0.0585 -0.1133 0.6549 -0.7326
440.000 4.9874 0.0881 -0.1383 0.1126 -0.0598 -0.1229 0.6614 -0.7277
445.000 4.7263 0.0848 -0.1323 0.1219 -0.0612 -0.1331 0.6679 -0.7229
450.000 4.4787 0.0812 -0.1258 0.1318 -0.0625 -0.1440 0.6747 -0.7177
