145.000 0.0020 -0.0077 0.0046 -0.0008 0.0000 0.0008 0.9463 0.3231
150.000 0.0415 -0.0283 0.1313 -0.0125 -0.0022 0.0125 0.5561 0.8202
155.000 0.1093 -0.0156 0.2064 -0.0119 -0.0040 0.0120 0.4281 0.8797
160.000 0.2127 0.0031 0.2518 -0.0059 -0.0048 0.0062 0.3765 0.8915
165.000 0.3348 0.0160 0.2680 -0.0005 -0.0049 0.0012 0.3518 0.8967
170.000 0.4770 0.0268 0.2774 0.0046 -0.0044 -0.0034 0.3357 0.8998
175.000 0.6395 0.0361 0.2839 0.0095 -0.0037 -0.0078 0.3238 0.9018
180.000 0.8232 0.0445 0.2891 0.0143 -0.0026 -0.0120 0.3141 0.9032
185.000 1.0293 0.0521 0.2938 0.0192 -0.0012 -0.0163 0.3054 0.9043
190.000 1.2595 0.0592 0.2983 0.0241 0.0004 -0.0206 0.2970 0.9052
195.000 1.5160 0.0661 0.3029 0.0292 0.0022 -0.0250 0.2885 0.9060
200.000 1.8012 0.0728 0.3076 0.0345 0.0042 -0.0297 0.2796 0.9068
205.000 2.1179 0.0796 0.3125 0.0399 0.0063 -0.0345 0.2701 0.9074
210.000 2.4690 0.0866 0.3177 0.0455 0.0085 -0.0395 0.2598 0.9080
215.000 2.8583 0.0938 0.3231 0.0513 0.0108 -0.0447 0.2487 0.9085
220.000 3.2893 0.1013 0.3287 0.0571 0.0131 -0.0501 0.2368 0.9089
225.000 3.7662 0.1092 0.3345 0.0630 0.0154 -0.0557 0.2241 0.9092
230.000 4.2931 0.1174 0.3403 0.0690 0.0177 -0.0614 0.2105 0.9093
235.000 4.8743 0.1261 0.3462 0.0749 0.0199 -0.0671 0.1962 0.9091
240.000 5.5140 0.1351 0.3522 0.0809 0.0221 -0.0729 0.1811 0.9086
245.000 6.2155 0.1446 0.3581 0.0867 0.0241 -0.0788 0.1654 0.9079
250.000 6.9816 0.1545 0.3639 0.0924 0.0260 -0.0846 0.1491 0.9068
255.000 7.8128 0.1648 0.3695 0.0980 0.0278 -0.0904 0.1322 0.9052
260.000 8.7076 0.1755 0.3750 0.1034 0.0294 -0.0961 0.1148 0.9033
265.000 9.6606 0.1865 0.3802 0.1085 0.0308 -0.1016 0.0970 0.9010
270.000 10.6618 0.1978 0.3851 0.1134 0.0321 -0.1071 0.0788 0.8982
275.000 11.6955 0.2094 0.3897 0.1180 0.0331 -0.1123 0.0604 0.8949
280.000 12.7406 0.2212 0.3938 0.1223 0.0340 -0.1174 0.0419 0.8912
285.000 13.7726 0.2331 0.3977 0.1263 0.0346 -0.1222 0.0238 0.8870
290.000 14.7663 0.2449 0.4013 0.1299 0.0349 -0.1269 0.0068 0.8823
295.000 15.6797 0.2565 0.4050 0.1334 0.0350 -0.1314 -0.0092 0.8771
300.000 16.4369 0.2685 0.4083 0.1364 0.0349 -0.1357 -0.0263 0.8715
305.000 16.9895 0.2810 0.4107 0.1390 0.0346 -0.1396 -0.0450 0.8654
310.000 17.3240 0.2937 0.4122 0.1411 0.0340 -0.1431 -0.0642 0.8590
315.000 17.4334 0.3064 0.4131 0.1427 0.0332 -0.1463 -0.0833 0.8523
320.000 17.3203 0.3192 0.4133 0.1438 0.0321 -0.1491 -0.1023 0.8451
325.000 16.9958 0.3319 0.4130 0.1446 0.0308 -0.1516 -0.1209 0.8376
330.000 16.4898 0.3446 0.4121 0.1449 0.0293 -0.1538 -0.1392 0.8298
335.000 15.8398 0.3572 0.4104 0.1447 0.0274 -0.1556 -0.1573 0.8217
340.000 15.0840 0.3698 0.4080 0.1439 0.0253 -0.1570 -0.1751 0.8134
345.000 14.2597 0.3823 0.4048 0.1427 0.0228 -0.1580 -0.1926 0.8048
350.000 13.3998 0.3947 0.4008 0.1408 0.0200 -0.1585 -0.2099 0.7961
355.000 12.5317 0.4070 0.3960 0.1385 0.0169 -0.1587 -0.2269 0.7872
360.000 11.6765 0.4192 0.3903 0.1355 0.0135 -0.1583 -0.2437 0.7782
365.000 10.8496 0.4313 0.3838 0.1320 0.0097 -0.1576 -0.2602 0.7691
370.000 10.0614 0.4434 0.3762 0.1278 0.0055 -0.1563 -0.2764 0.7598
375.000 9.3181 0.4553 0.3677 0.1230 0.0010 -0.1545 -0.2923 0.7505
380.000 8.6228 0.4672 0.3581 0.1175 -0.0039 -0.1522 -0.3080 0.7411
385.000 7.9764 0.4790 0.3475 0.1114 -0.0093 -0.1493 -0.3233 0.7316
390.000 7.3783 0.4908 0.3356 0.1045 -0.0151 -0.1458 -0.3384 0.7221
395.000 6.8266 0.5025 0.3225 0.0968 -0.0214 -0.1418 -0.3531 0.7125
400.000 6.3189 0.5142 0.3081 0.0883 -0.0282 -0.1370 -0.3674 0.7028
405.000 5.8525 0.5259 0.2923 0.0790 -0.0354 -0.1316 -0.3814 0.6929
410.000 5.4244 0.5376 0.2751 0.0688 -0.0433 -0.1255 -0.3948 0.6830
415.000 5.0318 0.5494 0.2563 0.0576 -0.0517 -0.1187 -0.4078 0.6729
420.000 4.6718 0.5612 0.2359 0.0455 -0.0607 -0.1110 -0.4203 0.6625
425.000 4.3419 0.5730 0.2138 0.0324 -0.0703 -0.1026 -0.4321 0.6518
430.000 4.0394 0.5850 0.1899 0.0182 -0.0805 -0.0932 -0.4431 0.6408
435.000 3.7621 0.5970 0.1642 0.0029 -0.0914 -0.0830 -0.4533 0.6293
440.000 3.5081 0.6091 0.1366 -0.0136 -0.1030 -0.0718 -0.4624 0.6172
445.000 3.2752 0.6213 0.1070 -0.0312 -0.1152 -0.0597 -0.4704 0.6044
450.000 3.0619 0.6336 0.0754 -0.0501 -0.1281 -0.0465 -0.4771 0.5909
