145.000 0.0013 -0.0356 0.0123 -0.0020 -0.0001 0.0020 0.7525 0.6576
150.000 0.0301 -0.1082 0.3042 -0.0221 -0.0090 0.0221 -0.7345 0.5968
155.000 0.0948 -0.0411 0.3927 -0.0113 -0.0136 0.0118 -0.8407 0.3704
160.000 0.1988 0.0242 0.4339 0.0040 -0.0153 -0.0022 -0.8496 0.2984
165.000 0.3223 0.0654 0.4370 0.0148 -0.0155 -0.0113 -0.8571 0.2644
170.000 0.4676 0.0988 0.4319 0.0235 -0.0148 -0.0180 -0.8630 0.2429
175.000 0.6357 0.1271 0.4234 0.0307 -0.0134 -0.0230 -0.8679 0.2273
180.000 0.8282 0.1517 0.4131 0.0368 -0.0115 -0.0268 -0.8722 0.2147
185.000 1.0478 0.1736 0.4018 0.0419 -0.0092 -0.0296 -0.8761 0.2040
190.000 1.2980 0.1935 0.3900 0.0462 -0.0065 -0.0318 -0.8797 0.1942
195.000 1.5830 0.2118 0.3778 0.0498 -0.0035 -0.0335 -0.8829 0.1851
200.000 1.9077 0.2291 0.3654 0.0528 -0.0004 -0.0348 -0.8857 0.1764
205.000 2.2779 0.2456 0.3528 0.0552 0.0029 -0.0359 -0.8881 0.1678
210.000 2.7003 0.2615 0.3403 0.0571 0.0063 -0.0369 -0.8901 0.1594
215.000 3.1824 0.2770 0.3277 0.0585 0.0096 -0.0378 -0.8916 0.1510
220.000 3.7328 0.2923 0.3152 0.0595 0.0129 -0.0386 -0.8926 0.1427
225.000 4.3611 0.3073 0.3028 0.0600 0.0160 -0.0394 -0.8931 0.1344
230.000 5.0774 0.3222 0.2905 0.0601 0.0190 -0.0402 -0.8931 0.1260
235.000 5.8931 0.3370 0.2783 0.0597 0.0217 -0.0410 -0.8925 0.1177
240.000 6.8198 0.3515 0.2662 0.0590 0.0242 -0.0417 -0.8915 0.1093
245.000 7.8694 0.3659 0.2543 0.0579 0.0264 -0.0425 -0.8900 0.1009
250.000 9.0529 0.3801 0.2425 0.0565 0.0283 -0.0431 -0.8881 0.0926
255.000 10.3797 0.3941 0.2309 0.0547 0.0299 -0.0438 -0.8857 0.0842
260.000 11.8562 0.4077 0.2195 0.0526 0.0311 -0.0444 -0.8830 0.0758
265.000 13.4833 0.4211 0.2082 0.0502 0.0320 -0.0450 -0.8799 0.0675
270.000 15.2546 0.4342 0.1970 0.0475 0.0326 -0.0455 -0.8765 0.0592
275.000 17.1534 0.4469 0.1860 0.0446 0.0328 -0.0460 -0.8729 0.0510
280.000 19.1504 0.4592 0.1751 0.0414 0.0327 -0.0465 -0.8690 0.0430
285.000 21.2016 0.4710 0.1648 0.0381 0.0322 -0.0470 -0.8648 0.0356
290.000 23.2488 0.4824 0.1553 0.0348 0.0315 -0.0478 -0.8604 0.0293
295.000 25.2191 0.4933 0.1470 0.0315 0.0303 -0.0487 -0.8557 0.0239
300.000 27.0279 0.5038 0.1383 0.0280 0.0289 -0.0496 -0.8510 0.0173
305.000 28.5929 0.5139 0.1285 0.0239 0.0272 -0.0500 -0.8466 0.0094
310.000 29.8439 0.5235 0.1183 0.0195 0.0252 -0.0504 -0.8421 0.0012
315.000 30.7294 0.5326 0.1080 0.0149 0.0228 -0.0507 -0.8377 -0.0070
320.000 31.2223 0.5413 0.0978 0.0102 0.0202 -0.0509 -0.8333 -0.0149
325.000 31.3179 0.5496 0.0878 0.0054 0.0173 -0.0513 -0.8288 -0.0227
330.000 31.0450 0.5575 0.0778 0.0004 0.0142 -0.0516 -0.8242 -0.0304
335.000 30.4534 0.5649 0.0678 -0.0048 0.0107 -0.0520 -0.8198 -0.0379
340.000 29.6013 0.5720 0.0577 -0.0101 0.0070 -0.0525 -0.8154 -0.0451
345.000 28.5507 0.5785 0.0475 -0.0156 0.0029 -0.0529 -0.8110 -0.0523
350.000 27.3610 0.5847 0.0373 -0.0212 -0.0015 -0.0535 -0.8067 -0.0592
355.000 26.0854 0.5904 0.0269 -0.0271 -0.0063 -0.0540 -0.8025 -0.0660
360.000 24.7680 0.5958 0.0164 -0.0330 -0.0113 -0.0547 -0.7984 -0.0727
365.000 23.4437 0.6007 0.0058 -0.0392 -0.0167 -0.0554 -0.7944 -0.0791
370.000 22.1390 0.6053 -0.0050 -0.0455 -0.0224 -0.0561 -0.7904 -0.0854
375.000 20.8728 0.6095 -0.0159 -0.0519 -0.0285 -0.0570 -0.7864 -0.0915
380.000 19.6576 0.6134 -0.0271 -0.0585 -0.0350 -0.0579 -0.7825 -0.0975
385.000 18.5016 0.6170 -0.0385 -0.0653 -0.0418 -0.0589 -0.7786 -0.1032
390.000 17.4087 0.6202 -0.0502 -0.0723 -0.0490 -0.0601 -0.7747 -0.1088
395.000 16.3807 0.6231 -0.0621 -0.0795 -0.0566 -0.0613 -0.7708 -0.1141
400.000 15.4170 0.6258 -0.0743 -0.0868 -0.0647 -0.0626 -0.7668 -0.1192
405.000 14.5162 0.6282 -0.0869 -0.0944 -0.0731 -0.0640 -0.7628 -0.1241
410.000 13.6756 0.6304 -0.0997 -0.1021 -0.0820 -0.0656 -0.7586 -0.1287
415.000 12.8924 0.6324 -0.1130 -0.1100 -0.0914 -0.0673 -0.7542 -0.1331
420.000 12.1633 0.6342 -0.1266 -0.1182 -0.1013 -0.0691 -0.7496 -0.1371
425.000 11.4851 0.6359 -0.1405 -0.1265 -0.1116 -0.0710 -0.7447 -0.1409
430.000 10.8543 0.6375 -0.1549 -0.1351 -0.1224 -0.0731 -0.7394 -0.1443
435.000 10.2680 0.6389 -0.1697 -0.1440 -0.1337 -0.0753 -0.7337 -0.1474
440.000 9.7230 0.6404 -0.1850 -0.1531 -0.1455 -0.0776 -0.7276 -0.1502
445.000 9.2165 0.6418 -0.2007 -0.1624 -0.1578 -0.0800 -0.7209 -0.1525
450.000 8.7459 0.6432 -0.2168 -0.1720 -0.1705 -0.0826 -0.7135 -0.1545
