145.000 0.0055 -0.0661 0.5012 0.0394 0.0795 -0.0393 0.1289 0.8494
150.000 0.0451 -0.0524 0.4416 0.0092 0.0360 -0.0039 0.0862 0.8908
155.000 0.0976 -0.0363 0.4122 -0.0038 0.0127 0.0086 0.0463 0.9091
160.000 0.1695 -0.0206 0.3973 -0.0077 0.0007 0.0116 0.0112 0.9174
165.000 0.2624 -0.0056 0.3899 -0.0065 -0.0049 0.0101 -0.0202 0.9206
170.000 0.3776 0.0091 0.3865 -0.0024 -0.0068 0.0063 -0.0488 0.9209
175.000 0.5160 0.0235 0.3854 0.0033 -0.0063 0.0015 -0.0754 0.9193
180.000 0.6787 0.0378 0.3854 0.0100 -0.0046 -0.0039 -0.1005 0.9165
185.000 0.8669 0.0521 0.3858 0.0171 -0.0020 -0.0094 -0.1244 0.9128
190.000 1.0818 0.0664 0.3861 0.0243 0.0009 -0.0149 -0.1473 0.9084
195.000 1.3248 0.0808 0.3862 0.0313 0.0038 -0.0201 -0.1693 0.9034
200.000 1.5979 0.0952 0.3859 0.0380 0.0067 -0.0250 -0.1903 0.8981
205.000 1.9061 0.1086 0.3859 0.0446 0.0100 -0.0297 -0.2099 0.8923
210.000 2.2511 0.1217 0.3855 0.0508 0.0132 -0.0341 -0.2286 0.8863
215.000 2.6393 0.1352 0.3849 0.0571 0.0165 -0.0384 -0.2465 0.8799
220.000 3.0760 0.1492 0.3839 0.0632 0.0196 -0.0424 -0.2638 0.8733
225.000 3.5647 0.1632 0.3825 0.0691 0.0226 -0.0461 -0.2801 0.8665
230.000 4.1078 0.1770 0.3812 0.0750 0.0260 -0.0500 -0.2952 0.8594
235.000 4.7145 0.1907 0.3795 0.0805 0.0290 -0.0536 -0.3094 0.8524
240.000 5.3864 0.2045 0.3779 0.0862 0.0324 -0.0571 -0.3232 0.8450
245.000 6.1358 0.2184 0.3760 0.0916 0.0355 -0.0603 -0.3363 0.8374
250.000 6.9630 0.2322 0.3737 0.0966 0.0384 -0.0632 -0.3488 0.8298
255.000 7.8613 0.2460 0.3712 0.1016 0.0414 -0.0660 -0.3603 0.8222
260.000 8.8590 0.2597 0.3680 0.1058 0.0438 -0.0685 -0.3712 0.8148
265.000 9.9014 0.2733 0.3651 0.1104 0.0467 -0.0711 -0.3816 0.8070
270.000 11.0328 0.2868 0.3618 0.1146 0.0494 -0.0733 -0.3916 0.7992
275.000 12.2216 0.3002 0.3582 0.1183 0.0518 -0.0753 -0.4012 0.7914
280.000 13.3974 0.3135 0.3545 0.1220 0.0543 -0.0772 -0.4103 0.7834
285.000 14.6461 0.3268 0.3499 0.1250 0.0563 -0.0786 -0.4190 0.7756
290.000 15.7604 0.3395 0.3458 0.1282 0.0587 -0.0802 -0.4269 0.7678
295.000 16.8282 0.3522 0.3413 0.1311 0.0610 -0.0817 -0.4342 0.7601
300.000 17.8142 0.3650 0.3362 0.1334 0.0628 -0.0829 -0.4412 0.7524
305.000 18.5259 0.3776 0.3308 0.1355 0.0646 -0.0838 -0.4481 0.7446
310.000 19.1071 0.3906 0.3243 0.1368 0.0658 -0.0842 -0.4549 0.7366
315.000 19.4246 0.4031 0.3179 0.1381 0.0670 -0.0843 -0.4608 0.7291
320.000 19.4767 0.4156 0.3114 0.1394 0.0683 -0.0843 -0.4662 0.7215
325.000 19.3230 0.4284 0.3044 0.1404 0.0693 -0.0839 -0.4711 0.7139
330.000 18.9700 0.4406 0.2970 0.1410 0.0702 -0.0831 -0.4756 0.7068
335.000 18.3937 0.4532 0.2890 0.1412 0.0709 -0.0820 -0.4797 0.6994
340.000 17.7105 0.4657 0.2803 0.1408 0.0711 -0.0806 -0.4833 0.6923
345.000 16.9520 0.4777 0.2712 0.1397 0.0708 -0.0790 -0.4864 0.6856
350.000 16.0465 0.4900 0.2614 0.1381 0.0704 -0.0773 -0.4891 0.6786
355.000 15.2140 0.5016 0.2510 0.1358 0.0695 -0.0751 -0.4911 0.6724
360.000 14.3376 0.5131 0.2400 0.1331 0.0685 -0.0725 -0.4927 0.6664
365.000 13.4386 0.5246 0.2285 0.1300 0.0675 -0.0696 -0.4938 0.6605
370.000 12.6300 0.5357 0.2163 0.1262 0.0657 -0.0662 -0.4944 0.6550
375.000 11.8196 0.5468 0.2037 0.1219 0.0638 -0.0624 -0.4945 0.6496
380.000 11.0598 0.5576 0.1904 0.1170 0.0614 -0.0582 -0.4940 0.6444
385.000 10.3628 0.5680 0.1767 0.1113 0.0583 -0.0534 -0.4929 0.6398
390.000 9.6883 0.5781 0.1626 0.1053 0.0551 -0.0484 -0.4913 0.6353
395.000 9.0835 0.5880 0.1478 0.0984 0.0513 -0.0428 -0.4891 0.6312
400.000 8.5191 0.5977 0.1325 0.0909 0.0473 -0.0369 -0.4864 0.6271
405.000 7.9881 0.6072 0.1168 0.0830 0.0431 -0.0306 -0.4832 0.6231
410.000 7.5055 0.6164 0.1003 0.0740 0.0380 -0.0236 -0.4792 0.6195
415.000 7.0540 0.6254 0.0832 0.0644 0.0326 -0.0162 -0.4747 0.6161
420.000 6.6364 0.6342 0.0655 0.0540 0.0266 -0.0082 -0.4697 0.6125
425.000 6.2574 0.6429 0.0469 0.0423 0.0196 0.0006 -0.4646 0.6084
430.000 5.9073 0.6515 0.0274 0.0297 0.0120 0.0100 -0.4591 0.6039
435.000 5.5842 0.6597 0.0077 0.0165 0.0042 0.0196 -0.4524 0.5999
440.000 5.2852 0.6678 -0.0122 0.0027 -0.0036 0.0293 -0.4442 0.5965
445.000 5.0066 0.6756 -0.0323 -0.0116 -0.0116 0.0392 -0.4348 0.5933
450.000 4.7530 0.6830 -0.0530 -0.0270 -0.0205 0.0502 -0.4247 0.5900
