155.000 3.5350 0.0036 -0.0008 0.0003 0.0001 -0.0003 0.9970 0.0772
160.000 5.2804 0.0058 -0.0021 0.0009 0.0002 -0.0009 0.9946 0.1033
165.000 6.3003 0.0083 -0.0025 0.0013 0.0003 -0.0013 0.9926 0.1209
170.000 6.9610 0.0111 -0.0025 0.0016 0.0005 -0.0016 0.9905 0.1368
175.000 7.3889 0.0142 -0.0021 0.0019 0.0007 -0.0019 0.9883 0.1519
180.000 7.6503 0.0175 -0.0012 0.0023 0.0009 -0.0022 0.9859 0.1665
185.000 7.7861 0.0211 0.0003 0.0027 0.0010 -0.0025 0.9832 0.1811
190.000 7.8245 0.0249 0.0025 0.0032 0.0013 -0.0029 0.9803 0.1957
195.000 7.7860 0.0291 0.0054 0.0038 0.0015 -0.0034 0.9771 0.2106
200.000 7.6860 0.0335 0.0094 0.0045 0.0016 -0.0040 0.9735 0.2259
205.000 7.5369 0.0383 0.0145 0.0055 0.0018 -0.0046 0.9695 0.2416
210.000 7.3487 0.0434 0.0212 0.0067 0.0019 -0.0054 0.9650 0.2578
215.000 7.1297 0.0489 0.0297 0.0081 0.0019 -0.0064 0.9599 0.2746
220.000 6.8874 0.0549 0.0404 0.0100 0.0018 -0.0077 0.9541 0.2918
225.000 6.6286 0.0612 0.0539 0.0124 0.0015 -0.0091 0.9474 0.3095
230.000 6.3602 0.0681 0.0708 0.0154 0.0009 -0.0110 0.9399 0.3272
235.000 6.0892 0.0754 0.0917 0.0192 0.0000 -0.0132 0.9313 0.3445
240.000 5.8234 0.0832 0.1174 0.0240 -0.0014 -0.0159 0.9217 0.3607
245.000 5.5716 0.0914 0.1487 0.0298 -0.0034 -0.0192 0.9109 0.3746
250.000 5.3440 0.0999 0.1859 0.0369 -0.0063 -0.0231 0.8992 0.3844
255.000 5.1529 0.1084 0.2291 0.0454 -0.0101 -0.0276 0.8867 0.3881
260.000 5.0120 0.1166 0.2777 0.0551 -0.0150 -0.0326 0.8742 0.3832
265.000 4.9374 0.1239 0.3294 0.0657 -0.0211 -0.0379 0.8625 0.3671
270.000 4.9467 0.1299 0.3809 0.0767 -0.0281 -0.0431 0.8527 0.3379
275.000 5.0581 0.1339 0.4277 0.0872 -0.0357 -0.0478 0.8461 0.2955
280.000 5.2884 0.1357 0.4650 0.0961 -0.0434 -0.0516 0.8436 0.2417
285.000 5.6493 0.1354 0.4895 0.1027 -0.0506 -0.0539 0.8454 0.1805
290.000 6.1435 0.1334 0.4997 0.1065 -0.0568 -0.0546 0.8509 0.1165
295.000 6.7751 0.1303 0.4962 0.1074 -0.0617 -0.0537 0.8594 0.0549
300.000 7.5622 0.1267 0.4806 0.1059 -0.0649 -0.0518 0.8702 0.0007
305.000 8.4941 0.1233 0.4565 0.1025 -0.0665 -0.0491 0.8821 -0.0437
310.000 9.5312 0.1204 0.4280 0.0981 -0.0669 -0.0461 0.8939 -0.0789
315.000 10.6304 0.1184 0.3979 0.0930 -0.0665 -0.0430 0.9049 -0.1059
320.000 11.7486 0.1171 0.3679 0.0878 -0.0656 -0.0398 0.9148 -0.1260
325.000 12.8414 0.1165 0.3392 0.0826 -0.0644 -0.0368 0.9235 -0.1406
330.000 13.8761 0.1167 0.3123 0.0775 -0.0631 -0.0339 0.9311 -0.1508
335.000 14.8262 0.1175 0.2875 0.0727 -0.0616 -0.0312 0.9376 -0.1578
340.000 15.6725 0.1187 0.2649 0.0682 -0.0602 -0.0286 0.9432 -0.1623
345.000 16.4053 0.1205 0.2443 0.0640 -0.0589 -0.0263 0.9479 -0.1649
350.000 17.0226 0.1226 0.2256 0.0602 -0.0576 -0.0241 0.9519 -0.1662
355.000 17.5283 0.1249 0.2087 0.0565 -0.0564 -0.0221 0.9553 -0.1665
360.000 17.9305 0.1276 0.1933 0.0531 -0.0553 -0.0201 0.9582 -0.1662
365.000 18.2394 0.1305 0.1794 0.0500 -0.0543 -0.0183 0.9606 -0.1653
370.000 18.4662 0.1335 0.1666 0.0470 -0.0534 -0.0166 0.9626 -0.1642
375.000 18.6220 0.1367 0.1550 0.0441 -0.0526 -0.0149 0.9642 -0.1628
380.000 18.7173 0.1400 0.1443 0.0414 -0.0519 -0.0133 0.9656 -0.1613
385.000 18.7617 0.1435 0.1345 0.0388 -0.0513 -0.0117 0.9667 -0.1598
390.000 18.7636 0.1470 0.1253 0.0362 -0.0508 -0.0101 0.9676 -0.1582
395.000 18.7304 0.1506 0.1169 0.0338 -0.0504 -0.0085 0.9683 -0.1566
400.000 18.6687 0.1543 0.1090 0.0313 -0.0501 -0.0069 0.9689 -0.1551
405.000 18.5837 0.1580 0.1016 0.0289 -0.0499 -0.0053 0.9693 -0.1535
410.000 18.4803 0.1618 0.0946 0.0264 -0.0498 -0.0037 0.9695 -0.1521
415.000 18.3624 0.1656 0.0881 0.0240 -0.0498 -0.0020 0.9696 -0.1507
420.000 18.2334 0.1695 0.0818 0.0215 -0.0498 -0.0002 0.9697 -0.1493
425.000 18.0962 0.1733 0.0759 0.0190 -0.0500 0.0016 0.9696 -0.1481
430.000 17.9536 0.1772 0.0701 0.0164 -0.0502 0.0035 0.9695 -0.1468
435.000 17.8077 0.1811 0.0647 0.0138 -0.0505 0.0054 0.9692 -0.1457
440.000 17.6605 0.1851 0.0594 0.0111 -0.0509 0.0074 0.9689 -0.1445
445.000 17.5140 0.1889 0.0542 0.0084 -0.0514 0.0095 0.9686 -0.1434
450.000 17.3697 0.1928 0.0492 0.0056 -0.0520 0.0117 0.9681 -0.1424
