155.000 3.2490 0.0551 -0.0051 0.0020 0.0011 -0.0020 0.8840 0.4642
160.000 4.8467 0.0671 -0.0140 0.0063 0.0042 -0.0059 0.7888 0.6108
165.000 5.8222 0.0798 -0.0171 0.0087 0.0067 -0.0077 0.7073 0.7022
170.000 6.5391 0.0897 -0.0182 0.0112 0.0094 -0.0090 0.6250 0.7752
175.000 7.1164 0.0972 -0.0174 0.0139 0.0124 -0.0098 0.5426 0.8341
180.000 7.6128 0.1029 -0.0146 0.0170 0.0156 -0.0102 0.4606 0.8815
185.000 8.0624 0.1072 -0.0099 0.0205 0.0193 -0.0101 0.3797 0.9188
190.000 8.4869 0.1104 -0.0033 0.0247 0.0233 -0.0097 0.3004 0.9474
195.000 8.9014 0.1130 0.0052 0.0295 0.0279 -0.0088 0.2231 0.9682
200.000 9.3169 0.1153 0.0154 0.0352 0.0329 -0.0075 0.1482 0.9821
205.000 9.7419 0.1176 0.0274 0.0419 0.0386 -0.0058 0.0759 0.9899
210.000 10.1836 0.1200 0.0410 0.0496 0.0450 -0.0037 0.0065 0.9921
215.000 10.6479 0.1228 0.0562 0.0584 0.0522 -0.0012 -0.0599 0.9894
220.000 11.1401 0.1263 0.0730 0.0685 0.0601 0.0018 -0.1231 0.9822
225.000 11.6651 0.1305 0.0912 0.0798 0.0690 0.0053 -0.1829 0.9710
230.000 12.2271 0.1356 0.1108 0.0925 0.0787 0.0092 -0.2394 0.9562
235.000 12.8297 0.1417 0.1317 0.1066 0.0895 0.0136 -0.2923 0.9382
240.000 13.4759 0.1490 0.1538 0.1221 0.1012 0.0186 -0.3417 0.9175
245.000 14.1673 0.1574 0.1770 0.1391 0.1139 0.0242 -0.3874 0.8942
250.000 14.9042 0.1672 0.2013 0.1575 0.1276 0.0303 -0.4294 0.8688
255.000 15.6843 0.1783 0.2264 0.1774 0.1424 0.0370 -0.4676 0.8415
260.000 16.5025 0.1907 0.2523 0.1988 0.1581 0.0443 -0.5020 0.8127
265.000 17.3496 0.2046 0.2788 0.2215 0.1747 0.0522 -0.5326 0.7827
270.000 18.2115 0.2198 0.3058 0.2456 0.1921 0.0607 -0.5593 0.7517
275.000 19.0678 0.2365 0.3332 0.2709 0.2103 0.0698 -0.5822 0.7200
280.000 19.8907 0.2544 0.3607 0.2973 0.2293 0.0795 -0.6013 0.6878
285.000 20.6432 0.2736 0.3882 0.3247 0.2488 0.0900 -0.6173 0.6549
290.000 21.2785 0.2939 0.4151 0.3529 0.2688 0.1014 -0.6307 0.6209
295.000 21.7611 0.3151 0.4410 0.3816 0.2893 0.1139 -0.6416 0.5861
300.000 22.0877 0.3375 0.4662 0.4107 0.3099 0.1266 -0.6477 0.5531
305.000 22.2390 0.3610 0.4912 0.4402 0.3304 0.1390 -0.6484 0.5227
310.000 22.1840 0.3853 0.5156 0.4697 0.3506 0.1515 -0.6451 0.4942
315.000 21.9132 0.4102 0.5391 0.4990 0.3705 0.1641 -0.6385 0.4672
320.000 21.4381 0.4355 0.5613 0.5279 0.3899 0.1768 -0.6289 0.4418
325.000 20.7826 0.4609 0.5819 0.5560 0.4087 0.1895 -0.6166 0.4183
330.000 19.9845 0.4864 0.6010 0.5832 0.4267 0.2020 -0.6016 0.3968
335.000 19.0865 0.5117 0.6186 0.6093 0.4437 0.2144 -0.5843 0.3774
340.000 18.1288 0.5366 0.6344 0.6339 0.4596 0.2265 -0.5650 0.3602
345.000 17.1476 0.5609 0.6484 0.6570 0.4742 0.2382 -0.5438 0.3453
350.000 16.1728 0.5845 0.6606 0.6783 0.4876 0.2494 -0.5210 0.3327
355.000 15.2273 0.6071 0.6708 0.6976 0.4995 0.2601 -0.4969 0.3226
360.000 14.3272 0.6286 0.6791 0.7149 0.5099 0.2701 -0.4718 0.3148
365.000 13.4828 0.6489 0.6854 0.7300 0.5189 0.2794 -0.4460 0.3095
370.000 12.6996 0.6678 0.6898 0.7428 0.5263 0.2880 -0.4196 0.3064
375.000 11.9795 0.6852 0.6923 0.7532 0.5323 0.2958 -0.3929 0.3056
380.000 11.3218 0.7011 0.6929 0.7614 0.5368 0.3028 -0.3662 0.3069
385.000 10.7242 0.7154 0.6917 0.7672 0.5398 0.3089 -0.3397 0.3102
390.000 10.1832 0.7279 0.6887 0.7707 0.5414 0.3142 -0.3135 0.3155
395.000 9.6949 0.7388 0.6841 0.7719 0.5418 0.3188 -0.2878 0.3225
400.000 9.2551 0.7480 0.6780 0.7710 0.5409 0.3225 -0.2628 0.3311
405.000 8.8594 0.7555 0.6703 0.7679 0.5388 0.3256 -0.2385 0.3412
410.000 8.5039 0.7613 0.6612 0.7629 0.5356 0.3279 -0.2151 0.3527
415.000 8.1846 0.7656 0.6509 0.7560 0.5315 0.3297 -0.1927 0.3653
420.000 7.8980 0.7683 0.6393 0.7473 0.5265 0.3308 -0.1714 0.3789
425.000 7.6408 0.7695 0.6266 0.7370 0.5206 0.3315 -0.1512 0.3934
430.000 7.4098 0.7693 0.6128 0.7253 0.5141 0.3317 -0.1321 0.4086
435.000 7.2025 0.7678 0.5981 0.7122 0.5069 0.3316 -0.1142 0.4244
440.000 7.0162 0.7650 0.5825 0.6979 0.4990 0.3312 -0.0976 0.4407
445.000 6.8488 0.7611 0.5661 0.6825 0.4907 0.3306 -0.0823 0.4573
450.000 6.6982 0.7562 0.5489 0.6661 0.4819 0.3298 -0.0682 0.4742
