155.000 3.2514 0.0457 -0.0048 0.0020 0.0010 -0.0019 0.8947 0.4443
160.000 4.8522 0.0540 -0.0134 0.0060 0.0036 -0.0057 0.8086 0.5857
165.000 5.8413 0.0632 -0.0164 0.0083 0.0057 -0.0074 0.7358 0.6740
170.000 6.5750 0.0703 -0.0174 0.0106 0.0080 -0.0088 0.6629 0.7451
175.000 7.1706 0.0757 -0.0166 0.0130 0.0106 -0.0097 0.5903 0.8035
180.000 7.6858 0.0799 -0.0139 0.0158 0.0135 -0.0104 0.5183 0.8513
185.000 8.1540 0.0832 -0.0095 0.0189 0.0167 -0.0108 0.4474 0.8904
190.000 8.5966 0.0860 -0.0033 0.0226 0.0203 -0.0109 0.3780 0.9218
195.000 9.0285 0.0885 0.0047 0.0269 0.0244 -0.0108 0.3103 0.9465
200.000 9.4605 0.0910 0.0142 0.0319 0.0291 -0.0104 0.2446 0.9653
205.000 9.9010 0.0938 0.0254 0.0378 0.0344 -0.0099 0.1810 0.9788
210.000 10.3570 0.0968 0.0382 0.0446 0.0403 -0.0093 0.1196 0.9875
215.000 10.8345 0.1005 0.0524 0.0525 0.0471 -0.0084 0.0606 0.9919
220.000 11.3385 0.1047 0.0681 0.0614 0.0546 -0.0074 0.0042 0.9925
225.000 11.8738 0.1097 0.0851 0.0715 0.0631 -0.0062 -0.0498 0.9896
230.000 12.4443 0.1156 0.1035 0.0828 0.0725 -0.0049 -0.1011 0.9835
235.000 13.0535 0.1224 0.1230 0.0953 0.0829 -0.0033 -0.1497 0.9745
240.000 13.7039 0.1302 0.1438 0.1093 0.0943 -0.0015 -0.1955 0.9629
245.000 14.3966 0.1391 0.1656 0.1245 0.1069 0.0005 -0.2385 0.9489
250.000 15.1312 0.1491 0.1884 0.1412 0.1205 0.0027 -0.2786 0.9328
255.000 15.9050 0.1603 0.2122 0.1593 0.1352 0.0052 -0.3157 0.9147
260.000 16.7120 0.1726 0.2367 0.1787 0.1509 0.0079 -0.3498 0.8949
265.000 17.5420 0.1862 0.2620 0.1996 0.1678 0.0110 -0.3807 0.8737
270.000 18.3801 0.2010 0.2878 0.2217 0.1857 0.0143 -0.4084 0.8511
275.000 19.2048 0.2170 0.3141 0.2452 0.2046 0.0180 -0.4330 0.8275
280.000 19.9873 0.2341 0.3407 0.2699 0.2244 0.0220 -0.4545 0.8029
285.000 20.6887 0.2523 0.3675 0.2957 0.2451 0.0266 -0.4733 0.7772
290.000 21.2599 0.2716 0.3940 0.3226 0.2667 0.0318 -0.4903 0.7500
295.000 21.6658 0.2918 0.4197 0.3503 0.2891 0.0379 -0.5054 0.7217
300.000 21.9116 0.3130 0.4451 0.3786 0.3120 0.0441 -0.5158 0.6942
305.000 21.9822 0.3351 0.4704 0.4075 0.3349 0.0501 -0.5210 0.6681
310.000 21.8456 0.3579 0.4953 0.4368 0.3580 0.0563 -0.5222 0.6430
315.000 21.4934 0.3812 0.5195 0.4663 0.3811 0.0626 -0.5201 0.6185
320.000 20.9391 0.4049 0.5429 0.4957 0.4041 0.0691 -0.5151 0.5948
325.000 20.2103 0.4288 0.5648 0.5249 0.4268 0.0758 -0.5071 0.5723
330.000 19.3461 0.4529 0.5856 0.5537 0.4491 0.0826 -0.4964 0.5509
335.000 18.3899 0.4768 0.6051 0.5817 0.4708 0.0895 -0.4831 0.5309
340.000 17.3825 0.5004 0.6231 0.6088 0.4916 0.0964 -0.4673 0.5124
345.000 16.3601 0.5235 0.6396 0.6347 0.5115 0.1033 -0.4493 0.4955
350.000 15.3522 0.5460 0.6544 0.6593 0.5302 0.1101 -0.4293 0.4804
355.000 14.3809 0.5676 0.6674 0.6823 0.5477 0.1168 -0.4075 0.4672
360.000 13.4614 0.5883 0.6787 0.7036 0.5638 0.1233 -0.3841 0.4558
365.000 12.6032 0.6078 0.6881 0.7231 0.5785 0.1295 -0.3594 0.4465
370.000 11.8107 0.6260 0.6956 0.7405 0.5917 0.1355 -0.3336 0.4392
375.000 11.0851 0.6428 0.7012 0.7558 0.6033 0.1411 -0.3069 0.4338
380.000 10.4249 0.6581 0.7050 0.7688 0.6133 0.1463 -0.2797 0.4305
385.000 9.8273 0.6717 0.7069 0.7797 0.6217 0.1511 -0.2521 0.4290
390.000 9.2882 0.6838 0.7070 0.7882 0.6284 0.1554 -0.2244 0.4295
395.000 8.8033 0.6941 0.7052 0.7944 0.6336 0.1593 -0.1967 0.4318
400.000 8.3679 0.7026 0.7018 0.7984 0.6373 0.1628 -0.1693 0.4358
405.000 7.9776 0.7094 0.6968 0.8001 0.6394 0.1659 -0.1424 0.4413
410.000 7.6280 0.7145 0.6901 0.7997 0.6402 0.1685 -0.1160 0.4484
415.000 7.3151 0.7179 0.6820 0.7972 0.6395 0.1708 -0.0904 0.4569
420.000 7.0350 0.7197 0.6724 0.7928 0.6377 0.1726 -0.0656 0.4666
425.000 6.7845 0.7198 0.6615 0.7865 0.6346 0.1742 -0.0419 0.4775
430.000 6.5604 0.7185 0.6494 0.7784 0.6305 0.1755 -0.0193 0.4893
435.000 6.3598 0.7157 0.6361 0.7688 0.6253 0.1765 0.0022 0.5021
440.000 6.1802 0.7115 0.6217 0.7577 0.6192 0.1774 0.0224 0.5156
445.000 6.0193 0.7062 0.6064 0.7452 0.6124 0.1781 0.0412 0.5297
450.000 5.8750 0.6997 0.5901 0.7316 0.6047 0.1787 0.0587 0.5443
