155 3.3234
160 5.0400
165 6.1492
170 6.9848
175 7.6634
180 8.2431
185 8.7579
190 9.2299
195 9.6741
200 10.1017
205 10.5247
210 10.9486
215 11.3819
220 11.8305
225 12.2989
230 12.7935
235 13.3192
240 13.8655
245 14.4414
250 15.0439
255 15.6624
260 16.3152
265 16.9443
270 17.5807
275 18.1932
280 18.7213
285 19.2227
290 19.5431
295 19.7407
300 19.8041
305 19.6439
310 19.3288
315 18.8273
320 18.1386
325 17.3012
330 16.4076
335 15.4041
340 14.3869
345 13.3946
350 12.3726
355 11.4641
360 10.5987
365 9.7811
370 9.0557
375 8.3834
380 7.7772
385 7.2379
390 6.7510
395 6.3171
400 5.9297
405 5.5843
410 5.2766
415 5.0042
420 4.7624
425 4.5465
430 4.3563
435 4.1838
440 4.0272
445 3.8873
450 3.7622
