155.000 3.3001 0.0224 -0.0042 0.0069 0.0029 -0.0064 0.9122 0.4092
160.000 4.9958 0.0298 -0.0086 0.0073 0.0033 -0.0068 0.8831 0.4682
165.000 6.0888 0.0356 -0.0114 0.0080 0.0040 -0.0075 0.8508 0.5242
170.000 6.9135 0.0400 -0.0125 0.0092 0.0050 -0.0084 0.8158 0.5768
175.000 7.5867 0.0433 -0.0119 0.0107 0.0063 -0.0094 0.7788 0.6256
180.000 8.1663 0.0457 -0.0097 0.0127 0.0080 -0.0105 0.7404 0.6706
185.000 8.6861 0.0474 -0.0060 0.0150 0.0101 -0.0116 0.7010 0.7115
190.000 9.1678 0.0488 -0.0008 0.0177 0.0125 -0.0127 0.6613 0.7485
195.000 9.6258 0.0500 0.0058 0.0207 0.0152 -0.0138 0.6218 0.7816
200.000 10.0710 0.0513 0.0138 0.0241 0.0183 -0.0148 0.5827 0.8110
205.000 10.5164 0.0532 0.0235 0.0283 0.0219 -0.0160 0.5431 0.8377
210.000 10.9671 0.0557 0.0345 0.0328 0.0259 -0.0171 0.5040 0.8613
215.000 11.4310 0.0584 0.0470 0.0383 0.0305 -0.0186 0.4652 0.8821
220.000 11.9142 0.0613 0.0609 0.0447 0.0358 -0.0205 0.4269 0.9003
225.000 12.4212 0.0648 0.0761 0.0518 0.0416 -0.0225 0.3893 0.9159
230.000 12.9576 0.0694 0.0930 0.0601 0.0483 -0.0248 0.3521 0.9291
235.000 13.5291 0.0749 0.1110 0.0690 0.0555 -0.0272 0.3155 0.9399
240.000 14.1255 0.0807 0.1307 0.0793 0.0636 -0.0302 0.2801 0.9483
245.000 14.7566 0.0870 0.1513 0.0904 0.0723 -0.0335 0.2456 0.9545
250.000 15.4213 0.0942 0.1730 0.1025 0.0817 -0.0372 0.2121 0.9585
255.000 16.1123 0.1027 0.1961 0.1163 0.0924 -0.0416 0.1800 0.9602
260.000 16.8484 0.1122 0.2197 0.1310 0.1036 -0.0462 0.1486 0.9599
265.000 17.5587 0.1225 0.2449 0.1472 0.1160 -0.0513 0.1200 0.9572
270.000 18.2802 0.1338 0.2710 0.1643 0.1289 -0.0568 0.0927 0.9525
275.000 18.9824 0.1459 0.2976 0.1823 0.1424 -0.0627 0.0673 0.9459
280.000 19.6030 0.1586 0.3248 0.2019 0.1571 -0.0693 0.0445 0.9374
285.000 20.2043 0.1722 0.3525 0.2222 0.1724 -0.0763 0.0227 0.9270
290.000 20.6174 0.1866 0.3802 0.2437 0.1883 -0.0837 0.0043 0.9152
295.000 20.9065 0.2023 0.4083 0.2662 0.2050 -0.0914 -0.0124 0.9015
300.000 21.0565 0.2188 0.4366 0.2897 0.2221 -0.0995 -0.0270 0.8863
305.000 20.9601 0.2347 0.4645 0.3139 0.2401 -0.1083 -0.0373 0.8700
310.000 20.6992 0.2517 0.4934 0.3396 0.2592 -0.1180 -0.0452 0.8517
315.000 20.2325 0.2686 0.5206 0.3649 0.2779 -0.1275 -0.0506 0.8330
320.000 19.5586 0.2859 0.5473 0.3907 0.2970 -0.1375 -0.0532 0.8133
325.000 18.7204 0.3043 0.5742 0.4176 0.3167 -0.1480 -0.0532 0.7919
330.000 17.8098 0.3218 0.5983 0.4434 0.3357 -0.1579 -0.0505 0.7714
335.000 16.7713 0.3397 0.6223 0.4704 0.3554 -0.1684 -0.0442 0.7497
340.000 15.7110 0.3575 0.6449 0.4970 0.3749 -0.1791 -0.0354 0.7276
345.000 14.6705 0.3747 0.6654 0.5227 0.3939 -0.1897 -0.0244 0.7060
350.000 13.5892 0.3916 0.6851 0.5490 0.4133 -0.2009 -0.0091 0.6837
355.000 12.6265 0.4079 0.7022 0.5735 0.4313 -0.2115 0.0067 0.6623
360.000 11.7030 0.4234 0.7173 0.5974 0.4490 -0.2220 0.0255 0.6415
365.000 10.8246 0.4379 0.7304 0.6206 0.4663 -0.2325 0.0472 0.6214
370.000 10.0435 0.4515 0.7412 0.6419 0.4822 -0.2421 0.0692 0.6024
375.000 9.3139 0.4635 0.7495 0.6618 0.4974 -0.2514 0.0936 0.5848
380.000 8.6538 0.4743 0.7557 0.6802 0.5115 -0.2601 0.1193 0.5684
385.000 8.0653 0.4840 0.7597 0.6969 0.5244 -0.2682 0.1457 0.5533
390.000 7.5300 0.4916 0.7612 0.7118 0.5363 -0.2757 0.1737 0.5402
395.000 7.0533 0.4981 0.7607 0.7247 0.5468 -0.2828 0.2021 0.5279
400.000 6.6260 0.5027 0.7578 0.7355 0.5560 -0.2893 0.2312 0.5173
405.000 6.2428 0.5053 0.7527 0.7442 0.5639 -0.2951 0.2608 0.5087
410.000 5.9001 0.5073 0.7459 0.7514 0.5705 -0.3000 0.2900 0.5014
415.000 5.5942 0.5076 0.7371 0.7567 0.5757 -0.3038 0.3189 0.4962
420.000 5.3209 0.5061 0.7262 0.7601 0.5797 -0.3070 0.3475 0.4932
425.000 5.0762 0.5025 0.7131 0.7616 0.5826 -0.3100 0.3757 0.4923
430.000 4.8589 0.4967 0.6979 0.7614 0.5846 -0.3125 0.4033 0.4939
435.000 4.6609 0.4901 0.6817 0.7593 0.5850 -0.3138 0.4295 0.4965
440.000 4.4801 0.4829 0.6647 0.7554 0.5840 -0.3138 0.4541 0.4999
445.000 4.3169 0.4745 0.6467 0.7497 0.5818 -0.3126 0.4772 0.5047
450.000 4.1703 0.4651 0.6274 0.7424 0.5784 -0.3108 0.4991 0.5108
