155.000 3.2357 0.0186 -0.0009 0.0033 0.0011 -0.0031 0.9754 0.2198
160.000 4.8008 0.0331 -0.0038 0.0037 0.0016 -0.0036 0.9665 0.2543
165.000 5.7071 0.0481 -0.0057 0.0044 0.0024 -0.0042 0.9561 0.2891
170.000 6.2913 0.0636 -0.0066 0.0052 0.0033 -0.0048 0.9439 0.3241
175.000 6.6725 0.0797 -0.0063 0.0063 0.0044 -0.0056 0.9298 0.3593
180.000 6.9118 0.0965 -0.0047 0.0076 0.0057 -0.0063 0.9137 0.3946
185.000 7.0461 0.1141 -0.0016 0.0091 0.0070 -0.0070 0.8955 0.4301
190.000 7.1002 0.1325 0.0031 0.0110 0.0085 -0.0076 0.8750 0.4656
195.000 7.0918 0.1518 0.0096 0.0133 0.0101 -0.0080 0.8519 0.5011
200.000 7.0345 0.1721 0.0181 0.0161 0.0116 -0.0082 0.8261 0.5363
205.000 6.9401 0.1928 0.0295 0.0197 0.0131 -0.0081 0.7967 0.5721
210.000 6.8170 0.2143 0.0438 0.0241 0.0146 -0.0077 0.7637 0.6077
215.000 6.6715 0.2360 0.0623 0.0298 0.0157 -0.0069 0.7267 0.6426
220.000 6.5097 0.2579 0.0853 0.0368 0.0164 -0.0054 0.6857 0.6761
225.000 6.3394 0.2799 0.1135 0.0456 0.0166 -0.0032 0.6398 0.7080
230.000 6.1706 0.3017 0.1484 0.0568 0.0161 -0.0002 0.5875 0.7381
235.000 6.0074 0.3230 0.1897 0.0703 0.0146 0.0039 0.5289 0.7646
240.000 5.8555 0.3441 0.2399 0.0872 0.0115 0.0095 0.4658 0.7839
245.000 5.7206 0.3644 0.2985 0.1073 0.0066 0.0168 0.3979 0.7944
250.000 5.6107 0.3834 0.3654 0.1311 -0.0006 0.0260 0.3267 0.7933
255.000 5.5355 0.4003 0.4411 0.1586 -0.0108 0.0373 0.2552 0.7770
260.000 5.4998 0.4146 0.5225 0.1894 -0.0241 0.0507 0.1840 0.7443
265.000 5.5276 0.4253 0.6078 0.2227 -0.0403 0.0659 0.1218 0.6917
270.000 5.6209 0.4323 0.6924 0.2570 -0.0590 0.0826 0.0689 0.6202
275.000 5.7896 0.4359 0.7711 0.2906 -0.0800 0.1001 0.0298 0.5316
280.000 6.0441 0.4373 0.8388 0.3216 -0.1024 0.1170 0.0100 0.4295
285.000 6.3919 0.4363 0.8927 0.3489 -0.1255 0.1328 0.0054 0.3178
290.000 6.8253 0.4351 0.9275 0.3695 -0.1469 0.1461 0.0229 0.2087
295.000 7.3539 0.4337 0.9452 0.3841 -0.1666 0.1566 0.0555 0.1032
300.000 7.9650 0.4330 0.9466 0.3926 -0.1838 0.1646 0.0983 0.0060
305.000 8.6049 0.4342 0.9338 0.3952 -0.1981 0.1703 0.1477 -0.0754
310.000 9.3092 0.4367 0.9097 0.3931 -0.2099 0.1736 0.2013 -0.1469
315.000 9.9987 0.4414 0.8783 0.3875 -0.2188 0.1750 0.2540 -0.2021
320.000 10.6725 0.4483 0.8414 0.3789 -0.2253 0.1745 0.3059 -0.2445
325.000 11.3378 0.4567 0.8002 0.3678 -0.2296 0.1724 0.3562 -0.2776
330.000 11.9039 0.4659 0.7602 0.3561 -0.2329 0.1703 0.3986 -0.2995
335.000 12.4062 0.4766 0.7189 0.3428 -0.2347 0.1673 0.4385 -0.3136
340.000 12.8299 0.4880 0.6785 0.3295 -0.2357 0.1639 0.4732 -0.3220
345.000 13.1564 0.5002 0.6407 0.3168 -0.2362 0.1604 0.5022 -0.3256
350.000 13.3884 0.5137 0.6035 0.3039 -0.2359 0.1564 0.5282 -0.3242
355.000 13.5641 0.5266 0.5693 0.2916 -0.2354 0.1527 0.5492 -0.3215
360.000 13.6598 0.5399 0.5369 0.2795 -0.2344 0.1489 0.5669 -0.3159
365.000 13.6865 0.5537 0.5063 0.2677 -0.2332 0.1451 0.5819 -0.3079
370.000 13.6867 0.5671 0.4778 0.2564 -0.2323 0.1418 0.5933 -0.2995
375.000 13.6293 0.5810 0.4513 0.2455 -0.2314 0.1388 0.6022 -0.2892
380.000 13.5442 0.5946 0.4262 0.2349 -0.2304 0.1358 0.6089 -0.2787
385.000 13.4413 0.6077 0.4026 0.2248 -0.2294 0.1330 0.6136 -0.2688
390.000 13.3036 0.6209 0.3805 0.2150 -0.2285 0.1303 0.6165 -0.2583
395.000 13.1685 0.6337 0.3594 0.2052 -0.2279 0.1279 0.6178 -0.2479
400.000 13.0201 0.6464 0.3395 0.1957 -0.2276 0.1259 0.6175 -0.2370
405.000 12.8582 0.6590 0.3208 0.1863 -0.2275 0.1241 0.6159 -0.2258
410.000 12.7004 0.6711 0.3027 0.1769 -0.2273 0.1226 0.6134 -0.2153
415.000 12.5354 0.6830 0.2856 0.1676 -0.2272 0.1214 0.6097 -0.2048
420.000 12.3671 0.6948 0.2693 0.1586 -0.2272 0.1202 0.6049 -0.1947
425.000 12.2001 0.7064 0.2535 0.1501 -0.2273 0.1189 0.5991 -0.1858
430.000 12.0301 0.7179 0.2386 0.1419 -0.2275 0.1178 0.5922 -0.1775
435.000 11.8708 0.7289 0.2239 0.1333 -0.2282 0.1170 0.5849 -0.1690
440.000 11.7231 0.7393 0.2095 0.1243 -0.2294 0.1165 0.5772 -0.1601
445.000 11.5816 0.7493 0.1954 0.1151 -0.2311 0.1165 0.5690 -0.1512
450.000 11.4467 0.7588 0.1816 0.1057 -0.2326 0.1165 0.5608 -0.1427
