155.000 3.2600 0.0133 -0.0030 0.0012 0.0003 -0.0012 0.9613 0.2751
160.000 4.8244 0.0148 -0.0083 0.0036 0.0012 -0.0036 0.9293 0.3690
165.000 5.7982 0.0168 -0.0101 0.0050 0.0019 -0.0048 0.9026 0.4299
170.000 6.5150 0.0185 -0.0108 0.0063 0.0027 -0.0059 0.8760 0.4818
175.000 7.0907 0.0199 -0.0103 0.0076 0.0036 -0.0070 0.8494 0.5273
180.000 7.5829 0.0211 -0.0086 0.0091 0.0046 -0.0081 0.8228 0.5678
185.000 8.0250 0.0223 -0.0058 0.0107 0.0058 -0.0092 0.7965 0.6042
190.000 8.4382 0.0235 -0.0018 0.0126 0.0072 -0.0104 0.7704 0.6371
195.000 8.8370 0.0248 0.0033 0.0148 0.0089 -0.0119 0.7447 0.6669
200.000 9.2321 0.0262 0.0095 0.0175 0.0108 -0.0136 0.7193 0.6941
205.000 9.6313 0.0278 0.0168 0.0206 0.0130 -0.0155 0.6944 0.7189
210.000 10.0410 0.0296 0.0251 0.0242 0.0156 -0.0178 0.6698 0.7415
215.000 10.4662 0.0317 0.0346 0.0285 0.0186 -0.0205 0.6457 0.7622
220.000 10.9110 0.0340 0.0451 0.0334 0.0221 -0.0235 0.6221 0.7809
225.000 11.3789 0.0367 0.0566 0.0390 0.0260 -0.0271 0.5989 0.7980
230.000 11.8725 0.0396 0.0691 0.0455 0.0304 -0.0312 0.5763 0.8135
235.000 12.3937 0.0430 0.0827 0.0528 0.0355 -0.0358 0.5541 0.8273
240.000 12.9431 0.0468 0.0972 0.0609 0.0411 -0.0410 0.5325 0.8397
245.000 13.5204 0.0510 0.1128 0.0701 0.0475 -0.0469 0.5115 0.8506
250.000 14.1232 0.0557 0.1293 0.0803 0.0545 -0.0534 0.4910 0.8601
255.000 14.7469 0.0610 0.1468 0.0916 0.0623 -0.0606 0.4712 0.8681
260.000 15.3843 0.0667 0.1651 0.1040 0.0709 -0.0686 0.4521 0.8746
265.000 16.0243 0.0731 0.1844 0.1176 0.0803 -0.0773 0.4337 0.8797
270.000 16.6515 0.0800 0.2045 0.1324 0.0905 -0.0868 0.4162 0.8834
275.000 17.2453 0.0875 0.2254 0.1485 0.1016 -0.0971 0.3995 0.8855
280.000 17.7780 0.0957 0.2471 0.1659 0.1137 -0.1082 0.3837 0.8862
285.000 18.2113 0.1045 0.2695 0.1846 0.1267 -0.1201 0.3685 0.8856
290.000 18.4942 0.1141 0.2926 0.2048 0.1408 -0.1329 0.3531 0.8838
295.000 18.6002 0.1244 0.3162 0.2263 0.1562 -0.1464 0.3379 0.8808
300.000 18.5680 0.1353 0.3398 0.2491 0.1723 -0.1606 0.3249 0.8759
305.000 18.4000 0.1467 0.3636 0.2727 0.1889 -0.1755 0.3150 0.8689
310.000 18.0642 0.1585 0.3874 0.2974 0.2061 -0.1911 0.3074 0.8601
315.000 17.5536 0.1707 0.4113 0.3230 0.2239 -0.2072 0.3016 0.8497
320.000 16.8858 0.1833 0.4348 0.3494 0.2423 -0.2239 0.2976 0.8378
325.000 16.0910 0.1963 0.4578 0.3766 0.2613 -0.2410 0.2955 0.8246
330.000 15.2067 0.2096 0.4802 0.4043 0.2806 -0.2585 0.2953 0.8101
335.000 14.2713 0.2230 0.5018 0.4323 0.3001 -0.2761 0.2972 0.7942
340.000 13.3199 0.2364 0.5223 0.4604 0.3197 -0.2937 0.3011 0.7773
345.000 12.3821 0.2496 0.5417 0.4883 0.3391 -0.3112 0.3071 0.7593
350.000 11.4803 0.2626 0.5597 0.5157 0.3582 -0.3283 0.3152 0.7405
355.000 10.6305 0.2752 0.5760 0.5425 0.3768 -0.3450 0.3254 0.7210
360.000 9.8423 0.2871 0.5905 0.5682 0.3948 -0.3611 0.3376 0.7011
365.000 9.1205 0.2984 0.6031 0.5927 0.4118 -0.3764 0.3516 0.6810
370.000 8.4661 0.3088 0.6135 0.6157 0.4278 -0.3908 0.3674 0.6608
375.000 7.8776 0.3182 0.6218 0.6369 0.4425 -0.4041 0.3848 0.6408
380.000 7.3515 0.3265 0.6277 0.6562 0.4559 -0.4162 0.4036 0.6212
385.000 6.8837 0.3336 0.6314 0.6733 0.4678 -0.4270 0.4236 0.6023
390.000 6.4693 0.3394 0.6327 0.6881 0.4781 -0.4363 0.4446 0.5842
395.000 6.1034 0.3439 0.6317 0.7004 0.4868 -0.4442 0.4664 0.5670
400.000 5.7813 0.3470 0.6284 0.7103 0.4937 -0.4506 0.4886 0.5511
405.000 5.4984 0.3487 0.6230 0.7177 0.4989 -0.4555 0.5111 0.5364
410.000 5.2505 0.3491 0.6155 0.7225 0.5024 -0.4589 0.5336 0.5231
415.000 5.0338 0.3480 0.6061 0.7249 0.5042 -0.4607 0.5559 0.5113
420.000 4.8448 0.3458 0.5949 0.7249 0.5045 -0.4611 0.5777 0.5011
425.000 4.6803 0.3423 0.5821 0.7227 0.5032 -0.4602 0.5990 0.4924
430.000 4.5376 0.3376 0.5679 0.7183 0.5005 -0.4579 0.6195 0.4853
435.000 4.4140 0.3320 0.5524 0.7121 0.4966 -0.4545 0.6390 0.4798
440.000 4.3073 0.3254 0.5358 0.7040 0.4914 -0.4499 0.6575 0.4758
445.000 4.2154 0.3181 0.5183 0.6944 0.4853 -0.4444 0.6749 0.4733
450.000 4.1365 0.3101 0.5001 0.6835 0.4783 -0.4379 0.6910 0.4721
