155.000 3.3632 0.0498 -0.0034 0.0014 0.0008 -0.0014 0.9445 0.3246
160.000 4.9509 0.0739 -0.0095 0.0042 0.0030 -0.0040 0.8972 0.4352
165.000 5.8179 0.1010 -0.0115 0.0060 0.0050 -0.0054 0.8536 0.5108
170.000 6.3467 0.1285 -0.0122 0.0079 0.0073 -0.0064 0.8056 0.5782
175.000 6.6708 0.1558 -0.0112 0.0100 0.0100 -0.0072 0.7524 0.6399
180.000 6.8616 0.1825 -0.0084 0.0126 0.0128 -0.0075 0.6938 0.6966
185.000 6.9634 0.2082 -0.0036 0.0159 0.0160 -0.0075 0.6294 0.7486
190.000 7.0063 0.2324 0.0037 0.0200 0.0193 -0.0068 0.5593 0.7957
195.000 7.0122 0.2549 0.0137 0.0251 0.0228 -0.0053 0.4834 0.8374
200.000 6.9970 0.2753 0.0267 0.0316 0.0264 -0.0030 0.4021 0.8730
205.000 6.9733 0.2932 0.0431 0.0396 0.0301 0.0006 0.3158 0.9017
210.000 6.9510 0.3085 0.0633 0.0495 0.0338 0.0055 0.2250 0.9228
215.000 6.9382 0.3208 0.0874 0.0615 0.0374 0.0121 0.1308 0.9352
220.000 6.9417 0.3301 0.1159 0.0758 0.0408 0.0206 0.0342 0.9381
225.000 6.9677 0.3364 0.1488 0.0929 0.0439 0.0314 -0.0635 0.9308
230.000 7.0215 0.3397 0.1861 0.1127 0.0464 0.0445 -0.1604 0.9126
235.000 7.1085 0.3403 0.2276 0.1355 0.0484 0.0603 -0.2550 0.8830
240.000 7.2338 0.3386 0.2731 0.1613 0.0495 0.0788 -0.3450 0.8421
245.000 7.4021 0.3352 0.3220 0.1900 0.0496 0.1001 -0.4286 0.7899
250.000 7.6183 0.3306 0.3736 0.2213 0.0486 0.1241 -0.5037 0.7271
255.000 7.8868 0.3256 0.4268 0.2549 0.0463 0.1505 -0.5683 0.6549
260.000 8.2113 0.3212 0.4806 0.2901 0.0427 0.1791 -0.6210 0.5748
265.000 8.5944 0.3180 0.5338 0.3264 0.0377 0.2093 -0.6607 0.4887
270.000 9.0368 0.3169 0.5849 0.3630 0.0313 0.2405 -0.6866 0.3987
275.000 9.5366 0.3185 0.6329 0.3990 0.0237 0.2721 -0.6988 0.3071
280.000 10.0879 0.3232 0.6765 0.4336 0.0148 0.3035 -0.6978 0.2160
285.000 10.6796 0.3311 0.7146 0.4660 0.0048 0.3340 -0.6850 0.1269
290.000 11.2946 0.3416 0.7460 0.4952 -0.0064 0.3636 -0.6620 0.0406
295.000 11.9150 0.3548 0.7698 0.5207 -0.0185 0.3916 -0.6304 -0.0409
300.000 12.5261 0.3722 0.7871 0.5426 -0.0306 0.4167 -0.5909 -0.1126
305.000 13.1042 0.3937 0.7990 0.5608 -0.0423 0.4380 -0.5455 -0.1729
310.000 13.6212 0.4181 0.8053 0.5752 -0.0537 0.4559 -0.4968 -0.2235
315.000 14.0548 0.4445 0.8061 0.5857 -0.0648 0.4707 -0.4466 -0.2653
320.000 14.3904 0.4721 0.8019 0.5925 -0.0755 0.4826 -0.3965 -0.2989
325.000 14.6151 0.5004 0.7932 0.5957 -0.0858 0.4916 -0.3478 -0.3246
330.000 14.7339 0.5290 0.7806 0.5957 -0.0955 0.4981 -0.3011 -0.3431
335.000 14.7573 0.5575 0.7649 0.5928 -0.1047 0.5022 -0.2572 -0.3553
340.000 14.6973 0.5855 0.7465 0.5872 -0.1133 0.5041 -0.2164 -0.3619
345.000 14.5686 0.6128 0.7259 0.5793 -0.1213 0.5041 -0.1792 -0.3635
350.000 14.3865 0.6391 0.7038 0.5695 -0.1287 0.5025 -0.1457 -0.3609
355.000 14.1655 0.6642 0.6804 0.5579 -0.1356 0.4995 -0.1159 -0.3548
360.000 13.9184 0.6880 0.6562 0.5449 -0.1419 0.4953 -0.0897 -0.3457
365.000 13.6560 0.7104 0.6314 0.5307 -0.1477 0.4902 -0.0669 -0.3342
370.000 13.3871 0.7314 0.6063 0.5155 -0.1531 0.4844 -0.0474 -0.3207
375.000 13.1182 0.7509 0.5811 0.4994 -0.1580 0.4781 -0.0309 -0.3056
380.000 12.8544 0.7689 0.5559 0.4826 -0.1627 0.4713 -0.0172 -0.2893
385.000 12.5992 0.7856 0.5309 0.4653 -0.1670 0.4643 -0.0061 -0.2721
390.000 12.3549 0.8008 0.5060 0.4474 -0.1711 0.4572 0.0028 -0.2542
395.000 12.1231 0.8146 0.4815 0.4292 -0.1750 0.4500 0.0095 -0.2359
400.000 11.9047 0.8271 0.4572 0.4107 -0.1788 0.4428 0.0144 -0.2172
405.000 11.7001 0.8384 0.4333 0.3918 -0.1825 0.4358 0.0176 -0.1984
410.000 11.5093 0.8484 0.4098 0.3727 -0.1861 0.4290 0.0194 -0.1795
415.000 11.3321 0.8572 0.3866 0.3535 -0.1897 0.4224 0.0199 -0.1607
420.000 11.1682 0.8650 0.3637 0.3340 -0.1933 0.4161 0.0193 -0.1420
425.000 11.0173 0.8717 0.3411 0.3144 -0.1970 0.4102 0.0177 -0.1235
430.000 10.8788 0.8775 0.3187 0.2946 -0.2007 0.4045 0.0154 -0.1053
435.000 10.7522 0.8822 0.2967 0.2747 -0.2046 0.3993 0.0124 -0.0875
440.000 10.6372 0.8862 0.2748 0.2547 -0.2087 0.3944 0.0088 -0.0700
445.000 10.5331 0.8893 0.2532 0.2346 -0.2129 0.3898 0.0048 -0.0530
450.000 10.4396 0.8916 0.2318 0.2144 -0.2173 0.3856 0.0004 -0.0365
