155.000 3.2561 0.0307 -0.0042 0.0017 0.0007 -0.0017 0.9205 0.3896
160.000 4.8485 0.0351 -0.0118 0.0052 0.0026 -0.0050 0.8554 0.5167
165.000 5.8405 0.0404 -0.0143 0.0072 0.0041 -0.0067 0.8010 0.5972
170.000 6.5779 0.0445 -0.0152 0.0091 0.0057 -0.0080 0.7467 0.6635
175.000 7.1768 0.0478 -0.0145 0.0111 0.0076 -0.0091 0.6927 0.7195
180.000 7.6942 0.0504 -0.0122 0.0133 0.0097 -0.0101 0.6391 0.7673
185.000 8.1634 0.0528 -0.0083 0.0158 0.0121 -0.0110 0.5864 0.8083
190.000 8.6056 0.0550 -0.0028 0.0187 0.0149 -0.0118 0.5345 0.8434
195.000 9.0353 0.0573 0.0041 0.0222 0.0181 -0.0127 0.4837 0.8734
200.000 9.4633 0.0597 0.0126 0.0262 0.0217 -0.0136 0.4340 0.8988
205.000 9.8978 0.0624 0.0224 0.0309 0.0259 -0.0146 0.3857 0.9203
210.000 10.3455 0.0655 0.0337 0.0364 0.0308 -0.0158 0.3386 0.9381
215.000 10.8121 0.0691 0.0463 0.0427 0.0363 -0.0171 0.2929 0.9526
220.000 11.3023 0.0732 0.0602 0.0500 0.0425 -0.0185 0.2487 0.9641
225.000 11.8204 0.0780 0.0754 0.0582 0.0495 -0.0202 0.2059 0.9728
230.000 12.3697 0.0834 0.0918 0.0675 0.0574 -0.0221 0.1647 0.9789
235.000 12.9532 0.0895 0.1093 0.0779 0.0663 -0.0242 0.1250 0.9826
240.000 13.5725 0.0964 0.1280 0.0895 0.0761 -0.0266 0.0870 0.9840
245.000 14.2281 0.1042 0.1478 0.1023 0.0869 -0.0292 0.0507 0.9832
250.000 14.9189 0.1128 0.1686 0.1164 0.0988 -0.0320 0.0162 0.9805
255.000 15.6411 0.1224 0.1904 0.1318 0.1118 -0.0351 -0.0165 0.9758
260.000 16.3879 0.1329 0.2131 0.1486 0.1259 -0.0384 -0.0472 0.9693
265.000 17.1487 0.1443 0.2366 0.1667 0.1412 -0.0420 -0.0759 0.9610
270.000 17.9078 0.1567 0.2608 0.1861 0.1576 -0.0458 -0.1024 0.9511
275.000 18.6436 0.1701 0.2856 0.2069 0.1751 -0.0497 -0.1268 0.9397
280.000 19.3272 0.1845 0.3110 0.2290 0.1938 -0.0538 -0.1491 0.9268
285.000 19.9191 0.1998 0.3368 0.2524 0.2136 -0.0580 -0.1696 0.9124
290.000 20.3684 0.2161 0.3628 0.2771 0.2348 -0.0621 -0.1893 0.8964
295.000 20.6431 0.2334 0.3886 0.3030 0.2571 -0.0660 -0.2080 0.8790
300.000 20.7628 0.2516 0.4142 0.3299 0.2803 -0.0700 -0.2226 0.8608
305.000 20.7197 0.2703 0.4398 0.3575 0.3038 -0.0744 -0.2324 0.8423
310.000 20.4817 0.2897 0.4653 0.3859 0.3279 -0.0789 -0.2386 0.8233
315.000 20.0409 0.3096 0.4904 0.4149 0.3524 -0.0833 -0.2419 0.8039
320.000 19.4134 0.3300 0.5148 0.4444 0.3773 -0.0878 -0.2425 0.7840
325.000 18.6291 0.3506 0.5383 0.4742 0.4024 -0.0922 -0.2402 0.7642
330.000 17.7272 0.3715 0.5609 0.5040 0.4277 -0.0965 -0.2351 0.7443
335.000 16.7499 0.3924 0.5824 0.5336 0.4527 -0.1006 -0.2273 0.7245
340.000 15.7364 0.4131 0.6027 0.5629 0.4774 -0.1045 -0.2168 0.7051
345.000 14.7209 0.4335 0.6216 0.5916 0.5016 -0.1083 -0.2038 0.6862
350.000 13.7302 0.4534 0.6390 0.6194 0.5250 -0.1117 -0.1883 0.6679
355.000 12.7844 0.4726 0.6548 0.6461 0.5476 -0.1149 -0.1705 0.6505
360.000 11.8964 0.4910 0.6688 0.6715 0.5690 -0.1179 -0.1506 0.6341
365.000 11.0737 0.5084 0.6810 0.6954 0.5893 -0.1205 -0.1287 0.6189
370.000 10.3194 0.5246 0.6913 0.7176 0.6081 -0.1229 -0.1051 0.6049
375.000 9.6334 0.5395 0.6995 0.7379 0.6254 -0.1250 -0.0800 0.5924
380.000 9.0134 0.5530 0.7058 0.7561 0.6411 -0.1268 -0.0536 0.5813
385.000 8.4556 0.5649 0.7101 0.7722 0.6550 -0.1282 -0.0262 0.5717
390.000 7.9556 0.5751 0.7123 0.7861 0.6672 -0.1294 0.0020 0.5637
395.000 7.5087 0.5837 0.7126 0.7976 0.6775 -0.1303 0.0307 0.5574
400.000 7.1101 0.5905 0.7109 0.8068 0.6860 -0.1309 0.0597 0.5527
405.000 6.7551 0.5956 0.7072 0.8135 0.6927 -0.1312 0.0886 0.5495
410.000 6.4393 0.5989 0.7018 0.8180 0.6976 -0.1312 0.1174 0.5480
415.000 6.1586 0.6004 0.6946 0.8201 0.7006 -0.1309 0.1458 0.5480
420.000 5.9094 0.6002 0.6857 0.8200 0.7020 -0.1304 0.1735 0.5495
425.000 5.6882 0.5984 0.6752 0.8177 0.7018 -0.1295 0.2005 0.5524
430.000 5.4919 0.5950 0.6633 0.8134 0.7000 -0.1284 0.2264 0.5567
435.000 5.3179 0.5901 0.6500 0.8072 0.6968 -0.1270 0.2513 0.5622
440.000 5.1636 0.5839 0.6355 0.7993 0.6923 -0.1253 0.2748 0.5688
445.000 5.0267 0.5764 0.6198 0.7898 0.6866 -0.1233 0.2970 0.5765
450.000 4.9051 0.5679 0.6032 0.7788 0.6799 -0.1210 0.3178 0.5852
