155 3.2736
160 4.9423
165 6.0123
170 6.8190
175 7.4797
180 8.0524
185 8.5708
190 9.0560
195 9.5220
200 9.9790
205 10.4403
210 10.9103
215 11.3973
220 11.9071
225 12.4441
230 13.0139
235 13.6225
240 14.2613
245 14.9404
250 15.6596
255 16.4123
260 17.2188
265 18.0013
270 18.8011
275 19.5876
280 20.2967
285 20.9950
290 21.5010
295 21.8843
300 22.1258
305 22.1009
310 21.9043
315 21.4862
320 20.8448
325 20.0267
330 19.1195
335 18.0677
340 16.9860
345 15.9184
350 14.7989
355 13.7991
360 12.8322
365 11.9062
370 11.0832
375 10.3096
380 9.6075
385 8.9800
390 8.4057
395 7.8939
400 7.4329
405 7.0172
410 6.6442
415 6.3091
420 6.0077
425 5.7368
430 5.4944
435 5.2736
440 5.0722
445 4.8899
450 4.7245
