155.000 3.2606 0.0003 -0.0005 0.0002 0.0000 -0.0002 0.9991 0.0421
160.000 4.7917 0.0003 -0.0013 0.0006 0.0000 -0.0006 0.9984 0.0571
165.000 5.7386 0.0004 -0.0016 0.0008 0.0000 -0.0008 0.9977 0.0671
170.000 6.4251 0.0004 -0.0017 0.0010 0.0001 -0.0009 0.9971 0.0758
175.000 6.9681 0.0004 -0.0016 0.0011 0.0001 -0.0011 0.9965 0.0837
180.000 7.4259 0.0004 -0.0013 0.0014 0.0001 -0.0014 0.9959 0.0909
185.000 7.8323 0.0005 -0.0009 0.0016 0.0001 -0.0016 0.9952 0.0976
190.000 8.2090 0.0005 -0.0002 0.0019 0.0002 -0.0019 0.9946 0.1038
195.000 8.5704 0.0005 0.0006 0.0022 0.0002 -0.0022 0.9940 0.1096
200.000 8.9272 0.0006 0.0016 0.0026 0.0003 -0.0026 0.9934 0.1151
205.000 9.2869 0.0006 0.0028 0.0031 0.0003 -0.0030 0.9927 0.1202
210.000 9.6556 0.0007 0.0041 0.0036 0.0004 -0.0036 0.9921 0.1251
215.000 10.0377 0.0007 0.0057 0.0043 0.0005 -0.0042 0.9915 0.1297
220.000 10.4368 0.0008 0.0074 0.0050 0.0005 -0.0050 0.9909 0.1341
225.000 10.8557 0.0008 0.0093 0.0059 0.0006 -0.0058 0.9903 0.1383
230.000 11.2961 0.0009 0.0114 0.0069 0.0008 -0.0068 0.9898 0.1422
235.000 11.7591 0.0010 0.0137 0.0080 0.0009 -0.0080 0.9892 0.1460
240.000 12.2446 0.0011 0.0162 0.0093 0.0010 -0.0093 0.9886 0.1495
245.000 12.7510 0.0012 0.0189 0.0108 0.0012 -0.0107 0.9881 0.1529
250.000 13.2754 0.0013 0.0218 0.0125 0.0014 -0.0124 0.9875 0.1561
255.000 13.8124 0.0014 0.0249 0.0143 0.0016 -0.0142 0.9870 0.1590
260.000 14.3542 0.0016 0.0281 0.0164 0.0019 -0.0163 0.9864 0.1618
265.000 14.8895 0.0017 0.0316 0.0187 0.0021 -0.0186 0.9859 0.1643
270.000 15.4034 0.0019 0.0353 0.0213 0.0024 -0.0211 0.9854 0.1666
275.000 15.8763 0.0021 0.0392 0.0241 0.0027 -0.0239 0.9849 0.1687
280.000 16.2819 0.0023 0.0432 0.0271 0.0031 -0.0269 0.9844 0.1705
285.000 16.5832 0.0025 0.0475 0.0305 0.0035 -0.0303 0.9839 0.1722
290.000 16.7298 0.0028 0.0520 0.0342 0.0039 -0.0339 0.9834 0.1738
295.000 16.7001 0.0031 0.0568 0.0382 0.0043 -0.0379 0.9829 0.1752
300.000 16.5485 0.0034 0.0616 0.0425 0.0048 -0.0422 0.9824 0.1762
305.000 16.2863 0.0037 0.0665 0.0470 0.0054 -0.0467 0.9820 0.1765
310.000 15.8817 0.0041 0.0714 0.0518 0.0059 -0.0514 0.9817 0.1763
315.000 15.3285 0.0044 0.0764 0.0569 0.0065 -0.0564 0.9815 0.1757
320.000 14.6453 0.0048 0.0814 0.0621 0.0071 -0.0617 0.9812 0.1747
325.000 13.8615 0.0052 0.0864 0.0677 0.0077 -0.0671 0.9811 0.1732
330.000 13.0126 0.0056 0.0913 0.0734 0.0084 -0.0728 0.9810 0.1712
335.000 12.1341 0.0060 0.0961 0.0792 0.0090 -0.0786 0.9809 0.1688
340.000 11.2568 0.0064 0.1007 0.0851 0.0097 -0.0845 0.9810 0.1659
345.000 10.4061 0.0068 0.1050 0.0910 0.0103 -0.0903 0.9811 0.1625
350.000 9.6004 0.0072 0.1091 0.0969 0.0110 -0.0962 0.9813 0.1586
355.000 8.8519 0.0076 0.1127 0.1026 0.0116 -0.1019 0.9815 0.1544
360.000 8.1673 0.0080 0.1160 0.1082 0.0123 -0.1073 0.9819 0.1498
365.000 7.5490 0.0083 0.1187 0.1134 0.0128 -0.1125 0.9823 0.1448
370.000 6.9964 0.0087 0.1209 0.1183 0.0134 -0.1174 0.9828 0.1396
375.000 6.5065 0.0089 0.1225 0.1227 0.0139 -0.1218 0.9833 0.1341
380.000 6.0753 0.0092 0.1235 0.1267 0.0143 -0.1257 0.9840 0.1286
385.000 5.6980 0.0094 0.1238 0.1301 0.0147 -0.1291 0.9846 0.1230
390.000 5.3696 0.0095 0.1236 0.1329 0.0150 -0.1319 0.9853 0.1175
395.000 5.0851 0.0096 0.1227 0.1350 0.0152 -0.1340 0.9861 0.1120
400.000 4.8399 0.0096 0.1213 0.1366 0.0154 -0.1356 0.9868 0.1068
405.000 4.6296 0.0096 0.1194 0.1375 0.0154 -0.1365 0.9876 0.1018
410.000 4.4501 0.0096 0.1169 0.1378 0.0155 -0.1368 0.9884 0.0971
415.000 4.2979 0.0095 0.1141 0.1376 0.0154 -0.1366 0.9891 0.0928
420.000 4.1697 0.0093 0.1108 0.1368 0.0153 -0.1358 0.9898 0.0888
425.000 4.0627 0.0091 0.1072 0.1355 0.0151 -0.1345 0.9906 0.0852
430.000 3.9743 0.0089 0.1034 0.1338 0.0149 -0.1328 0.9912 0.0821
435.000 3.9021 0.0087 0.0994 0.1316 0.0147 -0.1307 0.9919 0.0794
440.000 3.8441 0.0084 0.0952 0.1292 0.0144 -0.1283 0.9924 0.0771
445.000 3.7984 0.0081 0.0910 0.1265 0.0141 -0.1256 0.9930 0.0752
450.000 3.7631 0.0078 0.0867 0.1236 0.0137 -0.1227 0.9935 0.0737
