155.000 3.4176 0.0353 -0.0027 0.0011 0.0005 -0.0011 0.9648 0.2606
160.000 5.0448 0.0540 -0.0075 0.0033 0.0021 -0.0032 0.9352 0.3500
165.000 5.9408 0.0755 -0.0090 0.0046 0.0035 -0.0043 0.9083 0.4114
170.000 6.4832 0.0981 -0.0094 0.0060 0.0051 -0.0052 0.8787 0.4671
175.000 6.8044 0.1217 -0.0084 0.0076 0.0069 -0.0060 0.8457 0.5195
180.000 6.9754 0.1459 -0.0059 0.0095 0.0089 -0.0065 0.8089 0.5696
185.000 7.0406 0.1705 -0.0016 0.0119 0.0111 -0.0069 0.7677 0.6177
190.000 7.0309 0.1953 0.0049 0.0149 0.0135 -0.0069 0.7218 0.6639
195.000 6.9687 0.2200 0.0139 0.0187 0.0159 -0.0065 0.6708 0.7082
200.000 6.8711 0.2445 0.0258 0.0235 0.0184 -0.0055 0.6142 0.7500
205.000 6.7515 0.2683 0.0413 0.0297 0.0209 -0.0039 0.5517 0.7889
210.000 6.6207 0.2913 0.0609 0.0375 0.0232 -0.0013 0.4832 0.8239
215.000 6.4877 0.3129 0.0851 0.0472 0.0253 0.0025 0.4087 0.8540
220.000 6.3602 0.3329 0.1146 0.0593 0.0270 0.0077 0.3283 0.8781
225.000 6.2451 0.3509 0.1500 0.0741 0.0280 0.0147 0.2425 0.8945
230.000 6.1487 0.3664 0.1916 0.0919 0.0281 0.0239 0.1522 0.9016
235.000 6.0774 0.3792 0.2400 0.1132 0.0271 0.0354 0.0588 0.8978
240.000 6.0371 0.3891 0.2949 0.1381 0.0246 0.0498 -0.0357 0.8811
245.000 6.0342 0.3958 0.3559 0.1667 0.0203 0.0671 -0.1288 0.8503
250.000 6.0753 0.3996 0.4222 0.1989 0.0139 0.0874 -0.2173 0.8041
255.000 6.1670 0.4006 0.4922 0.2340 0.0052 0.1105 -0.2979 0.7423
260.000 6.3159 0.3995 0.5637 0.2713 -0.0058 0.1362 -0.3669 0.6656
265.000 6.5285 0.3970 0.6343 0.3098 -0.0190 0.1637 -0.4212 0.5757
270.000 6.8102 0.3941 0.7011 0.3481 -0.0343 0.1922 -0.4584 0.4755
275.000 7.1645 0.3918 0.7615 0.3848 -0.0512 0.2208 -0.4770 0.3686
280.000 7.5918 0.3909 0.8130 0.4185 -0.0692 0.2485 -0.4771 0.2590
285.000 8.0875 0.3921 0.8540 0.4480 -0.0879 0.2746 -0.4605 0.1503
290.000 8.6407 0.3952 0.8830 0.4725 -0.1069 0.2986 -0.4298 0.0450
295.000 9.2393 0.4006 0.8997 0.4913 -0.1256 0.3202 -0.3876 -0.0535
300.000 9.8748 0.4101 0.9055 0.5047 -0.1428 0.3378 -0.3359 -0.1389
305.000 10.5258 0.4239 0.9024 0.5132 -0.1579 0.3510 -0.2780 -0.2095
310.000 11.1616 0.4407 0.8918 0.5172 -0.1712 0.3605 -0.2176 -0.2671
315.000 11.7548 0.4596 0.8747 0.5172 -0.1828 0.3670 -0.1576 -0.3133
320.000 12.2828 0.4802 0.8525 0.5137 -0.1929 0.3708 -0.0998 -0.3491
325.000 12.7242 0.5017 0.8266 0.5074 -0.2016 0.3724 -0.0457 -0.3756
330.000 13.0736 0.5239 0.7980 0.4988 -0.2090 0.3723 0.0043 -0.3940
335.000 13.3312 0.5464 0.7677 0.4884 -0.2153 0.3706 0.0496 -0.4056
340.000 13.5009 0.5688 0.7363 0.4765 -0.2205 0.3678 0.0900 -0.4115
345.000 13.5905 0.5910 0.7046 0.4635 -0.2249 0.3640 0.1255 -0.4127
350.000 13.6108 0.6127 0.6730 0.4498 -0.2285 0.3595 0.1564 -0.4100
355.000 13.5735 0.6338 0.6417 0.4355 -0.2314 0.3546 0.1828 -0.4043
360.000 13.4904 0.6543 0.6110 0.4208 -0.2339 0.3493 0.2050 -0.3961
365.000 13.3721 0.6739 0.5812 0.4058 -0.2359 0.3439 0.2235 -0.3860
370.000 13.2279 0.6926 0.5521 0.3906 -0.2375 0.3384 0.2385 -0.3744
375.000 13.0659 0.7105 0.5240 0.3754 -0.2390 0.3330 0.2504 -0.3617
380.000 12.8925 0.7275 0.4968 0.3600 -0.2402 0.3276 0.2595 -0.3481
385.000 12.7128 0.7435 0.4705 0.3446 -0.2414 0.3224 0.2661 -0.3339
390.000 12.5309 0.7587 0.4451 0.3292 -0.2424 0.3175 0.2705 -0.3194
395.000 12.3500 0.7729 0.4205 0.3138 -0.2435 0.3127 0.2729 -0.3045
400.000 12.1723 0.7862 0.3967 0.2983 -0.2446 0.3083 0.2736 -0.2895
405.000 11.9996 0.7986 0.3735 0.2828 -0.2458 0.3042 0.2728 -0.2744
410.000 11.8331 0.8102 0.3511 0.2672 -0.2471 0.3004 0.2706 -0.2593
415.000 11.6738 0.8209 0.3292 0.2516 -0.2485 0.2969 0.2673 -0.2442
420.000 11.5223 0.8308 0.3079 0.2358 -0.2501 0.2939 0.2630 -0.2293
425.000 11.3790 0.8398 0.2870 0.2200 -0.2519 0.2911 0.2579 -0.2145
430.000 11.2442 0.8481 0.2666 0.2041 -0.2540 0.2888 0.2520 -0.1999
435.000 11.1182 0.8555 0.2465 0.1880 -0.2563 0.2868 0.2456 -0.1856
440.000 11.0009 0.8623 0.2267 0.1718 -0.2588 0.2851 0.2387 -0.1714
445.000 10.8927 0.8683 0.2072 0.1555 -0.2617 0.2837 0.2314 -0.1576
450.000 10.7934 0.8736 0.1879 0.1390 -0.2648 0.2827 0.2239 -0.1441
