155 3.2338
160 4.8523
165 5.8739
170 6.6375
175 7.2618
180 7.8056
185 8.3023
190 8.7726
195 9.2296
200 9.6827
205 10.1428
210 10.6144
215 11.1082
220 11.6307
225 12.1853
230 12.7767
235 13.4117
240 14.0844
245 14.8051
250 15.5724
255 16.3774
260 17.2429
265 18.0962
270 18.9792
275 19.8596
280 20.6689
285 21.4800
290 22.1025
295 22.6113
300 22.9829
305 23.0749
310 22.9944
315 22.6803
320 22.1305
325 21.3948
330 20.5479
335 19.5381
340 18.4875
345 17.4406
350 16.3265
355 15.3257
360 14.3450
365 13.3963
370 12.5550
375 11.7573
380 11.0306
385 10.3792
390 9.7780
395 9.2404
400 8.7521
405 8.3075
410 7.9090
415 7.5483
420 7.2214
425 6.9254
430 6.6575
435 6.4148
440 6.1949
445 5.9962
450 5.8131
