155.000 3.2563 0.0679 -0.0050 0.0020 0.0013 -0.0020 0.8845 0.4616
160.000 4.8316 0.0886 -0.0139 0.0063 0.0048 -0.0058 0.7877 0.6095
165.000 5.7549 0.1100 -0.0171 0.0088 0.0077 -0.0076 0.7020 0.7034
170.000 6.4029 0.1280 -0.0182 0.0115 0.0109 -0.0088 0.6130 0.7794
175.000 6.9004 0.1426 -0.0173 0.0145 0.0144 -0.0094 0.5215 0.8410
180.000 7.3101 0.1541 -0.0144 0.0180 0.0182 -0.0094 0.4284 0.8902
185.000 7.6688 0.1627 -0.0093 0.0221 0.0223 -0.0087 0.3347 0.9281
190.000 8.0001 0.1689 -0.0021 0.0270 0.0268 -0.0072 0.2414 0.9556
195.000 8.3203 0.1731 0.0072 0.0329 0.0317 -0.0050 0.1493 0.9735
200.000 8.6412 0.1757 0.0187 0.0398 0.0370 -0.0020 0.0592 0.9826
205.000 8.9716 0.1771 0.0323 0.0479 0.0428 0.0020 -0.0281 0.9835
210.000 9.3190 0.1777 0.0479 0.0574 0.0492 0.0069 -0.1122 0.9769
215.000 9.6894 0.1778 0.0655 0.0682 0.0562 0.0129 -0.1924 0.9635
220.000 10.0881 0.1780 0.0850 0.0806 0.0638 0.0199 -0.2684 0.9440
225.000 10.5200 0.1783 0.1063 0.0946 0.0720 0.0280 -0.3397 0.9189
230.000 10.9896 0.1793 0.1292 0.1103 0.0810 0.0373 -0.4063 0.8890
235.000 11.5008 0.1812 0.1538 0.1277 0.0906 0.0478 -0.4677 0.8548
240.000 12.0570 0.1841 0.1798 0.1467 0.1010 0.0595 -0.5238 0.8168
245.000 12.6608 0.1884 0.2071 0.1675 0.1120 0.0725 -0.5745 0.7758
250.000 13.3136 0.1943 0.2356 0.1900 0.1236 0.0867 -0.6196 0.7322
255.000 14.0149 0.2018 0.2649 0.2141 0.1359 0.1021 -0.6592 0.6866
260.000 14.7619 0.2112 0.2950 0.2397 0.1486 0.1188 -0.6932 0.6396
265.000 15.5483 0.2225 0.3256 0.2667 0.1618 0.1366 -0.7216 0.5917
270.000 16.3635 0.2358 0.3564 0.2949 0.1752 0.1554 -0.7445 0.5434
275.000 17.1917 0.2510 0.3873 0.3242 0.1889 0.1751 -0.7620 0.4951
280.000 18.0103 0.2682 0.4178 0.3542 0.2026 0.1957 -0.7743 0.4473
285.000 18.7890 0.2870 0.4477 0.3848 0.2162 0.2172 -0.7820 0.3998
290.000 19.4898 0.3073 0.4762 0.4154 0.2295 0.2396 -0.7857 0.3521
295.000 20.0797 0.3288 0.5027 0.4458 0.2423 0.2630 -0.7855 0.3049
300.000 20.5442 0.3522 0.5278 0.4758 0.2547 0.2862 -0.7801 0.2616
305.000 20.8586 0.3775 0.5520 0.5053 0.2664 0.3086 -0.7695 0.2233
310.000 20.9945 0.4040 0.5749 0.5339 0.2773 0.3303 -0.7548 0.1887
315.000 20.9395 0.4314 0.5958 0.5613 0.2872 0.3515 -0.7370 0.1575
320.000 20.6984 0.4593 0.6145 0.5870 0.2961 0.3718 -0.7165 0.1296
325.000 20.2842 0.4874 0.6307 0.6109 0.3039 0.3913 -0.6937 0.1054
330.000 19.7278 0.5155 0.6445 0.6327 0.3105 0.4096 -0.6692 0.0849
335.000 19.0652 0.5433 0.6559 0.6522 0.3158 0.4267 -0.6432 0.0679
340.000 18.3309 0.5705 0.6648 0.6692 0.3197 0.4424 -0.6161 0.0545
345.000 17.5570 0.5970 0.6713 0.6838 0.3223 0.4566 -0.5883 0.0445
350.000 16.7710 0.6225 0.6753 0.6956 0.3236 0.4693 -0.5603 0.0380
355.000 15.9947 0.6469 0.6770 0.7048 0.3237 0.4804 -0.5322 0.0347
360.000 15.2446 0.6699 0.6764 0.7114 0.3225 0.4899 -0.5045 0.0344
365.000 14.5317 0.6915 0.6736 0.7153 0.3203 0.4979 -0.4774 0.0369
370.000 13.8629 0.7115 0.6689 0.7167 0.3170 0.5043 -0.4510 0.0420
375.000 13.2417 0.7299 0.6623 0.7156 0.3128 0.5093 -0.4256 0.0495
380.000 12.6693 0.7466 0.6539 0.7122 0.3077 0.5128 -0.4013 0.0591
385.000 12.1448 0.7616 0.6440 0.7066 0.3018 0.5151 -0.3781 0.0705
390.000 11.6666 0.7750 0.6327 0.6989 0.2953 0.5162 -0.3563 0.0836
395.000 11.2319 0.7866 0.6201 0.6893 0.2882 0.5162 -0.3357 0.0980
400.000 10.8379 0.7967 0.6063 0.6780 0.2807 0.5153 -0.3164 0.1137
405.000 10.4814 0.8051 0.5915 0.6651 0.2727 0.5136 -0.2985 0.1303
410.000 10.1594 0.8121 0.5758 0.6507 0.2643 0.5111 -0.2819 0.1477
415.000 9.8689 0.8176 0.5593 0.6351 0.2557 0.5081 -0.2666 0.1658
420.000 9.6070 0.8217 0.5421 0.6183 0.2469 0.5046 -0.2525 0.1842
425.000 9.3710 0.8245 0.5242 0.6005 0.2378 0.5007 -0.2396 0.2030
430.000 9.1586 0.8262 0.5058 0.5818 0.2286 0.4966 -0.2279 0.2220
435.000 8.9675 0.8267 0.4869 0.5624 0.2193 0.4923 -0.2173 0.2410
440.000 8.7955 0.8262 0.4676 0.5423 0.2099 0.4878 -0.2078 0.2600
445.000 8.6410 0.8248 0.4479 0.5217 0.2004 0.4834 -0.1994 0.2788
450.000 8.5020 0.8225 0.4279 0.5006 0.1908 0.4789 -0.1919 0.2973
