155.000 3.2607 0.0045 -0.0018 0.0007 0.0001 -0.0007 0.9863 0.1649
160.000 4.8036 0.0049 -0.0050 0.0022 0.0004 -0.0022 0.9748 0.2228
165.000 5.7604 0.0056 -0.0061 0.0030 0.0006 -0.0029 0.9653 0.2609
170.000 6.4579 0.0061 -0.0065 0.0037 0.0009 -0.0037 0.9558 0.2940
175.000 7.0128 0.0066 -0.0062 0.0045 0.0012 -0.0044 0.9461 0.3236
180.000 7.4830 0.0070 -0.0052 0.0054 0.0016 -0.0051 0.9365 0.3504
185.000 7.9021 0.0075 -0.0034 0.0063 0.0021 -0.0060 0.9270 0.3751
190.000 8.2917 0.0079 -0.0010 0.0074 0.0026 -0.0070 0.9174 0.3978
195.000 8.6663 0.0084 0.0021 0.0087 0.0032 -0.0081 0.9080 0.4189
200.000 9.0364 0.0090 0.0060 0.0103 0.0039 -0.0094 0.8987 0.4385
205.000 9.4097 0.0096 0.0105 0.0121 0.0047 -0.0110 0.8894 0.4569
210.000 9.7924 0.0102 0.0157 0.0142 0.0057 -0.0129 0.8803 0.4741
215.000 10.1891 0.0110 0.0217 0.0168 0.0069 -0.0151 0.8713 0.4902
220.000 10.6036 0.0118 0.0283 0.0197 0.0082 -0.0177 0.8624 0.5054
225.000 11.0388 0.0128 0.0356 0.0231 0.0097 -0.0206 0.8536 0.5196
230.000 11.4968 0.0139 0.0436 0.0270 0.0114 -0.0240 0.8449 0.5329
235.000 11.9789 0.0152 0.0523 0.0314 0.0133 -0.0279 0.8364 0.5454
240.000 12.4854 0.0166 0.0616 0.0364 0.0156 -0.0323 0.8280 0.5571
245.000 13.0150 0.0181 0.0717 0.0421 0.0180 -0.0373 0.8198 0.5679
250.000 13.5649 0.0199 0.0825 0.0485 0.0208 -0.0429 0.8117 0.5780
255.000 14.1302 0.0218 0.0939 0.0555 0.0239 -0.0491 0.8038 0.5872
260.000 14.7032 0.0240 0.1061 0.0634 0.0274 -0.0560 0.7960 0.5955
265.000 15.2725 0.0264 0.1189 0.0721 0.0312 -0.0636 0.7885 0.6030
270.000 15.8234 0.0290 0.1325 0.0816 0.0353 -0.0720 0.7812 0.6096
275.000 16.3356 0.0319 0.1466 0.0921 0.0399 -0.0812 0.7741 0.6153
280.000 16.7827 0.0351 0.1615 0.1035 0.0449 -0.0912 0.7672 0.6200
285.000 17.1270 0.0385 0.1770 0.1159 0.0503 -0.1021 0.7605 0.6239
290.000 17.3180 0.0423 0.1933 0.1294 0.0563 -0.1140 0.7536 0.6274
295.000 17.3326 0.0465 0.2101 0.1441 0.0629 -0.1269 0.7465 0.6302
300.000 17.2198 0.0509 0.2271 0.1597 0.0698 -0.1406 0.7403 0.6314
305.000 16.9882 0.0555 0.2443 0.1761 0.0771 -0.1550 0.7354 0.6305
310.000 16.6057 0.0604 0.2617 0.1933 0.0846 -0.1701 0.7313 0.6279
315.000 16.0660 0.0654 0.2792 0.2113 0.0925 -0.1859 0.7280 0.6239
320.000 15.3872 0.0707 0.2967 0.2301 0.1007 -0.2024 0.7255 0.6185
325.000 14.5991 0.0762 0.3140 0.2497 0.1093 -0.2196 0.7237 0.6116
330.000 13.7378 0.0818 0.3309 0.2698 0.1181 -0.2372 0.7227 0.6034
335.000 12.8398 0.0875 0.3473 0.2902 0.1270 -0.2552 0.7227 0.5937
340.000 11.9373 0.0933 0.3631 0.3109 0.1360 -0.2734 0.7236 0.5826
345.000 11.0570 0.0990 0.3779 0.3315 0.1450 -0.2915 0.7255 0.5701
350.000 10.2187 0.1046 0.3917 0.3519 0.1539 -0.3094 0.7284 0.5564
355.000 9.4358 0.1100 0.4042 0.3719 0.1625 -0.3269 0.7323 0.5415
360.000 8.7161 0.1152 0.4153 0.3911 0.1708 -0.3438 0.7372 0.5257
365.000 8.0627 0.1200 0.4247 0.4094 0.1787 -0.3599 0.7431 0.5091
370.000 7.4755 0.1244 0.4324 0.4265 0.1861 -0.3749 0.7499 0.4918
375.000 6.9520 0.1284 0.4381 0.4421 0.1928 -0.3887 0.7576 0.4742
380.000 6.4885 0.1318 0.4420 0.4562 0.1988 -0.4010 0.7660 0.4563
385.000 6.0804 0.1346 0.4438 0.4684 0.2040 -0.4118 0.7751 0.4386
390.000 5.7226 0.1367 0.4437 0.4787 0.2084 -0.4210 0.7847 0.4211
395.000 5.4102 0.1382 0.4416 0.4871 0.2119 -0.4284 0.7946 0.4041
400.000 5.1386 0.1391 0.4376 0.4933 0.2144 -0.4340 0.8049 0.3879
405.000 4.9034 0.1393 0.4318 0.4975 0.2161 -0.4378 0.8152 0.3725
410.000 4.7003 0.1388 0.4244 0.4997 0.2169 -0.4399 0.8256 0.3581
415.000 4.5259 0.1377 0.4155 0.5000 0.2169 -0.4402 0.8358 0.3449
420.000 4.3767 0.1361 0.4052 0.4983 0.2160 -0.4390 0.8458 0.3330
425.000 4.2498 0.1339 0.3939 0.4950 0.2145 -0.4362 0.8555 0.3223
430.000 4.1425 0.1312 0.3815 0.4901 0.2122 -0.4321 0.8647 0.3130
435.000 4.0525 0.1282 0.3683 0.4838 0.2094 -0.4267 0.8735 0.3051
440.000 3.9775 0.1248 0.3545 0.4763 0.2061 -0.4203 0.8817 0.2985
445.000 3.9156 0.1210 0.3402 0.4678 0.2024 -0.4129 0.8893 0.2932
450.000 3.8651 0.1171 0.3256 0.4583 0.1983 -0.4048 0.8964 0.2892
