155.000 3.2468 0.0465 -0.0048 0.0084 0.0046 -0.0073 0.8654 0.4988
160.000 4.8831 0.0595 -0.0105 0.0091 0.0055 -0.0080 0.8187 0.5710
165.000 5.9226 0.0696 -0.0142 0.0102 0.0068 -0.0090 0.7665 0.6383
170.000 6.7028 0.0771 -0.0158 0.0118 0.0085 -0.0100 0.7100 0.6998
175.000 7.3419 0.0825 -0.0153 0.0140 0.0107 -0.0111 0.6502 0.7551
180.000 7.8982 0.0862 -0.0127 0.0168 0.0135 -0.0119 0.5885 0.8038
185.000 8.4052 0.0886 -0.0082 0.0201 0.0168 -0.0126 0.5259 0.8459
190.000 8.8838 0.0902 -0.0019 0.0239 0.0206 -0.0128 0.4633 0.8816
195.000 9.3474 0.0916 0.0061 0.0282 0.0247 -0.0127 0.4018 0.9111
200.000 9.8055 0.0929 0.0157 0.0331 0.0293 -0.0123 0.3417 0.9351
205.000 10.2701 0.0943 0.0274 0.0389 0.0346 -0.0116 0.2820 0.9545
210.000 10.7456 0.0960 0.0406 0.0455 0.0404 -0.0106 0.2239 0.9692
215.000 11.2415 0.0982 0.0556 0.0532 0.0471 -0.0095 0.1671 0.9797
220.000 11.7642 0.1010 0.0722 0.0620 0.0545 -0.0082 0.1118 0.9864
225.000 12.3175 0.1045 0.0901 0.0718 0.0626 -0.0068 0.0584 0.9893
230.000 12.9064 0.1087 0.1101 0.0830 0.0719 -0.0051 0.0066 0.9888
235.000 13.5375 0.1137 0.1309 0.0952 0.0817 -0.0032 -0.0432 0.9851
240.000 14.2041 0.1203 0.1536 0.1091 0.0927 -0.0013 -0.0905 0.9783
245.000 14.9163 0.1282 0.1774 0.1240 0.1045 0.0009 -0.1356 0.9686
250.000 15.6735 0.1372 0.2021 0.1402 0.1170 0.0032 -0.1781 0.9563
255.000 16.4676 0.1471 0.2284 0.1580 0.1309 0.0053 -0.2177 0.9416
260.000 17.3208 0.1581 0.2550 0.1766 0.1453 0.0075 -0.2549 0.9247
265.000 18.1569 0.1707 0.2831 0.1970 0.1611 0.0097 -0.2884 0.9057
270.000 19.0183 0.1848 0.3118 0.2185 0.1775 0.0122 -0.3193 0.8848
275.000 19.8733 0.2002 0.3408 0.2410 0.1945 0.0147 -0.3470 0.8622
280.000 20.6551 0.2168 0.3705 0.2650 0.2127 0.0171 -0.3705 0.8385
285.000 21.4347 0.2349 0.4003 0.2897 0.2311 0.0197 -0.3918 0.8131
290.000 22.0228 0.2538 0.4300 0.3152 0.2502 0.0221 -0.4084 0.7875
295.000 22.4932 0.2741 0.4598 0.3416 0.2698 0.0245 -0.4220 0.7607
300.000 22.8234 0.2955 0.4892 0.3685 0.2897 0.0269 -0.4326 0.7330
305.000 22.8757 0.3165 0.5181 0.3959 0.3104 0.0290 -0.4384 0.7063
310.000 22.7539 0.3391 0.5473 0.4244 0.3319 0.0310 -0.4409 0.6783
315.000 22.4008 0.3617 0.5747 0.4521 0.3528 0.0329 -0.4400 0.6513
320.000 21.8143 0.3850 0.6013 0.4802 0.3738 0.0348 -0.4355 0.6246
325.000 21.0435 0.4096 0.6277 0.5087 0.3950 0.0366 -0.4275 0.5975
330.000 20.1682 0.4328 0.6509 0.5353 0.4149 0.0383 -0.4171 0.5728
335.000 19.1349 0.4566 0.6737 0.5624 0.4352 0.0398 -0.4025 0.5486
340.000 18.0642 0.4803 0.6947 0.5885 0.4548 0.0412 -0.3853 0.5254
345.000 17.0011 0.5032 0.7134 0.6131 0.4732 0.0424 -0.3658 0.5042
350.000 15.8755 0.5262 0.7312 0.6378 0.4918 0.0433 -0.3418 0.4843
355.000 14.8664 0.5479 0.7457 0.6596 0.5083 0.0440 -0.3179 0.4662
360.000 13.8819 0.5685 0.7583 0.6800 0.5241 0.0445 -0.2913 0.4502
365.000 12.9327 0.5879 0.7688 0.6991 0.5392 0.0447 -0.2621 0.4366
370.000 12.0905 0.6061 0.7766 0.7158 0.5524 0.0451 -0.2332 0.4247
375.000 11.2942 0.6224 0.7823 0.7310 0.5647 0.0456 -0.2025 0.4157
380.000 10.5697 0.6374 0.7859 0.7440 0.5756 0.0458 -0.1709 0.4087
385.000 9.9209 0.6509 0.7874 0.7546 0.5846 0.0458 -0.1391 0.4032
390.000 9.3236 0.6622 0.7869 0.7632 0.5924 0.0457 -0.1064 0.4004
395.000 8.7901 0.6723 0.7841 0.7695 0.5987 0.0457 -0.0743 0.3992
400.000 8.3071 0.6803 0.7792 0.7738 0.6038 0.0456 -0.0424 0.4004
405.000 7.8687 0.6861 0.7725 0.7762 0.6077 0.0457 -0.0110 0.4042
410.000 7.4755 0.6907 0.7641 0.7765 0.6099 0.0459 0.0196 0.4093
415.000 7.1202 0.6932 0.7541 0.7751 0.6110 0.0462 0.0493 0.4167
420.000 6.7990 0.6938 0.7425 0.7720 0.6110 0.0465 0.0779 0.4263
425.000 6.5088 0.6929 0.7292 0.7674 0.6101 0.0462 0.1055 0.4376
430.000 6.2470 0.6901 0.7144 0.7614 0.6085 0.0456 0.1319 0.4509
435.000 6.0095 0.6860 0.6986 0.7536 0.6054 0.0457 0.1564 0.4650
440.000 5.7939 0.6808 0.6819 0.7441 0.6008 0.0465 0.1789 0.4796
445.000 5.5989 0.6740 0.6645 0.7331 0.5952 0.0481 0.1992 0.4952
450.000 5.4199 0.6662 0.6460 0.7207 0.5885 0.0494 0.2183 0.5117
