155 3.1725
160 4.6685
165 5.5131
170 6.0471
175 6.3931
180 6.6138
185 6.7474
190 6.8191
195 6.8468
200 6.8449
205 6.8363
210 6.8241
215 6.8088
220 6.7955
225 6.7935
230 6.8146
235 6.8617
240 6.9389
245 7.0522
250 7.2052
255 7.4000
260 7.6473
265 7.9448
270 8.3042
275 8.7241
280 9.1940
285 9.7375
290 10.2873
295 10.8726
300 11.4785
305 12.0278
310 12.5750
315 13.0402
320 13.4211
325 13.7380
330 13.9503
335 14.0674
340 14.1132
345 14.0874
350 13.9720
355 13.8466
360 13.6669
365 13.4458
370 13.2396
375 13.0056
380 12.7701
385 12.5400
390 12.2969
395 12.0788
400 11.8679
405 11.6612
410 11.4684
415 11.2806
420 11.0997
425 10.9283
430 10.7621
435 10.6138
440 10.4834
445 10.3657
450 10.2525
