155.000 3.3128 0.0000 0.0000 0.0000 0.0000 0.0000 1.0000 0.0000
160.000 4.9642 0.0000 0.0000 0.0000 0.0000 0.0000 1.0000 0.0000
165.000 5.9601 0.0000 0.0000 0.0000 0.0000 0.0000 1.0000 0.0000
170.000 6.6358 0.0000 0.0000 0.0000 0.0000 0.0000 1.0000 0.0000
175.000 7.1089 0.0000 0.0000 0.0000 0.0000 0.0000 1.0000 0.0000
180.000 7.4389 0.0000 0.0000 0.0000 0.0000 0.0000 1.0000 0.0000
185.000 7.6615 0.0000 0.0000 0.0000 0.0000 0.0000 1.0000 0.0000
190.000 7.8005 0.0000 0.0000 0.0000 0.0000 0.0000 1.0000 0.0000
195.000 7.8727 0.0000 0.0000 0.0000 0.0000 0.0000 1.0000 0.0000
200.000 7.8887 0.0000 0.0000 0.0000 0.0000 0.0000 1.0000 0.0000
205.000 7.8407 0.0000 0.0000 0.0000 0.0000 0.0000 1.0000 0.0000
210.000 7.7438 0.0000 0.0000 0.0000 0.0000 0.0000 1.0000 0.0000
215.000 7.6141 0.0000 0.0000 0.0000 0.0000 0.0000 1.0000 0.0000
220.000 7.4585 0.0000 0.0000 0.0000 0.0000 0.0000 1.0000 0.0000
225.000 7.2783 0.0000 0.0000 0.0000 0.0000 0.0000 1.0000 0.0000
230.000 7.0747 0.0000 0.0000 0.0000 0.0000 0.0000 1.0000 0.0000
235.000 6.8540 0.0000 0.0000 0.0000 0.0000 0.0000 1.0000 0.0000
240.000 6.6228 0.0000 0.0000 0.0000 0.0000 0.0000 1.0000 0.0000
245.000 6.3858 0.0000 0.0000 0.0000 0.0000 0.0000 1.0000 0.0000
250.000 6.1566 0.0000 0.0000 0.0000 0.0000 0.0000 1.0000 0.0000
255.000 5.9553 0.0000 0.0000 0.0000 0.0000 0.0000 1.0000 0.0000
260.000 5.7792 0.0000 0.0000 0.0000 0.0000 0.0000 1.0000 0.0000
265.000 5.6731 0.0000 0.0000 0.0000 0.0000 0.0000 1.0000 0.0000
270.000 5.6315 0.0000 0.0000 0.0000 0.0000 0.0000 1.0000 0.0000
275.000 5.6748 0.0000 0.0000 0.0000 0.0000 0.0000 1.0000 0.0000
280.000 5.8326 0.0000 0.0000 0.0000 0.0000 0.0000 1.0000 0.0000
285.000 6.1000 0.0000 0.0000 0.0000 0.0000 0.0000 1.0000 0.0000
290.000 6.5435 0.0000 0.0000 0.0000 0.0000 0.0000 1.0000 0.0000
295.000 7.1538 0.0000 0.0000 0.0000 0.0000 0.0000 1.0000 0.0000
300.000 7.9172 0.0000 0.0000 0.0000 0.0000 0.0000 1.0000 0.0000
305.000 8.7935 0.0000 0.0000 0.0000 0.0000 0.0000 1.0000 0.0000
310.000 9.8105 0.0000 0.0000 0.0000 0.0000 0.0000 1.0000 0.0000
315.000 10.8973 0.0000 0.0000 0.0000 0.0000 0.0000 1.0000 0.0000
320.000 12.0553 0.0000 0.0000 0.0000 0.0000 0.0000 1.0000 0.0000
325.000 13.2760 0.0000 0.0000 0.0000 0.0000 0.0000 1.0000 0.0000
330.000 14.3961 0.0000 0.0000 0.0000 0.0000 0.0000 1.0000 0.0000
335.000 15.4886 0.0000 0.0000 0.0000 0.0000 0.0000 1.0000 0.0000
340.000 16.4958 0.0000 0.0000 0.0000 0.0000 0.0000 1.0000 0.0000
345.000 17.3762 0.0000 0.0000 0.0000 0.0000 0.0000 1.0000 0.0000
350.000 18.1535 0.0000 0.0000 0.0000 0.0000 0.0000 1.0000 0.0000
355.000 18.8272 0.0000 0.0000 0.0000 0.0000 0.0000 1.0000 0.0000
360.000 19.3896 0.0000 0.0000 0.0000 0.0000 0.0000 1.0000 0.0000
365.000 19.8469 0.0000 0.0000 0.0000 0.0000 0.0000 1.0000 0.0000
370.000 20.2223 0.0000 0.0000 0.0000 0.0000 0.0000 1.0000 0.0000
375.000 20.4960 0.0000 0.0000 0.0000 0.0000 0.0000 1.0000 0.0000
380.000 20.7083 0.0000 0.0000 0.0000 0.0000 0.0000 1.0000 0.0000
385.000 20.8742 0.0000 0.0000 0.0000 0.0000 0.0000 1.0000 0.0000
390.000 20.9727 0.0000 0.0000 0.0000 0.0000 0.0000 1.0000 0.0000
395.000 21.0467 0.0000 0.0000 0.0000 0.0000 0.0000 1.0000 0.0000
400.000 21.0790 0.0000 0.0000 0.0000 0.0000 0.0000 1.0000 0.0000
405.000 21.0710 0.0000 0.0000 0.0000 0.0000 0.0000 1.0000 0.0000
410.000 21.0495 0.0000 0.0000 0.0000 0.0000 0.0000 1.0000 0.0000
415.000 20.9990 0.0000 0.0000 0.0000 0.0000 0.0000 1.0000 0.0000
420.000 20.9305 0.0000 0.0000 0.0000 0.0000 0.0000 1.0000 0.0000
425.000 20.8566 0.0000 0.0000 0.0000 0.0000 0.0000 1.0000 0.0000
430.000 20.7679 0.0000 0.0000 0.0000 0.0000 0.0000 1.0000 0.0000
435.000 20.6719 0.0000 0.0000 0.0000 0.0000 0.0000 1.0000 0.0000
440.000 20.5689 0.0000 0.0000 0.0000 0.0000 0.0000 1.0000 0.0000
445.000 20.4556 0.0000 0.0000 0.0000 0.0000 0.0000 1.0000 0.0000
450.000 20.3583 0.0000 0.0000 0.0000 0.0000 0.0000 1.0000 0.0000
