155.000 3.2575 0.0259 -0.0040 0.0016 0.0006 -0.0016 0.9306 0.3651
160.000 4.8440 0.0294 -0.0110 0.0049 0.0022 -0.0047 0.8737 0.4855
165.000 5.8332 0.0337 -0.0134 0.0067 0.0035 -0.0063 0.8262 0.5622
170.000 6.5673 0.0371 -0.0143 0.0085 0.0049 -0.0076 0.7788 0.6260
175.000 7.1623 0.0397 -0.0136 0.0103 0.0065 -0.0087 0.7316 0.6804
180.000 7.6754 0.0420 -0.0114 0.0123 0.0084 -0.0098 0.6848 0.7274
185.000 8.1398 0.0441 -0.0077 0.0146 0.0105 -0.0108 0.6386 0.7682
190.000 8.5766 0.0461 -0.0026 0.0173 0.0129 -0.0118 0.5932 0.8038
195.000 9.0003 0.0481 0.0040 0.0204 0.0158 -0.0129 0.5485 0.8347
200.000 9.4218 0.0504 0.0119 0.0241 0.0190 -0.0141 0.5048 0.8617
205.000 9.8491 0.0529 0.0212 0.0285 0.0228 -0.0155 0.4621 0.8850
210.000 10.2888 0.0558 0.0319 0.0335 0.0271 -0.0171 0.4204 0.9051
215.000 10.7465 0.0591 0.0438 0.0393 0.0320 -0.0190 0.3798 0.9222
220.000 11.2266 0.0629 0.0570 0.0460 0.0376 -0.0211 0.3404 0.9366
225.000 11.7334 0.0672 0.0715 0.0536 0.0440 -0.0234 0.3021 0.9484
230.000 12.2700 0.0722 0.0871 0.0622 0.0512 -0.0262 0.2650 0.9579
235.000 12.8390 0.0777 0.1039 0.0719 0.0592 -0.0292 0.2293 0.9651
240.000 13.4418 0.0840 0.1218 0.0827 0.0681 -0.0327 0.1948 0.9702
245.000 14.0788 0.0911 0.1408 0.0947 0.0781 -0.0365 0.1616 0.9733
250.000 14.7484 0.0989 0.1608 0.1079 0.0890 -0.0407 0.1300 0.9745
255.000 15.4467 0.1075 0.1817 0.1224 0.1010 -0.0452 0.0998 0.9738
260.000 16.1667 0.1170 0.2036 0.1382 0.1140 -0.0502 0.0712 0.9713
265.000 16.8976 0.1273 0.2264 0.1553 0.1282 -0.0556 0.0443 0.9670
270.000 17.6239 0.1385 0.2499 0.1737 0.1435 -0.0613 0.0192 0.9612
275.000 18.3240 0.1507 0.2741 0.1935 0.1599 -0.0675 -0.0042 0.9537
280.000 18.9692 0.1637 0.2989 0.2147 0.1774 -0.0740 -0.0257 0.9446
285.000 19.5203 0.1777 0.3243 0.2371 0.1962 -0.0807 -0.0458 0.9340
290.000 19.9261 0.1926 0.3500 0.2610 0.2162 -0.0876 -0.0654 0.9219
295.000 20.1561 0.2084 0.3756 0.2861 0.2376 -0.0946 -0.0842 0.9082
300.000 20.2347 0.2251 0.4011 0.3123 0.2598 -0.1018 -0.0993 0.8934
305.000 20.1570 0.2423 0.4267 0.3393 0.2825 -0.1095 -0.1099 0.8778
310.000 19.8907 0.2602 0.4522 0.3672 0.3057 -0.1174 -0.1172 0.8612
315.000 19.4282 0.2785 0.4773 0.3958 0.3296 -0.1254 -0.1217 0.8438
320.000 18.7859 0.2973 0.5020 0.4250 0.3539 -0.1336 -0.1236 0.8257
325.000 17.9944 0.3165 0.5258 0.4546 0.3786 -0.1418 -0.1229 0.8072
330.000 17.0922 0.3359 0.5487 0.4844 0.4035 -0.1499 -0.1194 0.7882
335.000 16.1208 0.3553 0.5706 0.5142 0.4284 -0.1580 -0.1133 0.7690
340.000 15.1185 0.3746 0.5914 0.5438 0.4530 -0.1659 -0.1046 0.7496
345.000 14.1183 0.3937 0.6108 0.5728 0.4772 -0.1735 -0.0933 0.7304
350.000 13.1461 0.4123 0.6287 0.6012 0.5009 -0.1809 -0.0795 0.7115
355.000 12.2207 0.4303 0.6450 0.6285 0.5237 -0.1880 -0.0634 0.6930
360.000 11.3545 0.4475 0.6596 0.6547 0.5455 -0.1946 -0.0450 0.6752
365.000 10.5542 0.4637 0.6722 0.6794 0.5662 -0.2008 -0.0246 0.6582
370.000 9.8224 0.4788 0.6829 0.7025 0.5856 -0.2066 -0.0023 0.6421
375.000 9.1585 0.4927 0.6915 0.7238 0.6035 -0.2118 0.0216 0.6272
380.000 8.5599 0.5052 0.6981 0.7430 0.6197 -0.2166 0.0469 0.6135
385.000 8.0227 0.5161 0.7026 0.7601 0.6343 -0.2207 0.0734 0.6011
390.000 7.5425 0.5255 0.7049 0.7749 0.6470 -0.2243 0.1008 0.5902
395.000 7.1144 0.5332 0.7051 0.7874 0.6579 -0.2273 0.1289 0.5807
400.000 6.7335 0.5392 0.7033 0.7974 0.6669 -0.2297 0.1573 0.5728
405.000 6.3953 0.5434 0.6995 0.8050 0.6740 -0.2315 0.1859 0.5665
410.000 6.0953 0.5459 0.6938 0.8102 0.6793 -0.2328 0.2144 0.5617
415.000 5.8297 0.5467 0.6862 0.8130 0.6827 -0.2334 0.2425 0.5585
420.000 5.5946 0.5458 0.6769 0.8135 0.6843 -0.2335 0.2701 0.5568
425.000 5.3867 0.5434 0.6660 0.8118 0.6842 -0.2330 0.2969 0.5566
430.000 5.2030 0.5394 0.6535 0.8080 0.6825 -0.2320 0.3228 0.5578
435.000 5.0409 0.5340 0.6397 0.8023 0.6793 -0.2304 0.3476 0.5603
440.000 4.8977 0.5272 0.6246 0.7947 0.6748 -0.2283 0.3711 0.5641
445.000 4.7714 0.5193 0.6084 0.7855 0.6691 -0.2258 0.3933 0.5691
450.000 4.6600 0.5104 0.5912 0.7748 0.6622 -0.2227 0.4141 0.5752
