155.000 3.2718 0.0689 -0.0047 0.0019 0.0012 -0.0019 0.8959 0.4389
160.000 4.8362 0.0934 -0.0132 0.0059 0.0046 -0.0055 0.8077 0.5820
165.000 5.7291 0.1191 -0.0162 0.0084 0.0075 -0.0072 0.7281 0.6749
170.000 6.3319 0.1418 -0.0173 0.0110 0.0108 -0.0084 0.6438 0.7517
175.000 6.7731 0.1613 -0.0164 0.0140 0.0143 -0.0090 0.5553 0.8157
180.000 7.1183 0.1776 -0.0134 0.0175 0.0182 -0.0089 0.4634 0.8680
185.000 7.4066 0.1906 -0.0083 0.0217 0.0223 -0.0081 0.3691 0.9096
190.000 7.6632 0.2005 -0.0008 0.0268 0.0268 -0.0065 0.2734 0.9407
195.000 7.9056 0.2076 0.0089 0.0330 0.0316 -0.0039 0.1775 0.9620
200.000 8.1463 0.2123 0.0211 0.0403 0.0368 -0.0004 0.0822 0.9737
205.000 8.3950 0.2148 0.0356 0.0490 0.0423 0.0043 -0.0114 0.9762
210.000 8.6592 0.2157 0.0525 0.0592 0.0482 0.0103 -0.1025 0.9702
215.000 8.9452 0.2153 0.0717 0.0710 0.0546 0.0175 -0.1901 0.9561
220.000 9.2586 0.2140 0.0931 0.0845 0.0614 0.0262 -0.2737 0.9345
225.000 9.6041 0.2123 0.1167 0.0998 0.0687 0.0363 -0.3525 0.9061
230.000 9.9863 0.2107 0.1424 0.1171 0.0765 0.0480 -0.4261 0.8714
235.000 10.4093 0.2094 0.1699 0.1362 0.0847 0.0613 -0.4938 0.8313
240.000 10.8767 0.2090 0.1991 0.1573 0.0933 0.0762 -0.5555 0.7864
245.000 11.3914 0.2097 0.2297 0.1803 0.1023 0.0928 -0.6107 0.7374
250.000 11.9556 0.2119 0.2617 0.2051 0.1117 0.1109 -0.6592 0.6851
255.000 12.5699 0.2159 0.2946 0.2316 0.1213 0.1306 -0.7009 0.6302
260.000 13.2330 0.2219 0.3282 0.2596 0.1310 0.1517 -0.7358 0.5735
265.000 13.9405 0.2301 0.3621 0.2890 0.1408 0.1742 -0.7637 0.5157
270.000 14.6845 0.2407 0.3961 0.3195 0.1506 0.1978 -0.7849 0.4576
275.000 15.4524 0.2537 0.4298 0.3508 0.1601 0.2224 -0.7994 0.3998
280.000 16.2255 0.2690 0.4627 0.3826 0.1694 0.2478 -0.8077 0.3428
285.000 16.9785 0.2864 0.4944 0.4145 0.1781 0.2738 -0.8102 0.2868
290.000 17.6788 0.3056 0.5240 0.4460 0.1861 0.3007 -0.8078 0.2312
295.000 18.2970 0.3263 0.5508 0.4766 0.1933 0.3281 -0.8006 0.1769
300.000 18.8153 0.3495 0.5756 0.5062 0.1997 0.3548 -0.7878 0.1278
305.000 19.2085 0.3752 0.5988 0.5347 0.2054 0.3801 -0.7699 0.0849
310.000 19.4489 0.4024 0.6199 0.5617 0.2102 0.4042 -0.7480 0.0470
315.000 19.5225 0.4308 0.6384 0.5866 0.2139 0.4269 -0.7230 0.0136
320.000 19.4294 0.4599 0.6539 0.6093 0.2166 0.4483 -0.6957 -0.0154
325.000 19.1759 0.4892 0.6663 0.6294 0.2182 0.4680 -0.6668 -0.0397
330.000 18.7871 0.5186 0.6758 0.6468 0.2186 0.4860 -0.6366 -0.0594
335.000 18.2934 0.5476 0.6824 0.6615 0.2180 0.5021 -0.6057 -0.0748
340.000 17.7243 0.5761 0.6860 0.6732 0.2162 0.5162 -0.5745 -0.0860
345.000 17.1077 0.6037 0.6870 0.6820 0.2134 0.5283 -0.5435 -0.0931
350.000 16.4686 0.6303 0.6853 0.6879 0.2097 0.5384 -0.5131 -0.0964
355.000 15.8274 0.6556 0.6811 0.6910 0.2052 0.5465 -0.4835 -0.0962
360.000 15.1996 0.6794 0.6747 0.6915 0.1998 0.5528 -0.4551 -0.0928
365.000 14.5964 0.7017 0.6662 0.6893 0.1938 0.5572 -0.4281 -0.0865
370.000 14.0253 0.7224 0.6559 0.6847 0.1873 0.5600 -0.4025 -0.0777
375.000 13.4906 0.7414 0.6439 0.6778 0.1802 0.5613 -0.3786 -0.0666
380.000 12.9942 0.7586 0.6304 0.6689 0.1727 0.5612 -0.3563 -0.0535
385.000 12.5367 0.7742 0.6156 0.6581 0.1649 0.5598 -0.3356 -0.0389
390.000 12.1170 0.7880 0.5998 0.6455 0.1569 0.5574 -0.3166 -0.0228
395.000 11.7337 0.8002 0.5830 0.6314 0.1486 0.5540 -0.2992 -0.0056
400.000 11.3846 0.8107 0.5654 0.6159 0.1402 0.5498 -0.2834 0.0125
405.000 11.0676 0.8198 0.5470 0.5992 0.1317 0.5451 -0.2691 0.0312
410.000 10.7803 0.8273 0.5281 0.5815 0.1231 0.5398 -0.2562 0.0505
415.000 10.5202 0.8335 0.5087 0.5627 0.1145 0.5341 -0.2447 0.0702
420.000 10.2853 0.8383 0.4889 0.5432 0.1059 0.5282 -0.2344 0.0900
425.000 10.0733 0.8420 0.4687 0.5230 0.0972 0.5221 -0.2253 0.1099
430.000 9.8823 0.8445 0.4483 0.5022 0.0886 0.5159 -0.2173 0.1297
435.000 9.7103 0.8459 0.4276 0.4809 0.0799 0.5098 -0.2103 0.1494
440.000 9.5558 0.8464 0.4067 0.4591 0.0713 0.5037 -0.2043 0.1688
445.000 9.4172 0.8460 0.3856 0.4371 0.0626 0.4978 -0.1991 0.1878
450.000 9.2930 0.8449 0.3644 0.4148 0.0539 0.4920 -0.1948 0.2064
