155.000 3.3589 0.0000 -0.0005 0.0009 0.0000 -0.0009 0.9989 0.0459
160.000 5.1052 0.0001 -0.0009 0.0009 0.0000 -0.0009 0.9986 0.0533
165.000 6.2340 0.0002 -0.0012 0.0009 0.0000 -0.0009 0.9982 0.0604
170.000 7.0785 0.0003 -0.0014 0.0010 0.0001 -0.0010 0.9977 0.0673
175.000 7.7548 0.0004 -0.0013 0.0012 0.0001 -0.0012 0.9973 0.0740
180.000 8.3213 0.0005 -0.0010 0.0013 0.0001 -0.0013 0.9968 0.0805
185.000 8.8127 0.0005 -0.0006 0.0016 0.0001 -0.0015 0.9962 0.0866
190.000 9.2516 0.0006 0.0000 0.0018 0.0002 -0.0018 0.9957 0.0925
195.000 9.6542 0.0006 0.0008 0.0021 0.0002 -0.0021 0.9952 0.0981
200.000 10.0323 0.0006 0.0018 0.0024 0.0002 -0.0024 0.9946 0.1034
205.000 10.3982 0.0006 0.0030 0.0028 0.0003 -0.0028 0.9941 0.1085
210.000 10.7578 0.0007 0.0044 0.0033 0.0003 -0.0033 0.9935 0.1133
215.000 11.1128 0.0007 0.0060 0.0038 0.0004 -0.0038 0.9930 0.1181
220.000 11.4677 0.0008 0.0078 0.0045 0.0005 -0.0045 0.9924 0.1227
225.000 11.8292 0.0009 0.0097 0.0052 0.0006 -0.0052 0.9918 0.1273
230.000 12.2057 0.0010 0.0120 0.0061 0.0007 -0.0061 0.9912 0.1318
235.000 12.5988 0.0011 0.0144 0.0071 0.0008 -0.0070 0.9906 0.1363
240.000 13.0095 0.0012 0.0171 0.0082 0.0009 -0.0081 0.9899 0.1406
245.000 13.4425 0.0012 0.0199 0.0095 0.0010 -0.0094 0.9893 0.1447
250.000 13.8868 0.0013 0.0230 0.0109 0.0012 -0.0108 0.9886 0.1485
255.000 14.3217 0.0015 0.0263 0.0125 0.0014 -0.0124 0.9880 0.1521
260.000 14.7659 0.0017 0.0298 0.0143 0.0016 -0.0141 0.9874 0.1554
265.000 15.1935 0.0019 0.0336 0.0163 0.0018 -0.0161 0.9868 0.1584
270.000 15.6205 0.0021 0.0376 0.0184 0.0020 -0.0183 0.9862 0.1612
275.000 16.0199 0.0023 0.0417 0.0208 0.0023 -0.0206 0.9856 0.1638
280.000 16.3440 0.0026 0.0460 0.0234 0.0025 -0.0232 0.9851 0.1659
285.000 16.6342 0.0028 0.0506 0.0262 0.0028 -0.0260 0.9845 0.1678
290.000 16.7646 0.0031 0.0551 0.0292 0.0031 -0.0289 0.9841 0.1691
295.000 16.7797 0.0034 0.0599 0.0323 0.0034 -0.0321 0.9836 0.1701
300.000 16.6722 0.0037 0.0648 0.0357 0.0038 -0.0354 0.9832 0.1708
305.000 16.3819 0.0040 0.0696 0.0393 0.0041 -0.0389 0.9828 0.1711
310.000 15.9554 0.0043 0.0747 0.0431 0.0045 -0.0428 0.9824 0.1711
315.000 15.4017 0.0046 0.0795 0.0470 0.0049 -0.0467 0.9821 0.1706
320.000 14.7199 0.0050 0.0843 0.0511 0.0053 -0.0507 0.9819 0.1696
325.000 13.9320 0.0053 0.0893 0.0555 0.0057 -0.0550 0.9817 0.1680
330.000 13.1210 0.0056 0.0938 0.0597 0.0061 -0.0593 0.9816 0.1660
335.000 12.2422 0.0059 0.0982 0.0643 0.0066 -0.0638 0.9816 0.1634
340.000 11.3673 0.0063 0.1024 0.0689 0.0070 -0.0684 0.9817 0.1605
345.000 10.5285 0.0066 0.1061 0.0733 0.0074 -0.0728 0.9818 0.1574
350.000 9.6858 0.0068 0.1094 0.0778 0.0078 -0.0773 0.9820 0.1538
355.000 8.9344 0.0071 0.1125 0.0821 0.0082 -0.0815 0.9823 0.1499
360.000 8.2290 0.0074 0.1152 0.0862 0.0086 -0.0856 0.9826 0.1457
365.000 7.5743 0.0076 0.1175 0.0901 0.0090 -0.0895 0.9830 0.1410
370.000 7.0032 0.0078 0.1191 0.0940 0.0093 -0.0933 0.9834 0.1365
375.000 6.4877 0.0080 0.1200 0.0976 0.0096 -0.0969 0.9840 0.1318
380.000 6.0280 0.0081 0.1204 0.1009 0.0099 -0.1002 0.9845 0.1270
385.000 5.6219 0.0082 0.1204 0.1040 0.0102 -0.1033 0.9852 0.1223
390.000 5.2635 0.0082 0.1198 0.1066 0.0104 -0.1059 0.9858 0.1175
395.000 4.9438 0.0082 0.1187 0.1087 0.0106 -0.1080 0.9865 0.1130
400.000 4.6623 0.0082 0.1170 0.1101 0.0107 -0.1094 0.9872 0.1086
405.000 4.4156 0.0080 0.1148 0.1111 0.0108 -0.1103 0.9879 0.1044
410.000 4.1953 0.0080 0.1127 0.1122 0.0109 -0.1115 0.9886 0.1002
415.000 4.0032 0.0079 0.1103 0.1131 0.0109 -0.1124 0.9892 0.0960
420.000 3.8356 0.0077 0.1075 0.1135 0.0109 -0.1128 0.9899 0.0922
425.000 3.6884 0.0076 0.1043 0.1131 0.0109 -0.1124 0.9906 0.0889
430.000 3.5622 0.0073 0.1008 0.1121 0.0107 -0.1114 0.9912 0.0861
435.000 3.4529 0.0071 0.0969 0.1109 0.0106 -0.1102 0.9918 0.0836
440.000 3.3594 0.0068 0.0926 0.1096 0.0104 -0.1089 0.9924 0.0813
445.000 3.2822 0.0064 0.0881 0.1080 0.0103 -0.1074 0.9929 0.0795
450.000 3.2074 0.0061 0.0835 0.1063 0.0101 -0.1057 0.9934 0.0781
