155 3.3523
160 5.0927
165 6.2180
170 7.0617
175 7.7400
180 8.3112
185 8.8099
190 9.2588
195 9.6735
200 10.0657
205 10.4467
210 10.8226
215 11.1987
220 11.5799
225 11.9722
230 12.3835
235 12.8165
240 13.2667
245 13.7405
250 14.2294
255 14.7150
260 15.2161
265 15.6995
270 16.1850
275 16.6428
280 17.0197
285 17.3629
290 17.5405
295 17.6001
300 17.5346
305 17.2783
310 16.8819
315 16.3401
320 15.6522
325 14.8461
330 14.0086
335 13.0920
340 12.1748
345 11.2906
350 10.3956
355 9.5986
360 8.8476
365 8.1468
370 7.5316
375 6.9717
380 6.4704
385 6.0265
390 5.6317
395 5.2796
400 4.9678
405 4.6929
410 4.4485
415 4.2349
420 4.0475
425 3.8815
430 3.7377
435 3.6108
440 3.4997
445 3.4047
450 3.3166
