155.000 3.1570 0.0587 -0.0038 0.0082 0.0048 -0.0069 0.8630 0.5018
160.000 4.6493 0.0931 -0.0102 0.0093 0.0066 -0.0079 0.8092 0.5799
165.000 5.5237 0.1234 -0.0146 0.0109 0.0090 -0.0091 0.7463 0.6539
170.000 6.1274 0.1494 -0.0169 0.0131 0.0120 -0.0103 0.6751 0.7222
175.000 6.5844 0.1709 -0.0167 0.0160 0.0155 -0.0112 0.5970 0.7836
180.000 6.9565 0.1882 -0.0142 0.0197 0.0197 -0.0114 0.5135 0.8370
185.000 7.2792 0.2014 -0.0092 0.0242 0.0243 -0.0109 0.4264 0.8817
190.000 7.5743 0.2110 -0.0019 0.0296 0.0292 -0.0095 0.3371 0.9175
195.000 7.8558 0.2177 0.0076 0.0359 0.0345 -0.0069 0.2473 0.9442
200.000 8.1336 0.2218 0.0192 0.0432 0.0399 -0.0031 0.1581 0.9621
205.000 8.4234 0.2234 0.0336 0.0520 0.0459 0.0019 0.0691 0.9720
210.000 8.7278 0.2231 0.0499 0.0621 0.0521 0.0082 -0.0179 0.9739
215.000 9.0566 0.2214 0.0690 0.0739 0.0588 0.0159 -0.1026 0.9682
220.000 9.4157 0.2187 0.0904 0.0873 0.0659 0.0251 -0.1844 0.9553
225.000 9.8074 0.2156 0.1138 0.1024 0.0732 0.0358 -0.2623 0.9357
230.000 10.2329 0.2126 0.1398 0.1199 0.0813 0.0481 -0.3360 0.9098
235.000 10.6994 0.2101 0.1670 0.1388 0.0896 0.0618 -0.4050 0.8783
240.000 11.2092 0.2082 0.1969 0.1600 0.0985 0.0772 -0.4688 0.8415
245.000 11.7706 0.2071 0.2279 0.1829 0.1076 0.0940 -0.5275 0.8000
250.000 12.3824 0.2075 0.2601 0.2073 0.1169 0.1121 -0.5802 0.7545
255.000 13.0375 0.2101 0.2942 0.2338 0.1266 0.1319 -0.6264 0.7058
260.000 13.7562 0.2146 0.3282 0.2612 0.1360 0.1526 -0.6670 0.6540
265.000 14.4939 0.2216 0.3638 0.2907 0.1461 0.1747 -0.7002 0.6007
270.000 15.2822 0.2308 0.3993 0.3211 0.1560 0.1977 -0.7275 0.5456
275.000 16.0965 0.2425 0.4344 0.3521 0.1656 0.2213 -0.7484 0.4899
280.000 16.8834 0.2566 0.4698 0.3842 0.1755 0.2458 -0.7619 0.4351
285.000 17.7041 0.2732 0.5040 0.4162 0.1848 0.2705 -0.7701 0.3796
290.000 18.4072 0.2925 0.5372 0.4480 0.1936 0.2950 -0.7712 0.3277
295.000 19.0543 0.3145 0.5693 0.4796 0.2014 0.3193 -0.7667 0.2768
300.000 19.6233 0.3386 0.5993 0.5101 0.2083 0.3430 -0.7573 0.2278
305.000 19.9839 0.3633 0.6272 0.5394 0.2153 0.3662 -0.7424 0.1843
310.000 20.2333 0.3904 0.6534 0.5678 0.2217 0.3890 -0.7227 0.1424
315.000 20.2949 0.4179 0.6760 0.5936 0.2268 0.4101 -0.6999 0.1059
320.000 20.1657 0.4468 0.6963 0.6176 0.2310 0.4299 -0.6733 0.0738
325.000 19.8861 0.4775 0.7144 0.6397 0.2341 0.4483 -0.6428 0.0448
330.000 19.4785 0.5063 0.7281 0.6583 0.2358 0.4648 -0.6122 0.0216
335.000 18.9183 0.5361 0.7397 0.6748 0.2365 0.4799 -0.5783 0.0027
340.000 18.2976 0.5655 0.7479 0.6881 0.2360 0.4930 -0.5436 -0.0120
345.000 17.6443 0.5935 0.7526 0.6982 0.2346 0.5037 -0.5094 -0.0219
350.000 16.9029 0.6216 0.7553 0.7059 0.2325 0.5125 -0.4733 -0.0265
355.000 16.2318 0.6475 0.7541 0.7101 0.2289 0.5195 -0.4396 -0.0285
360.000 15.5478 0.6720 0.7506 0.7119 0.2245 0.5248 -0.4065 -0.0262
365.000 14.8630 0.6951 0.7449 0.7110 0.2193 0.5285 -0.3738 -0.0197
370.000 14.2496 0.7162 0.7366 0.7071 0.2133 0.5301 -0.3434 -0.0115
375.000 13.6471 0.7353 0.7267 0.7010 0.2068 0.5303 -0.3143 0.0003
380.000 13.0899 0.7527 0.7148 0.6927 0.1997 0.5292 -0.2870 0.0144
385.000 12.5858 0.7681 0.7010 0.6824 0.1920 0.5270 -0.2621 0.0302
390.000 12.1072 0.7814 0.6863 0.6706 0.1841 0.5241 -0.2391 0.0489
395.000 11.6801 0.7932 0.6700 0.6569 0.1754 0.5200 -0.2182 0.0681
400.000 11.2866 0.8032 0.6530 0.6419 0.1664 0.5151 -0.1995 0.0887
405.000 10.9217 0.8112 0.6353 0.6259 0.1572 0.5097 -0.1828 0.1106
410.000 10.5922 0.8178 0.6163 0.6083 0.1475 0.5037 -0.1682 0.1325
415.000 10.2881 0.8227 0.5969 0.5900 0.1378 0.4976 -0.1558 0.1550
420.000 10.0094 0.8262 0.5770 0.5708 0.1281 0.4910 -0.1452 0.1782
425.000 9.7572 0.8287 0.5567 0.5511 0.1187 0.4834 -0.1360 0.2018
430.000 9.5262 0.8299 0.5363 0.5310 0.1097 0.4755 -0.1286 0.2258
435.000 9.3170 0.8299 0.5156 0.5101 0.1001 0.4676 -0.1227 0.2490
440.000 9.1275 0.8288 0.4946 0.4886 0.0898 0.4600 -0.1182 0.2713
445.000 8.9549 0.8265 0.4737 0.4669 0.0793 0.4529 -0.1152 0.2930
450.000 8.7974 0.8237 0.4523 0.4448 0.0684 0.4456 -0.1139 0.3141
