155 3.3331
160 5.0578
165 6.1727
170 7.0117
175 7.6912
180 8.2693
185 8.7803
190 9.2464
195 9.6828
200 10.1008
205 10.5120
210 10.9222
215 11.3395
220 11.7697
225 12.2177
230 12.6902
235 13.1915
240 13.7120
245 14.2600
250 14.8311
255 15.4127
260 16.0232
265 16.6117
270 17.2061
275 17.7750
280 18.2592
285 18.7137
290 18.9915
295 19.1474
300 19.1720
305 18.9834
310 18.6445
315 18.1298
320 17.4386
325 16.6069
330 15.7264
335 14.7449
340 13.7534
345 12.7891
350 11.8005
355 10.9217
360 10.0871
365 9.3013
370 8.6057
375 7.9638
380 7.3860
385 6.8727
390 6.4109
395 5.9992
400 5.6324
405 5.3062
410 5.0162
415 4.7604
420 4.5341
425 4.3323
430 4.1552
435 3.9954
440 3.8512
445 3.7236
450 3.6090
