155.000 3.2627 0.0690 -0.0049 0.0020 0.0013 -0.0020 0.8893 0.4520
160.000 4.8320 0.0917 -0.0136 0.0061 0.0047 -0.0057 0.7961 0.5980
165.000 5.7397 0.1153 -0.0167 0.0087 0.0076 -0.0074 0.7127 0.6917
170.000 6.3654 0.1357 -0.0178 0.0113 0.0109 -0.0086 0.6253 0.7682
175.000 6.8354 0.1527 -0.0169 0.0143 0.0145 -0.0092 0.5345 0.8310
180.000 7.2142 0.1664 -0.0140 0.0179 0.0183 -0.0091 0.4413 0.8816
185.000 7.5393 0.1770 -0.0089 0.0220 0.0225 -0.0084 0.3467 0.9210
190.000 7.8354 0.1849 -0.0015 0.0271 0.0270 -0.0068 0.2516 0.9500
195.000 8.1190 0.1903 0.0080 0.0331 0.0319 -0.0044 0.1571 0.9691
200.000 8.4024 0.1936 0.0198 0.0402 0.0371 -0.0010 0.0641 0.9789
205.000 8.6947 0.1953 0.0339 0.0487 0.0428 0.0034 -0.0265 0.9801
210.000 9.0035 0.1958 0.0501 0.0585 0.0490 0.0089 -0.1142 0.9732
215.000 9.3348 0.1955 0.0684 0.0699 0.0557 0.0155 -0.1981 0.9589
220.000 9.6941 0.1948 0.0888 0.0828 0.0630 0.0234 -0.2777 0.9378
225.000 10.0862 0.1941 0.1112 0.0975 0.0708 0.0326 -0.3526 0.9106
230.000 10.5156 0.1937 0.1354 0.1140 0.0792 0.0431 -0.4223 0.8779
235.000 10.9862 0.1940 0.1613 0.1322 0.0882 0.0551 -0.4866 0.8404
240.000 11.5016 0.1953 0.1888 0.1523 0.0978 0.0684 -0.5451 0.7988
245.000 12.0647 0.1979 0.2176 0.1742 0.1079 0.0832 -0.5978 0.7536
250.000 12.6770 0.2021 0.2476 0.1978 0.1185 0.0994 -0.6443 0.7056
255.000 13.3386 0.2080 0.2785 0.2230 0.1296 0.1170 -0.6847 0.6554
260.000 14.0475 0.2158 0.3102 0.2498 0.1410 0.1360 -0.7190 0.6036
265.000 14.7984 0.2258 0.3423 0.2780 0.1526 0.1561 -0.7470 0.5509
270.000 15.5818 0.2378 0.3746 0.3073 0.1644 0.1774 -0.7689 0.4978
275.000 16.3835 0.2521 0.4067 0.3376 0.1762 0.1996 -0.7849 0.4450
280.000 17.1827 0.2684 0.4384 0.3686 0.1878 0.2227 -0.7953 0.3928
285.000 17.9516 0.2867 0.4691 0.3998 0.1992 0.2466 -0.8004 0.3412
290.000 18.6548 0.3066 0.4982 0.4309 0.2100 0.2713 -0.8012 0.2897
295.000 19.2610 0.3278 0.5248 0.4615 0.2201 0.2969 -0.7977 0.2391
300.000 19.7536 0.3512 0.5498 0.4914 0.2297 0.3220 -0.7888 0.1930
305.000 20.1078 0.3767 0.5737 0.5205 0.2385 0.3461 -0.7747 0.1525
310.000 20.2954 0.4036 0.5958 0.5485 0.2465 0.3692 -0.7566 0.1163
315.000 20.3034 0.4315 0.6156 0.5748 0.2534 0.3914 -0.7353 0.0841
320.000 20.1342 0.4600 0.6329 0.5991 0.2592 0.4126 -0.7115 0.0557
325.000 19.7976 0.4888 0.6474 0.6213 0.2639 0.4324 -0.6858 0.0314
330.000 19.3217 0.5175 0.6592 0.6411 0.2674 0.4509 -0.6585 0.0112
335.000 18.7401 0.5459 0.6684 0.6583 0.2697 0.4678 -0.6301 -0.0050
340.000 18.0847 0.5738 0.6749 0.6728 0.2707 0.4830 -0.6010 -0.0173
345.000 17.3858 0.6009 0.6787 0.6846 0.2704 0.4964 -0.5716 -0.0258
350.000 16.6696 0.6269 0.6800 0.6936 0.2691 0.5080 -0.5423 -0.0307
355.000 15.9575 0.6518 0.6789 0.6998 0.2667 0.5179 -0.5135 -0.0323
360.000 15.2653 0.6752 0.6755 0.7033 0.2632 0.5259 -0.4854 -0.0307
365.000 14.6044 0.6971 0.6700 0.7042 0.2589 0.5323 -0.4582 -0.0262
370.000 13.9817 0.7175 0.6625 0.7025 0.2537 0.5370 -0.4321 -0.0192
375.000 13.4014 0.7361 0.6532 0.6985 0.2478 0.5402 -0.4074 -0.0098
380.000 12.8649 0.7531 0.6424 0.6922 0.2413 0.5420 -0.3839 0.0016
385.000 12.3719 0.7684 0.6300 0.6839 0.2342 0.5425 -0.3620 0.0147
390.000 11.9213 0.7819 0.6164 0.6737 0.2267 0.5418 -0.3414 0.0294
395.000 11.5107 0.7939 0.6017 0.6617 0.2188 0.5402 -0.3224 0.0453
400.000 11.1379 0.8041 0.5860 0.6482 0.2105 0.5376 -0.3048 0.0623
405.000 10.8000 0.8129 0.5694 0.6332 0.2021 0.5343 -0.2886 0.0801
410.000 10.4943 0.8201 0.5520 0.6170 0.1934 0.5304 -0.2738 0.0985
415.000 10.2181 0.8259 0.5340 0.5997 0.1846 0.5260 -0.2604 0.1175
420.000 9.9688 0.8304 0.5154 0.5813 0.1757 0.5212 -0.2482 0.1367
425.000 9.7442 0.8336 0.4963 0.5622 0.1667 0.5161 -0.2371 0.1561
430.000 9.5418 0.8357 0.4769 0.5423 0.1576 0.5109 -0.2273 0.1756
435.000 9.3597 0.8367 0.4570 0.5218 0.1485 0.5055 -0.2185 0.1950
440.000 9.1960 0.8367 0.4368 0.5007 0.1393 0.5002 -0.2107 0.2143
445.000 9.0489 0.8358 0.4164 0.4793 0.1301 0.4949 -0.2039 0.2332
450.000 8.9169 0.8340 0.3957 0.4575 0.1209 0.4897 -0.1980 0.2518
