155.000 3.4978 0.0136 -0.0016 0.0006 0.0002 -0.0006 0.9881 0.1531
160.000 5.2018 0.0215 -0.0043 0.0019 0.0008 -0.0019 0.9785 0.2053
165.000 6.1745 0.0307 -0.0051 0.0026 0.0013 -0.0025 0.9701 0.2408
170.000 6.7859 0.0408 -0.0051 0.0033 0.0019 -0.0031 0.9611 0.2731
175.000 7.1641 0.0517 -0.0044 0.0040 0.0026 -0.0036 0.9513 0.3038
180.000 7.3771 0.0633 -0.0027 0.0049 0.0033 -0.0042 0.9405 0.3339
185.000 7.4674 0.0758 0.0002 0.0059 0.0041 -0.0047 0.9285 0.3636
190.000 7.4643 0.0891 0.0043 0.0072 0.0049 -0.0053 0.9150 0.3935
195.000 7.3892 0.1031 0.0101 0.0088 0.0057 -0.0059 0.8999 0.4236
200.000 7.2588 0.1180 0.0179 0.0108 0.0065 -0.0064 0.8829 0.4543
205.000 7.0859 0.1337 0.0281 0.0134 0.0073 -0.0070 0.8636 0.4854
210.000 6.8813 0.1503 0.0413 0.0166 0.0079 -0.0076 0.8417 0.5171
215.000 6.6540 0.1678 0.0581 0.0209 0.0082 -0.0081 0.8169 0.5490
220.000 6.4120 0.1861 0.0794 0.0262 0.0081 -0.0085 0.7887 0.5809
225.000 6.1625 0.2053 0.1060 0.0331 0.0076 -0.0088 0.7568 0.6122
230.000 5.9124 0.2253 0.1391 0.0417 0.0062 -0.0089 0.7207 0.6420
235.000 5.6691 0.2459 0.1797 0.0525 0.0037 -0.0086 0.6802 0.6688
240.000 5.4398 0.2668 0.2289 0.0659 -0.0002 -0.0079 0.6352 0.6908
245.000 5.2330 0.2877 0.2877 0.0824 -0.0060 -0.0066 0.5862 0.7053
250.000 5.0577 0.3080 0.3562 0.1021 -0.0141 -0.0044 0.5341 0.7093
255.000 4.9245 0.3270 0.4340 0.1251 -0.0250 -0.0013 0.4808 0.6990
260.000 4.8448 0.3437 0.5187 0.1510 -0.0389 0.0029 0.4291 0.6708
265.000 4.8313 0.3571 0.6066 0.1788 -0.0556 0.0083 0.3828 0.6220
270.000 4.8974 0.3664 0.6917 0.2070 -0.0749 0.0147 0.3461 0.5518
275.000 5.0559 0.3713 0.7675 0.2337 -0.0956 0.0219 0.3228 0.4625
280.000 5.3178 0.3719 0.8277 0.2567 -0.1165 0.0294 0.3152 0.3589
285.000 5.6888 0.3689 0.8679 0.2744 -0.1364 0.0370 0.3233 0.2479
290.000 6.1669 0.3635 0.8868 0.2860 -0.1544 0.0443 0.3447 0.1365
295.000 6.7503 0.3569 0.8851 0.2913 -0.1696 0.0512 0.3765 0.0316
300.000 7.4455 0.3510 0.8653 0.2908 -0.1808 0.0565 0.4163 -0.0589
305.000 8.2371 0.3468 0.8327 0.2860 -0.1881 0.0600 0.4601 -0.1323
310.000 9.0890 0.3445 0.7923 0.2781 -0.1923 0.0623 0.5040 -0.1901
315.000 9.9635 0.3443 0.7478 0.2683 -0.1943 0.0637 0.5454 -0.2344
320.000 10.8252 0.3460 0.7020 0.2573 -0.1947 0.0645 0.5832 -0.2674
325.000 11.6381 0.3493 0.6568 0.2459 -0.1940 0.0649 0.6169 -0.2910
330.000 12.3795 0.3542 0.6132 0.2343 -0.1926 0.0650 0.6464 -0.3072
335.000 13.0330 0.3603 0.5719 0.2230 -0.1906 0.0649 0.6719 -0.3176
340.000 13.5880 0.3674 0.5332 0.2120 -0.1884 0.0647 0.6937 -0.3236
345.000 14.0417 0.3754 0.4973 0.2015 -0.1860 0.0644 0.7121 -0.3263
350.000 14.3970 0.3841 0.4641 0.1915 -0.1837 0.0642 0.7276 -0.3264
355.000 14.6611 0.3932 0.4335 0.1820 -0.1814 0.0640 0.7403 -0.3248
360.000 14.8437 0.4029 0.4052 0.1730 -0.1792 0.0638 0.7508 -0.3218
365.000 14.9553 0.4128 0.3790 0.1644 -0.1772 0.0638 0.7592 -0.3179
370.000 15.0067 0.4230 0.3548 0.1561 -0.1754 0.0638 0.7659 -0.3133
375.000 15.0081 0.4333 0.3323 0.1482 -0.1737 0.0640 0.7710 -0.3083
380.000 14.9684 0.4438 0.3115 0.1405 -0.1723 0.0644 0.7747 -0.3029
385.000 14.8958 0.4543 0.2920 0.1331 -0.1711 0.0648 0.7773 -0.2974
390.000 14.7971 0.4649 0.2737 0.1259 -0.1701 0.0655 0.7787 -0.2918
395.000 14.6782 0.4754 0.2565 0.1188 -0.1694 0.0663 0.7793 -0.2862
400.000 14.5440 0.4860 0.2403 0.1117 -0.1688 0.0673 0.7790 -0.2805
405.000 14.3987 0.4964 0.2250 0.1047 -0.1686 0.0685 0.7780 -0.2749
410.000 14.2455 0.5068 0.2103 0.0978 -0.1685 0.0699 0.7763 -0.2694
415.000 14.0874 0.5171 0.1963 0.0908 -0.1688 0.0714 0.7740 -0.2639
420.000 13.9267 0.5273 0.1829 0.0837 -0.1692 0.0732 0.7712 -0.2585
425.000 13.7654 0.5373 0.1699 0.0766 -0.1700 0.0752 0.7679 -0.2532
430.000 13.6051 0.5471 0.1574 0.0693 -0.1709 0.0774 0.7642 -0.2479
435.000 13.4474 0.5567 0.1452 0.0620 -0.1722 0.0798 0.7602 -0.2427
440.000 13.2935 0.5662 0.1333 0.0544 -0.1737 0.0824 0.7558 -0.2376
445.000 13.1446 0.5754 0.1216 0.0467 -0.1755 0.0852 0.7511 -0.2326
450.000 13.0015 0.5843 0.1101 0.0389 -0.1775 0.0883 0.7462 -0.2276
