155.000 3.2601 0.0410 -0.0047 0.0081 0.0042 -0.0071 0.8752 0.4821
160.000 4.9132 0.0522 -0.0101 0.0087 0.0050 -0.0078 0.8325 0.5514
165.000 5.9689 0.0608 -0.0136 0.0097 0.0061 -0.0087 0.7850 0.6163
170.000 6.7634 0.0673 -0.0151 0.0113 0.0076 -0.0097 0.7336 0.6760
175.000 7.4145 0.0719 -0.0145 0.0133 0.0096 -0.0108 0.6793 0.7301
180.000 7.9805 0.0750 -0.0121 0.0159 0.0121 -0.0117 0.6232 0.7784
185.000 8.4946 0.0772 -0.0077 0.0189 0.0152 -0.0125 0.5661 0.8207
190.000 8.9780 0.0787 -0.0016 0.0225 0.0186 -0.0130 0.5090 0.8572
195.000 9.4444 0.0800 0.0061 0.0265 0.0225 -0.0133 0.4526 0.8881
200.000 9.9036 0.0815 0.0154 0.0309 0.0267 -0.0133 0.3974 0.9139
205.000 10.3684 0.0831 0.0266 0.0364 0.0317 -0.0132 0.3424 0.9356
210.000 10.8433 0.0853 0.0393 0.0424 0.0371 -0.0128 0.2886 0.9530
215.000 11.3368 0.0878 0.0538 0.0496 0.0434 -0.0125 0.2358 0.9665
220.000 11.8551 0.0907 0.0698 0.0577 0.0504 -0.0121 0.1843 0.9765
225.000 12.4023 0.0944 0.0872 0.0669 0.0580 -0.0117 0.1343 0.9831
230.000 12.9837 0.0990 0.1065 0.0774 0.0668 -0.0112 0.0857 0.9864
235.000 13.6058 0.1044 0.1268 0.0888 0.0761 -0.0106 0.0386 0.9867
240.000 14.2608 0.1111 0.1488 0.1017 0.0866 -0.0101 -0.0063 0.9840
245.000 14.9588 0.1190 0.1719 0.1157 0.0978 -0.0096 -0.0493 0.9786
250.000 15.6996 0.1279 0.1961 0.1309 0.1099 -0.0091 -0.0902 0.9706
255.000 16.4760 0.1377 0.2216 0.1477 0.1233 -0.0088 -0.1285 0.9602
260.000 17.3093 0.1485 0.2476 0.1653 0.1372 -0.0087 -0.1650 0.9476
265.000 18.1215 0.1608 0.2751 0.1848 0.1525 -0.0085 -0.1979 0.9328
270.000 18.9548 0.1746 0.3032 0.2052 0.1683 -0.0084 -0.2285 0.9160
275.000 19.7782 0.1895 0.3318 0.2266 0.1849 -0.0083 -0.2563 0.8975
280.000 20.5262 0.2053 0.3610 0.2495 0.2026 -0.0084 -0.2803 0.8776
285.000 21.2679 0.2226 0.3905 0.2732 0.2207 -0.0086 -0.3023 0.8559
290.000 21.8168 0.2406 0.4197 0.2978 0.2395 -0.0089 -0.3199 0.8335
295.000 22.2451 0.2601 0.4492 0.3234 0.2589 -0.0093 -0.3349 0.8098
300.000 22.5318 0.2805 0.4785 0.3495 0.2786 -0.0098 -0.3471 0.7851
305.000 22.5449 0.3005 0.5073 0.3763 0.2992 -0.0106 -0.3544 0.7607
310.000 22.3844 0.3219 0.5367 0.4043 0.3208 -0.0119 -0.3587 0.7349
315.000 21.9966 0.3433 0.5642 0.4316 0.3419 -0.0130 -0.3598 0.7096
320.000 21.3796 0.3654 0.5911 0.4593 0.3631 -0.0143 -0.3574 0.6843
325.000 20.5815 0.3887 0.6178 0.4878 0.3847 -0.0158 -0.3518 0.6582
330.000 19.6863 0.4107 0.6414 0.5145 0.4051 -0.0170 -0.3435 0.6342
335.000 18.6392 0.4333 0.6648 0.5418 0.4260 -0.0186 -0.3312 0.6102
340.000 17.5585 0.4558 0.6865 0.5685 0.4464 -0.0203 -0.3162 0.5869
345.000 16.4886 0.4776 0.7060 0.5938 0.4658 -0.0220 -0.2989 0.5650
350.000 15.3616 0.4994 0.7247 0.6194 0.4855 -0.0241 -0.2771 0.5441
355.000 14.3531 0.5201 0.7402 0.6423 0.5033 -0.0261 -0.2550 0.5246
360.000 13.3735 0.5396 0.7537 0.6641 0.5205 -0.0284 -0.2301 0.5071
365.000 12.4322 0.5581 0.7653 0.6847 0.5370 -0.0308 -0.2024 0.4914
370.000 11.5963 0.5754 0.7742 0.7031 0.5517 -0.0327 -0.1749 0.4773
375.000 10.8083 0.5910 0.7809 0.7201 0.5657 -0.0344 -0.1454 0.4658
380.000 10.0922 0.6053 0.7856 0.7350 0.5782 -0.0361 -0.1148 0.4561
385.000 9.4515 0.6181 0.7881 0.7477 0.5890 -0.0379 -0.0838 0.4478
390.000 8.8633 0.6287 0.7887 0.7584 0.5985 -0.0396 -0.0516 0.4421
395.000 8.3386 0.6382 0.7868 0.7670 0.6067 -0.0412 -0.0197 0.4379
400.000 7.8649 0.6456 0.7829 0.7735 0.6136 -0.0426 0.0122 0.4360
405.000 7.4363 0.6509 0.7769 0.7779 0.6193 -0.0438 0.0441 0.4365
410.000 7.0517 0.6550 0.7692 0.7805 0.6234 -0.0446 0.0752 0.4385
415.000 6.7051 0.6570 0.7599 0.7813 0.6261 -0.0450 0.1055 0.4428
420.000 6.3925 0.6571 0.7489 0.7803 0.6277 -0.0454 0.1351 0.4494
425.000 6.1109 0.6556 0.7358 0.7777 0.6285 -0.0462 0.1638 0.4578
430.000 5.8577 0.6519 0.7212 0.7737 0.6285 -0.0472 0.1915 0.4685
435.000 5.6276 0.6472 0.7056 0.7678 0.6269 -0.0474 0.2174 0.4800
440.000 5.4182 0.6414 0.6891 0.7602 0.6237 -0.0465 0.2413 0.4921
445.000 5.2287 0.6343 0.6719 0.7509 0.6193 -0.0448 0.2631 0.5054
450.000 5.0557 0.6260 0.6534 0.7403 0.6139 -0.0432 0.2837 0.5196
