155.000 3.2594 0.0172 -0.0033 0.0013 0.0004 -0.0013 0.9513 0.3077
160.000 4.8316 0.0192 -0.0093 0.0041 0.0015 -0.0040 0.9112 0.4115
165.000 5.8113 0.0219 -0.0113 0.0056 0.0024 -0.0054 0.8778 0.4785
170.000 6.5346 0.0240 -0.0121 0.0071 0.0034 -0.0066 0.8444 0.5351
175.000 7.1176 0.0258 -0.0115 0.0086 0.0045 -0.0077 0.8110 0.5843
180.000 7.6175 0.0273 -0.0096 0.0102 0.0058 -0.0088 0.7779 0.6277
185.000 8.0678 0.0288 -0.0065 0.0121 0.0073 -0.0099 0.7450 0.6664
190.000 8.4895 0.0303 -0.0021 0.0142 0.0091 -0.0111 0.7126 0.7009
195.000 8.8972 0.0319 0.0035 0.0168 0.0111 -0.0125 0.6806 0.7319
200.000 9.3016 0.0336 0.0104 0.0198 0.0135 -0.0141 0.6492 0.7598
205.000 9.7106 0.0356 0.0184 0.0233 0.0162 -0.0160 0.6183 0.7850
210.000 10.1307 0.0378 0.0277 0.0274 0.0194 -0.0182 0.5880 0.8075
215.000 10.5669 0.0403 0.0380 0.0322 0.0231 -0.0207 0.5583 0.8278
220.000 11.0237 0.0431 0.0495 0.0377 0.0273 -0.0236 0.5293 0.8460
225.000 11.5047 0.0464 0.0622 0.0440 0.0321 -0.0270 0.5009 0.8621
230.000 12.0126 0.0501 0.0759 0.0512 0.0375 -0.0308 0.4733 0.8764
235.000 12.5495 0.0542 0.0907 0.0594 0.0436 -0.0352 0.4463 0.8888
240.000 13.1165 0.0589 0.1066 0.0685 0.0504 -0.0401 0.4202 0.8996
245.000 13.7133 0.0641 0.1234 0.0786 0.0581 -0.0455 0.3947 0.9086
250.000 14.3379 0.0699 0.1413 0.0899 0.0665 -0.0516 0.3702 0.9160
255.000 14.9858 0.0763 0.1602 0.1024 0.0759 -0.0583 0.3465 0.9218
260.000 15.6500 0.0834 0.1800 0.1160 0.0861 -0.0657 0.3238 0.9260
265.000 16.3192 0.0911 0.2007 0.1309 0.0973 -0.0737 0.3021 0.9286
270.000 16.9782 0.0996 0.2222 0.1471 0.1095 -0.0824 0.2816 0.9297
275.000 17.6060 0.1087 0.2446 0.1646 0.1226 -0.0918 0.2622 0.9291
280.000 18.1745 0.1186 0.2676 0.1834 0.1368 -0.1019 0.2439 0.9270
285.000 18.6451 0.1293 0.2914 0.2036 0.1521 -0.1126 0.2264 0.9234
290.000 18.9667 0.1408 0.3157 0.2252 0.1686 -0.1240 0.2091 0.9186
295.000 19.1114 0.1531 0.3403 0.2483 0.1864 -0.1359 0.1919 0.9123
300.000 19.1135 0.1662 0.3650 0.2725 0.2051 -0.1485 0.1776 0.9043
305.000 18.9731 0.1797 0.3897 0.2976 0.2242 -0.1616 0.1669 0.8945
310.000 18.6579 0.1937 0.4145 0.3237 0.2440 -0.1753 0.1590 0.8831
315.000 18.1609 0.2082 0.4392 0.3506 0.2645 -0.1894 0.1532 0.8703
320.000 17.4992 0.2231 0.4635 0.3784 0.2856 -0.2038 0.1494 0.8562
325.000 16.7034 0.2384 0.4871 0.4068 0.3072 -0.2187 0.1479 0.8410
330.000 15.8113 0.2540 0.5100 0.4357 0.3291 -0.2337 0.1487 0.8247
335.000 14.8623 0.2697 0.5321 0.4648 0.3512 -0.2488 0.1517 0.8074
340.000 13.8926 0.2853 0.5531 0.4939 0.3732 -0.2638 0.1571 0.7893
345.000 12.9328 0.3008 0.5729 0.5226 0.3951 -0.2786 0.1649 0.7705
350.000 12.0066 0.3159 0.5911 0.5509 0.4165 -0.2931 0.1749 0.7512
355.000 11.1309 0.3306 0.6078 0.5784 0.4374 -0.3072 0.1872 0.7315
360.000 10.3161 0.3446 0.6226 0.6048 0.4575 -0.3207 0.2017 0.7118
365.000 9.5676 0.3577 0.6354 0.6299 0.4765 -0.3335 0.2182 0.6922
370.000 8.8871 0.3699 0.6462 0.6535 0.4944 -0.3456 0.2366 0.6729
375.000 8.2731 0.3810 0.6549 0.6753 0.5110 -0.3567 0.2566 0.6540
380.000 7.7227 0.3909 0.6612 0.6951 0.5261 -0.3669 0.2782 0.6359
385.000 7.2316 0.3994 0.6653 0.7127 0.5396 -0.3759 0.3010 0.6186
390.000 6.7951 0.4066 0.6671 0.7280 0.5513 -0.3839 0.3249 0.6023
395.000 6.4084 0.4122 0.6667 0.7409 0.5613 -0.3906 0.3495 0.5872
400.000 6.0666 0.4162 0.6640 0.7513 0.5694 -0.3961 0.3746 0.5734
405.000 5.7653 0.4187 0.6592 0.7591 0.5756 -0.4004 0.4000 0.5611
410.000 5.5000 0.4197 0.6523 0.7645 0.5801 -0.4034 0.4254 0.5502
415.000 5.2669 0.4192 0.6435 0.7674 0.5827 -0.4053 0.4505 0.5408
420.000 5.0625 0.4172 0.6328 0.7679 0.5836 -0.4059 0.4752 0.5330
425.000 4.8835 0.4138 0.6206 0.7661 0.5828 -0.4054 0.4992 0.5267
430.000 4.7271 0.4091 0.6068 0.7622 0.5805 -0.4038 0.5223 0.5220
435.000 4.5906 0.4032 0.5917 0.7563 0.5768 -0.4012 0.5445 0.5188
440.000 4.4718 0.3963 0.5754 0.7485 0.5718 -0.3977 0.5655 0.5170
445.000 4.3684 0.3884 0.5581 0.7392 0.5656 -0.3933 0.5852 0.5167
450.000 4.2785 0.3796 0.5399 0.7284 0.5585 -0.3881 0.6036 0.5177
