155.000 3.3174 0.0610 -0.0040 0.0016 0.0010 -0.0016 0.9233 0.3792
160.000 4.8835 0.0876 -0.0112 0.0050 0.0038 -0.0048 0.8576 0.5067
165.000 5.7466 0.1165 -0.0138 0.0071 0.0064 -0.0063 0.7971 0.5923
170.000 6.2911 0.1445 -0.0146 0.0094 0.0092 -0.0074 0.7312 0.6665
175.000 6.6498 0.1707 -0.0137 0.0121 0.0124 -0.0080 0.6595 0.7319
180.000 6.8925 0.1948 -0.0108 0.0152 0.0159 -0.0082 0.5823 0.7892
185.000 7.0619 0.2164 -0.0057 0.0191 0.0197 -0.0077 0.4998 0.8386
190.000 7.1864 0.2352 0.0019 0.0239 0.0237 -0.0064 0.4127 0.8800
195.000 7.2860 0.2510 0.0120 0.0299 0.0279 -0.0041 0.3215 0.9130
200.000 7.3754 0.2638 0.0250 0.0371 0.0324 -0.0008 0.2273 0.9373
205.000 7.4657 0.2735 0.0410 0.0460 0.0371 0.0039 0.1310 0.9524
210.000 7.5657 0.2802 0.0601 0.0566 0.0419 0.0101 0.0337 0.9582
215.000 7.6826 0.2840 0.0824 0.0692 0.0468 0.0179 -0.0632 0.9544
220.000 7.8223 0.2854 0.1079 0.0839 0.0518 0.0276 -0.1586 0.9409
225.000 7.9903 0.2846 0.1366 0.1009 0.0568 0.0394 -0.2512 0.9180
230.000 8.1915 0.2820 0.1683 0.1203 0.0618 0.0533 -0.3396 0.8858
235.000 8.4302 0.2783 0.2028 0.1421 0.0666 0.0694 -0.4227 0.8448
240.000 8.7109 0.2739 0.2399 0.1663 0.0713 0.0879 -0.4992 0.7957
245.000 9.0374 0.2695 0.2792 0.1928 0.0756 0.1086 -0.5680 0.7392
250.000 9.4131 0.2656 0.3202 0.2215 0.0795 0.1315 -0.6284 0.6764
255.000 9.8407 0.2630 0.3623 0.2521 0.0830 0.1565 -0.6795 0.6083
260.000 10.3215 0.2621 0.4050 0.2843 0.0858 0.1833 -0.7208 0.5363
265.000 10.8551 0.2635 0.4476 0.3177 0.0880 0.2116 -0.7521 0.4616
270.000 11.4381 0.2675 0.4894 0.3518 0.0894 0.2411 -0.7733 0.3856
275.000 12.0640 0.2745 0.5297 0.3861 0.0899 0.2713 -0.7846 0.3096
280.000 12.7213 0.2846 0.5679 0.4201 0.0895 0.3019 -0.7865 0.2348
285.000 13.3929 0.2976 0.6032 0.4531 0.0881 0.3325 -0.7800 0.1617
290.000 14.0554 0.3130 0.6344 0.4844 0.0855 0.3630 -0.7661 0.0904
295.000 14.6859 0.3306 0.6607 0.5134 0.0817 0.3931 -0.7457 0.0222
300.000 15.2666 0.3518 0.6831 0.5400 0.0772 0.4212 -0.7186 -0.0385
305.000 15.7724 0.3765 0.7022 0.5643 0.0723 0.4467 -0.6861 -0.0904
310.000 16.1763 0.4035 0.7174 0.5857 0.0669 0.4697 -0.6498 -0.1348
315.000 16.4600 0.4322 0.7285 0.6039 0.0608 0.4902 -0.6111 -0.1726
320.000 16.6155 0.4619 0.7353 0.6188 0.0542 0.5082 -0.5711 -0.2039
325.000 16.6380 0.4921 0.7380 0.6303 0.0472 0.5236 -0.5308 -0.2288
330.000 16.5414 0.5224 0.7369 0.6385 0.0398 0.5365 -0.4910 -0.2475
335.000 16.3452 0.5525 0.7324 0.6435 0.0322 0.5468 -0.4520 -0.2607
340.000 16.0689 0.5820 0.7248 0.6453 0.0243 0.5546 -0.4147 -0.2687
345.000 15.7333 0.6106 0.7144 0.6442 0.0163 0.5601 -0.3793 -0.2720
350.000 15.3577 0.6380 0.7016 0.6404 0.0084 0.5634 -0.3462 -0.2711
355.000 14.9592 0.6641 0.6866 0.6342 0.0004 0.5648 -0.3156 -0.2665
360.000 14.5520 0.6888 0.6699 0.6257 -0.0074 0.5644 -0.2876 -0.2586
365.000 14.1469 0.7118 0.6518 0.6152 -0.0151 0.5626 -0.2622 -0.2481
370.000 13.7521 0.7332 0.6324 0.6030 -0.0226 0.5593 -0.2395 -0.2352
375.000 13.3732 0.7529 0.6121 0.5892 -0.0300 0.5550 -0.2193 -0.2204
380.000 13.0139 0.7709 0.5911 0.5741 -0.0372 0.5497 -0.2015 -0.2041
385.000 12.6764 0.7873 0.5696 0.5578 -0.0442 0.5436 -0.1860 -0.1865
390.000 12.3615 0.8020 0.5476 0.5405 -0.0510 0.5370 -0.1727 -0.1680
395.000 12.0696 0.8152 0.5253 0.5223 -0.0576 0.5299 -0.1613 -0.1488
400.000 11.8001 0.8268 0.5029 0.5034 -0.0641 0.5226 -0.1517 -0.1291
405.000 11.5523 0.8370 0.4804 0.4838 -0.0704 0.5150 -0.1437 -0.1090
410.000 11.3252 0.8458 0.4579 0.4637 -0.0766 0.5074 -0.1373 -0.0888
415.000 11.1177 0.8533 0.4353 0.4432 -0.0827 0.4998 -0.1321 -0.0686
420.000 10.9286 0.8596 0.4129 0.4223 -0.0888 0.4923 -0.1282 -0.0484
425.000 10.7567 0.8647 0.3904 0.4011 -0.0948 0.4849 -0.1253 -0.0284
430.000 10.6009 0.8688 0.3681 0.3796 -0.1008 0.4778 -0.1233 -0.0086
435.000 10.4602 0.8719 0.3458 0.3579 -0.1068 0.4710 -0.1222 0.0108
440.000 10.3334 0.8741 0.3236 0.3360 -0.1129 0.4644 -0.1217 0.0297
445.000 10.2198 0.8755 0.3015 0.3141 -0.1191 0.4582 -0.1219 0.0482
450.000 10.1183 0.8761 0.2795 0.2920 -0.1253 0.4523 -0.1226 0.0662
