155.000 3.3123 0.0166 -0.0039 0.0064 0.0024 -0.0060 0.9257 0.3778
160.000 5.0193 0.0230 -0.0079 0.0067 0.0027 -0.0063 0.9012 0.4327
165.000 6.1211 0.0281 -0.0104 0.0074 0.0033 -0.0070 0.8740 0.4850
170.000 6.9521 0.0321 -0.0114 0.0084 0.0041 -0.0078 0.8445 0.5344
175.000 7.6287 0.0351 -0.0109 0.0098 0.0052 -0.0088 0.8133 0.5807
180.000 8.2090 0.0373 -0.0089 0.0115 0.0067 -0.0098 0.7807 0.6237
185.000 8.7269 0.0390 -0.0054 0.0136 0.0084 -0.0110 0.7473 0.6633
190.000 9.2043 0.0403 -0.0006 0.0160 0.0105 -0.0122 0.7136 0.6994
195.000 9.6559 0.0414 0.0056 0.0187 0.0128 -0.0134 0.6798 0.7322
200.000 10.0927 0.0425 0.0130 0.0218 0.0154 -0.0147 0.6464 0.7618
205.000 10.5273 0.0443 0.0220 0.0255 0.0185 -0.0161 0.6124 0.7890
210.000 10.9650 0.0466 0.0323 0.0296 0.0220 -0.0176 0.5787 0.8136
215.000 11.4142 0.0492 0.0441 0.0345 0.0260 -0.0195 0.5451 0.8359
220.000 11.8807 0.0518 0.0571 0.0403 0.0306 -0.0218 0.5118 0.8558
225.000 12.3690 0.0550 0.0713 0.0467 0.0357 -0.0243 0.4789 0.8734
230.000 12.8852 0.0593 0.0873 0.0542 0.0415 -0.0272 0.4462 0.8890
235.000 13.4345 0.0645 0.1043 0.0623 0.0477 -0.0303 0.4139 0.9024
240.000 14.0065 0.0696 0.1228 0.0717 0.0548 -0.0341 0.3824 0.9137
245.000 14.6104 0.0751 0.1423 0.0818 0.0625 -0.0383 0.3515 0.9230
250.000 15.2444 0.0814 0.1629 0.0929 0.0708 -0.0430 0.3215 0.9302
255.000 15.8999 0.0891 0.1849 0.1056 0.0802 -0.0483 0.2924 0.9353
260.000 16.5951 0.0980 0.2075 0.1192 0.0902 -0.0540 0.2639 0.9386
265.000 17.2652 0.1073 0.2316 0.1342 0.1011 -0.0604 0.2377 0.9394
270.000 17.9444 0.1174 0.2565 0.1501 0.1126 -0.0672 0.2125 0.9384
275.000 18.6018 0.1281 0.2821 0.1669 0.1248 -0.0746 0.1889 0.9354
280.000 19.1759 0.1393 0.3084 0.1852 0.1379 -0.0827 0.1675 0.9305
285.000 19.7267 0.1513 0.3352 0.2043 0.1517 -0.0914 0.1469 0.9239
290.000 20.0928 0.1642 0.3619 0.2245 0.1661 -0.1004 0.1293 0.9154
295.000 20.3351 0.1783 0.3893 0.2458 0.1812 -0.1100 0.1131 0.9052
300.000 20.4407 0.1932 0.4168 0.2681 0.1967 -0.1200 0.0987 0.8933
305.000 20.3113 0.2074 0.4440 0.2911 0.2131 -0.1308 0.0882 0.8799
310.000 20.0221 0.2225 0.4723 0.3157 0.2305 -0.1426 0.0797 0.8645
315.000 19.5365 0.2376 0.4990 0.3399 0.2476 -0.1544 0.0736 0.8483
320.000 18.8533 0.2530 0.5252 0.3648 0.2650 -0.1665 0.0700 0.8309
325.000 18.0133 0.2693 0.5516 0.3907 0.2832 -0.1794 0.0687 0.8116
330.000 17.1093 0.2849 0.5755 0.4157 0.3007 -0.1917 0.0700 0.7927
335.000 16.0863 0.3009 0.5992 0.4420 0.3190 -0.2047 0.0747 0.7723
340.000 15.0457 0.3167 0.6216 0.4680 0.3372 -0.2178 0.0817 0.7513
345.000 14.0274 0.3319 0.6419 0.4932 0.3548 -0.2309 0.0908 0.7305
350.000 12.9739 0.3468 0.6613 0.5190 0.3729 -0.2447 0.1038 0.7086
355.000 12.0369 0.3613 0.6783 0.5433 0.3898 -0.2576 0.1174 0.6873
360.000 11.1413 0.3750 0.6935 0.5670 0.4064 -0.2704 0.1339 0.6661
365.000 10.2924 0.3879 0.7066 0.5902 0.4227 -0.2831 0.1533 0.6452
370.000 9.5381 0.3998 0.7173 0.6115 0.4377 -0.2950 0.1729 0.6253
375.000 8.8361 0.4102 0.7256 0.6316 0.4521 -0.3064 0.1951 0.6065
380.000 8.2020 0.4195 0.7317 0.6502 0.4655 -0.3172 0.2185 0.5886
385.000 7.6373 0.4278 0.7355 0.6673 0.4779 -0.3272 0.2426 0.5718
390.000 7.1256 0.4341 0.7367 0.6826 0.4893 -0.3363 0.2684 0.5568
395.000 6.6697 0.4394 0.7361 0.6960 0.4994 -0.3450 0.2946 0.5425
400.000 6.2619 0.4429 0.7331 0.7073 0.5081 -0.3529 0.3216 0.5297
405.000 5.8973 0.4444 0.7278 0.7164 0.5155 -0.3598 0.3492 0.5186
410.000 5.5718 0.4456 0.7208 0.7243 0.5218 -0.3657 0.3764 0.5086
415.000 5.2825 0.4453 0.7118 0.7302 0.5269 -0.3705 0.4035 0.5005
420.000 5.0248 0.4433 0.7007 0.7341 0.5307 -0.3744 0.4303 0.4945
425.000 4.7944 0.4393 0.6873 0.7362 0.5334 -0.3777 0.4568 0.4906
430.000 4.5907 0.4332 0.6719 0.7363 0.5349 -0.3803 0.4827 0.4892
435.000 4.4053 0.4263 0.6553 0.7346 0.5352 -0.3816 0.5074 0.4888
440.000 4.2363 0.4187 0.6379 0.7311 0.5341 -0.3817 0.5309 0.4894
445.000 4.0845 0.4101 0.6194 0.7258 0.5319 -0.3804 0.5530 0.4914
450.000 3.9485 0.4007 0.5997 0.7190 0.5286 -0.3783 0.5739 0.4949
