155 3.1755
160 4.6992
165 5.6144
170 6.2672
175 6.7803
180 7.2143
185 7.6039
190 7.9698
195 8.3254
200 8.6794
205 9.0434
210 9.4211
215 9.8258
220 10.2642
225 10.7375
230 11.2466
235 11.7993
240 12.3957
245 13.0450
250 13.7450
255 14.4857
260 15.2899
265 16.1058
270 16.9689
275 17.8489
280 18.6821
285 19.5384
290 20.2481
295 20.8800
300 21.4105
305 21.6987
310 21.8498
315 21.7892
320 21.5142
325 21.0704
330 20.4970
335 19.7601
340 18.9674
345 18.1539
350 17.2554
355 16.4442
360 15.6301
365 14.8262
370 14.1096
375 13.4152
380 12.7776
385 12.2038
390 11.6656
395 11.1832
400 10.7401
405 10.3311
410 9.9641
415 9.6283
420 9.3216
425 9.0437
430 8.7900
435 8.5601
440 8.3517
445 8.1621
450 7.9886
