155.000 3.1906 0.0313 -0.0015 0.0045 0.0019 -0.0042 0.9523 0.3036
160.000 4.7061 0.0555 -0.0055 0.0052 0.0029 -0.0048 0.9345 0.3515
165.000 5.5664 0.0798 -0.0082 0.0062 0.0042 -0.0057 0.9131 0.3998
170.000 6.1108 0.1043 -0.0095 0.0075 0.0059 -0.0066 0.8879 0.4480
175.000 6.4606 0.1290 -0.0093 0.0091 0.0078 -0.0075 0.8586 0.4960
180.000 6.6783 0.1538 -0.0073 0.0112 0.0101 -0.0083 0.8252 0.5435
185.000 6.8015 0.1788 -0.0033 0.0138 0.0126 -0.0088 0.7873 0.5901
190.000 6.8556 0.2039 0.0027 0.0169 0.0153 -0.0090 0.7447 0.6354
195.000 6.8587 0.2290 0.0110 0.0208 0.0181 -0.0086 0.6974 0.6791
200.000 6.8254 0.2540 0.0219 0.0255 0.0210 -0.0075 0.6450 0.7205
205.000 6.7759 0.2781 0.0363 0.0316 0.0239 -0.0057 0.5869 0.7598
210.000 6.7151 0.3012 0.0539 0.0390 0.0267 -0.0029 0.5234 0.7957
215.000 6.6444 0.3227 0.0762 0.0483 0.0293 0.0012 0.4546 0.8276
220.000 6.5695 0.3424 0.1033 0.0597 0.0315 0.0069 0.3806 0.8543
225.000 6.4996 0.3600 0.1354 0.0734 0.0331 0.0142 0.3013 0.8749
230.000 6.4471 0.3751 0.1738 0.0904 0.0341 0.0237 0.2164 0.8881
235.000 6.4148 0.3875 0.2173 0.1102 0.0341 0.0354 0.1271 0.8923
240.000 6.4075 0.3975 0.2680 0.1338 0.0328 0.0499 0.0365 0.8850
245.000 6.4309 0.4048 0.3243 0.1607 0.0298 0.0672 -0.0544 0.8651
250.000 6.4898 0.4094 0.3855 0.1910 0.0249 0.0874 -0.1430 0.8316
255.000 6.5887 0.4116 0.4518 0.2248 0.0176 0.1106 -0.2260 0.7832
260.000 6.7363 0.4114 0.5195 0.2607 0.0080 0.1363 -0.3024 0.7202
265.000 6.9395 0.4101 0.5890 0.2988 -0.0038 0.1639 -0.3641 0.6440
270.000 7.2065 0.4076 0.6564 0.3373 -0.0176 0.1929 -0.4126 0.5560
275.000 7.5399 0.4053 0.7189 0.3750 -0.0331 0.2221 -0.4450 0.4594
280.000 7.9362 0.4048 0.7751 0.4106 -0.0503 0.2504 -0.4584 0.3585
285.000 8.4132 0.4056 0.8226 0.4430 -0.0685 0.2772 -0.4572 0.2539
290.000 8.9222 0.4102 0.8600 0.4710 -0.0869 0.3010 -0.4377 0.1558
295.000 9.4858 0.4177 0.8875 0.4944 -0.1054 0.3218 -0.4048 0.0618
300.000 10.0903 0.4277 0.9044 0.5127 -0.1233 0.3392 -0.3621 -0.0250
305.000 10.6674 0.4407 0.9113 0.5257 -0.1399 0.3535 -0.3120 -0.0983
310.000 11.2642 0.4561 0.9095 0.5337 -0.1555 0.3646 -0.2559 -0.1643
315.000 11.8005 0.4737 0.9002 0.5374 -0.1694 0.3724 -0.1996 -0.2167
320.000 12.2745 0.4935 0.8849 0.5373 -0.1817 0.3770 -0.1423 -0.2581
325.000 12.7023 0.5152 0.8640 0.5333 -0.1928 0.3785 -0.0846 -0.2913
330.000 13.0286 0.5362 0.8402 0.5268 -0.2026 0.3786 -0.0336 -0.3140
335.000 13.2703 0.5584 0.8131 0.5175 -0.2112 0.3766 0.0160 -0.3288
340.000 13.4388 0.5807 0.7841 0.5063 -0.2186 0.3730 0.0608 -0.3373
345.000 13.5277 0.6025 0.7545 0.4944 -0.2249 0.3685 0.0996 -0.3403
350.000 13.5262 0.6251 0.7240 0.4810 -0.2301 0.3626 0.1355 -0.3372
355.000 13.4991 0.6459 0.6938 0.4671 -0.2345 0.3564 0.1653 -0.3322
360.000 13.4096 0.6663 0.6640 0.4525 -0.2379 0.3496 0.1912 -0.3232
365.000 13.2701 0.6863 0.6346 0.4373 -0.2408 0.3424 0.2135 -0.3110
370.000 13.1333 0.7050 0.6059 0.4222 -0.2435 0.3352 0.2314 -0.2983
375.000 12.9599 0.7231 0.5782 0.4071 -0.2459 0.3280 0.2457 -0.2830
380.000 12.7765 0.7402 0.5513 0.3918 -0.2479 0.3207 0.2570 -0.2671
385.000 12.5906 0.7562 0.5251 0.3767 -0.2496 0.3134 0.2655 -0.2515
390.000 12.3849 0.7714 0.5003 0.3618 -0.2511 0.3064 0.2712 -0.2348
395.000 12.1973 0.7856 0.4758 0.3466 -0.2526 0.2995 0.2747 -0.2180
400.000 12.0105 0.7990 0.4523 0.3315 -0.2541 0.2931 0.2760 -0.2007
405.000 11.8225 0.8115 0.4298 0.3165 -0.2556 0.2870 0.2753 -0.1829
410.000 11.6454 0.8231 0.4076 0.3014 -0.2570 0.2810 0.2732 -0.1660
415.000 11.4697 0.8339 0.3863 0.2864 -0.2583 0.2754 0.2695 -0.1491
420.000 11.2975 0.8440 0.3657 0.2717 -0.2596 0.2700 0.2643 -0.1326
425.000 11.1317 0.8537 0.3457 0.2575 -0.2607 0.2647 0.2574 -0.1171
430.000 10.9683 0.8628 0.3266 0.2438 -0.2618 0.2596 0.2491 -0.1020
435.000 10.8211 0.8709 0.3076 0.2297 -0.2633 0.2548 0.2403 -0.0874
440.000 10.6906 0.8781 0.2887 0.2150 -0.2655 0.2503 0.2311 -0.0730
445.000 10.5712 0.8843 0.2703 0.2003 -0.2683 0.2462 0.2214 -0.0589
450.000 10.4561 0.8900 0.2520 0.1854 -0.2707 0.2423 0.2113 -0.0455
