155.000 3.3556 0.0002 -0.0014 0.0025 0.0003 -0.0025 0.9906 0.1368
160.000 5.0989 0.0013 -0.0028 0.0026 0.0003 -0.0025 0.9874 0.1583
165.000 6.2260 0.0023 -0.0037 0.0027 0.0004 -0.0027 0.9838 0.1792
170.000 7.0701 0.0031 -0.0041 0.0030 0.0005 -0.0030 0.9799 0.1994
175.000 7.7476 0.0038 -0.0038 0.0034 0.0006 -0.0034 0.9757 0.2189
180.000 8.3167 0.0043 -0.0031 0.0040 0.0008 -0.0039 0.9714 0.2376
185.000 8.8122 0.0047 -0.0018 0.0046 0.0011 -0.0045 0.9668 0.2554
190.000 9.2566 0.0050 0.0001 0.0054 0.0013 -0.0053 0.9622 0.2723
195.000 9.6658 0.0051 0.0024 0.0063 0.0017 -0.0061 0.9575 0.2883
200.000 10.0516 0.0052 0.0053 0.0073 0.0020 -0.0070 0.9528 0.3034
205.000 10.4256 0.0056 0.0088 0.0085 0.0025 -0.0081 0.9481 0.3179
210.000 10.7939 0.0060 0.0129 0.0098 0.0029 -0.0093 0.9433 0.3317
215.000 11.1603 0.0064 0.0176 0.0115 0.0035 -0.0108 0.9384 0.3452
220.000 11.5296 0.0070 0.0228 0.0135 0.0042 -0.0126 0.9333 0.3582
225.000 11.9080 0.0076 0.0285 0.0157 0.0050 -0.0147 0.9282 0.3709
230.000 12.3036 0.0084 0.0350 0.0183 0.0058 -0.0171 0.9229 0.3833
235.000 12.7188 0.0094 0.0421 0.0212 0.0068 -0.0197 0.9175 0.3953
240.000 13.1513 0.0102 0.0499 0.0245 0.0079 -0.0228 0.9121 0.4067
245.000 13.6067 0.0109 0.0581 0.0282 0.0091 -0.0262 0.9067 0.4177
250.000 14.0754 0.0118 0.0670 0.0324 0.0104 -0.0301 0.9013 0.4279
255.000 14.5379 0.0132 0.0766 0.0372 0.0119 -0.0345 0.8960 0.4371
260.000 15.0130 0.0151 0.0868 0.0424 0.0135 -0.0393 0.8909 0.4457
265.000 15.4710 0.0167 0.0977 0.0482 0.0154 -0.0447 0.8858 0.4535
270.000 15.9300 0.0184 0.1091 0.0546 0.0173 -0.0506 0.8808 0.4606
275.000 16.3612 0.0201 0.1209 0.0614 0.0194 -0.0570 0.8759 0.4669
280.000 16.7137 0.0220 0.1332 0.0690 0.0217 -0.0640 0.8714 0.4719
285.000 17.0323 0.0240 0.1460 0.0770 0.0241 -0.0715 0.8669 0.4762
290.000 17.1879 0.0263 0.1590 0.0856 0.0267 -0.0795 0.8630 0.4791
295.000 17.2267 0.0288 0.1726 0.0948 0.0294 -0.0881 0.8593 0.4811
300.000 17.1416 0.0315 0.1865 0.1045 0.0323 -0.0971 0.8557 0.4821
305.000 16.8698 0.0341 0.2001 0.1147 0.0352 -0.1066 0.8527 0.4820
310.000 16.4597 0.0368 0.2143 0.1258 0.0385 -0.1170 0.8498 0.4809
315.000 15.9123 0.0395 0.2279 0.1370 0.0417 -0.1275 0.8475 0.4786
320.000 15.2269 0.0422 0.2415 0.1486 0.0450 -0.1384 0.8458 0.4748
325.000 14.4287 0.0450 0.2555 0.1610 0.0484 -0.1500 0.8445 0.4696
330.000 13.6030 0.0477 0.2681 0.1731 0.0519 -0.1614 0.8439 0.4636
335.000 12.7034 0.0505 0.2805 0.1860 0.0556 -0.1735 0.8440 0.4559
340.000 11.8053 0.0532 0.2922 0.1990 0.0593 -0.1858 0.8445 0.4473
345.000 10.9416 0.0557 0.3026 0.2115 0.0627 -0.1977 0.8455 0.4383
350.000 10.0701 0.0580 0.3121 0.2243 0.0662 -0.2098 0.8474 0.4278
355.000 9.2938 0.0605 0.3209 0.2364 0.0695 -0.2214 0.8495 0.4169
360.000 8.5634 0.0629 0.3287 0.2482 0.0727 -0.2325 0.8522 0.4050
365.000 7.8835 0.0650 0.3352 0.2596 0.0758 -0.2432 0.8556 0.3921
370.000 7.2883 0.0668 0.3401 0.2706 0.0787 -0.2536 0.8593 0.3796
375.000 6.7485 0.0680 0.3430 0.2808 0.0814 -0.2635 0.8637 0.3668
380.000 6.2661 0.0690 0.3445 0.2903 0.0840 -0.2727 0.8685 0.3538
385.000 5.8393 0.0699 0.3449 0.2991 0.0864 -0.2811 0.8734 0.3410
390.000 5.4610 0.0705 0.3434 0.3068 0.0886 -0.2885 0.8788 0.3284
395.000 5.1235 0.0706 0.3409 0.3130 0.0902 -0.2945 0.8843 0.3161
400.000 4.8254 0.0703 0.3368 0.3176 0.0913 -0.2991 0.8900 0.3045
405.000 4.5632 0.0695 0.3312 0.3208 0.0919 -0.3023 0.8958 0.2934
410.000 4.3299 0.0690 0.3256 0.3243 0.0927 -0.3058 0.9015 0.2821
415.000 4.1261 0.0683 0.3191 0.3271 0.0933 -0.3086 0.9072 0.2713
420.000 3.9477 0.0673 0.3116 0.3285 0.0935 -0.3102 0.9127 0.2613
425.000 3.7904 0.0658 0.3028 0.3279 0.0932 -0.3098 0.9181 0.2528
430.000 3.6546 0.0640 0.2931 0.3256 0.0924 -0.3078 0.9233 0.2456
435.000 3.5356 0.0618 0.2824 0.3228 0.0914 -0.3054 0.9284 0.2391
440.000 3.4325 0.0594 0.2708 0.3195 0.0903 -0.3025 0.9333 0.2334
445.000 3.3456 0.0567 0.2583 0.3154 0.0889 -0.2990 0.9380 0.2288
450.000 3.2636 0.0542 0.2457 0.3108 0.0876 -0.2948 0.9423 0.2255
