155.000 3.2092 0.0575 -0.0047 0.0089 0.0053 -0.0075 0.8479 0.5270
160.000 4.7898 0.0781 -0.0110 0.0098 0.0066 -0.0084 0.7920 0.6054
165.000 5.7711 0.0946 -0.0152 0.0112 0.0084 -0.0095 0.7287 0.6780
170.000 6.4951 0.1074 -0.0172 0.0131 0.0107 -0.0106 0.6596 0.7436
175.000 7.0820 0.1168 -0.0168 0.0157 0.0136 -0.0116 0.5863 0.8014
180.000 7.5913 0.1234 -0.0142 0.0190 0.0171 -0.0121 0.5103 0.8510
185.000 8.0564 0.1276 -0.0094 0.0229 0.0211 -0.0122 0.4331 0.8922
190.000 8.4981 0.1302 -0.0026 0.0275 0.0257 -0.0116 0.3563 0.9252
195.000 8.9291 0.1317 0.0061 0.0328 0.0306 -0.0104 0.2809 0.9506
200.000 9.3583 0.1327 0.0166 0.0387 0.0358 -0.0084 0.2078 0.9691
205.000 9.7950 0.1329 0.0294 0.0458 0.0419 -0.0060 0.1356 0.9815
210.000 10.2442 0.1330 0.0437 0.0539 0.0484 -0.0028 0.0659 0.9882
215.000 10.7186 0.1335 0.0601 0.0632 0.0558 0.0009 -0.0018 0.9897
220.000 11.2254 0.1347 0.0783 0.0738 0.0638 0.0053 -0.0671 0.9862
225.000 11.7667 0.1366 0.0979 0.0856 0.0725 0.0103 -0.1295 0.9782
230.000 12.3455 0.1388 0.1196 0.0992 0.0824 0.0160 -0.1891 0.9662
235.000 12.9696 0.1418 0.1423 0.1139 0.0928 0.0222 -0.2455 0.9504
240.000 13.6347 0.1465 0.1669 0.1304 0.1045 0.0291 -0.2986 0.9310
245.000 14.3514 0.1528 0.1925 0.1482 0.1167 0.0367 -0.3483 0.9084
250.000 15.1172 0.1606 0.2192 0.1673 0.1296 0.0447 -0.3944 0.8831
255.000 15.9210 0.1697 0.2475 0.1882 0.1438 0.0533 -0.4360 0.8555
260.000 16.7873 0.1803 0.2760 0.2098 0.1582 0.0621 -0.4741 0.8256
265.000 17.6517 0.1925 0.3061 0.2335 0.1740 0.0716 -0.5076 0.7942
270.000 18.5544 0.2064 0.3364 0.2581 0.1903 0.0816 -0.5376 0.7609
275.000 19.4619 0.2220 0.3668 0.2837 0.2071 0.0920 -0.5635 0.7265
280.000 20.3045 0.2394 0.3980 0.3108 0.2247 0.1028 -0.5843 0.6917
285.000 21.1569 0.2588 0.4289 0.3384 0.2423 0.1139 -0.6019 0.6555
290.000 21.8320 0.2792 0.4596 0.3666 0.2603 0.1250 -0.6139 0.6204
295.000 22.4045 0.3014 0.4903 0.3953 0.2784 0.1362 -0.6220 0.5849
300.000 22.8499 0.3249 0.5201 0.4242 0.2963 0.1475 -0.6265 0.5494
305.000 23.0220 0.3483 0.5489 0.4530 0.3147 0.1588 -0.6260 0.5162
310.000 23.0303 0.3735 0.5775 0.4825 0.3335 0.1702 -0.6219 0.4826
315.000 22.8068 0.3988 0.6038 0.5107 0.3513 0.1812 -0.6141 0.4514
320.000 22.3493 0.4249 0.6292 0.5387 0.3689 0.1921 -0.6022 0.4220
325.000 21.7077 0.4525 0.6538 0.5666 0.3862 0.2027 -0.5865 0.3932
330.000 20.9441 0.4784 0.6749 0.5918 0.4019 0.2127 -0.5689 0.3680
335.000 20.0124 0.5050 0.6952 0.6167 0.4174 0.2225 -0.5472 0.3446
340.000 19.0333 0.5314 0.7131 0.6398 0.4317 0.2316 -0.5232 0.3235
345.000 18.0493 0.5569 0.7283 0.6608 0.4446 0.2400 -0.4975 0.3055
350.000 16.9895 0.5823 0.7423 0.6809 0.4571 0.2478 -0.4679 0.2904
355.000 16.0347 0.6063 0.7527 0.6978 0.4671 0.2548 -0.4390 0.2775
360.000 15.0908 0.6291 0.7610 0.7128 0.4760 0.2611 -0.4084 0.2677
365.000 14.1712 0.6505 0.7672 0.7258 0.4839 0.2669 -0.3762 0.2611
370.000 13.3555 0.6703 0.7704 0.7358 0.4901 0.2717 -0.3447 0.2568
375.000 12.5766 0.6880 0.7716 0.7438 0.4955 0.2759 -0.3121 0.2561
380.000 11.8652 0.7041 0.7706 0.7494 0.4993 0.2794 -0.2796 0.2576
385.000 11.2268 0.7188 0.7674 0.7524 0.5014 0.2822 -0.2477 0.2610
390.000 10.6345 0.7312 0.7625 0.7534 0.5023 0.2844 -0.2160 0.2675
395.000 10.1034 0.7423 0.7555 0.7520 0.5017 0.2861 -0.1857 0.2753
400.000 9.6184 0.7513 0.7468 0.7488 0.4998 0.2875 -0.1567 0.2855
405.000 9.1742 0.7582 0.7367 0.7439 0.4971 0.2885 -0.1289 0.2980
410.000 8.7766 0.7637 0.7248 0.7368 0.4931 0.2891 -0.1024 0.3116
415.000 8.4153 0.7670 0.7117 0.7280 0.4882 0.2894 -0.0774 0.3271
420.000 8.0869 0.7687 0.6974 0.7178 0.4826 0.2893 -0.0540 0.3441
425.000 7.7886 0.7694 0.6818 0.7064 0.4761 0.2882 -0.0322 0.3623
430.000 7.5173 0.7686 0.6654 0.6940 0.4692 0.2867 -0.0122 0.3817
435.000 7.2719 0.7662 0.6480 0.6800 0.4613 0.2852 0.0061 0.4016
440.000 7.0500 0.7623 0.6298 0.6645 0.4524 0.2842 0.0226 0.4217
445.000 6.8492 0.7567 0.6113 0.6480 0.4430 0.2834 0.0372 0.4423
450.000 6.6639 0.7504 0.5919 0.6304 0.4327 0.2824 0.0500 0.4632
