155.000 3.2586 0.0214 -0.0036 0.0015 0.0005 -0.0015 0.9410 0.3377
160.000 4.8383 0.0240 -0.0102 0.0045 0.0018 -0.0044 0.8924 0.4504
165.000 5.8232 0.0275 -0.0124 0.0062 0.0029 -0.0058 0.8520 0.5226
170.000 6.5525 0.0302 -0.0132 0.0078 0.0041 -0.0071 0.8117 0.5832
175.000 7.1420 0.0324 -0.0126 0.0095 0.0055 -0.0083 0.7714 0.6353
180.000 7.6491 0.0343 -0.0106 0.0113 0.0071 -0.0093 0.7315 0.6809
185.000 8.1070 0.0361 -0.0071 0.0134 0.0089 -0.0104 0.6920 0.7210
190.000 8.5367 0.0378 -0.0024 0.0158 0.0110 -0.0116 0.6530 0.7564
195.000 8.9530 0.0397 0.0038 0.0186 0.0134 -0.0129 0.6147 0.7878
200.000 9.3663 0.0417 0.0112 0.0220 0.0162 -0.0143 0.5770 0.8156
205.000 9.7849 0.0440 0.0199 0.0259 0.0195 -0.0160 0.5402 0.8402
210.000 10.2152 0.0465 0.0299 0.0305 0.0233 -0.0179 0.5041 0.8619
215.000 10.6625 0.0495 0.0411 0.0358 0.0276 -0.0202 0.4689 0.8810
220.000 11.1313 0.0528 0.0535 0.0419 0.0325 -0.0228 0.4346 0.8976
225.000 11.6254 0.0567 0.0671 0.0489 0.0381 -0.0257 0.4012 0.9119
230.000 12.1479 0.0610 0.0819 0.0568 0.0445 -0.0291 0.3687 0.9242
235.000 12.7011 0.0659 0.0977 0.0657 0.0516 -0.0329 0.3371 0.9344
240.000 13.2862 0.0714 0.1147 0.0757 0.0595 -0.0372 0.3066 0.9426
245.000 13.9032 0.0776 0.1327 0.0868 0.0684 -0.0420 0.2771 0.9490
250.000 14.5504 0.0844 0.1517 0.0991 0.0781 -0.0473 0.2488 0.9536
255.000 15.2235 0.0920 0.1718 0.1126 0.0889 -0.0531 0.2216 0.9565
260.000 15.9156 0.1003 0.1927 0.1273 0.1007 -0.0594 0.1957 0.9576
265.000 16.6155 0.1094 0.2146 0.1434 0.1135 -0.0663 0.1712 0.9571
270.000 17.3079 0.1193 0.2372 0.1608 0.1273 -0.0737 0.1480 0.9549
275.000 17.9715 0.1300 0.2606 0.1795 0.1423 -0.0817 0.1264 0.9511
280.000 18.5780 0.1415 0.2847 0.1996 0.1583 -0.0902 0.1062 0.9457
285.000 19.0882 0.1539 0.3094 0.2210 0.1755 -0.0992 0.0871 0.9387
290.000 19.4511 0.1672 0.3345 0.2438 0.1940 -0.1086 0.0683 0.9303
295.000 19.6374 0.1814 0.3598 0.2681 0.2139 -0.1183 0.0500 0.9205
300.000 19.6767 0.1964 0.3851 0.2934 0.2346 -0.1284 0.0349 0.9091
305.000 19.5664 0.2119 0.4104 0.3196 0.2558 -0.1391 0.0240 0.8964
310.000 19.2744 0.2279 0.4357 0.3467 0.2776 -0.1501 0.0162 0.8824
315.000 18.7933 0.2445 0.4607 0.3746 0.3001 -0.1615 0.0108 0.8672
320.000 18.1399 0.2614 0.4854 0.4033 0.3232 -0.1730 0.0078 0.8510
325.000 17.3449 0.2788 0.5092 0.4325 0.3467 -0.1847 0.0073 0.8340
330.000 16.4464 0.2964 0.5323 0.4620 0.3705 -0.1966 0.0092 0.8163
335.000 15.4850 0.3141 0.5544 0.4917 0.3944 -0.2084 0.0137 0.7978
340.000 14.4978 0.3318 0.5755 0.5212 0.4181 -0.2200 0.0207 0.7789
345.000 13.5167 0.3492 0.5952 0.5503 0.4416 -0.2315 0.0303 0.7597
350.000 12.5665 0.3662 0.6134 0.5788 0.4646 -0.2426 0.0422 0.7404
355.000 11.6651 0.3827 0.6300 0.6065 0.4868 -0.2534 0.0565 0.7211
360.000 10.8238 0.3984 0.6448 0.6330 0.5082 -0.2637 0.0731 0.7022
365.000 10.0488 0.4133 0.6577 0.6582 0.5285 -0.2734 0.0917 0.6836
370.000 9.3419 0.4270 0.6686 0.6818 0.5476 -0.2825 0.1123 0.6657
375.000 8.7025 0.4396 0.6773 0.7035 0.5652 -0.2908 0.1345 0.6486
380.000 8.1274 0.4509 0.6839 0.7233 0.5813 -0.2984 0.1583 0.6325
385.000 7.6129 0.4607 0.6883 0.7409 0.5957 -0.3052 0.1832 0.6175
390.000 7.1542 0.4690 0.6905 0.7562 0.6083 -0.3111 0.2092 0.6037
395.000 6.7464 0.4757 0.6905 0.7691 0.6190 -0.3162 0.2359 0.5913
400.000 6.3848 0.4808 0.6883 0.7796 0.6279 -0.3203 0.2631 0.5803
405.000 6.0647 0.4842 0.6841 0.7875 0.6348 -0.3235 0.2905 0.5708
410.000 5.7818 0.4859 0.6778 0.7930 0.6399 -0.3258 0.3179 0.5628
415.000 5.5322 0.4860 0.6697 0.7961 0.6431 -0.3272 0.3450 0.5564
420.000 5.3122 0.4845 0.6597 0.7968 0.6445 -0.3277 0.3716 0.5515
425.000 5.1186 0.4814 0.6481 0.7952 0.6442 -0.3274 0.3974 0.5481
430.000 4.9484 0.4770 0.6350 0.7915 0.6423 -0.3262 0.4224 0.5463
435.000 4.7989 0.4712 0.6205 0.7858 0.6389 -0.3243 0.4463 0.5458
440.000 4.6678 0.4642 0.6048 0.7783 0.6341 -0.3216 0.4690 0.5468
445.000 4.5528 0.4561 0.5880 0.7691 0.6282 -0.3182 0.4904 0.5490
450.000 4.4520 0.4471 0.5702 0.7585 0.6211 -0.3142 0.5104 0.5525
