155.000 3.2606 0.0011 -0.0009 0.0004 0.0000 -0.0004 0.9965 0.0839
160.000 4.7942 0.0012 -0.0025 0.0011 0.0001 -0.0011 0.9935 0.1137
165.000 5.7432 0.0014 -0.0031 0.0015 0.0002 -0.0015 0.9910 0.1335
170.000 6.4320 0.0015 -0.0033 0.0019 0.0002 -0.0019 0.9886 0.1507
175.000 6.9775 0.0017 -0.0032 0.0023 0.0003 -0.0023 0.9861 0.1663
180.000 7.4379 0.0018 -0.0026 0.0027 0.0004 -0.0027 0.9836 0.1805
185.000 7.8470 0.0019 -0.0017 0.0032 0.0005 -0.0031 0.9811 0.1936
190.000 8.2263 0.0020 -0.0005 0.0037 0.0007 -0.0037 0.9786 0.2058
195.000 8.5905 0.0021 0.0011 0.0044 0.0008 -0.0043 0.9761 0.2172
200.000 8.9501 0.0023 0.0031 0.0052 0.0010 -0.0051 0.9737 0.2279
205.000 9.3126 0.0024 0.0055 0.0061 0.0012 -0.0060 0.9713 0.2380
210.000 9.6841 0.0026 0.0082 0.0072 0.0015 -0.0070 0.9689 0.2475
215.000 10.0692 0.0028 0.0112 0.0085 0.0018 -0.0083 0.9665 0.2565
220.000 10.4715 0.0030 0.0147 0.0100 0.0021 -0.0097 0.9641 0.2650
225.000 10.8937 0.0033 0.0185 0.0117 0.0025 -0.0114 0.9618 0.2731
230.000 11.3377 0.0036 0.0227 0.0137 0.0030 -0.0133 0.9595 0.2807
235.000 11.8046 0.0039 0.0272 0.0160 0.0035 -0.0155 0.9573 0.2880
240.000 12.2943 0.0043 0.0321 0.0186 0.0041 -0.0180 0.9550 0.2948
245.000 12.8054 0.0047 0.0374 0.0215 0.0048 -0.0209 0.9528 0.3012
250.000 13.3350 0.0051 0.0431 0.0248 0.0055 -0.0241 0.9506 0.3073
255.000 13.8777 0.0056 0.0492 0.0285 0.0064 -0.0276 0.9485 0.3129
260.000 14.4257 0.0062 0.0556 0.0326 0.0073 -0.0316 0.9464 0.3181
265.000 14.9679 0.0068 0.0624 0.0371 0.0083 -0.0360 0.9443 0.3229
270.000 15.4893 0.0075 0.0697 0.0422 0.0095 -0.0409 0.9423 0.3273
275.000 15.9701 0.0083 0.0773 0.0477 0.0107 -0.0463 0.9404 0.3312
280.000 16.3841 0.0091 0.0853 0.0537 0.0121 -0.0521 0.9385 0.3346
285.000 16.6941 0.0101 0.0937 0.0603 0.0136 -0.0585 0.9366 0.3376
290.000 16.8497 0.0111 0.1025 0.0676 0.0152 -0.0655 0.9346 0.3404
295.000 16.8290 0.0122 0.1117 0.0755 0.0170 -0.0732 0.9326 0.3430
300.000 16.6853 0.0134 0.1211 0.0839 0.0190 -0.0814 0.9308 0.3447
305.000 16.4293 0.0147 0.1306 0.0928 0.0210 -0.0900 0.9294 0.3451
310.000 16.0291 0.0160 0.1402 0.1021 0.0231 -0.0990 0.9282 0.3445
315.000 15.4787 0.0174 0.1499 0.1120 0.0253 -0.1086 0.9272 0.3430
320.000 14.7964 0.0189 0.1597 0.1223 0.0277 -0.1186 0.9264 0.3408
325.000 14.0117 0.0204 0.1694 0.1330 0.0301 -0.1290 0.9257 0.3377
330.000 13.1603 0.0219 0.1789 0.1442 0.0326 -0.1398 0.9254 0.3337
335.000 12.2778 0.0235 0.1882 0.1555 0.0351 -0.1508 0.9253 0.3288
340.000 11.3954 0.0251 0.1971 0.1670 0.0377 -0.1620 0.9254 0.3231
345.000 10.5386 0.0267 0.2055 0.1785 0.0403 -0.1731 0.9259 0.3164
350.000 9.7262 0.0283 0.2133 0.1899 0.0428 -0.1842 0.9266 0.3089
355.000 8.9706 0.0298 0.2204 0.2011 0.0453 -0.1950 0.9276 0.3006
360.000 8.2788 0.0313 0.2266 0.2118 0.0477 -0.2054 0.9290 0.2916
365.000 7.6533 0.0326 0.2319 0.2220 0.0499 -0.2153 0.9306 0.2821
370.000 7.0936 0.0339 0.2362 0.2315 0.0520 -0.2245 0.9325 0.2720
375.000 6.5968 0.0349 0.2393 0.2401 0.0539 -0.2329 0.9347 0.2616
380.000 6.1590 0.0359 0.2413 0.2478 0.0556 -0.2403 0.9370 0.2510
385.000 5.7753 0.0366 0.2420 0.2545 0.0570 -0.2468 0.9396 0.2404
390.000 5.4409 0.0372 0.2417 0.2600 0.0582 -0.2522 0.9424 0.2298
395.000 5.1507 0.0375 0.2401 0.2643 0.0591 -0.2564 0.9452 0.2194
400.000 4.9000 0.0377 0.2375 0.2674 0.0597 -0.2594 0.9481 0.2095
405.000 4.6845 0.0377 0.2338 0.2694 0.0601 -0.2613 0.9511 0.2000
410.000 4.5001 0.0375 0.2292 0.2701 0.0602 -0.2621 0.9541 0.1911
415.000 4.3433 0.0371 0.2237 0.2698 0.0601 -0.2617 0.9570 0.1828
420.000 4.2108 0.0366 0.2175 0.2683 0.0597 -0.2604 0.9598 0.1753
425.000 4.0997 0.0359 0.2107 0.2660 0.0591 -0.2581 0.9625 0.1686
430.000 4.0073 0.0351 0.2034 0.2628 0.0583 -0.2550 0.9652 0.1627
435.000 3.9314 0.0341 0.1957 0.2588 0.0574 -0.2512 0.9676 0.1576
440.000 3.8699 0.0331 0.1877 0.2541 0.0563 -0.2467 0.9699 0.1533
445.000 3.8208 0.0320 0.1795 0.2490 0.0551 -0.2417 0.9720 0.1498
450.000 3.7823 0.0309 0.1711 0.2434 0.0539 -0.2363 0.9740 0.1470
