155.000 3.1465 0.0545 -0.0032 0.0073 0.0042 -0.0063 0.8838 0.4648
160.000 4.6198 0.0909 -0.0092 0.0084 0.0059 -0.0073 0.8381 0.5379
165.000 5.4639 0.1244 -0.0134 0.0100 0.0083 -0.0085 0.7836 0.6085
170.000 6.0253 0.1545 -0.0156 0.0121 0.0112 -0.0096 0.7210 0.6753
175.000 6.4286 0.1810 -0.0155 0.0149 0.0146 -0.0106 0.6509 0.7370
180.000 6.7366 0.2039 -0.0130 0.0184 0.0186 -0.0109 0.5743 0.7926
185.000 6.9860 0.2230 -0.0081 0.0228 0.0231 -0.0106 0.4924 0.8412
190.000 7.1998 0.2386 -0.0008 0.0281 0.0279 -0.0092 0.4064 0.8819
195.000 7.3935 0.2509 0.0088 0.0344 0.0329 -0.0067 0.3176 0.9144
200.000 7.5787 0.2603 0.0208 0.0417 0.0380 -0.0029 0.2271 0.9384
205.000 7.7757 0.2663 0.0359 0.0508 0.0435 0.0023 0.1352 0.9541
210.000 7.9862 0.2696 0.0533 0.0612 0.0491 0.0089 0.0436 0.9612
215.000 8.2149 0.2702 0.0739 0.0735 0.0550 0.0173 -0.0471 0.9599
220.000 8.4672 0.2685 0.0972 0.0878 0.0609 0.0275 -0.1360 0.9504
225.000 8.7474 0.2653 0.1230 0.1039 0.0670 0.0395 -0.2218 0.9327
230.000 9.0599 0.2615 0.1520 0.1226 0.0734 0.0536 -0.3040 0.9071
235.000 9.4103 0.2574 0.1826 0.1432 0.0797 0.0694 -0.3818 0.8741
240.000 9.8020 0.2529 0.2164 0.1664 0.0863 0.0874 -0.4538 0.8342
245.000 10.2423 0.2485 0.2517 0.1914 0.0927 0.1073 -0.5199 0.7881
250.000 10.7312 0.2451 0.2884 0.2181 0.0989 0.1288 -0.5793 0.7365
255.000 11.2653 0.2435 0.3270 0.2472 0.1049 0.1525 -0.6311 0.6800
260.000 11.8613 0.2436 0.3654 0.2771 0.1102 0.1774 -0.6760 0.6191
265.000 12.4844 0.2464 0.4056 0.3093 0.1156 0.2039 -0.7115 0.5561
270.000 13.1613 0.2518 0.4453 0.3422 0.1205 0.2313 -0.7394 0.4906
275.000 13.8747 0.2598 0.4840 0.3755 0.1247 0.2593 -0.7592 0.4244
280.000 14.5844 0.2707 0.5226 0.4094 0.1287 0.2880 -0.7698 0.3594
285.000 15.3403 0.2843 0.5590 0.4426 0.1319 0.3166 -0.7737 0.2939
290.000 16.0136 0.3014 0.5937 0.4752 0.1341 0.3446 -0.7691 0.2329
295.000 16.6571 0.3217 0.6262 0.5068 0.1351 0.3719 -0.7579 0.1737
300.000 17.2505 0.3445 0.6557 0.5367 0.1351 0.3980 -0.7409 0.1174
305.000 17.6790 0.3686 0.6820 0.5645 0.1350 0.4231 -0.7181 0.0684
310.000 18.0277 0.3953 0.7056 0.5904 0.1341 0.4471 -0.6900 0.0222
315.000 18.2192 0.4229 0.7247 0.6131 0.1323 0.4687 -0.6591 -0.0173
320.000 18.2501 0.4520 0.7406 0.6332 0.1296 0.4881 -0.6249 -0.0509
325.000 18.1548 0.4832 0.7532 0.6506 0.1258 0.5054 -0.5873 -0.0803
330.000 17.9377 0.5125 0.7612 0.6642 0.1211 0.5202 -0.5506 -0.1027
335.000 17.5842 0.5430 0.7663 0.6750 0.1155 0.5331 -0.5115 -0.1197
340.000 17.1664 0.5729 0.7677 0.6823 0.1092 0.5433 -0.4727 -0.1317
345.000 16.7037 0.6015 0.7656 0.6863 0.1028 0.5509 -0.4357 -0.1385
350.000 16.1519 0.6302 0.7612 0.6877 0.0959 0.5562 -0.3980 -0.1393
355.000 15.6478 0.6565 0.7533 0.6858 0.0886 0.5594 -0.3638 -0.1375
360.000 15.1189 0.6813 0.7432 0.6814 0.0810 0.5608 -0.3311 -0.1310
365.000 14.5772 0.7048 0.7311 0.6745 0.0732 0.5604 -0.2999 -0.1202
370.000 14.0897 0.7263 0.7168 0.6653 0.0649 0.5581 -0.2719 -0.1084
375.000 13.6013 0.7459 0.7013 0.6543 0.0565 0.5544 -0.2460 -0.0932
380.000 13.1441 0.7638 0.6844 0.6414 0.0480 0.5496 -0.2227 -0.0760
385.000 12.7254 0.7797 0.6662 0.6271 0.0396 0.5438 -0.2021 -0.0575
390.000 12.3203 0.7936 0.6475 0.6117 0.0313 0.5375 -0.1842 -0.0365
395.000 11.9607 0.8060 0.6276 0.5948 0.0228 0.5302 -0.1683 -0.0153
400.000 11.6279 0.8167 0.6073 0.5769 0.0144 0.5223 -0.1547 0.0069
405.000 11.3170 0.8256 0.5868 0.5584 0.0060 0.5142 -0.1434 0.0302
410.000 11.0337 0.8331 0.5655 0.5389 -0.0026 0.5056 -0.1342 0.0529
415.000 10.7693 0.8391 0.5442 0.5189 -0.0111 0.4970 -0.1270 0.0759
420.000 10.5248 0.8438 0.5228 0.4986 -0.0193 0.4882 -0.1217 0.0991
425.000 10.3028 0.8475 0.5013 0.4780 -0.0269 0.4789 -0.1179 0.1226
430.000 10.0976 0.8499 0.4801 0.4573 -0.0339 0.4695 -0.1156 0.1463
435.000 9.9127 0.8513 0.4586 0.4362 -0.0415 0.4602 -0.1146 0.1689
440.000 9.7467 0.8518 0.4370 0.4146 -0.0499 0.4512 -0.1148 0.1901
445.000 9.5963 0.8511 0.4157 0.3929 -0.0586 0.4426 -0.1162 0.2104
450.000 9.4578 0.8500 0.3941 0.3711 -0.0674 0.4339 -0.1189 0.2301
