155.000 3.1502 0.0474 -0.0026 0.0063 0.0033 -0.0056 0.9103 0.4112
160.000 4.6234 0.0819 -0.0079 0.0073 0.0049 -0.0064 0.8754 0.4762
165.000 5.4555 0.1149 -0.0117 0.0087 0.0069 -0.0075 0.8335 0.5403
170.000 5.9907 0.1462 -0.0136 0.0105 0.0095 -0.0087 0.7844 0.6026
175.000 6.3531 0.1754 -0.0134 0.0130 0.0126 -0.0096 0.7284 0.6621
180.000 6.6058 0.2024 -0.0111 0.0161 0.0161 -0.0102 0.6657 0.7181
185.000 6.7867 0.2270 -0.0064 0.0200 0.0201 -0.0102 0.5969 0.7695
190.000 6.9202 0.2491 0.0007 0.0248 0.0243 -0.0093 0.5223 0.8155
195.000 7.0231 0.2687 0.0102 0.0306 0.0287 -0.0074 0.4429 0.8553
200.000 7.1090 0.2858 0.0224 0.0374 0.0332 -0.0043 0.3592 0.8883
205.000 7.2012 0.2994 0.0379 0.0460 0.0380 0.0002 0.2715 0.9142
210.000 7.3013 0.3102 0.0562 0.0561 0.0427 0.0062 0.1814 0.9322
215.000 7.4104 0.3175 0.0783 0.0683 0.0474 0.0141 0.0895 0.9420
220.000 7.5333 0.3214 0.1039 0.0826 0.0521 0.0240 -0.0033 0.9431
225.000 7.6773 0.3226 0.1328 0.0991 0.0565 0.0359 -0.0956 0.9351
230.000 7.8511 0.3218 0.1659 0.1186 0.0608 0.0502 -0.1866 0.9176
235.000 8.0585 0.3193 0.2014 0.1403 0.0647 0.0668 -0.2750 0.8905
240.000 8.3031 0.3151 0.2410 0.1650 0.0682 0.0860 -0.3584 0.8540
245.000 8.5915 0.3098 0.2829 0.1921 0.0711 0.1075 -0.4362 0.8087
250.000 8.9253 0.3043 0.3268 0.2213 0.0732 0.1313 -0.5069 0.7550
255.000 9.3036 0.2994 0.3731 0.2530 0.0744 0.1575 -0.5691 0.6935
260.000 9.7402 0.2952 0.4190 0.2857 0.0744 0.1854 -0.6232 0.6250
265.000 10.2147 0.2935 0.4666 0.3207 0.0738 0.2150 -0.6651 0.5522
270.000 10.7468 0.2939 0.5133 0.3562 0.0720 0.2456 -0.6969 0.4753
275.000 11.3272 0.2970 0.5580 0.3917 0.0693 0.2766 -0.7179 0.3965
280.000 11.9303 0.3034 0.6013 0.4270 0.0656 0.3077 -0.7268 0.3186
285.000 12.5929 0.3127 0.6410 0.4609 0.0609 0.3384 -0.7266 0.2400
290.000 13.2145 0.3261 0.6772 0.4931 0.0551 0.3676 -0.7156 0.1671
295.000 13.8364 0.3432 0.7096 0.5235 0.0481 0.3954 -0.6962 0.0968
300.000 14.4414 0.3632 0.7371 0.5510 0.0401 0.4212 -0.6697 0.0308
305.000 14.9329 0.3852 0.7597 0.5752 0.0322 0.4451 -0.6368 -0.0258
310.000 15.3812 0.4102 0.7779 0.5965 0.0237 0.4669 -0.5981 -0.0783
315.000 15.7077 0.4365 0.7904 0.6138 0.0150 0.4856 -0.5574 -0.1220
320.000 15.9095 0.4647 0.7986 0.6279 0.0058 0.5014 -0.5139 -0.1581
325.000 16.0140 0.4950 0.8024 0.6384 -0.0039 0.5143 -0.4677 -0.1885
330.000 16.0057 0.5237 0.8014 0.6451 -0.0137 0.5245 -0.4243 -0.2107
335.000 15.8806 0.5535 0.7969 0.6484 -0.0237 0.5322 -0.3796 -0.2263
340.000 15.6878 0.5829 0.7886 0.6485 -0.0336 0.5372 -0.3367 -0.2363
345.000 15.4375 0.6110 0.7773 0.6457 -0.0429 0.5397 -0.2973 -0.2407
350.000 15.0980 0.6394 0.7637 0.6404 -0.0520 0.5399 -0.2587 -0.2387
355.000 14.7788 0.6652 0.7474 0.6323 -0.0606 0.5383 -0.2248 -0.2342
360.000 14.4208 0.6898 0.7295 0.6222 -0.0688 0.5351 -0.1935 -0.2250
365.000 14.0366 0.7132 0.7103 0.6102 -0.0766 0.5304 -0.1648 -0.2117
370.000 13.6884 0.7346 0.6896 0.5968 -0.0845 0.5244 -0.1400 -0.1978
375.000 13.3269 0.7545 0.6685 0.5821 -0.0921 0.5174 -0.1182 -0.1807
380.000 12.9806 0.7727 0.6465 0.5664 -0.0994 0.5096 -0.0994 -0.1622
385.000 12.6562 0.7891 0.6241 0.5497 -0.1063 0.5012 -0.0838 -0.1429
390.000 12.3323 0.8038 0.6019 0.5325 -0.1128 0.4926 -0.0710 -0.1218
395.000 12.0452 0.8171 0.5790 0.5142 -0.1192 0.4834 -0.0604 -0.1005
400.000 11.7764 0.8287 0.5562 0.4955 -0.1253 0.4741 -0.0521 -0.0784
405.000 11.5212 0.8388 0.5337 0.4764 -0.1313 0.4649 -0.0462 -0.0555
410.000 11.2863 0.8477 0.5108 0.4568 -0.1372 0.4554 -0.0421 -0.0336
415.000 11.0634 0.8552 0.4884 0.4372 -0.1430 0.4461 -0.0400 -0.0117
420.000 10.8542 0.8616 0.4662 0.4175 -0.1485 0.4369 -0.0397 0.0102
425.000 10.6612 0.8671 0.4443 0.3979 -0.1533 0.4276 -0.0410 0.0320
430.000 10.4794 0.8715 0.4230 0.3786 -0.1577 0.4185 -0.0439 0.0537
435.000 10.3171 0.8749 0.4016 0.3588 -0.1627 0.4095 -0.0477 0.0743
440.000 10.1737 0.8774 0.3801 0.3387 -0.1684 0.4007 -0.0522 0.0937
445.000 10.0446 0.8788 0.3590 0.3186 -0.1745 0.3924 -0.0577 0.1121
450.000 9.9233 0.8797 0.3378 0.2983 -0.1805 0.3841 -0.0639 0.1298
