155 3.2213
160 4.8211
165 5.8233
170 6.5680
175 7.1750
180 7.7031
185 8.1859
190 8.6439
195 9.0903
200 9.5339
205 9.9847
210 10.4476
215 10.9343
220 11.4517
225 12.0025
230 12.5907
235 13.2236
240 13.8960
245 14.6185
250 15.3889
255 16.1973
260 17.0673
265 17.9302
270 18.8273
275 19.7254
280 20.5552
285 21.3907
290 22.0424
295 22.5853
300 22.9954
305 23.1275
310 23.0905
315 22.8197
320 22.3129
325 21.6203
330 20.8106
335 19.8345
340 18.8143
345 17.7938
350 16.7015
355 15.7187
360 14.7514
365 13.8124
370 12.9798
375 12.1879
380 11.4654
385 10.8175
390 10.2179
395 9.6809
400 9.1919
405 8.7452
410 8.3452
415 7.9825
420 7.6531
425 7.3543
430 7.0832
435 6.8378
440 6.6158
445 6.4152
450 6.2299
