155.000 3.3578 0.0000 -0.0009 0.0017 0.0001 -0.0017 0.9958 0.0916
160.000 5.1030 0.0005 -0.0019 0.0017 0.0001 -0.0017 0.9943 0.1062
165.000 6.2311 0.0010 -0.0025 0.0018 0.0002 -0.0018 0.9927 0.1203
170.000 7.0755 0.0014 -0.0027 0.0020 0.0002 -0.0020 0.9910 0.1340
175.000 7.7523 0.0017 -0.0026 0.0023 0.0003 -0.0023 0.9891 0.1472
180.000 8.3198 0.0019 -0.0021 0.0027 0.0004 -0.0026 0.9871 0.1600
185.000 8.8127 0.0021 -0.0012 0.0031 0.0005 -0.0031 0.9851 0.1721
190.000 9.2538 0.0022 0.0001 0.0036 0.0006 -0.0036 0.9830 0.1837
195.000 9.6589 0.0023 0.0016 0.0042 0.0007 -0.0041 0.9809 0.1946
200.000 10.0400 0.0023 0.0036 0.0049 0.0009 -0.0048 0.9788 0.2050
205.000 10.4089 0.0025 0.0060 0.0057 0.0011 -0.0055 0.9766 0.2150
210.000 10.7717 0.0027 0.0087 0.0066 0.0013 -0.0064 0.9744 0.2245
215.000 11.1311 0.0029 0.0119 0.0077 0.0016 -0.0075 0.9722 0.2338
220.000 11.4915 0.0031 0.0154 0.0090 0.0019 -0.0087 0.9699 0.2429
225.000 11.8594 0.0034 0.0193 0.0105 0.0022 -0.0102 0.9676 0.2518
230.000 12.2433 0.0038 0.0237 0.0122 0.0026 -0.0118 0.9652 0.2606
235.000 12.6449 0.0043 0.0285 0.0141 0.0031 -0.0137 0.9627 0.2691
240.000 13.0639 0.0046 0.0338 0.0164 0.0036 -0.0159 0.9602 0.2773
245.000 13.5055 0.0049 0.0394 0.0189 0.0041 -0.0183 0.9577 0.2851
250.000 13.9592 0.0053 0.0455 0.0217 0.0047 -0.0210 0.9552 0.2925
255.000 14.4045 0.0060 0.0520 0.0249 0.0054 -0.0241 0.9527 0.2992
260.000 14.8605 0.0069 0.0590 0.0284 0.0062 -0.0275 0.9503 0.3055
265.000 15.2996 0.0076 0.0664 0.0324 0.0070 -0.0313 0.9480 0.3112
270.000 15.7389 0.0084 0.0742 0.0367 0.0079 -0.0355 0.9456 0.3165
275.000 16.1504 0.0092 0.0824 0.0414 0.0089 -0.0400 0.9434 0.3213
280.000 16.4852 0.0100 0.0908 0.0465 0.0099 -0.0450 0.9413 0.3252
285.000 16.7860 0.0110 0.0997 0.0520 0.0110 -0.0503 0.9392 0.3286
290.000 16.9259 0.0120 0.1086 0.0578 0.0122 -0.0560 0.9373 0.3309
295.000 16.9499 0.0132 0.1180 0.0641 0.0135 -0.0621 0.9356 0.3327
300.000 16.8508 0.0144 0.1276 0.0707 0.0148 -0.0685 0.9339 0.3338
305.000 16.5675 0.0156 0.1370 0.0777 0.0162 -0.0753 0.9324 0.3341
310.000 16.1473 0.0169 0.1468 0.0853 0.0177 -0.0827 0.9310 0.3338
315.000 15.5960 0.0182 0.1563 0.0930 0.0192 -0.0901 0.9299 0.3326
320.000 14.9127 0.0194 0.1657 0.1010 0.0207 -0.0979 0.9291 0.3304
325.000 14.1208 0.0207 0.1754 0.1095 0.0223 -0.1062 0.9285 0.3270
330.000 13.3041 0.0220 0.1841 0.1179 0.0239 -0.1143 0.9281 0.3231
335.000 12.4173 0.0232 0.1928 0.1268 0.0256 -0.1230 0.9282 0.3180
340.000 11.5335 0.0245 0.2009 0.1357 0.0273 -0.1317 0.9284 0.3122
345.000 10.6852 0.0256 0.2081 0.1444 0.0290 -0.1402 0.9288 0.3061
350.000 9.8315 0.0267 0.2146 0.1532 0.0306 -0.1488 0.9297 0.2988
355.000 9.0705 0.0278 0.2207 0.1616 0.0321 -0.1570 0.9306 0.2914
360.000 8.3556 0.0289 0.2260 0.1697 0.0336 -0.1649 0.9319 0.2831
365.000 7.6913 0.0299 0.2305 0.1775 0.0350 -0.1725 0.9335 0.2740
370.000 7.1110 0.0307 0.2338 0.1850 0.0363 -0.1799 0.9352 0.2653
375.000 6.5862 0.0312 0.2356 0.1921 0.0376 -0.1868 0.9373 0.2562
380.000 6.1179 0.0317 0.2365 0.1986 0.0388 -0.1933 0.9395 0.2470
385.000 5.7039 0.0321 0.2366 0.2046 0.0399 -0.1992 0.9418 0.2379
390.000 5.3378 0.0323 0.2354 0.2098 0.0409 -0.2043 0.9444 0.2288
395.000 5.0114 0.0323 0.2334 0.2140 0.0416 -0.2084 0.9469 0.2201
400.000 4.7235 0.0321 0.2304 0.2170 0.0420 -0.2114 0.9496 0.2117
405.000 4.4709 0.0317 0.2262 0.2189 0.0423 -0.2133 0.9523 0.2038
410.000 4.2456 0.0314 0.2222 0.2212 0.0426 -0.2156 0.9550 0.1956
415.000 4.0491 0.0311 0.2175 0.2231 0.0428 -0.2175 0.9577 0.1877
420.000 3.8774 0.0306 0.2122 0.2239 0.0429 -0.2184 0.9602 0.1805
425.000 3.7264 0.0299 0.2060 0.2233 0.0427 -0.2178 0.9628 0.1742
430.000 3.5965 0.0290 0.1992 0.2215 0.0422 -0.2161 0.9652 0.1689
435.000 3.4835 0.0280 0.1916 0.2193 0.0417 -0.2140 0.9675 0.1642
440.000 3.3864 0.0268 0.1834 0.2168 0.0411 -0.2117 0.9698 0.1599
445.000 3.3054 0.0255 0.1746 0.2139 0.0405 -0.2089 0.9720 0.1565
450.000 3.2279 0.0243 0.1658 0.2106 0.0398 -0.2058 0.9740 0.1540
