155.000 3.2870 0.0287 -0.0044 0.0073 0.0033 -0.0067 0.8989 0.4372
160.000 4.9700 0.0371 -0.0092 0.0078 0.0039 -0.0072 0.8652 0.4999
165.000 6.0524 0.0436 -0.0122 0.0086 0.0047 -0.0079 0.8278 0.5592
170.000 6.8691 0.0486 -0.0134 0.0099 0.0058 -0.0089 0.7873 0.6145
175.000 7.5370 0.0522 -0.0129 0.0116 0.0074 -0.0099 0.7445 0.6655
180.000 8.1142 0.0548 -0.0106 0.0138 0.0094 -0.0110 0.7000 0.7119
185.000 8.6344 0.0566 -0.0066 0.0164 0.0118 -0.0120 0.6547 0.7537
190.000 9.1188 0.0580 -0.0011 0.0194 0.0145 -0.0130 0.6091 0.7910
195.000 9.5818 0.0593 0.0059 0.0227 0.0177 -0.0138 0.5637 0.8238
200.000 10.0340 0.0607 0.0144 0.0265 0.0211 -0.0146 0.5191 0.8525
205.000 10.4886 0.0626 0.0247 0.0310 0.0252 -0.0154 0.4741 0.8779
210.000 10.9503 0.0652 0.0363 0.0361 0.0298 -0.0162 0.4298 0.8999
215.000 11.4271 0.0679 0.0496 0.0421 0.0350 -0.0171 0.3861 0.9188
220.000 11.9250 0.0709 0.0643 0.0491 0.0409 -0.0184 0.3431 0.9346
225.000 12.4484 0.0746 0.0803 0.0569 0.0475 -0.0197 0.3010 0.9476
230.000 13.0029 0.0793 0.0981 0.0659 0.0549 -0.0212 0.2596 0.9579
235.000 13.5944 0.0850 0.1170 0.0757 0.0629 -0.0228 0.2192 0.9656
240.000 14.2134 0.0913 0.1375 0.0868 0.0719 -0.0248 0.1802 0.9706
245.000 14.8698 0.0984 0.1591 0.0989 0.0816 -0.0270 0.1424 0.9732
250.000 15.5633 0.1063 0.1817 0.1121 0.0921 -0.0295 0.1060 0.9735
255.000 16.2872 0.1154 0.2058 0.1269 0.1038 -0.0326 0.0713 0.9714
260.000 17.0609 0.1255 0.2303 0.1426 0.1161 -0.0358 0.0377 0.9671
265.000 17.8090 0.1367 0.2564 0.1599 0.1297 -0.0394 0.0072 0.9606
270.000 18.5711 0.1490 0.2833 0.1781 0.1438 -0.0433 -0.0217 0.9520
275.000 19.3168 0.1623 0.3107 0.1974 0.1585 -0.0475 -0.0484 0.9415
280.000 19.9829 0.1762 0.3387 0.2181 0.1745 -0.0522 -0.0721 0.9292
285.000 20.6340 0.1912 0.3672 0.2396 0.1910 -0.0571 -0.0944 0.9151
290.000 21.0942 0.2070 0.3955 0.2622 0.2083 -0.0624 -0.1131 0.8997
295.000 21.4308 0.2241 0.4242 0.2858 0.2261 -0.0679 -0.1297 0.8826
300.000 21.6264 0.2421 0.4529 0.3103 0.2445 -0.0737 -0.1439 0.8641
305.000 21.5649 0.2595 0.4813 0.3355 0.2638 -0.0801 -0.1536 0.8450
310.000 21.3348 0.2781 0.5105 0.3621 0.2841 -0.0873 -0.1606 0.8240
315.000 20.8905 0.2967 0.5381 0.3883 0.3041 -0.0943 -0.1649 0.8029
320.000 20.2303 0.3158 0.5650 0.4149 0.3244 -0.1016 -0.1661 0.7811
325.000 19.3990 0.3360 0.5920 0.4425 0.3452 -0.1093 -0.1645 0.7579
330.000 18.4871 0.3552 0.6161 0.4689 0.3651 -0.1165 -0.1602 0.7359
335.000 17.4385 0.3748 0.6401 0.4962 0.3858 -0.1242 -0.1520 0.7131
340.000 16.3641 0.3945 0.6627 0.5231 0.4061 -0.1321 -0.1413 0.6903
345.000 15.3066 0.4134 0.6831 0.5490 0.4258 -0.1398 -0.1282 0.6683
350.000 14.2028 0.4322 0.7027 0.5754 0.4459 -0.1481 -0.1107 0.6461
355.000 13.2188 0.4501 0.7195 0.5997 0.4645 -0.1560 -0.0928 0.6251
360.000 12.2710 0.4671 0.7344 0.6233 0.4827 -0.1639 -0.0718 0.6050
365.000 11.3664 0.4831 0.7472 0.6460 0.5004 -0.1718 -0.0478 0.5860
370.000 10.5620 0.4982 0.7576 0.6667 0.5165 -0.1789 -0.0238 0.5683
375.000 9.8082 0.5116 0.7658 0.6861 0.5319 -0.1856 0.0026 0.5525
380.000 9.1250 0.5238 0.7717 0.7038 0.5461 -0.1920 0.0302 0.5380
385.000 8.5153 0.5347 0.7755 0.7196 0.5589 -0.1980 0.0585 0.5249
390.000 7.9588 0.5435 0.7770 0.7335 0.5705 -0.2036 0.0884 0.5139
395.000 7.4632 0.5511 0.7764 0.7454 0.5809 -0.2089 0.1184 0.5041
400.000 7.0180 0.5568 0.7734 0.7552 0.5900 -0.2137 0.1490 0.4962
405.000 6.6176 0.5604 0.7683 0.7630 0.5978 -0.2181 0.1800 0.4904
410.000 6.2588 0.5632 0.7614 0.7691 0.6040 -0.2215 0.2105 0.4861
415.000 5.9374 0.5642 0.7527 0.7733 0.6089 -0.2242 0.2405 0.4840
420.000 5.6493 0.5631 0.7419 0.7756 0.6126 -0.2265 0.2701 0.4841
425.000 5.3909 0.5602 0.7290 0.7762 0.6154 -0.2288 0.2993 0.4864
430.000 5.1606 0.5550 0.7141 0.7751 0.6172 -0.2310 0.3276 0.4911
435.000 4.9507 0.5489 0.6982 0.7722 0.6175 -0.2320 0.3545 0.4967
440.000 4.7589 0.5421 0.6816 0.7674 0.6161 -0.2317 0.3796 0.5031
445.000 4.5855 0.5341 0.6640 0.7609 0.6136 -0.2304 0.4028 0.5109
450.000 4.4290 0.5250 0.6452 0.7529 0.6098 -0.2287 0.4250 0.5198
