155.000 3.2530 0.0407 -0.0047 0.0019 0.0009 -0.0019 0.9022 0.4293
160.000 4.8527 0.0475 -0.0130 0.0058 0.0033 -0.0055 0.8223 0.5668
165.000 5.8450 0.0553 -0.0158 0.0080 0.0052 -0.0072 0.7551 0.6530
170.000 6.5825 0.0612 -0.0168 0.0101 0.0073 -0.0086 0.6880 0.7229
175.000 7.1821 0.0658 -0.0160 0.0125 0.0097 -0.0096 0.6211 0.7808
180.000 7.7010 0.0694 -0.0134 0.0150 0.0123 -0.0104 0.5549 0.8289
185.000 8.1727 0.0723 -0.0092 0.0180 0.0153 -0.0110 0.4897 0.8688
190.000 8.6184 0.0749 -0.0032 0.0214 0.0186 -0.0113 0.4258 0.9017
195.000 9.0528 0.0774 0.0045 0.0254 0.0225 -0.0116 0.3634 0.9284
200.000 9.4866 0.0800 0.0137 0.0301 0.0268 -0.0117 0.3027 0.9496
205.000 9.9284 0.0828 0.0245 0.0356 0.0318 -0.0118 0.2439 0.9660
210.000 10.3851 0.0860 0.0368 0.0420 0.0374 -0.0118 0.1870 0.9780
215.000 10.8623 0.0898 0.0505 0.0493 0.0438 -0.0117 0.1321 0.9861
220.000 11.3652 0.0942 0.0656 0.0577 0.0511 -0.0116 0.0793 0.9905
225.000 11.8984 0.0993 0.0821 0.0671 0.0591 -0.0115 0.0288 0.9917
230.000 12.4656 0.1052 0.0998 0.0778 0.0682 -0.0113 -0.0196 0.9899
235.000 13.0701 0.1119 0.1187 0.0896 0.0782 -0.0111 -0.0656 0.9853
240.000 13.7142 0.1197 0.1388 0.1028 0.0893 -0.0108 -0.1092 0.9782
245.000 14.3988 0.1284 0.1600 0.1172 0.1014 -0.0105 -0.1504 0.9688
250.000 15.1232 0.1382 0.1822 0.1330 0.1146 -0.0101 -0.1891 0.9573
255.000 15.8844 0.1490 0.2053 0.1502 0.1290 -0.0096 -0.2252 0.9438
260.000 16.6760 0.1610 0.2292 0.1687 0.1445 -0.0090 -0.2586 0.9285
265.000 17.4877 0.1741 0.2539 0.1887 0.1611 -0.0083 -0.2892 0.9117
270.000 18.3041 0.1883 0.2792 0.2099 0.1788 -0.0074 -0.3170 0.8934
275.000 19.1036 0.2036 0.3051 0.2325 0.1975 -0.0064 -0.3419 0.8738
280.000 19.8571 0.2200 0.3313 0.2564 0.2173 -0.0052 -0.3641 0.8531
285.000 20.5254 0.2375 0.3577 0.2814 0.2381 -0.0036 -0.3839 0.8311
290.000 21.0584 0.2560 0.3841 0.3076 0.2600 -0.0016 -0.4023 0.8076
295.000 21.4219 0.2754 0.4099 0.3347 0.2828 0.0012 -0.4190 0.7827
300.000 21.6259 0.2958 0.4354 0.3627 0.3062 0.0040 -0.4312 0.7581
305.000 21.6572 0.3170 0.4608 0.3912 0.3299 0.0066 -0.4382 0.7344
310.000 21.4841 0.3388 0.4859 0.4203 0.3538 0.0093 -0.4413 0.7111
315.000 21.0980 0.3611 0.5105 0.4497 0.3779 0.0121 -0.4413 0.6882
320.000 20.5138 0.3839 0.5343 0.4793 0.4020 0.0151 -0.4383 0.6656
325.000 19.7599 0.4069 0.5568 0.5088 0.4261 0.0183 -0.4324 0.6437
330.000 18.8758 0.4301 0.5783 0.5380 0.4500 0.0216 -0.4236 0.6227
335.000 17.9047 0.4531 0.5985 0.5668 0.4733 0.0251 -0.4122 0.6026
340.000 16.8872 0.4759 0.6174 0.5948 0.4960 0.0288 -0.3982 0.5836
345.000 15.8591 0.4983 0.6349 0.6219 0.5179 0.0325 -0.3818 0.5659
350.000 14.8490 0.5201 0.6507 0.6478 0.5388 0.0363 -0.3632 0.5496
355.000 13.8788 0.5411 0.6649 0.6723 0.5585 0.0401 -0.3426 0.5349
360.000 12.9627 0.5612 0.6773 0.6952 0.5770 0.0439 -0.3202 0.5218
365.000 12.1098 0.5802 0.6878 0.7164 0.5941 0.0476 -0.2963 0.5105
370.000 11.3240 0.5979 0.6965 0.7358 0.6097 0.0513 -0.2710 0.5009
375.000 10.6060 0.6142 0.7033 0.7530 0.6237 0.0548 -0.2446 0.4932
380.000 9.9541 0.6291 0.7082 0.7682 0.6362 0.0581 -0.2173 0.4874
385.000 9.3652 0.6423 0.7112 0.7811 0.6469 0.0613 -0.1895 0.4834
390.000 8.8349 0.6539 0.7123 0.7918 0.6559 0.0643 -0.1613 0.4812
395.000 8.3588 0.6638 0.7116 0.8001 0.6633 0.0671 -0.1329 0.4807
400.000 7.9322 0.6719 0.7091 0.8062 0.6690 0.0696 -0.1046 0.4820
405.000 7.5505 0.6782 0.7049 0.8100 0.6731 0.0719 -0.0766 0.4850
410.000 7.2092 0.6828 0.6990 0.8115 0.6756 0.0740 -0.0490 0.4895
415.000 6.9044 0.6856 0.6915 0.8109 0.6766 0.0759 -0.0221 0.4954
420.000 6.6322 0.6868 0.6825 0.8083 0.6761 0.0776 0.0041 0.5027
425.000 6.3893 0.6863 0.6721 0.8037 0.6743 0.0791 0.0293 0.5112
430.000 6.1724 0.6843 0.6603 0.7972 0.6712 0.0805 0.0535 0.5209
435.000 5.9787 0.6808 0.6474 0.7890 0.6670 0.0817 0.0765 0.5315
440.000 5.8058 0.6760 0.6332 0.7793 0.6617 0.0829 0.0982 0.5431
445.000 5.6513 0.6698 0.6181 0.7681 0.6555 0.0841 0.1186 0.5554
450.000 5.5130 0.6626 0.6019 0.7556 0.6483 0.0853 0.1375 0.5684
