155.000 3.1975 0.0593 -0.0046 0.0090 0.0054 -0.0075 0.8464 0.5292
160.000 4.7587 0.0829 -0.0110 0.0099 0.0068 -0.0084 0.7889 0.6088
165.000 5.7183 0.1021 -0.0154 0.0113 0.0088 -0.0096 0.7235 0.6825
170.000 6.4197 0.1173 -0.0174 0.0134 0.0113 -0.0107 0.6517 0.7491
175.000 6.9841 0.1287 -0.0171 0.0161 0.0144 -0.0116 0.5751 0.8076
180.000 7.4712 0.1367 -0.0145 0.0195 0.0180 -0.0121 0.4956 0.8576
185.000 7.9149 0.1421 -0.0096 0.0236 0.0223 -0.0119 0.4147 0.8987
190.000 8.3357 0.1453 -0.0027 0.0284 0.0270 -0.0111 0.3339 0.9313
195.000 8.7466 0.1472 0.0062 0.0340 0.0320 -0.0095 0.2546 0.9558
200.000 9.1561 0.1482 0.0170 0.0402 0.0374 -0.0071 0.1776 0.9728
205.000 9.5738 0.1481 0.0300 0.0478 0.0436 -0.0040 0.1016 0.9835
210.000 10.0042 0.1476 0.0447 0.0563 0.0503 -0.0001 0.0283 0.9880
215.000 10.4610 0.1474 0.0616 0.0662 0.0577 0.0046 -0.0428 0.9868
220.000 10.9513 0.1478 0.0803 0.0774 0.0657 0.0100 -0.1112 0.9803
225.000 11.4768 0.1488 0.1005 0.0899 0.0743 0.0162 -0.1764 0.9690
230.000 12.0396 0.1501 0.1229 0.1042 0.0842 0.0233 -0.2384 0.9533
235.000 12.6475 0.1522 0.1462 0.1197 0.0945 0.0311 -0.2968 0.9337
240.000 13.2978 0.1558 0.1716 0.1371 0.1059 0.0397 -0.3516 0.9103
245.000 14.0006 0.1610 0.1979 0.1559 0.1180 0.0492 -0.4027 0.8836
250.000 14.7532 0.1678 0.2253 0.1760 0.1306 0.0593 -0.4496 0.8540
255.000 15.5445 0.1762 0.2545 0.1980 0.1444 0.0700 -0.4918 0.8221
260.000 16.3986 0.1862 0.2837 0.2206 0.1583 0.0813 -0.5301 0.7880
265.000 17.2559 0.1979 0.3146 0.2454 0.1736 0.0933 -0.5633 0.7523
270.000 18.1550 0.2113 0.3456 0.2712 0.1893 0.1060 -0.5927 0.7149
275.000 19.0629 0.2266 0.3766 0.2978 0.2053 0.1191 -0.6176 0.6765
280.000 19.9104 0.2438 0.4084 0.3259 0.2222 0.1327 -0.6371 0.6380
285.000 20.7719 0.2631 0.4398 0.3544 0.2388 0.1467 -0.6531 0.5982
290.000 21.4646 0.2837 0.4709 0.3835 0.2557 0.1608 -0.6632 0.5601
295.000 22.0618 0.3062 0.5018 0.4130 0.2726 0.1750 -0.6692 0.5218
300.000 22.5391 0.3302 0.5317 0.4423 0.2891 0.1891 -0.6712 0.4837
305.000 22.7507 0.3541 0.5604 0.4716 0.3059 0.2033 -0.6684 0.4486
310.000 22.8057 0.3800 0.5887 0.5011 0.3229 0.2175 -0.6616 0.4133
315.000 22.6332 0.4059 0.6146 0.5292 0.3390 0.2313 -0.6511 0.3810
320.000 22.2311 0.4327 0.6394 0.5569 0.3546 0.2447 -0.6366 0.3510
325.000 21.6482 0.4611 0.6632 0.5842 0.3696 0.2578 -0.6181 0.3220
330.000 20.9396 0.4877 0.6833 0.6085 0.3831 0.2701 -0.5981 0.2970
335.000 20.0626 0.5150 0.7024 0.6323 0.3962 0.2819 -0.5740 0.2744
340.000 19.1354 0.5422 0.7189 0.6540 0.4080 0.2929 -0.5477 0.2543
345.000 18.1983 0.5683 0.7325 0.6732 0.4183 0.3028 -0.5201 0.2378
350.000 17.1817 0.5943 0.7448 0.6913 0.4280 0.3120 -0.4889 0.2247
355.000 16.2650 0.6188 0.7534 0.7061 0.4353 0.3201 -0.4587 0.2138
360.000 15.3547 0.6421 0.7598 0.7188 0.4414 0.3275 -0.4272 0.2063
365.000 14.4642 0.6640 0.7641 0.7294 0.4464 0.3340 -0.3944 0.2024
370.000 13.6735 0.6841 0.7654 0.7368 0.4499 0.3392 -0.3625 0.2007
375.000 12.9153 0.7020 0.7647 0.7420 0.4526 0.3436 -0.3300 0.2027
380.000 12.2218 0.7185 0.7618 0.7448 0.4539 0.3471 -0.2979 0.2072
385.000 11.5991 0.7333 0.7567 0.7450 0.4534 0.3498 -0.2668 0.2135
390.000 11.0196 0.7459 0.7500 0.7433 0.4521 0.3518 -0.2361 0.2229
395.000 10.4997 0.7571 0.7412 0.7393 0.4491 0.3531 -0.2072 0.2335
400.000 10.0237 0.7664 0.7310 0.7335 0.4451 0.3539 -0.1798 0.2463
405.000 9.5866 0.7734 0.7195 0.7260 0.4402 0.3542 -0.1539 0.2613
410.000 9.1954 0.7791 0.7062 0.7164 0.4343 0.3540 -0.1294 0.2772
415.000 8.8392 0.7827 0.6918 0.7053 0.4277 0.3535 -0.1066 0.2948
420.000 8.5149 0.7847 0.6764 0.6928 0.4204 0.3524 -0.0855 0.3138
425.000 8.2204 0.7858 0.6598 0.6792 0.4125 0.3504 -0.0661 0.3336
430.000 7.9522 0.7853 0.6425 0.6648 0.4043 0.3477 -0.0485 0.3545
435.000 7.7094 0.7834 0.6244 0.6489 0.3952 0.3451 -0.0327 0.3756
440.000 7.4898 0.7800 0.6056 0.6316 0.3853 0.3428 -0.0185 0.3968
445.000 7.2908 0.7749 0.5866 0.6135 0.3749 0.3409 -0.0062 0.4184
450.000 7.1074 0.7693 0.5667 0.5945 0.3638 0.3386 0.0043 0.4399
