155.000 3.2979 0.0034 -0.0003 0.0013 0.0002 -0.0013 0.9961 0.0881
160.000 4.9324 0.0061 -0.0014 0.0015 0.0003 -0.0015 0.9948 0.1018
165.000 5.9102 0.0089 -0.0022 0.0017 0.0004 -0.0017 0.9933 0.1155
170.000 6.5664 0.0118 -0.0025 0.0020 0.0006 -0.0020 0.9915 0.1292
175.000 7.0189 0.0150 -0.0023 0.0023 0.0008 -0.0023 0.9896 0.1430
180.000 7.3272 0.0184 -0.0016 0.0028 0.0010 -0.0027 0.9875 0.1568
185.000 7.5272 0.0220 -0.0003 0.0032 0.0012 -0.0031 0.9851 0.1707
190.000 7.6429 0.0258 0.0017 0.0037 0.0014 -0.0035 0.9825 0.1846
195.000 7.6910 0.0300 0.0044 0.0043 0.0017 -0.0040 0.9796 0.1986
200.000 7.6829 0.0345 0.0079 0.0050 0.0019 -0.0045 0.9765 0.2128
205.000 7.6148 0.0392 0.0127 0.0059 0.0021 -0.0051 0.9729 0.2277
210.000 7.5005 0.0443 0.0186 0.0070 0.0023 -0.0058 0.9688 0.2430
215.000 7.3541 0.0498 0.0263 0.0083 0.0024 -0.0066 0.9643 0.2587
220.000 7.1822 0.0555 0.0359 0.0099 0.0024 -0.0076 0.9593 0.2745
225.000 6.9877 0.0615 0.0478 0.0119 0.0022 -0.0087 0.9536 0.2908
230.000 6.7738 0.0680 0.0629 0.0145 0.0018 -0.0103 0.9468 0.3082
235.000 6.5463 0.0748 0.0811 0.0178 0.0012 -0.0120 0.9389 0.3262
240.000 6.3119 0.0822 0.1040 0.0218 0.0002 -0.0142 0.9301 0.3430
245.000 6.0754 0.0901 0.1316 0.0269 -0.0014 -0.0169 0.9201 0.3582
250.000 5.8494 0.0984 0.1645 0.0330 -0.0037 -0.0200 0.9091 0.3707
255.000 5.6519 0.1068 0.2033 0.0403 -0.0069 -0.0236 0.8975 0.3779
260.000 5.4817 0.1153 0.2475 0.0489 -0.0111 -0.0278 0.8850 0.3791
265.000 5.3799 0.1230 0.2957 0.0585 -0.0163 -0.0323 0.8733 0.3700
270.000 5.3425 0.1297 0.3459 0.0688 -0.0225 -0.0368 0.8624 0.3502
275.000 5.3878 0.1350 0.3945 0.0790 -0.0296 -0.0412 0.8535 0.3184
280.000 5.5419 0.1386 0.4365 0.0887 -0.0371 -0.0452 0.8482 0.2743
285.000 5.8022 0.1403 0.4703 0.0972 -0.0448 -0.0486 0.8458 0.2208
290.000 6.2192 0.1398 0.4880 0.1027 -0.0514 -0.0504 0.8493 0.1627
295.000 6.7873 0.1378 0.4922 0.1056 -0.0568 -0.0511 0.8563 0.1038
300.000 7.4930 0.1349 0.4848 0.1063 -0.0609 -0.0507 0.8657 0.0486
305.000 8.2945 0.1320 0.4678 0.1048 -0.0637 -0.0493 0.8765 0.0019
310.000 9.2198 0.1291 0.4444 0.1019 -0.0654 -0.0473 0.8878 -0.0388
315.000 10.1958 0.1269 0.4175 0.0980 -0.0661 -0.0449 0.8988 -0.0701
320.000 11.2231 0.1253 0.3886 0.0934 -0.0659 -0.0424 0.9094 -0.0940
325.000 12.2962 0.1241 0.3589 0.0884 -0.0650 -0.0397 0.9193 -0.1126
330.000 13.2684 0.1239 0.3323 0.0836 -0.0642 -0.0371 0.9274 -0.1251
335.000 14.2040 0.1242 0.3063 0.0787 -0.0630 -0.0345 0.9348 -0.1336
340.000 15.0542 0.1250 0.2825 0.0741 -0.0618 -0.0320 0.9412 -0.1392
345.000 15.7827 0.1265 0.2612 0.0700 -0.0606 -0.0299 0.9465 -0.1426
350.000 16.4088 0.1284 0.2410 0.0661 -0.0594 -0.0279 0.9512 -0.1438
355.000 16.9399 0.1305 0.2232 0.0626 -0.0583 -0.0262 0.9550 -0.1445
360.000 17.3656 0.1329 0.2069 0.0593 -0.0572 -0.0246 0.9584 -0.1439
365.000 17.6932 0.1356 0.1919 0.0562 -0.0561 -0.0231 0.9612 -0.1424
370.000 17.9500 0.1385 0.1786 0.0533 -0.0552 -0.0216 0.9636 -0.1407
375.000 18.1145 0.1417 0.1664 0.0506 -0.0544 -0.0202 0.9656 -0.1382
380.000 18.2245 0.1450 0.1552 0.0480 -0.0536 -0.0188 0.9672 -0.1358
385.000 18.2939 0.1484 0.1449 0.0456 -0.0529 -0.0175 0.9686 -0.1336
390.000 18.3032 0.1518 0.1354 0.0433 -0.0523 -0.0163 0.9697 -0.1313
395.000 18.2931 0.1554 0.1265 0.0410 -0.0518 -0.0151 0.9705 -0.1290
400.000 18.2473 0.1591 0.1184 0.0389 -0.0514 -0.0139 0.9713 -0.1266
405.000 18.1671 0.1629 0.1108 0.0368 -0.0511 -0.0127 0.9718 -0.1240
410.000 18.0773 0.1667 0.1037 0.0346 -0.0509 -0.0115 0.9722 -0.1217
415.000 17.9638 0.1706 0.0970 0.0325 -0.0506 -0.0102 0.9724 -0.1195
420.000 17.8353 0.1745 0.0908 0.0305 -0.0505 -0.0089 0.9725 -0.1175
425.000 17.7025 0.1785 0.0848 0.0286 -0.0503 -0.0078 0.9725 -0.1160
430.000 17.5575 0.1826 0.0793 0.0268 -0.0502 -0.0068 0.9723 -0.1148
435.000 17.4098 0.1867 0.0739 0.0249 -0.0502 -0.0056 0.9721 -0.1133
440.000 17.2596 0.1908 0.0687 0.0229 -0.0504 -0.0042 0.9718 -0.1117
445.000 17.1034 0.1949 0.0638 0.0207 -0.0507 -0.0028 0.9715 -0.1098
450.000 16.9607 0.1990 0.0590 0.0185 -0.0510 -0.0013 0.9711 -0.1082
