155.000 3.3090 0.0009 -0.0001 0.0007 0.0000 -0.0007 0.9990 0.0440
160.000 4.9560 0.0016 -0.0007 0.0007 0.0001 -0.0007 0.9987 0.0509
165.000 5.9472 0.0023 -0.0011 0.0009 0.0001 -0.0008 0.9983 0.0577
170.000 6.6179 0.0030 -0.0012 0.0010 0.0001 -0.0010 0.9979 0.0645
175.000 7.0855 0.0038 -0.0011 0.0012 0.0002 -0.0012 0.9974 0.0713
180.000 7.4098 0.0047 -0.0008 0.0014 0.0002 -0.0013 0.9969 0.0781
185.000 7.6264 0.0056 -0.0001 0.0016 0.0003 -0.0015 0.9964 0.0850
190.000 7.7590 0.0066 0.0009 0.0018 0.0004 -0.0018 0.9957 0.0919
195.000 7.8247 0.0077 0.0022 0.0021 0.0004 -0.0020 0.9951 0.0988
200.000 7.8340 0.0089 0.0040 0.0024 0.0005 -0.0023 0.9943 0.1057
205.000 7.7804 0.0101 0.0064 0.0028 0.0005 -0.0027 0.9935 0.1130
210.000 7.6784 0.0114 0.0093 0.0032 0.0006 -0.0031 0.9926 0.1206
215.000 7.5438 0.0129 0.0131 0.0038 0.0006 -0.0036 0.9916 0.1283
220.000 7.3833 0.0144 0.0179 0.0045 0.0006 -0.0042 0.9904 0.1361
225.000 7.1985 0.0160 0.0238 0.0054 0.0005 -0.0050 0.9891 0.1442
230.000 6.9914 0.0177 0.0312 0.0065 0.0004 -0.0059 0.9876 0.1529
235.000 6.7680 0.0195 0.0402 0.0078 0.0002 -0.0071 0.9858 0.1620
240.000 6.5350 0.0214 0.0515 0.0095 0.0000 -0.0086 0.9838 0.1705
245.000 6.2970 0.0236 0.0652 0.0116 -0.0005 -0.0104 0.9815 0.1785
250.000 6.0675 0.0258 0.0815 0.0142 -0.0011 -0.0126 0.9790 0.1851
255.000 5.8660 0.0281 0.1007 0.0173 -0.0019 -0.0152 0.9764 0.1893
260.000 5.6902 0.0304 0.1227 0.0209 -0.0030 -0.0182 0.9735 0.1907
265.000 5.5838 0.0326 0.1467 0.0249 -0.0044 -0.0215 0.9709 0.1870
270.000 5.5420 0.0345 0.1718 0.0291 -0.0060 -0.0251 0.9684 0.1781
275.000 5.5843 0.0360 0.1962 0.0334 -0.0079 -0.0286 0.9663 0.1631
280.000 5.7396 0.0371 0.2175 0.0374 -0.0099 -0.0319 0.9651 0.1418
285.000 6.0037 0.0377 0.2347 0.0410 -0.0120 -0.0348 0.9646 0.1157
290.000 6.4386 0.0376 0.2435 0.0433 -0.0137 -0.0366 0.9655 0.0867
295.000 7.0362 0.0371 0.2454 0.0444 -0.0151 -0.0374 0.9672 0.0571
300.000 7.7827 0.0362 0.2415 0.0446 -0.0162 -0.0375 0.9695 0.0291
305.000 8.6375 0.0354 0.2325 0.0439 -0.0169 -0.0367 0.9721 0.0053
310.000 9.6286 0.0346 0.2204 0.0425 -0.0173 -0.0355 0.9748 -0.0155
315.000 10.6843 0.0339 0.2065 0.0408 -0.0174 -0.0340 0.9775 -0.0316
320.000 11.8058 0.0334 0.1916 0.0387 -0.0173 -0.0322 0.9800 -0.0440
325.000 12.9854 0.0330 0.1763 0.0365 -0.0170 -0.0303 0.9824 -0.0537
330.000 14.0642 0.0328 0.1627 0.0344 -0.0168 -0.0285 0.9843 -0.0602
335.000 15.1129 0.0329 0.1496 0.0323 -0.0164 -0.0267 0.9861 -0.0647
340.000 16.0761 0.0330 0.1375 0.0303 -0.0160 -0.0250 0.9876 -0.0678
345.000 16.9137 0.0334 0.1267 0.0286 -0.0157 -0.0235 0.9889 -0.0697
350.000 17.6482 0.0338 0.1166 0.0269 -0.0153 -0.0221 0.9901 -0.0705
355.000 18.2813 0.0343 0.1077 0.0254 -0.0150 -0.0208 0.9910 -0.0710
360.000 18.8044 0.0349 0.0995 0.0240 -0.0147 -0.0197 0.9919 -0.0709
365.000 19.2241 0.0356 0.0920 0.0227 -0.0144 -0.0186 0.9926 -0.0704
370.000 19.5649 0.0364 0.0854 0.0215 -0.0141 -0.0175 0.9932 -0.0697
375.000 19.8063 0.0372 0.0793 0.0204 -0.0139 -0.0166 0.9938 -0.0686
380.000 19.9880 0.0381 0.0738 0.0193 -0.0137 -0.0156 0.9942 -0.0676
385.000 20.1246 0.0389 0.0687 0.0182 -0.0135 -0.0148 0.9946 -0.0667
390.000 20.1959 0.0399 0.0640 0.0173 -0.0133 -0.0139 0.9950 -0.0657
395.000 20.2438 0.0408 0.0597 0.0164 -0.0132 -0.0131 0.9952 -0.0647
400.000 20.2515 0.0418 0.0557 0.0155 -0.0130 -0.0124 0.9955 -0.0636
405.000 20.2204 0.0428 0.0520 0.0146 -0.0129 -0.0116 0.9957 -0.0625
410.000 20.1768 0.0438 0.0485 0.0137 -0.0129 -0.0108 0.9959 -0.0615
415.000 20.1055 0.0448 0.0453 0.0128 -0.0128 -0.0100 0.9961 -0.0606
420.000 20.0169 0.0459 0.0422 0.0119 -0.0127 -0.0093 0.9962 -0.0597
425.000 19.9232 0.0470 0.0394 0.0111 -0.0127 -0.0086 0.9963 -0.0591
430.000 19.8152 0.0480 0.0367 0.0104 -0.0126 -0.0079 0.9964 -0.0586
435.000 19.7011 0.0491 0.0341 0.0096 -0.0126 -0.0072 0.9965 -0.0580
440.000 19.5812 0.0503 0.0317 0.0087 -0.0126 -0.0064 0.9965 -0.0573
445.000 19.4520 0.0514 0.0293 0.0078 -0.0127 -0.0056 0.9966 -0.0565
450.000 19.3381 0.0525 0.0271 0.0069 -0.0127 -0.0048 0.9966 -0.0559
