155.000 3.4458 0.0277 -0.0024 0.0009 0.0004 -0.0009 0.9737 0.2260
160.000 5.0978 0.0429 -0.0064 0.0029 0.0016 -0.0028 0.9518 0.3035
165.000 6.0165 0.0605 -0.0077 0.0040 0.0027 -0.0037 0.9323 0.3566
170.000 6.5771 0.0793 -0.0079 0.0051 0.0039 -0.0045 0.9108 0.4051
175.000 6.9104 0.0992 -0.0070 0.0064 0.0053 -0.0053 0.8870 0.4509
180.000 7.0866 0.1200 -0.0047 0.0079 0.0069 -0.0059 0.8604 0.4953
185.000 7.1498 0.1417 -0.0008 0.0098 0.0086 -0.0063 0.8306 0.5386
190.000 7.1305 0.1640 0.0050 0.0122 0.0104 -0.0066 0.7971 0.5811
195.000 7.0511 0.1869 0.0132 0.0152 0.0123 -0.0067 0.7596 0.6229
200.000 6.9287 0.2103 0.0241 0.0191 0.0142 -0.0064 0.7175 0.6637
205.000 6.7769 0.2339 0.0383 0.0240 0.0160 -0.0057 0.6704 0.7033
210.000 6.6066 0.2575 0.0565 0.0303 0.0176 -0.0044 0.6179 0.7411
215.000 6.4271 0.2810 0.0793 0.0383 0.0190 -0.0024 0.5596 0.7764
220.000 6.2463 0.3040 0.1075 0.0484 0.0199 0.0007 0.4951 0.8080
225.000 6.0714 0.3262 0.1421 0.0609 0.0200 0.0051 0.4245 0.8345
230.000 5.9091 0.3472 0.1836 0.0763 0.0192 0.0110 0.3480 0.8544
235.000 5.7661 0.3665 0.2329 0.0951 0.0171 0.0189 0.2663 0.8654
240.000 5.6492 0.3836 0.2902 0.1176 0.0133 0.0291 0.1806 0.8653
245.000 5.5652 0.3982 0.3556 0.1440 0.0074 0.0418 0.0929 0.8517
250.000 5.5217 0.4097 0.4282 0.1743 -0.0010 0.0573 0.0062 0.8221
255.000 5.5268 0.4180 0.5066 0.2080 -0.0122 0.0755 -0.0759 0.7748
260.000 5.5886 0.4231 0.5880 0.2445 -0.0262 0.0962 -0.1492 0.7091
265.000 5.7157 0.4252 0.6691 0.2824 -0.0430 0.1189 -0.2092 0.6258
270.000 5.9161 0.4249 0.7458 0.3201 -0.0621 0.1428 -0.2522 0.5272
275.000 6.1964 0.4232 0.8141 0.3558 -0.0829 0.1668 -0.2756 0.4174
280.000 6.5604 0.4209 0.8705 0.3878 -0.1045 0.1899 -0.2786 0.3015
285.000 7.0069 0.4191 0.9125 0.4146 -0.1262 0.2112 -0.2627 0.1845
290.000 7.5281 0.4180 0.9389 0.4354 -0.1474 0.2306 -0.2311 0.0706
295.000 8.1152 0.4185 0.9495 0.4496 -0.1673 0.2473 -0.1870 -0.0357
300.000 8.7639 0.4222 0.9463 0.4576 -0.1846 0.2602 -0.1327 -0.1274
305.000 9.4545 0.4298 0.9323 0.4604 -0.1987 0.2689 -0.0725 -0.2025
310.000 10.1546 0.4402 0.9100 0.4588 -0.2103 0.2742 -0.0106 -0.2629
315.000 10.8336 0.4529 0.8813 0.4535 -0.2195 0.2770 0.0498 -0.3105
320.000 11.4647 0.4673 0.8484 0.4454 -0.2269 0.2778 0.1069 -0.3468
325.000 12.0217 0.4830 0.8128 0.4352 -0.2326 0.2770 0.1593 -0.3731
330.000 12.4936 0.4997 0.7759 0.4235 -0.2370 0.2751 0.2068 -0.3913
335.000 12.8753 0.5170 0.7386 0.4107 -0.2402 0.2723 0.2491 -0.4026
340.000 13.1659 0.5347 0.7016 0.3973 -0.2425 0.2688 0.2861 -0.4085
345.000 13.3698 0.5526 0.6655 0.3835 -0.2441 0.2649 0.3181 -0.4099
350.000 13.4954 0.5704 0.6305 0.3695 -0.2451 0.2607 0.3454 -0.4079
355.000 13.5528 0.5881 0.5968 0.3556 -0.2456 0.2565 0.3683 -0.4031
360.000 13.5533 0.6056 0.5646 0.3417 -0.2459 0.2523 0.3874 -0.3963
365.000 13.5073 0.6226 0.5339 0.3279 -0.2459 0.2481 0.4028 -0.3879
370.000 13.4249 0.6392 0.5046 0.3142 -0.2458 0.2441 0.4151 -0.3783
375.000 13.3145 0.6554 0.4767 0.3007 -0.2456 0.2403 0.4246 -0.3679
380.000 13.1836 0.6710 0.4501 0.2874 -0.2454 0.2367 0.4316 -0.3568
385.000 13.0382 0.6861 0.4247 0.2742 -0.2453 0.2334 0.4363 -0.3452
390.000 12.8833 0.7006 0.4004 0.2612 -0.2452 0.2303 0.4390 -0.3333
395.000 12.7229 0.7145 0.3772 0.2482 -0.2452 0.2276 0.4400 -0.3213
400.000 12.5601 0.7279 0.3549 0.2352 -0.2454 0.2251 0.4395 -0.3091
405.000 12.3975 0.7406 0.3334 0.2223 -0.2458 0.2230 0.4376 -0.2969
410.000 12.2369 0.7527 0.3127 0.2094 -0.2464 0.2212 0.4345 -0.2848
415.000 12.0798 0.7642 0.2926 0.1964 -0.2471 0.2198 0.4304 -0.2726
420.000 11.9275 0.7751 0.2732 0.1834 -0.2482 0.2187 0.4254 -0.2606
425.000 11.7808 0.7853 0.2542 0.1702 -0.2495 0.2179 0.4196 -0.2487
430.000 11.6406 0.7950 0.2357 0.1570 -0.2510 0.2175 0.4132 -0.2369
435.000 11.5073 0.8040 0.2176 0.1436 -0.2529 0.2174 0.4062 -0.2252
440.000 11.3814 0.8124 0.1998 0.1300 -0.2550 0.2176 0.3987 -0.2137
445.000 11.2635 0.8202 0.1822 0.1163 -0.2575 0.2181 0.3909 -0.2024
450.000 11.1536 0.8273 0.1649 0.1025 -0.2603 0.2188 0.3828 -0.1914
