155.000 3.2500 0.0505 -0.0050 0.0020 0.0011 -0.0020 0.8885 0.4560
160.000 4.8502 0.0606 -0.0138 0.0062 0.0039 -0.0058 0.7973 0.6004
165.000 5.8337 0.0714 -0.0168 0.0085 0.0062 -0.0076 0.7197 0.6904
170.000 6.5605 0.0798 -0.0179 0.0110 0.0087 -0.0089 0.6417 0.7625
175.000 7.1488 0.0862 -0.0170 0.0135 0.0115 -0.0098 0.5639 0.8212
180.000 7.6565 0.0911 -0.0143 0.0164 0.0146 -0.0103 0.4866 0.8687
185.000 8.1175 0.0948 -0.0097 0.0198 0.0181 -0.0105 0.4105 0.9068
190.000 8.5532 0.0978 -0.0033 0.0237 0.0219 -0.0103 0.3359 0.9368
195.000 8.9786 0.1004 0.0049 0.0283 0.0263 -0.0098 0.2633 0.9595
200.000 9.4046 0.1028 0.0148 0.0336 0.0311 -0.0090 0.1928 0.9758
205.000 9.8398 0.1053 0.0264 0.0399 0.0367 -0.0079 0.1247 0.9863
210.000 10.2910 0.1081 0.0396 0.0472 0.0429 -0.0065 0.0592 0.9918
215.000 10.7643 0.1114 0.0543 0.0555 0.0498 -0.0049 -0.0036 0.9926
220.000 11.2650 0.1154 0.0705 0.0650 0.0577 -0.0029 -0.0635 0.9892
225.000 11.7978 0.1201 0.0881 0.0757 0.0664 -0.0006 -0.1205 0.9821
230.000 12.3668 0.1257 0.1071 0.0877 0.0760 0.0020 -0.1745 0.9717
235.000 12.9756 0.1323 0.1273 0.1010 0.0867 0.0050 -0.2254 0.9582
240.000 13.6269 0.1399 0.1487 0.1157 0.0983 0.0083 -0.2731 0.9420
245.000 14.3222 0.1487 0.1712 0.1318 0.1110 0.0121 -0.3176 0.9234
250.000 15.0612 0.1587 0.1947 0.1494 0.1248 0.0162 -0.3587 0.9026
255.000 15.8416 0.1700 0.2191 0.1683 0.1396 0.0208 -0.3965 0.8799
260.000 16.6577 0.1825 0.2443 0.1887 0.1555 0.0258 -0.4309 0.8557
265.000 17.4999 0.1964 0.2701 0.2105 0.1723 0.0312 -0.4617 0.8300
270.000 18.3534 0.2115 0.2965 0.2336 0.1901 0.0371 -0.4891 0.8032
275.000 19.1974 0.2279 0.3233 0.2580 0.2088 0.0435 -0.5129 0.7755
280.000 20.0033 0.2456 0.3504 0.2835 0.2283 0.0504 -0.5334 0.7471
285.000 20.7330 0.2644 0.3774 0.3101 0.2486 0.0579 -0.5509 0.7177
290.000 21.3385 0.2842 0.4041 0.3376 0.2696 0.0663 -0.5663 0.6871
295.000 21.7843 0.3050 0.4299 0.3659 0.2912 0.0756 -0.5794 0.6555
300.000 22.0713 0.3269 0.4552 0.3946 0.3131 0.0852 -0.5878 0.6252
305.000 22.1819 0.3498 0.4804 0.4238 0.3350 0.0945 -0.5908 0.5969
310.000 22.0848 0.3734 0.5050 0.4533 0.3569 0.1039 -0.5899 0.5700
315.000 21.7709 0.3975 0.5289 0.4827 0.3785 0.1135 -0.5856 0.5442
320.000 21.2529 0.4220 0.5517 0.5119 0.3999 0.1233 -0.5784 0.5196
325.000 20.5568 0.4468 0.5731 0.5406 0.4208 0.1332 -0.5683 0.4965
330.000 19.7211 0.4715 0.5930 0.5687 0.4412 0.1431 -0.5555 0.4750
335.000 18.7890 0.4962 0.6116 0.5958 0.4607 0.1529 -0.5402 0.4553
340.000 17.8013 0.5205 0.6286 0.6218 0.4792 0.1627 -0.5227 0.4374
345.000 16.7943 0.5442 0.6440 0.6464 0.4966 0.1723 -0.5031 0.4214
350.000 15.7978 0.5673 0.6575 0.6695 0.5128 0.1816 -0.4817 0.4076
355.000 14.8346 0.5894 0.6693 0.6908 0.5276 0.1906 -0.4587 0.3958
360.000 13.9202 0.6106 0.6792 0.7102 0.5410 0.1992 -0.4344 0.3863
365.000 13.0646 0.6305 0.6872 0.7276 0.5530 0.2073 -0.4091 0.3789
370.000 12.2728 0.6491 0.6932 0.7428 0.5634 0.2149 -0.3829 0.3737
375.000 11.5463 0.6662 0.6974 0.7558 0.5722 0.2219 -0.3562 0.3707
380.000 10.8840 0.6819 0.6997 0.7665 0.5795 0.2283 -0.3292 0.3697
385.000 10.2834 0.6959 0.7002 0.7749 0.5852 0.2341 -0.3021 0.3707
390.000 9.7406 0.7082 0.6989 0.7811 0.5895 0.2392 -0.2750 0.3737
395.000 9.2515 0.7188 0.6959 0.7849 0.5923 0.2438 -0.2483 0.3784
400.000 8.8116 0.7277 0.6913 0.7865 0.5936 0.2477 -0.2220 0.3849
405.000 8.4165 0.7349 0.6850 0.7859 0.5937 0.2510 -0.1963 0.3928
410.000 8.0620 0.7404 0.6773 0.7833 0.5925 0.2537 -0.1714 0.4022
415.000 7.7442 0.7443 0.6682 0.7787 0.5901 0.2559 -0.1473 0.4129
420.000 7.4593 0.7465 0.6578 0.7722 0.5867 0.2576 -0.1242 0.4247
425.000 7.2039 0.7472 0.6461 0.7640 0.5822 0.2589 -0.1022 0.4375
430.000 6.9750 0.7465 0.6332 0.7541 0.5768 0.2598 -0.0813 0.4513
435.000 6.7698 0.7444 0.6194 0.7428 0.5706 0.2604 -0.0616 0.4657
440.000 6.5857 0.7409 0.6045 0.7301 0.5637 0.2607 -0.0431 0.4807
445.000 6.4205 0.7363 0.5887 0.7162 0.5561 0.2608 -0.0260 0.4963
450.000 6.2720 0.7307 0.5721 0.7013 0.5479 0.2608 -0.0102 0.5122
