155.000 3.5189 0.0079 -0.0012 0.0005 0.0001 -0.0005 0.9933 0.1154
160.000 5.2460 0.0126 -0.0032 0.0014 0.0004 -0.0014 0.9879 0.1546
165.000 6.2446 0.0181 -0.0038 0.0019 0.0007 -0.0019 0.9833 0.1811
170.000 6.8827 0.0241 -0.0038 0.0024 0.0011 -0.0023 0.9784 0.2051
175.000 7.2873 0.0307 -0.0032 0.0029 0.0015 -0.0028 0.9732 0.2280
180.000 7.5254 0.0378 -0.0018 0.0035 0.0019 -0.0032 0.9674 0.2503
185.000 7.6387 0.0454 0.0003 0.0042 0.0023 -0.0037 0.9611 0.2724
190.000 7.6558 0.0535 0.0035 0.0050 0.0028 -0.0042 0.9541 0.2947
195.000 7.5977 0.0623 0.0079 0.0061 0.0033 -0.0048 0.9462 0.3173
200.000 7.4803 0.0716 0.0138 0.0074 0.0037 -0.0055 0.9374 0.3404
205.000 7.3163 0.0816 0.0216 0.0090 0.0041 -0.0062 0.9275 0.3642
210.000 7.1160 0.0922 0.0316 0.0111 0.0043 -0.0071 0.9163 0.3886
215.000 6.8881 0.1036 0.0443 0.0138 0.0044 -0.0081 0.9035 0.4136
220.000 6.6402 0.1157 0.0605 0.0172 0.0043 -0.0093 0.8890 0.4392
225.000 6.3796 0.1286 0.0808 0.0215 0.0038 -0.0107 0.8724 0.4649
230.000 6.1131 0.1423 0.1062 0.0269 0.0027 -0.0123 0.8536 0.4904
235.000 5.8478 0.1569 0.1376 0.0338 0.0009 -0.0141 0.8322 0.5147
240.000 5.5914 0.1721 0.1761 0.0424 -0.0018 -0.0161 0.8082 0.5364
245.000 5.3526 0.1878 0.2226 0.0529 -0.0059 -0.0184 0.7815 0.5539
250.000 5.1412 0.2038 0.2777 0.0658 -0.0115 -0.0209 0.7527 0.5644
255.000 4.9685 0.2194 0.3412 0.0810 -0.0191 -0.0235 0.7225 0.5649
260.000 4.8474 0.2339 0.4118 0.0984 -0.0289 -0.0260 0.6924 0.5519
265.000 4.7926 0.2465 0.4862 0.1173 -0.0409 -0.0283 0.6646 0.5220
270.000 4.8195 0.2562 0.5596 0.1367 -0.0547 -0.0301 0.6418 0.4735
275.000 4.9441 0.2622 0.6256 0.1552 -0.0696 -0.0311 0.6266 0.4069
280.000 5.1805 0.2644 0.6780 0.1710 -0.0847 -0.0311 0.6210 0.3256
285.000 5.5376 0.2630 0.7123 0.1829 -0.0987 -0.0301 0.6252 0.2354
290.000 6.0161 0.2588 0.7271 0.1901 -0.1112 -0.0279 0.6379 0.1430
295.000 6.6173 0.2531 0.7231 0.1926 -0.1212 -0.0247 0.6572 0.0550
300.000 7.3539 0.2470 0.7025 0.1908 -0.1281 -0.0214 0.6816 -0.0216
305.000 8.2129 0.2416 0.6704 0.1859 -0.1319 -0.0182 0.7085 -0.0839
310.000 9.1562 0.2375 0.6320 0.1791 -0.1335 -0.0153 0.7352 -0.1330
315.000 10.1431 0.2348 0.5909 0.1710 -0.1335 -0.0125 0.7602 -0.1705
320.000 11.1341 0.2336 0.5496 0.1625 -0.1325 -0.0100 0.7828 -0.1984
325.000 12.0884 0.2339 0.5096 0.1538 -0.1308 -0.0076 0.8028 -0.2184
330.000 12.9781 0.2353 0.4718 0.1454 -0.1287 -0.0054 0.8202 -0.2322
335.000 13.7812 0.2378 0.4366 0.1372 -0.1264 -0.0035 0.8351 -0.2414
340.000 14.4826 0.2412 0.4042 0.1295 -0.1241 -0.0016 0.8478 -0.2471
345.000 15.0756 0.2454 0.3746 0.1223 -0.1218 0.0001 0.8585 -0.2501
350.000 15.5608 0.2502 0.3475 0.1155 -0.1195 0.0017 0.8676 -0.2511
355.000 15.9435 0.2555 0.3227 0.1091 -0.1175 0.0032 0.8751 -0.2508
360.000 16.2326 0.2613 0.3002 0.1032 -0.1155 0.0046 0.8813 -0.2495
365.000 16.4387 0.2674 0.2795 0.0975 -0.1138 0.0061 0.8864 -0.2475
370.000 16.5726 0.2738 0.2606 0.0922 -0.1122 0.0075 0.8905 -0.2449
375.000 16.6452 0.2804 0.2432 0.0871 -0.1108 0.0089 0.8938 -0.2421
380.000 16.6662 0.2872 0.2271 0.0822 -0.1096 0.0104 0.8963 -0.2391
385.000 16.6447 0.2942 0.2122 0.0774 -0.1086 0.0118 0.8982 -0.2360
390.000 16.5884 0.3013 0.1984 0.0728 -0.1078 0.0134 0.8995 -0.2328
395.000 16.5040 0.3085 0.1855 0.0683 -0.1071 0.0150 0.9004 -0.2296
400.000 16.3973 0.3158 0.1734 0.0639 -0.1067 0.0167 0.9007 -0.2265
405.000 16.2732 0.3231 0.1620 0.0595 -0.1064 0.0184 0.9007 -0.2234
410.000 16.1356 0.3305 0.1512 0.0551 -0.1062 0.0203 0.9004 -0.2204
415.000 15.9881 0.3379 0.1409 0.0507 -0.1063 0.0223 0.8997 -0.2175
420.000 15.8337 0.3453 0.1311 0.0462 -0.1065 0.0244 0.8987 -0.2146
425.000 15.6749 0.3527 0.1217 0.0417 -0.1069 0.0266 0.8975 -0.2118
430.000 15.5138 0.3600 0.1127 0.0371 -0.1075 0.0290 0.8961 -0.2091
435.000 15.3523 0.3674 0.1040 0.0324 -0.1083 0.0315 0.8944 -0.2064
440.000 15.1921 0.3746 0.0955 0.0276 -0.1093 0.0341 0.8926 -0.2038
445.000 15.0348 0.3818 0.0872 0.0227 -0.1104 0.0369 0.8905 -0.2013
450.000 14.8816 0.3889 0.0790 0.0176 -0.1118 0.0398 0.8884 -0.1987
