155.000 3.2122 0.0250 -0.0012 0.0039 0.0015 -0.0037 0.9646 0.2625
160.000 4.7512 0.0444 -0.0046 0.0045 0.0022 -0.0042 0.9517 0.3038
165.000 5.6327 0.0641 -0.0070 0.0053 0.0033 -0.0049 0.9362 0.3455
170.000 6.1943 0.0844 -0.0081 0.0063 0.0045 -0.0057 0.9180 0.3873
175.000 6.5563 0.1052 -0.0078 0.0077 0.0061 -0.0066 0.8970 0.4293
180.000 6.7803 0.1265 -0.0060 0.0094 0.0078 -0.0074 0.8729 0.4712
185.000 6.9039 0.1484 -0.0024 0.0114 0.0097 -0.0080 0.8455 0.5129
190.000 6.9520 0.1710 0.0030 0.0139 0.0118 -0.0084 0.8146 0.5542
195.000 6.9428 0.1942 0.0105 0.0170 0.0140 -0.0085 0.7800 0.5948
200.000 6.8903 0.2180 0.0204 0.0207 0.0162 -0.0081 0.7414 0.6345
205.000 6.8114 0.2417 0.0335 0.0256 0.0184 -0.0073 0.6979 0.6736
210.000 6.7124 0.2655 0.0498 0.0316 0.0205 -0.0058 0.6495 0.7112
215.000 6.5970 0.2888 0.0706 0.0391 0.0223 -0.0034 0.5961 0.7465
220.000 6.4710 0.3113 0.0964 0.0484 0.0237 0.0001 0.5376 0.7789
225.000 6.3433 0.3330 0.1274 0.0599 0.0245 0.0049 0.4733 0.8074
230.000 6.2257 0.3532 0.1653 0.0743 0.0246 0.0111 0.4023 0.8312
235.000 6.1213 0.3717 0.2091 0.0915 0.0236 0.0192 0.3250 0.8485
240.000 6.0354 0.3886 0.2613 0.1124 0.0211 0.0296 0.2441 0.8558
245.000 5.9738 0.4035 0.3207 0.1369 0.0168 0.0425 0.1600 0.8517
250.000 5.9428 0.4159 0.3869 0.1651 0.0102 0.0579 0.0749 0.8340
255.000 5.9493 0.4257 0.4600 0.1970 0.0008 0.0763 -0.0075 0.8001
260.000 6.0001 0.4324 0.5364 0.2317 -0.0115 0.0972 -0.0863 0.7497
265.000 6.1112 0.4363 0.6153 0.2687 -0.0264 0.1200 -0.1523 0.6819
270.000 6.2873 0.4374 0.6924 0.3065 -0.0436 0.1445 -0.2060 0.5983
275.000 6.5347 0.4368 0.7637 0.3433 -0.0628 0.1693 -0.2437 0.5018
280.000 6.8572 0.4362 0.8261 0.3776 -0.0836 0.1932 -0.2609 0.3968
285.000 7.2671 0.4352 0.8771 0.4082 -0.1053 0.2156 -0.2622 0.2855
290.000 7.7355 0.4364 0.9137 0.4330 -0.1264 0.2349 -0.2423 0.1795
295.000 8.2787 0.4393 0.9370 0.4523 -0.1467 0.2509 -0.2076 0.0777
300.000 8.8835 0.4440 0.9468 0.4658 -0.1654 0.2636 -0.1623 -0.0160
305.000 9.4897 0.4514 0.9443 0.4734 -0.1819 0.2733 -0.1098 -0.0948
310.000 10.1378 0.4607 0.9314 0.4760 -0.1967 0.2799 -0.0518 -0.1648
315.000 10.7479 0.4722 0.9108 0.4744 -0.2089 0.2837 0.0057 -0.2196
320.000 11.3188 0.4860 0.8843 0.4693 -0.2190 0.2849 0.0632 -0.2623
325.000 11.8620 0.5016 0.8525 0.4608 -0.2273 0.2835 0.1201 -0.2959
330.000 12.3054 0.5171 0.8195 0.4508 -0.2342 0.2815 0.1691 -0.3185
335.000 12.6750 0.5339 0.7842 0.4384 -0.2396 0.2780 0.2160 -0.3330
340.000 12.9687 0.5512 0.7482 0.4252 -0.2439 0.2735 0.2575 -0.3415
345.000 13.1744 0.5686 0.7132 0.4120 -0.2473 0.2687 0.2928 -0.3446
350.000 13.2880 0.5870 0.6781 0.3980 -0.2496 0.2630 0.3248 -0.3422
355.000 13.3606 0.6042 0.6446 0.3842 -0.2514 0.2574 0.3510 -0.3381
360.000 13.3622 0.6215 0.6124 0.3702 -0.2525 0.2515 0.3734 -0.3306
365.000 13.3046 0.6387 0.5814 0.3560 -0.2531 0.2455 0.3924 -0.3202
370.000 13.2358 0.6552 0.5519 0.3424 -0.2537 0.2399 0.4072 -0.3093
375.000 13.1206 0.6716 0.5239 0.3289 -0.2541 0.2345 0.4188 -0.2962
380.000 12.9867 0.6874 0.4971 0.3156 -0.2544 0.2291 0.4276 -0.2827
385.000 12.8427 0.7024 0.4715 0.3026 -0.2545 0.2238 0.4340 -0.2697
390.000 12.6717 0.7169 0.4474 0.2900 -0.2545 0.2188 0.4380 -0.2558
395.000 12.5111 0.7309 0.4240 0.2773 -0.2547 0.2141 0.4401 -0.2420
400.000 12.3447 0.7443 0.4018 0.2648 -0.2551 0.2098 0.4401 -0.2277
405.000 12.1711 0.7573 0.3807 0.2525 -0.2556 0.2059 0.4384 -0.2129
410.000 12.0053 0.7696 0.3601 0.2400 -0.2560 0.2021 0.4356 -0.1990
415.000 11.8368 0.7813 0.3404 0.2277 -0.2564 0.1987 0.4313 -0.1850
420.000 11.6685 0.7927 0.3216 0.2158 -0.2569 0.1955 0.4257 -0.1715
425.000 11.5039 0.8037 0.3034 0.2043 -0.2573 0.1922 0.4186 -0.1591
430.000 11.3389 0.8144 0.2860 0.1933 -0.2578 0.1892 0.4103 -0.1473
435.000 11.1879 0.8243 0.2689 0.1819 -0.2588 0.1864 0.4015 -0.1356
440.000 11.0514 0.8334 0.2519 0.1699 -0.2603 0.1840 0.3923 -0.1238
445.000 10.9240 0.8418 0.2353 0.1578 -0.2625 0.1821 0.3826 -0.1120
450.000 10.8016 0.8496 0.2190 0.1455 -0.2643 0.1802 0.3727 -0.1008
