155.000 3.2990 0.0649 -0.0043 0.0017 0.0011 -0.0017 0.9132 0.4023
160.000 4.8610 0.0915 -0.0120 0.0054 0.0042 -0.0051 0.8390 0.5362
165.000 5.7304 0.1200 -0.0147 0.0076 0.0069 -0.0066 0.7710 0.6252
170.000 6.2911 0.1467 -0.0157 0.0101 0.0099 -0.0078 0.6975 0.7011
175.000 6.6750 0.1711 -0.0148 0.0129 0.0133 -0.0084 0.6186 0.7666
180.000 6.9507 0.1928 -0.0118 0.0162 0.0170 -0.0084 0.5346 0.8227
185.000 7.1595 0.2115 -0.0067 0.0203 0.0210 -0.0078 0.4461 0.8695
190.000 7.3289 0.2270 0.0009 0.0253 0.0252 -0.0063 0.3541 0.9072
195.000 7.4779 0.2394 0.0110 0.0314 0.0297 -0.0038 0.2593 0.9356
200.000 7.6204 0.2488 0.0237 0.0388 0.0344 -0.0002 0.1628 0.9546
205.000 7.7671 0.2552 0.0393 0.0478 0.0395 0.0047 0.0659 0.9642
210.000 7.9261 0.2590 0.0576 0.0584 0.0447 0.0110 -0.0306 0.9643
215.000 8.1042 0.2604 0.0788 0.0708 0.0502 0.0189 -0.1253 0.9552
220.000 8.3072 0.2599 0.1028 0.0853 0.0559 0.0285 -0.2171 0.9371
225.000 8.5402 0.2578 0.1296 0.1018 0.0618 0.0400 -0.3050 0.9103
230.000 8.8080 0.2547 0.1589 0.1206 0.0678 0.0535 -0.3881 0.8754
235.000 9.1147 0.2511 0.1907 0.1416 0.0739 0.0690 -0.4652 0.8330
240.000 9.4645 0.2475 0.2246 0.1647 0.0801 0.0866 -0.5357 0.7839
245.000 9.8608 0.2445 0.2604 0.1901 0.0862 0.1062 -0.5988 0.7289
250.000 10.3065 0.2425 0.2976 0.2174 0.0922 0.1277 -0.6540 0.6689
255.000 10.8036 0.2420 0.3359 0.2466 0.0980 0.1512 -0.7007 0.6048
260.000 11.3524 0.2436 0.3749 0.2773 0.1035 0.1763 -0.7388 0.5379
265.000 11.9511 0.2474 0.4139 0.3093 0.1086 0.2030 -0.7681 0.4691
270.000 12.5947 0.2540 0.4525 0.3422 0.1132 0.2307 -0.7887 0.3996
275.000 13.2744 0.2633 0.4902 0.3755 0.1172 0.2594 -0.8008 0.3303
280.000 13.9763 0.2755 0.5264 0.4089 0.1205 0.2886 -0.8048 0.2622
285.000 14.6803 0.2904 0.5603 0.4417 0.1228 0.3182 -0.8014 0.1956
290.000 15.3601 0.3074 0.5910 0.4733 0.1241 0.3480 -0.7917 0.1303
295.000 15.9903 0.3264 0.6178 0.5032 0.1242 0.3778 -0.7761 0.0673
300.000 16.5525 0.3486 0.6414 0.5313 0.1236 0.4061 -0.7544 0.0110
305.000 17.0215 0.3739 0.6624 0.5575 0.1224 0.4323 -0.7273 -0.0375
310.000 17.3701 0.4013 0.6803 0.5813 0.1204 0.4564 -0.6964 -0.0794
315.000 17.5818 0.4302 0.6945 0.6023 0.1175 0.4784 -0.6628 -0.1155
320.000 17.6514 0.4600 0.7050 0.6203 0.1138 0.4982 -0.6274 -0.1459
325.000 17.5780 0.4902 0.7117 0.6351 0.1094 0.5158 -0.5912 -0.1705
330.000 17.3794 0.5204 0.7149 0.6468 0.1043 0.5310 -0.5547 -0.1896
335.000 17.0793 0.5504 0.7147 0.6553 0.0986 0.5438 -0.5185 -0.2034
340.000 16.7006 0.5798 0.7114 0.6606 0.0923 0.5542 -0.4832 -0.2124
345.000 16.2666 0.6083 0.7053 0.6630 0.0855 0.5622 -0.4491 -0.2168
350.000 15.7988 0.6356 0.6965 0.6625 0.0784 0.5681 -0.4168 -0.2171
355.000 15.3154 0.6617 0.6855 0.6593 0.0710 0.5719 -0.3863 -0.2138
360.000 14.8311 0.6862 0.6724 0.6536 0.0634 0.5738 -0.3579 -0.2072
365.000 14.3569 0.7091 0.6575 0.6457 0.0556 0.5740 -0.3318 -0.1978
370.000 13.9007 0.7303 0.6412 0.6357 0.0479 0.5727 -0.3079 -0.1859
375.000 13.4677 0.7499 0.6237 0.6239 0.0400 0.5700 -0.2862 -0.1720
380.000 13.0609 0.7677 0.6051 0.6104 0.0323 0.5662 -0.2666 -0.1564
385.000 12.6820 0.7838 0.5857 0.5955 0.0245 0.5614 -0.2492 -0.1395
390.000 12.3311 0.7982 0.5656 0.5793 0.0169 0.5559 -0.2338 -0.1214
395.000 12.0079 0.8110 0.5450 0.5621 0.0093 0.5497 -0.2202 -0.1025
400.000 11.7114 0.8222 0.5240 0.5438 0.0018 0.5430 -0.2084 -0.0830
405.000 11.4403 0.8320 0.5026 0.5248 -0.0056 0.5360 -0.1982 -0.0631
410.000 11.1930 0.8403 0.4811 0.5050 -0.0129 0.5287 -0.1895 -0.0428
415.000 10.9681 0.8473 0.4594 0.4847 -0.0201 0.5214 -0.1821 -0.0225
420.000 10.7639 0.8531 0.4376 0.4638 -0.0272 0.5140 -0.1760 -0.0021
425.000 10.5790 0.8576 0.4157 0.4425 -0.0343 0.5067 -0.1709 0.0181
430.000 10.4120 0.8611 0.3938 0.4209 -0.0414 0.4996 -0.1669 0.0381
435.000 10.2614 0.8636 0.3718 0.3989 -0.0485 0.4926 -0.1637 0.0578
440.000 10.1260 0.8651 0.3499 0.3768 -0.0555 0.4858 -0.1613 0.0771
445.000 10.0047 0.8658 0.3279 0.3544 -0.0626 0.4794 -0.1596 0.0959
450.000 9.8964 0.8658 0.3060 0.3320 -0.0698 0.4732 -0.1585 0.1142
