155.000 3.3898 0.0428 -0.0031 0.0012 0.0007 -0.0012 0.9550 0.2936
160.000 4.9951 0.0645 -0.0085 0.0038 0.0025 -0.0036 0.9168 0.3941
165.000 5.8735 0.0893 -0.0103 0.0053 0.0043 -0.0048 0.8818 0.4631
170.000 6.4052 0.1149 -0.0108 0.0070 0.0062 -0.0058 0.8431 0.5252
175.000 6.7234 0.1409 -0.0098 0.0088 0.0085 -0.0066 0.8001 0.5829
180.000 6.8994 0.1671 -0.0071 0.0111 0.0110 -0.0071 0.7524 0.6371
185.000 6.9779 0.1931 -0.0025 0.0140 0.0136 -0.0072 0.6994 0.6882
190.000 6.9896 0.2185 0.0044 0.0175 0.0165 -0.0069 0.6409 0.7359
195.000 6.9566 0.2430 0.0140 0.0221 0.0195 -0.0060 0.5766 0.7800
200.000 6.8958 0.2662 0.0267 0.0278 0.0226 -0.0043 0.5064 0.8199
205.000 6.8201 0.2879 0.0429 0.0350 0.0257 -0.0016 0.4304 0.8547
210.000 6.7400 0.3076 0.0630 0.0440 0.0288 0.0022 0.3488 0.8837
215.000 6.6640 0.3251 0.0876 0.0551 0.0316 0.0076 0.2619 0.9056
220.000 6.5995 0.3399 0.1170 0.0686 0.0341 0.0147 0.1706 0.9192
225.000 6.5530 0.3519 0.1516 0.0849 0.0361 0.0239 0.0759 0.9234
230.000 6.5304 0.3609 0.1916 0.1042 0.0374 0.0355 -0.0208 0.9170
235.000 6.5374 0.3668 0.2369 0.1267 0.0378 0.0498 -0.1177 0.8987
240.000 6.5795 0.3698 0.2873 0.1526 0.0370 0.0669 -0.2125 0.8677
245.000 6.6624 0.3701 0.3423 0.1818 0.0349 0.0870 -0.3029 0.8236
250.000 6.7917 0.3682 0.4009 0.2139 0.0311 0.1099 -0.3860 0.7664
255.000 6.9727 0.3648 0.4619 0.2487 0.0256 0.1356 -0.4593 0.6967
260.000 7.2107 0.3606 0.5238 0.2853 0.0183 0.1636 -0.5202 0.6159
265.000 7.5100 0.3567 0.5847 0.3230 0.0092 0.1934 -0.5667 0.5260
270.000 7.8737 0.3538 0.6428 0.3606 -0.0016 0.2241 -0.5975 0.4296
275.000 8.3024 0.3529 0.6962 0.3972 -0.0139 0.2550 -0.6120 0.3297
280.000 8.7932 0.3547 0.7434 0.4316 -0.0274 0.2852 -0.6109 0.2292
285.000 9.3383 0.3593 0.7830 0.4630 -0.0419 0.3142 -0.5955 0.1305
290.000 9.9236 0.3664 0.8136 0.4902 -0.0573 0.3417 -0.5682 0.0350
295.000 10.5342 0.3762 0.8346 0.5128 -0.0731 0.3671 -0.5308 -0.0547
300.000 11.1579 0.3902 0.8473 0.5309 -0.0884 0.3889 -0.4847 -0.1331
305.000 11.7719 0.4086 0.8529 0.5448 -0.1025 0.4066 -0.4326 -0.1984
310.000 12.3473 0.4301 0.8520 0.5543 -0.1156 0.4206 -0.3774 -0.2526
315.000 12.8592 0.4536 0.8449 0.5599 -0.1278 0.4314 -0.3215 -0.2966
320.000 13.2891 0.4785 0.8326 0.5616 -0.1390 0.4392 -0.2667 -0.3314
325.000 13.6202 0.5042 0.8160 0.5601 -0.1492 0.4444 -0.2144 -0.3576
330.000 13.8522 0.5304 0.7959 0.5556 -0.1585 0.4473 -0.1652 -0.3761
335.000 13.9908 0.5566 0.7731 0.5487 -0.1669 0.4482 -0.1197 -0.3880
340.000 14.0439 0.5825 0.7483 0.5396 -0.1743 0.4473 -0.0784 -0.3941
345.000 14.0230 0.6078 0.7221 0.5288 -0.1809 0.4450 -0.0413 -0.3953
350.000 13.9410 0.6323 0.6950 0.5166 -0.1868 0.4415 -0.0085 -0.3925
355.000 13.8112 0.6559 0.6675 0.5032 -0.1920 0.4371 0.0201 -0.3863
360.000 13.6457 0.6784 0.6397 0.4888 -0.1965 0.4319 0.0447 -0.3773
365.000 13.4554 0.6998 0.6120 0.4738 -0.2006 0.4262 0.0655 -0.3662
370.000 13.2493 0.7199 0.5845 0.4581 -0.2042 0.4201 0.0830 -0.3533
375.000 13.0345 0.7389 0.5575 0.4420 -0.2075 0.4138 0.0973 -0.3390
380.000 12.8169 0.7566 0.5308 0.4255 -0.2104 0.4073 0.1087 -0.3237
385.000 12.6007 0.7731 0.5048 0.4087 -0.2131 0.4009 0.1175 -0.3077
390.000 12.3890 0.7884 0.4792 0.3917 -0.2157 0.3945 0.1240 -0.2911
395.000 12.1843 0.8025 0.4543 0.3745 -0.2181 0.3882 0.1284 -0.2741
400.000 11.9880 0.8155 0.4299 0.3571 -0.2204 0.3821 0.1310 -0.2569
405.000 11.8012 0.8273 0.4060 0.3396 -0.2227 0.3763 0.1320 -0.2395
410.000 11.6245 0.8381 0.3827 0.3219 -0.2251 0.3707 0.1316 -0.2222
415.000 11.4583 0.8478 0.3598 0.3042 -0.2275 0.3655 0.1300 -0.2049
420.000 11.3027 0.8566 0.3374 0.2863 -0.2300 0.3606 0.1273 -0.1878
425.000 11.1578 0.8644 0.3153 0.2683 -0.2326 0.3561 0.1237 -0.1708
430.000 11.0233 0.8713 0.2937 0.2501 -0.2354 0.3519 0.1194 -0.1541
435.000 10.8993 0.8773 0.2723 0.2319 -0.2384 0.3481 0.1144 -0.1377
440.000 10.7854 0.8824 0.2512 0.2135 -0.2416 0.3446 0.1090 -0.1216
445.000 10.6815 0.8868 0.2304 0.1951 -0.2450 0.3415 0.1031 -0.1059
450.000 10.5874 0.8905 0.2098 0.1765 -0.2487 0.3388 0.0969 -0.0906
