155.000 3.1862 0.0602 -0.0044 0.0089 0.0054 -0.0074 0.8472 0.5279
160.000 4.7282 0.0868 -0.0110 0.0099 0.0069 -0.0084 0.7890 0.6081
165.000 5.6656 0.1090 -0.0154 0.0114 0.0090 -0.0096 0.7225 0.6825
170.000 6.3431 0.1268 -0.0175 0.0135 0.0117 -0.0107 0.6490 0.7499
175.000 6.8828 0.1404 -0.0172 0.0163 0.0150 -0.0116 0.5702 0.8092
180.000 7.3447 0.1503 -0.0146 0.0198 0.0188 -0.0120 0.4879 0.8597
185.000 7.7632 0.1571 -0.0097 0.0241 0.0232 -0.0117 0.4039 0.9011
190.000 8.1587 0.1613 -0.0026 0.0291 0.0280 -0.0106 0.3198 0.9336
195.000 8.5444 0.1637 0.0064 0.0349 0.0332 -0.0086 0.2369 0.9576
200.000 8.9289 0.1649 0.0174 0.0415 0.0387 -0.0058 0.1563 0.9738
205.000 9.3223 0.1647 0.0308 0.0494 0.0449 -0.0021 0.0767 0.9831
210.000 9.7289 0.1638 0.0458 0.0584 0.0516 0.0025 -0.0002 0.9858
215.000 10.1625 0.1629 0.0632 0.0688 0.0589 0.0080 -0.0746 0.9824
220.000 10.6302 0.1624 0.0825 0.0806 0.0669 0.0145 -0.1462 0.9733
225.000 11.1331 0.1623 0.1033 0.0938 0.0754 0.0220 -0.2143 0.9590
230.000 11.6727 0.1626 0.1264 0.1089 0.0850 0.0304 -0.2787 0.9400
235.000 12.2570 0.1636 0.1505 0.1252 0.0950 0.0397 -0.3392 0.9168
240.000 12.8844 0.1660 0.1767 0.1436 0.1061 0.0502 -0.3958 0.8896
245.000 13.5648 0.1700 0.2039 0.1634 0.1178 0.0615 -0.4483 0.8588
250.000 14.2955 0.1755 0.2322 0.1845 0.1299 0.0736 -0.4963 0.8251
255.000 15.0658 0.1828 0.2622 0.2075 0.1431 0.0867 -0.5390 0.7889
260.000 15.8993 0.1919 0.2924 0.2313 0.1562 0.1003 -0.5775 0.7505
265.000 16.7405 0.2029 0.3241 0.2573 0.1707 0.1150 -0.6104 0.7106
270.000 17.6265 0.2157 0.3560 0.2841 0.1854 0.1303 -0.6392 0.6690
275.000 18.5252 0.2304 0.3877 0.3118 0.2004 0.1461 -0.6631 0.6266
280.000 19.3696 0.2472 0.4202 0.3409 0.2161 0.1626 -0.6812 0.5843
285.000 20.2324 0.2662 0.4521 0.3704 0.2315 0.1795 -0.6954 0.5408
290.000 20.9366 0.2868 0.4836 0.4002 0.2469 0.1964 -0.7035 0.4995
295.000 21.5536 0.3095 0.5149 0.4304 0.2621 0.2134 -0.7072 0.4583
300.000 22.0593 0.3337 0.5449 0.4602 0.2768 0.2303 -0.7066 0.4178
305.000 22.3097 0.3580 0.5735 0.4897 0.2917 0.2471 -0.7011 0.3807
310.000 22.4124 0.3844 0.6014 0.5192 0.3066 0.2641 -0.6915 0.3438
315.000 22.2943 0.4109 0.6268 0.5471 0.3204 0.2802 -0.6782 0.3105
320.000 21.9532 0.4383 0.6508 0.5742 0.3337 0.2959 -0.6610 0.2799
325.000 21.4364 0.4674 0.6735 0.6006 0.3462 0.3111 -0.6396 0.2509
330.000 20.7913 0.4947 0.6925 0.6240 0.3571 0.3252 -0.6170 0.2263
335.000 19.9795 0.5227 0.7101 0.6463 0.3674 0.3387 -0.5905 0.2044
340.000 19.1144 0.5505 0.7250 0.6663 0.3763 0.3511 -0.5621 0.1856
345.000 18.2343 0.5771 0.7369 0.6836 0.3838 0.3621 -0.5327 0.1706
350.000 17.2716 0.6037 0.7472 0.6995 0.3906 0.3720 -0.5000 0.1596
355.000 16.4029 0.6287 0.7537 0.7119 0.3951 0.3807 -0.4687 0.1509
360.000 15.5361 0.6523 0.7581 0.7222 0.3983 0.3885 -0.4364 0.1459
365.000 14.6843 0.6746 0.7602 0.7301 0.4005 0.3951 -0.4033 0.1447
370.000 13.9268 0.6950 0.7594 0.7348 0.4012 0.4002 -0.3714 0.1456
375.000 13.1968 0.7132 0.7567 0.7371 0.4013 0.4042 -0.3393 0.1503
380.000 12.5279 0.7299 0.7517 0.7370 0.4000 0.4072 -0.3079 0.1575
385.000 11.9269 0.7449 0.7446 0.7345 0.3973 0.4093 -0.2778 0.1666
390.000 11.3655 0.7576 0.7359 0.7300 0.3937 0.4106 -0.2487 0.1787
395.000 10.8619 0.7689 0.7253 0.7234 0.3887 0.4110 -0.2214 0.1920
400.000 10.4000 0.7783 0.7135 0.7150 0.3827 0.4107 -0.1959 0.2071
405.000 9.9747 0.7856 0.7005 0.7052 0.3761 0.4100 -0.1721 0.2243
410.000 9.5938 0.7914 0.6857 0.6932 0.3686 0.4087 -0.1498 0.2423
415.000 9.2461 0.7953 0.6700 0.6799 0.3605 0.4070 -0.1295 0.2616
420.000 8.9292 0.7976 0.6534 0.6653 0.3520 0.4047 -0.1109 0.2822
425.000 8.6416 0.7990 0.6358 0.6497 0.3430 0.4013 -0.0939 0.3034
430.000 8.3793 0.7989 0.6177 0.6335 0.3339 0.3973 -0.0789 0.3254
435.000 8.1418 0.7975 0.5988 0.6159 0.3240 0.3934 -0.0655 0.3475
440.000 7.9267 0.7945 0.5794 0.5971 0.3134 0.3898 -0.0537 0.3695
445.000 7.7315 0.7901 0.5598 0.5776 0.3025 0.3865 -0.0437 0.3915
450.000 7.5521 0.7851 0.5395 0.5574 0.2909 0.3829 -0.0356 0.4134
