155.000 3.5451 0.0009 -0.0004 0.0002 0.0000 -0.0002 0.9993 0.0387
160.000 5.3023 0.0015 -0.0011 0.0005 0.0001 -0.0005 0.9987 0.0517
165.000 6.3361 0.0021 -0.0012 0.0006 0.0001 -0.0006 0.9982 0.0605
170.000 7.0121 0.0028 -0.0012 0.0008 0.0001 -0.0008 0.9977 0.0684
175.000 7.4560 0.0036 -0.0010 0.0009 0.0002 -0.0009 0.9971 0.0758
180.000 7.7338 0.0045 -0.0006 0.0011 0.0002 -0.0011 0.9965 0.0831
185.000 7.8860 0.0054 0.0002 0.0013 0.0003 -0.0013 0.9959 0.0903
190.000 7.9405 0.0064 0.0013 0.0015 0.0003 -0.0015 0.9952 0.0975
195.000 7.9174 0.0075 0.0027 0.0018 0.0004 -0.0018 0.9945 0.1049
200.000 7.8320 0.0086 0.0047 0.0021 0.0004 -0.0021 0.9936 0.1124
205.000 7.6963 0.0099 0.0073 0.0026 0.0004 -0.0025 0.9927 0.1201
210.000 7.5200 0.0112 0.0106 0.0031 0.0005 -0.0029 0.9916 0.1281
215.000 7.3114 0.0127 0.0148 0.0037 0.0005 -0.0035 0.9905 0.1365
220.000 7.0777 0.0142 0.0201 0.0046 0.0004 -0.0043 0.9891 0.1450
225.000 6.8256 0.0159 0.0268 0.0056 0.0003 -0.0052 0.9876 0.1538
230.000 6.5618 0.0177 0.0352 0.0069 0.0002 -0.0063 0.9859 0.1627
235.000 6.2933 0.0197 0.0455 0.0085 -0.0001 -0.0078 0.9839 0.1715
240.000 6.0279 0.0217 0.0582 0.0106 -0.0004 -0.0095 0.9817 0.1798
245.000 5.7745 0.0240 0.0736 0.0130 -0.0010 -0.0117 0.9793 0.1871
250.000 5.5437 0.0263 0.0921 0.0161 -0.0017 -0.0143 0.9766 0.1926
255.000 5.3479 0.0286 0.1135 0.0197 -0.0027 -0.0174 0.9738 0.1952
260.000 5.2019 0.0308 0.1376 0.0238 -0.0040 -0.0209 0.9709 0.1936
265.000 5.1226 0.0329 0.1635 0.0283 -0.0056 -0.0248 0.9683 0.1866
270.000 5.1287 0.0346 0.1893 0.0330 -0.0075 -0.0287 0.9660 0.1731
275.000 5.2402 0.0358 0.2129 0.0374 -0.0095 -0.0324 0.9645 0.1528
280.000 5.4756 0.0364 0.2318 0.0412 -0.0116 -0.0355 0.9640 0.1266
285.000 5.8484 0.0364 0.2442 0.0439 -0.0135 -0.0376 0.9644 0.0963
290.000 6.3627 0.0359 0.2494 0.0454 -0.0151 -0.0387 0.9658 0.0643
295.000 7.0248 0.0351 0.2476 0.0457 -0.0164 -0.0388 0.9678 0.0332
300.000 7.8563 0.0341 0.2396 0.0449 -0.0172 -0.0379 0.9704 0.0056
305.000 8.8484 0.0331 0.2271 0.0433 -0.0176 -0.0364 0.9733 -0.0172
310.000 9.9606 0.0323 0.2124 0.0412 -0.0177 -0.0346 0.9761 -0.0354
315.000 11.1479 0.0316 0.1969 0.0389 -0.0175 -0.0325 0.9787 -0.0493
320.000 12.3653 0.0312 0.1816 0.0366 -0.0172 -0.0305 0.9811 -0.0599
325.000 13.5655 0.0310 0.1669 0.0342 -0.0169 -0.0284 0.9832 -0.0675
330.000 14.7129 0.0309 0.1533 0.0320 -0.0165 -0.0265 0.9850 -0.0729
335.000 15.7779 0.0311 0.1407 0.0299 -0.0161 -0.0246 0.9866 -0.0767
340.000 16.7385 0.0314 0.1292 0.0279 -0.0157 -0.0229 0.9880 -0.0792
345.000 17.5827 0.0318 0.1188 0.0261 -0.0153 -0.0213 0.9891 -0.0807
350.000 18.3069 0.0323 0.1095 0.0244 -0.0149 -0.0199 0.9901 -0.0816
355.000 18.9139 0.0329 0.1010 0.0228 -0.0146 -0.0185 0.9909 -0.0819
360.000 19.4111 0.0336 0.0933 0.0214 -0.0142 -0.0172 0.9917 -0.0819
365.000 19.8084 0.0343 0.0864 0.0200 -0.0140 -0.0160 0.9923 -0.0816
370.000 20.1172 0.0351 0.0800 0.0187 -0.0137 -0.0149 0.9928 -0.0812
375.000 20.3487 0.0359 0.0743 0.0175 -0.0135 -0.0138 0.9933 -0.0807
380.000 20.5138 0.0368 0.0690 0.0163 -0.0133 -0.0128 0.9937 -0.0801
385.000 20.6224 0.0377 0.0641 0.0152 -0.0131 -0.0118 0.9940 -0.0795
390.000 20.6836 0.0386 0.0597 0.0141 -0.0130 -0.0108 0.9943 -0.0788
395.000 20.7050 0.0396 0.0555 0.0130 -0.0128 -0.0099 0.9946 -0.0782
400.000 20.6937 0.0406 0.0517 0.0120 -0.0128 -0.0090 0.9948 -0.0775
405.000 20.6554 0.0416 0.0481 0.0109 -0.0127 -0.0080 0.9950 -0.0769
410.000 20.5951 0.0426 0.0447 0.0099 -0.0126 -0.0071 0.9951 -0.0763
415.000 20.5173 0.0436 0.0415 0.0088 -0.0126 -0.0061 0.9952 -0.0758
420.000 20.4256 0.0446 0.0385 0.0078 -0.0126 -0.0051 0.9954 -0.0752
425.000 20.3233 0.0457 0.0357 0.0067 -0.0126 -0.0041 0.9955 -0.0747
430.000 20.2132 0.0467 0.0329 0.0056 -0.0127 -0.0031 0.9955 -0.0743
435.000 20.0979 0.0478 0.0303 0.0045 -0.0127 -0.0021 0.9956 -0.0738
440.000 19.9795 0.0489 0.0278 0.0033 -0.0128 -0.0010 0.9956 -0.0734
445.000 19.8603 0.0499 0.0254 0.0021 -0.0129 0.0001 0.9957 -0.0730
450.000 19.7420 0.0510 0.0231 0.0009 -0.0131 0.0012 0.9957 -0.0726
