155.000 3.3475 0.0020 -0.0023 0.0040 0.0008 -0.0039 0.9745 0.2244
160.000 5.0840 0.0048 -0.0047 0.0041 0.0009 -0.0040 0.9659 0.2588
165.000 6.2069 0.0072 -0.0061 0.0044 0.0011 -0.0043 0.9564 0.2920
170.000 7.0497 0.0091 -0.0067 0.0049 0.0014 -0.0048 0.9460 0.3241
175.000 7.7287 0.0106 -0.0063 0.0057 0.0017 -0.0055 0.9349 0.3547
180.000 8.3023 0.0118 -0.0051 0.0066 0.0023 -0.0063 0.9233 0.3839
185.000 8.8048 0.0127 -0.0030 0.0077 0.0029 -0.0072 0.9113 0.4115
190.000 9.2590 0.0134 0.0000 0.0090 0.0036 -0.0083 0.8991 0.4376
195.000 9.6802 0.0138 0.0038 0.0105 0.0045 -0.0095 0.8868 0.4620
200.000 10.0802 0.0142 0.0084 0.0122 0.0054 -0.0108 0.8745 0.4848
205.000 10.4699 0.0150 0.0141 0.0142 0.0066 -0.0123 0.8619 0.5067
210.000 10.8555 0.0161 0.0206 0.0164 0.0078 -0.0141 0.8493 0.5273
215.000 11.2436 0.0172 0.0280 0.0192 0.0094 -0.0162 0.8365 0.5470
220.000 11.6394 0.0185 0.0363 0.0224 0.0111 -0.0188 0.8235 0.5659
225.000 12.0485 0.0200 0.0454 0.0261 0.0131 -0.0217 0.8104 0.5838
230.000 12.4785 0.0220 0.0558 0.0304 0.0153 -0.0250 0.7971 0.6010
235.000 12.9324 0.0244 0.0669 0.0351 0.0178 -0.0287 0.7836 0.6173
240.000 13.4038 0.0264 0.0791 0.0405 0.0206 -0.0330 0.7701 0.6325
245.000 13.8998 0.0284 0.0921 0.0465 0.0237 -0.0378 0.7567 0.6468
250.000 14.4131 0.0307 0.1059 0.0532 0.0270 -0.0432 0.7434 0.6599
255.000 14.9270 0.0343 0.1209 0.0609 0.0308 -0.0494 0.7304 0.6716
260.000 15.4602 0.0387 0.1365 0.0693 0.0350 -0.0560 0.7176 0.6822
265.000 15.9746 0.0428 0.1533 0.0787 0.0396 -0.0635 0.7054 0.6912
270.000 16.4922 0.0470 0.1708 0.0887 0.0445 -0.0715 0.6933 0.6991
275.000 16.9826 0.0514 0.1889 0.0995 0.0497 -0.0803 0.6817 0.7057
280.000 17.3901 0.0561 0.2076 0.1113 0.0554 -0.0899 0.6710 0.7105
285.000 17.7645 0.0611 0.2270 0.1239 0.0614 -0.1002 0.6605 0.7142
290.000 17.9701 0.0667 0.2466 0.1373 0.0677 -0.1111 0.6512 0.7160
295.000 18.0564 0.0730 0.2670 0.1516 0.0744 -0.1227 0.6424 0.7163
300.000 18.0159 0.0796 0.2877 0.1667 0.0814 -0.1349 0.6342 0.7153
305.000 17.7789 0.0859 0.3080 0.1824 0.0888 -0.1478 0.6276 0.7124
310.000 17.3992 0.0926 0.3292 0.1995 0.0967 -0.1618 0.6214 0.7079
315.000 16.8646 0.0991 0.3496 0.2165 0.1045 -0.1760 0.6166 0.7020
320.000 16.1745 0.1058 0.3697 0.2342 0.1125 -0.1907 0.6131 0.6943
325.000 15.3595 0.1127 0.3902 0.2529 0.1210 -0.2064 0.6106 0.6847
330.000 14.5082 0.1195 0.4088 0.2712 0.1293 -0.2217 0.6096 0.6743
335.000 13.5716 0.1263 0.4273 0.2906 0.1382 -0.2379 0.6103 0.6617
340.000 12.6316 0.1331 0.4446 0.3100 0.1470 -0.2542 0.6120 0.6480
345.000 11.7230 0.1394 0.4602 0.3288 0.1554 -0.2702 0.6149 0.6338
350.000 10.7995 0.1454 0.4745 0.3480 0.1639 -0.2868 0.6198 0.6177
355.000 9.9778 0.1515 0.4877 0.3664 0.1720 -0.3025 0.6251 0.6014
360.000 9.2018 0.1574 0.4995 0.3844 0.1798 -0.3177 0.6319 0.5839
365.000 8.4756 0.1628 0.5095 0.4018 0.1875 -0.3324 0.6403 0.5655
370.000 7.8364 0.1674 0.5172 0.4183 0.1947 -0.3468 0.6491 0.5477
375.000 7.2519 0.1709 0.5223 0.4337 0.2014 -0.3605 0.6596 0.5296
380.000 6.7278 0.1740 0.5255 0.4482 0.2078 -0.3733 0.6708 0.5117
385.000 6.2631 0.1767 0.5270 0.4616 0.2138 -0.3851 0.6825 0.4943
390.000 5.8484 0.1784 0.5259 0.4735 0.2193 -0.3955 0.6952 0.4774
395.000 5.4785 0.1794 0.5234 0.4836 0.2236 -0.4047 0.7081 0.4610
400.000 5.1502 0.1793 0.5188 0.4915 0.2270 -0.4122 0.7214 0.4455
405.000 4.8599 0.1782 0.5120 0.4975 0.2294 -0.4181 0.7351 0.4309
410.000 4.6022 0.1775 0.5047 0.5034 0.2318 -0.4239 0.7487 0.4163
415.000 4.3763 0.1762 0.4959 0.5080 0.2336 -0.4285 0.7622 0.4025
420.000 4.1776 0.1742 0.4854 0.5108 0.2347 -0.4315 0.7755 0.3901
425.000 4.0012 0.1710 0.4732 0.5111 0.2346 -0.4326 0.7885 0.3797
430.000 3.8477 0.1669 0.4594 0.5093 0.2336 -0.4318 0.8010 0.3712
435.000 3.7110 0.1622 0.4444 0.5064 0.2322 -0.4302 0.8132 0.3637
440.000 3.5901 0.1570 0.4282 0.5024 0.2302 -0.4278 0.8251 0.3572
445.000 3.4853 0.1510 0.4108 0.4971 0.2277 -0.4243 0.8365 0.3521
450.000 3.3896 0.1453 0.3930 0.4909 0.2250 -0.4196 0.8468 0.3488
