155.000 3.3389 0.0559 -0.0037 0.0015 0.0009 -0.0015 0.9339 0.3532
160.000 4.9134 0.0817 -0.0104 0.0047 0.0035 -0.0044 0.8773 0.4729
165.000 5.7755 0.1102 -0.0127 0.0066 0.0057 -0.0058 0.8250 0.5541
170.000 6.3089 0.1384 -0.0135 0.0087 0.0084 -0.0069 0.7677 0.6255
175.000 6.6470 0.1657 -0.0125 0.0111 0.0113 -0.0076 0.7048 0.6896
180.000 6.8607 0.1916 -0.0096 0.0140 0.0145 -0.0079 0.6361 0.7473
185.000 6.9936 0.2157 -0.0046 0.0176 0.0180 -0.0076 0.5618 0.7986
190.000 7.0751 0.2376 0.0028 0.0222 0.0217 -0.0066 0.4819 0.8434
195.000 7.1262 0.2569 0.0129 0.0278 0.0256 -0.0047 0.3970 0.8811
200.000 7.1621 0.2736 0.0260 0.0347 0.0297 -0.0017 0.3077 0.9111
205.000 7.1949 0.2872 0.0424 0.0433 0.0339 0.0025 0.2147 0.9329
210.000 7.2336 0.2979 0.0621 0.0537 0.0382 0.0082 0.1190 0.9458
215.000 7.2861 0.3054 0.0854 0.0661 0.0425 0.0156 0.0218 0.9493
220.000 7.3587 0.3101 0.1125 0.0809 0.0468 0.0250 -0.0757 0.9430
225.000 7.4571 0.3120 0.1433 0.0981 0.0508 0.0365 -0.1720 0.9264
230.000 7.5864 0.3114 0.1777 0.1179 0.0546 0.0504 -0.2655 0.8996
235.000 7.7515 0.3089 0.2155 0.1403 0.0581 0.0667 -0.3547 0.8627
240.000 7.9569 0.3049 0.2565 0.1655 0.0610 0.0856 -0.4380 0.8159
245.000 8.2071 0.3001 0.3001 0.1932 0.0633 0.1070 -0.5139 0.7600
250.000 8.5060 0.2952 0.3458 0.2232 0.0649 0.1308 -0.5809 0.6959
255.000 8.8572 0.2908 0.3928 0.2553 0.0657 0.1569 -0.6380 0.6248
260.000 9.2630 0.2878 0.4403 0.2891 0.0655 0.1849 -0.6841 0.5481
265.000 9.7245 0.2866 0.4875 0.3239 0.0643 0.2145 -0.7187 0.4674
270.000 10.2404 0.2880 0.5334 0.3592 0.0620 0.2451 -0.7415 0.3845
275.000 10.8062 0.2924 0.5771 0.3944 0.0586 0.2764 -0.7527 0.3011
280.000 11.4132 0.3000 0.6177 0.4288 0.0542 0.3077 -0.7530 0.2186
285.000 12.0473 0.3106 0.6544 0.4617 0.0486 0.3387 -0.7432 0.1381
290.000 12.6881 0.3239 0.6858 0.4923 0.0418 0.3693 -0.7249 0.0599
295.000 13.3154 0.3397 0.7113 0.5199 0.0338 0.3988 -0.6990 -0.0145
300.000 13.9123 0.3593 0.7317 0.5445 0.0255 0.4259 -0.6660 -0.0803
305.000 14.4544 0.3828 0.7478 0.5662 0.0170 0.4499 -0.6273 -0.1361
310.000 14.9143 0.4089 0.7594 0.5845 0.0083 0.4708 -0.5851 -0.1834
315.000 15.2720 0.4369 0.7661 0.5993 -0.0006 0.4889 -0.5408 -0.2231
320.000 15.5162 0.4660 0.7681 0.6104 -0.0097 0.5042 -0.4958 -0.2555
325.000 15.6381 0.4957 0.7658 0.6181 -0.0187 0.5168 -0.4513 -0.2807
330.000 15.6473 0.5255 0.7596 0.6223 -0.0278 0.5267 -0.4079 -0.2993
335.000 15.5591 0.5552 0.7499 0.6234 -0.0367 0.5340 -0.3663 -0.3120
340.000 15.3893 0.5843 0.7373 0.6215 -0.0453 0.5389 -0.3271 -0.3191
345.000 15.1556 0.6126 0.7221 0.6170 -0.0538 0.5416 -0.2906 -0.3215
350.000 14.8754 0.6397 0.7047 0.6100 -0.0619 0.5424 -0.2571 -0.3196
355.000 14.5647 0.6656 0.6857 0.6010 -0.0696 0.5415 -0.2266 -0.3140
360.000 14.2367 0.6900 0.6652 0.5900 -0.0770 0.5390 -0.1993 -0.3053
365.000 13.9025 0.7130 0.6437 0.5774 -0.0841 0.5353 -0.1751 -0.2940
370.000 13.5705 0.7343 0.6214 0.5633 -0.0908 0.5305 -0.1538 -0.2805
375.000 13.2466 0.7540 0.5985 0.5481 -0.0972 0.5249 -0.1353 -0.2653
380.000 12.9353 0.7722 0.5752 0.5318 -0.1033 0.5185 -0.1195 -0.2487
385.000 12.6393 0.7887 0.5517 0.5147 -0.1091 0.5117 -0.1061 -0.2311
390.000 12.3603 0.8037 0.5282 0.4968 -0.1147 0.5045 -0.0950 -0.2126
395.000 12.0992 0.8172 0.5046 0.4782 -0.1201 0.4971 -0.0859 -0.1935
400.000 11.8560 0.8293 0.4810 0.4592 -0.1253 0.4895 -0.0786 -0.1740
405.000 11.6307 0.8400 0.4576 0.4397 -0.1303 0.4819 -0.0730 -0.1543
410.000 11.4228 0.8493 0.4344 0.4198 -0.1353 0.4744 -0.0689 -0.1345
415.000 11.2315 0.8575 0.4113 0.3996 -0.1401 0.4670 -0.0661 -0.1147
420.000 11.0561 0.8644 0.3884 0.3792 -0.1450 0.4599 -0.0644 -0.0951
425.000 10.8958 0.8703 0.3657 0.3585 -0.1498 0.4530 -0.0637 -0.0756
430.000 10.7499 0.8751 0.3432 0.3376 -0.1547 0.4464 -0.0639 -0.0565
435.000 10.6174 0.8789 0.3209 0.3166 -0.1596 0.4401 -0.0649 -0.0377
440.000 10.4977 0.8819 0.2987 0.2954 -0.1647 0.4341 -0.0664 -0.0193
445.000 10.3901 0.8840 0.2767 0.2742 -0.1699 0.4285 -0.0685 -0.0014
450.000 10.2939 0.8854 0.2548 0.2529 -0.1752 0.4233 -0.0710 0.0160
