155.000 3.2546 0.0356 -0.0045 0.0018 0.0008 -0.0018 0.9109 0.4110
160.000 4.8515 0.0412 -0.0124 0.0055 0.0029 -0.0053 0.8381 0.5438
165.000 5.8446 0.0476 -0.0151 0.0076 0.0046 -0.0070 0.7771 0.6274
170.000 6.5833 0.0526 -0.0161 0.0096 0.0065 -0.0083 0.7161 0.6958
175.000 7.1838 0.0564 -0.0153 0.0118 0.0086 -0.0094 0.6555 0.7529
180.000 7.7034 0.0595 -0.0129 0.0142 0.0110 -0.0103 0.5955 0.8010
185.000 8.1752 0.0622 -0.0088 0.0169 0.0137 -0.0110 0.5363 0.8416
190.000 8.6205 0.0646 -0.0030 0.0201 0.0168 -0.0117 0.4783 0.8758
195.000 9.0540 0.0670 0.0043 0.0238 0.0203 -0.0122 0.4216 0.9043
200.000 9.4863 0.0696 0.0131 0.0282 0.0244 -0.0128 0.3663 0.9278
205.000 9.9259 0.0724 0.0235 0.0333 0.0290 -0.0134 0.3125 0.9469
210.000 10.3795 0.0756 0.0353 0.0392 0.0342 -0.0140 0.2603 0.9620
215.000 10.8529 0.0793 0.0485 0.0461 0.0402 -0.0146 0.2099 0.9734
220.000 11.3509 0.0837 0.0630 0.0539 0.0470 -0.0154 0.1612 0.9816
225.000 11.8781 0.0887 0.0788 0.0627 0.0546 -0.0162 0.1143 0.9867
230.000 12.4379 0.0944 0.0959 0.0727 0.0631 -0.0171 0.0694 0.9890
235.000 13.0336 0.1010 0.1142 0.0838 0.0726 -0.0181 0.0263 0.9887
240.000 13.6669 0.1084 0.1337 0.0962 0.0832 -0.0192 -0.0147 0.9860
245.000 14.3388 0.1167 0.1542 0.1098 0.0947 -0.0204 -0.0537 0.9810
250.000 15.0483 0.1260 0.1757 0.1248 0.1074 -0.0217 -0.0906 0.9740
255.000 15.7918 0.1363 0.1982 0.1411 0.1212 -0.0231 -0.1252 0.9650
260.000 16.5630 0.1477 0.2215 0.1587 0.1361 -0.0246 -0.1575 0.9541
265.000 17.3512 0.1600 0.2456 0.1777 0.1522 -0.0261 -0.1874 0.9417
270.000 18.1408 0.1734 0.2704 0.1981 0.1694 -0.0276 -0.2148 0.9276
275.000 18.9102 0.1879 0.2957 0.2198 0.1877 -0.0292 -0.2397 0.9121
280.000 19.6304 0.2034 0.3216 0.2428 0.2071 -0.0307 -0.2622 0.8953
285.000 20.2617 0.2199 0.3477 0.2671 0.2276 -0.0321 -0.2826 0.8771
290.000 20.7538 0.2374 0.3739 0.2925 0.2493 -0.0331 -0.3019 0.8573
295.000 21.0733 0.2559 0.3998 0.3191 0.2722 -0.0338 -0.3198 0.8361
300.000 21.2350 0.2752 0.4253 0.3465 0.2957 -0.0344 -0.3335 0.8146
305.000 21.2284 0.2953 0.4509 0.3747 0.3196 -0.0352 -0.3421 0.7934
310.000 21.0214 0.3160 0.4762 0.4034 0.3438 -0.0362 -0.3469 0.7722
315.000 20.6060 0.3373 0.5011 0.4327 0.3684 -0.0370 -0.3486 0.7509
320.000 19.9975 0.3589 0.5252 0.4623 0.3932 -0.0376 -0.3475 0.7296
325.000 19.2254 0.3808 0.5483 0.4920 0.4182 -0.0382 -0.3435 0.7086
330.000 18.3291 0.4030 0.5703 0.5216 0.4430 -0.0386 -0.3366 0.6880
335.000 17.3515 0.4250 0.5913 0.5509 0.4675 -0.0388 -0.3270 0.6680
340.000 16.3324 0.4469 0.6109 0.5797 0.4916 -0.0389 -0.3148 0.6487
345.000 15.3070 0.4684 0.6292 0.6077 0.5149 -0.0387 -0.3001 0.6303
350.000 14.3032 0.4894 0.6459 0.6346 0.5374 -0.0384 -0.2830 0.6130
355.000 13.3418 0.5096 0.6610 0.6604 0.5589 -0.0379 -0.2637 0.5968
360.000 12.4367 0.5289 0.6743 0.6847 0.5792 -0.0373 -0.2424 0.5821
365.000 11.5961 0.5472 0.6858 0.7074 0.5982 -0.0366 -0.2194 0.5688
370.000 10.8234 0.5642 0.6954 0.7283 0.6157 -0.0358 -0.1948 0.5570
375.000 10.1190 0.5799 0.7030 0.7473 0.6317 -0.0349 -0.1689 0.5469
380.000 9.4808 0.5942 0.7088 0.7642 0.6460 -0.0339 -0.1419 0.5384
385.000 8.9054 0.6069 0.7126 0.7789 0.6587 -0.0328 -0.1141 0.5317
390.000 8.3884 0.6179 0.7144 0.7913 0.6696 -0.0318 -0.0857 0.5266
395.000 7.9253 0.6272 0.7143 0.8015 0.6787 -0.0307 -0.0569 0.5233
400.000 7.5111 0.6347 0.7124 0.8093 0.6861 -0.0295 -0.0281 0.5217
405.000 7.1414 0.6404 0.7086 0.8147 0.6917 -0.0284 0.0007 0.5217
410.000 6.8116 0.6444 0.7031 0.8179 0.6956 -0.0272 0.0291 0.5233
415.000 6.5177 0.6466 0.6960 0.8189 0.6979 -0.0260 0.0570 0.5264
420.000 6.2559 0.6472 0.6872 0.8177 0.6986 -0.0248 0.0843 0.5310
425.000 6.0228 0.6460 0.6769 0.8145 0.6977 -0.0236 0.1106 0.5368
430.000 5.8154 0.6433 0.6653 0.8093 0.6955 -0.0223 0.1359 0.5439
435.000 5.6307 0.6391 0.6523 0.8023 0.6920 -0.0210 0.1601 0.5522
440.000 5.4663 0.6335 0.6381 0.7937 0.6872 -0.0195 0.1830 0.5614
445.000 5.3199 0.6267 0.6228 0.7835 0.6814 -0.0180 0.2046 0.5716
450.000 5.1893 0.6187 0.6065 0.7719 0.6745 -0.0163 0.2247 0.5826
