155.000 3.3412 0.0041 -0.0027 0.0047 0.0011 -0.0046 0.9639 0.2661
160.000 5.0725 0.0079 -0.0055 0.0048 0.0013 -0.0047 0.9519 0.3063
165.000 6.1919 0.0109 -0.0073 0.0052 0.0015 -0.0051 0.9385 0.3450
170.000 7.0332 0.0134 -0.0079 0.0058 0.0019 -0.0056 0.9240 0.3822
175.000 7.7127 0.0154 -0.0075 0.0067 0.0025 -0.0064 0.9085 0.4176
180.000 8.2887 0.0169 -0.0061 0.0079 0.0032 -0.0073 0.8923 0.4512
185.000 8.7955 0.0181 -0.0036 0.0092 0.0041 -0.0084 0.8755 0.4828
190.000 9.2554 0.0189 -0.0001 0.0108 0.0051 -0.0095 0.8585 0.5124
195.000 9.6841 0.0196 0.0044 0.0126 0.0063 -0.0108 0.8414 0.5400
200.000 10.0928 0.0201 0.0098 0.0146 0.0076 -0.0122 0.8243 0.5657
205.000 10.4927 0.0212 0.0164 0.0170 0.0092 -0.0139 0.8068 0.5902
210.000 10.8899 0.0226 0.0240 0.0197 0.0110 -0.0158 0.7894 0.6131
215.000 11.2919 0.0242 0.0327 0.0230 0.0131 -0.0181 0.7717 0.6347
220.000 11.7043 0.0258 0.0423 0.0269 0.0155 -0.0208 0.7539 0.6551
225.000 12.1322 0.0278 0.0530 0.0313 0.0182 -0.0239 0.7360 0.6744
230.000 12.5828 0.0304 0.0650 0.0364 0.0213 -0.0274 0.7179 0.6925
235.000 13.0598 0.0336 0.0779 0.0420 0.0247 -0.0312 0.6998 0.7095
240.000 13.5551 0.0365 0.0920 0.0484 0.0285 -0.0358 0.6817 0.7251
245.000 14.0761 0.0392 0.1069 0.0555 0.0327 -0.0409 0.6638 0.7395
250.000 14.6172 0.0425 0.1228 0.0633 0.0372 -0.0466 0.6460 0.7525
255.000 15.1635 0.0472 0.1400 0.0724 0.0424 -0.0531 0.6288 0.7638
260.000 15.7335 0.0529 0.1579 0.0823 0.0480 -0.0601 0.6117 0.7739
265.000 16.2834 0.0583 0.1770 0.0932 0.0542 -0.0679 0.5956 0.7821
270.000 16.8378 0.0640 0.1969 0.1049 0.0608 -0.0764 0.5798 0.7889
275.000 17.3655 0.0700 0.2175 0.1174 0.0679 -0.0855 0.5647 0.7942
280.000 17.8091 0.0764 0.2387 0.1311 0.0755 -0.0956 0.5508 0.7976
285.000 18.2210 0.0832 0.2607 0.1456 0.0835 -0.1063 0.5371 0.7997
290.000 18.4601 0.0907 0.2828 0.1610 0.0920 -0.1177 0.5251 0.7998
295.000 18.5787 0.0989 0.3056 0.1775 0.1009 -0.1297 0.5139 0.7982
300.000 18.5684 0.1077 0.3289 0.1948 0.1102 -0.1424 0.5035 0.7951
305.000 18.3541 0.1161 0.3517 0.2128 0.1200 -0.1558 0.4952 0.7901
310.000 17.9937 0.1250 0.3754 0.2322 0.1304 -0.1705 0.4878 0.7831
315.000 17.4680 0.1337 0.3982 0.2516 0.1408 -0.1852 0.4820 0.7749
320.000 16.7766 0.1426 0.4206 0.2716 0.1515 -0.2005 0.4779 0.7649
325.000 15.9527 0.1520 0.4435 0.2928 0.1626 -0.2168 0.4752 0.7528
330.000 15.0868 0.1609 0.4641 0.3134 0.1736 -0.2325 0.4743 0.7401
335.000 14.1280 0.1702 0.4847 0.3352 0.1851 -0.2491 0.4756 0.7253
340.000 13.1627 0.1793 0.5040 0.3571 0.1967 -0.2660 0.4783 0.7093
345.000 12.2269 0.1878 0.5214 0.3782 0.2077 -0.2826 0.4824 0.6929
350.000 11.2717 0.1959 0.5376 0.3998 0.2190 -0.2999 0.4892 0.6747
355.000 10.4223 0.2041 0.5524 0.4205 0.2297 -0.3161 0.4964 0.6564
360.000 9.6180 0.2120 0.5656 0.4407 0.2401 -0.3320 0.5056 0.6371
365.000 8.8632 0.2193 0.5768 0.4605 0.2502 -0.3475 0.5168 0.6171
370.000 8.1967 0.2257 0.5858 0.4790 0.2597 -0.3625 0.5284 0.5977
375.000 7.5845 0.2308 0.5920 0.4963 0.2687 -0.3768 0.5421 0.5784
380.000 7.0345 0.2352 0.5961 0.5126 0.2772 -0.3903 0.5567 0.5594
385.000 6.5463 0.2391 0.5983 0.5277 0.2852 -0.4028 0.5719 0.5410
390.000 6.1089 0.2418 0.5978 0.5412 0.2925 -0.4138 0.5884 0.5236
395.000 5.7189 0.2436 0.5956 0.5528 0.2985 -0.4238 0.6051 0.5065
400.000 5.3720 0.2441 0.5913 0.5622 0.3033 -0.4323 0.6224 0.4905
405.000 5.0645 0.2432 0.5847 0.5695 0.3070 -0.4393 0.6402 0.4755
410.000 4.7913 0.2426 0.5772 0.5764 0.3105 -0.4458 0.6578 0.4608
415.000 4.5512 0.2413 0.5679 0.5818 0.3133 -0.4510 0.6754 0.4471
420.000 4.3394 0.2390 0.5568 0.5851 0.3150 -0.4547 0.6928 0.4351
425.000 4.1510 0.2352 0.5437 0.5862 0.3155 -0.4567 0.7098 0.4252
430.000 3.9862 0.2301 0.5288 0.5850 0.3149 -0.4570 0.7262 0.4174
435.000 3.8385 0.2243 0.5126 0.5825 0.3136 -0.4563 0.7423 0.4107
440.000 3.7064 0.2179 0.4953 0.5787 0.3117 -0.4547 0.7578 0.4050
445.000 3.5906 0.2107 0.4767 0.5733 0.3089 -0.4518 0.7725 0.4008
450.000 3.4859 0.2035 0.4575 0.5668 0.3058 -0.4476 0.7861 0.3983
