155.000 3.1589 0.0427 -0.0022 0.0057 0.0029 -0.0051 0.9246 0.3785
160.000 4.6407 0.0747 -0.0071 0.0066 0.0042 -0.0059 0.8956 0.4385
165.000 5.4757 0.1058 -0.0106 0.0079 0.0061 -0.0070 0.8606 0.4981
170.000 6.0068 0.1360 -0.0123 0.0096 0.0084 -0.0080 0.8194 0.5566
175.000 6.3572 0.1650 -0.0121 0.0118 0.0112 -0.0090 0.7721 0.6135
180.000 6.5901 0.1927 -0.0099 0.0146 0.0143 -0.0097 0.7186 0.6680
185.000 6.7436 0.2189 -0.0054 0.0182 0.0179 -0.0099 0.6591 0.7194
190.000 6.8425 0.2434 0.0015 0.0225 0.0217 -0.0093 0.5937 0.7669
195.000 6.9045 0.2663 0.0108 0.0278 0.0257 -0.0079 0.5229 0.8097
200.000 6.9435 0.2872 0.0227 0.0341 0.0297 -0.0053 0.4469 0.8471
205.000 6.9833 0.3053 0.0382 0.0421 0.0340 -0.0016 0.3658 0.8787
210.000 7.0261 0.3207 0.0567 0.0516 0.0381 0.0036 0.2808 0.9035
215.000 7.0721 0.3329 0.0794 0.0633 0.0422 0.0106 0.1923 0.9209
220.000 7.1262 0.3417 0.1060 0.0771 0.0461 0.0196 0.1013 0.9301
225.000 7.1969 0.3475 0.1366 0.0933 0.0496 0.0307 0.0087 0.9305
230.000 7.2949 0.3507 0.1719 0.1126 0.0528 0.0443 -0.0847 0.9210
235.000 7.4231 0.3514 0.2103 0.1344 0.0553 0.0602 -0.1774 0.9012
240.000 7.5856 0.3498 0.2536 0.1596 0.0572 0.0790 -0.2664 0.8708
245.000 7.7884 0.3463 0.3000 0.1873 0.0581 0.1003 -0.3508 0.8298
250.000 8.0341 0.3416 0.3489 0.2175 0.0579 0.1242 -0.4288 0.7786
255.000 8.3233 0.3367 0.4007 0.2504 0.0563 0.1508 -0.4983 0.7173
260.000 8.6681 0.3316 0.4523 0.2846 0.0531 0.1793 -0.5593 0.6470
265.000 9.0569 0.3282 0.5055 0.3210 0.0489 0.2095 -0.6067 0.5704
270.000 9.5055 0.3264 0.5573 0.3578 0.0434 0.2408 -0.6426 0.4879
275.000 10.0086 0.3268 0.6065 0.3943 0.0365 0.2724 -0.6659 0.4023
280.000 10.5480 0.3307 0.6531 0.4301 0.0285 0.3038 -0.6750 0.3167
285.000 11.1540 0.3372 0.6949 0.4639 0.0193 0.3343 -0.6734 0.2301
290.000 11.7419 0.3481 0.7319 0.4954 0.0091 0.3630 -0.6591 0.1497
295.000 12.3471 0.3628 0.7636 0.5242 -0.0021 0.3896 -0.6349 0.0724
300.000 12.9535 0.3804 0.7889 0.5496 -0.0140 0.4137 -0.6029 0.0002
305.000 13.4746 0.4005 0.8082 0.5710 -0.0256 0.4355 -0.5642 -0.0613
310.000 13.9725 0.4236 0.8218 0.5887 -0.0375 0.4548 -0.5194 -0.1178
315.000 14.3679 0.4482 0.8290 0.6023 -0.0492 0.4705 -0.4730 -0.1642
320.000 14.6582 0.4750 0.8313 0.6122 -0.0607 0.4832 -0.4244 -0.2020
325.000 14.8675 0.5038 0.8287 0.6184 -0.0723 0.4926 -0.3736 -0.2333
330.000 14.9682 0.5311 0.8214 0.6208 -0.0834 0.4996 -0.3268 -0.2555
335.000 14.9629 0.5597 0.8105 0.6199 -0.0943 0.5039 -0.2794 -0.2707
340.000 14.8882 0.5879 0.7960 0.6160 -0.1046 0.5057 -0.2348 -0.2801
345.000 14.7492 0.6149 0.7791 0.6098 -0.1141 0.5055 -0.1947 -0.2836
350.000 14.5209 0.6423 0.7600 0.6012 -0.1229 0.5029 -0.1562 -0.2808
355.000 14.2979 0.6673 0.7390 0.5905 -0.1309 0.4991 -0.1229 -0.2755
360.000 14.0286 0.6912 0.7170 0.5781 -0.1382 0.4940 -0.0928 -0.2658
365.000 13.7257 0.7140 0.6941 0.5642 -0.1449 0.4877 -0.0658 -0.2522
370.000 13.4488 0.7350 0.6703 0.5494 -0.1516 0.4805 -0.0430 -0.2379
375.000 13.1518 0.7547 0.6464 0.5338 -0.1579 0.4725 -0.0235 -0.2207
380.000 12.8616 0.7729 0.6223 0.5174 -0.1637 0.4640 -0.0071 -0.2024
385.000 12.5849 0.7895 0.5981 0.5004 -0.1691 0.4551 0.0061 -0.1836
390.000 12.3020 0.8045 0.5745 0.4833 -0.1740 0.4462 0.0163 -0.1633
395.000 12.0505 0.8182 0.5505 0.4653 -0.1788 0.4371 0.0244 -0.1429
400.000 11.8120 0.8305 0.5269 0.4470 -0.1834 0.4280 0.0300 -0.1217
405.000 11.5825 0.8413 0.5038 0.4286 -0.1879 0.4192 0.0334 -0.0998
410.000 11.3701 0.8511 0.4807 0.4099 -0.1922 0.4102 0.0350 -0.0790
415.000 11.1662 0.8596 0.4581 0.3912 -0.1964 0.4015 0.0348 -0.0582
420.000 10.9725 0.8670 0.4360 0.3727 -0.2003 0.3929 0.0328 -0.0376
425.000 10.7917 0.8738 0.4143 0.3543 -0.2037 0.3844 0.0292 -0.0173
430.000 10.6191 0.8795 0.3934 0.3364 -0.2068 0.3762 0.0240 0.0027
435.000 10.4654 0.8843 0.3723 0.3180 -0.2105 0.3681 0.0181 0.0218
440.000 10.3303 0.8880 0.3513 0.2992 -0.2148 0.3602 0.0116 0.0398
445.000 10.2088 0.8907 0.3307 0.2805 -0.2196 0.3528 0.0043 0.0570
450.000 10.0932 0.8929 0.3101 0.2616 -0.2242 0.3455 -0.0035 0.0736
