155.000 3.1504 0.0569 -0.0035 0.0078 0.0045 -0.0066 0.8725 0.4854
160.000 4.6312 0.0927 -0.0098 0.0089 0.0063 -0.0076 0.8223 0.5614
165.000 5.4886 0.1250 -0.0141 0.0105 0.0087 -0.0088 0.7630 0.6340
170.000 6.0698 0.1533 -0.0163 0.0126 0.0117 -0.0100 0.6954 0.7018
175.000 6.4991 0.1775 -0.0162 0.0155 0.0152 -0.0109 0.6205 0.7636
180.000 6.8388 0.1976 -0.0137 0.0192 0.0193 -0.0112 0.5396 0.8182
185.000 7.1251 0.2137 -0.0088 0.0237 0.0239 -0.0107 0.4542 0.8648
190.000 7.3803 0.2261 -0.0014 0.0291 0.0288 -0.0093 0.3656 0.9028
195.000 7.6191 0.2353 0.0082 0.0354 0.0340 -0.0067 0.2755 0.9321
200.000 7.8522 0.2417 0.0200 0.0428 0.0393 -0.0028 0.1849 0.9525
205.000 8.0977 0.2450 0.0347 0.0518 0.0451 0.0024 0.0939 0.9647
210.000 8.3576 0.2461 0.0516 0.0621 0.0510 0.0089 0.0042 0.9685
215.000 8.6393 0.2451 0.0714 0.0742 0.0573 0.0171 -0.0838 0.9642
220.000 8.9483 0.2425 0.0937 0.0881 0.0639 0.0269 -0.1692 0.9522
225.000 9.2878 0.2389 0.1182 0.1037 0.0706 0.0384 -0.2510 0.9329
230.000 9.6604 0.2353 0.1456 0.1219 0.0779 0.0517 -0.3287 0.9064
235.000 10.0724 0.2318 0.1743 0.1416 0.0853 0.0666 -0.4017 0.8734
240.000 10.5270 0.2284 0.2059 0.1639 0.0931 0.0834 -0.4692 0.8346
245.000 11.0319 0.2255 0.2389 0.1878 0.1010 0.1018 -0.5311 0.7904
250.000 11.5865 0.2240 0.2730 0.2133 0.1089 0.1218 -0.5867 0.7416
255.000 12.1855 0.2245 0.3091 0.2411 0.1169 0.1436 -0.6352 0.6888
260.000 12.8476 0.2269 0.3450 0.2698 0.1244 0.1665 -0.6775 0.6324
265.000 13.5324 0.2319 0.3827 0.3006 0.1323 0.1909 -0.7115 0.5744
270.000 14.2694 0.2394 0.4200 0.3322 0.1398 0.2162 -0.7388 0.5142
275.000 15.0375 0.2494 0.4568 0.3644 0.1470 0.2422 -0.7590 0.4535
280.000 15.7895 0.2621 0.4936 0.3974 0.1542 0.2689 -0.7710 0.3939
285.000 16.5814 0.2774 0.5288 0.4301 0.1606 0.2957 -0.7771 0.3337
290.000 17.2725 0.2957 0.5627 0.4624 0.1663 0.3222 -0.7754 0.2775
295.000 17.9201 0.3170 0.5950 0.4941 0.1709 0.3482 -0.7678 0.2227
300.000 18.5030 0.3406 0.6249 0.5244 0.1745 0.3734 -0.7547 0.1703
305.000 18.8981 0.3651 0.6521 0.5532 0.1781 0.3979 -0.7361 0.1243
310.000 19.1970 0.3921 0.6773 0.5805 0.1810 0.4217 -0.7124 0.0803
315.000 19.3228 0.4198 0.6984 0.6050 0.1827 0.4433 -0.6858 0.0425
320.000 19.2721 0.4489 0.7168 0.6273 0.1835 0.4633 -0.6556 0.0097
325.000 19.0824 0.4799 0.7324 0.6473 0.1831 0.4815 -0.6216 -0.0194
330.000 18.7674 0.5091 0.7436 0.6636 0.1815 0.4976 -0.5881 -0.0421
335.000 18.3073 0.5393 0.7523 0.6774 0.1789 0.5120 -0.5517 -0.0601
340.000 17.7847 0.5691 0.7573 0.6879 0.1754 0.5239 -0.5149 -0.0734
345.000 17.2234 0.5975 0.7590 0.6951 0.1713 0.5333 -0.4793 -0.0816
350.000 16.5733 0.6259 0.7584 0.6997 0.1666 0.5407 -0.4423 -0.0843
355.000 15.9829 0.6520 0.7540 0.7009 0.1609 0.5459 -0.4083 -0.0843
360.000 15.3739 0.6767 0.7473 0.6996 0.1546 0.5495 -0.3752 -0.0797
365.000 14.7582 0.7000 0.7385 0.6957 0.1479 0.5512 -0.3432 -0.0709
370.000 14.2054 0.7213 0.7273 0.6890 0.1404 0.5510 -0.3139 -0.0608
375.000 13.6577 0.7408 0.7146 0.6804 0.1326 0.5493 -0.2863 -0.0471
380.000 13.1486 0.7584 0.7003 0.6696 0.1245 0.5463 -0.2608 -0.0313
385.000 12.6856 0.7741 0.6843 0.6571 0.1162 0.5423 -0.2380 -0.0139
390.000 12.2424 0.7876 0.6675 0.6433 0.1078 0.5377 -0.2176 0.0062
395.000 11.8478 0.7997 0.6494 0.6278 0.0989 0.5318 -0.1991 0.0266
400.000 11.4838 0.8100 0.6307 0.6112 0.0899 0.5253 -0.1829 0.0482
405.000 11.1451 0.8183 0.6115 0.5937 0.0809 0.5184 -0.1689 0.0710
410.000 10.8380 0.8254 0.5913 0.5750 0.0715 0.5110 -0.1570 0.0935
415.000 10.5531 0.8308 0.5708 0.5556 0.0622 0.5035 -0.1472 0.1165
420.000 10.2910 0.8348 0.5501 0.5357 0.0531 0.4957 -0.1393 0.1398
425.000 10.0536 0.8378 0.5291 0.5152 0.0445 0.4870 -0.1328 0.1636
430.000 9.8355 0.8396 0.5083 0.4947 0.0363 0.4782 -0.1279 0.1876
435.000 9.6383 0.8402 0.4871 0.4735 0.0275 0.4694 -0.1244 0.2106
440.000 9.4603 0.8399 0.4657 0.4517 0.0181 0.4609 -0.1223 0.2325
445.000 9.2984 0.8384 0.4445 0.4299 0.0083 0.4530 -0.1216 0.2536
450.000 9.1504 0.8364 0.4230 0.4077 -0.0016 0.4447 -0.1223 0.2740
