155.000 3.2838 0.0675 -0.0045 0.0018 0.0012 -0.0018 0.9039 0.4222
160.000 4.8455 0.0933 -0.0126 0.0057 0.0044 -0.0053 0.8222 0.5614
165.000 5.7252 0.1207 -0.0155 0.0081 0.0073 -0.0069 0.7477 0.6528
170.000 6.3059 0.1457 -0.0165 0.0106 0.0104 -0.0081 0.6681 0.7295
175.000 6.7179 0.1677 -0.0157 0.0135 0.0139 -0.0087 0.5835 0.7944
180.000 7.0283 0.1867 -0.0127 0.0170 0.0177 -0.0087 0.4946 0.8487
185.000 7.2773 0.2024 -0.0075 0.0212 0.0218 -0.0079 0.4023 0.8928
190.000 7.4913 0.2149 0.0000 0.0262 0.0262 -0.0063 0.3075 0.9269
195.000 7.6884 0.2244 0.0099 0.0324 0.0309 -0.0038 0.2113 0.9513
200.000 7.8819 0.2311 0.0224 0.0398 0.0359 -0.0001 0.1147 0.9661
205.000 8.0817 0.2351 0.0374 0.0487 0.0412 0.0048 0.0188 0.9714
210.000 8.2958 0.2370 0.0550 0.0592 0.0468 0.0110 -0.0753 0.9676
215.000 8.5306 0.2371 0.0752 0.0713 0.0528 0.0187 -0.1667 0.9552
220.000 8.7917 0.2358 0.0978 0.0854 0.0591 0.0280 -0.2544 0.9344
225.000 9.0842 0.2336 0.1229 0.1014 0.0657 0.0389 -0.3376 0.9060
230.000 9.4124 0.2309 0.1502 0.1194 0.0727 0.0516 -0.4156 0.8705
235.000 9.7807 0.2283 0.1797 0.1395 0.0799 0.0661 -0.4876 0.8286
240.000 10.1928 0.2261 0.2110 0.1616 0.0874 0.0825 -0.5532 0.7810
245.000 10.6519 0.2249 0.2439 0.1857 0.0951 0.1006 -0.6118 0.7287
250.000 11.1606 0.2250 0.2782 0.2117 0.1029 0.1206 -0.6631 0.6723
255.000 11.7200 0.2268 0.3135 0.2395 0.1108 0.1422 -0.7069 0.6128
260.000 12.3296 0.2307 0.3495 0.2689 0.1186 0.1655 -0.7429 0.5510
265.000 12.9863 0.2369 0.3857 0.2995 0.1262 0.1901 -0.7712 0.4879
270.000 13.6836 0.2456 0.4218 0.3312 0.1336 0.2159 -0.7918 0.4243
275.000 14.4107 0.2569 0.4573 0.3636 0.1406 0.2427 -0.8050 0.3611
280.000 15.1513 0.2709 0.4917 0.3962 0.1470 0.2701 -0.8112 0.2988
285.000 15.8825 0.2872 0.5245 0.4287 0.1528 0.2981 -0.8108 0.2378
290.000 16.5750 0.3054 0.5546 0.4603 0.1576 0.3266 -0.8049 0.1776
295.000 17.2011 0.3255 0.5815 0.4907 0.1614 0.3555 -0.7937 0.1193
300.000 17.7425 0.3483 0.6058 0.5197 0.1644 0.3833 -0.7767 0.0668
305.000 18.1740 0.3739 0.6282 0.5473 0.1668 0.4094 -0.7545 0.0213
310.000 18.4681 0.4013 0.6479 0.5729 0.1682 0.4338 -0.7283 -0.0185
315.000 18.6097 0.4301 0.6646 0.5961 0.1687 0.4565 -0.6993 -0.0532
320.000 18.5964 0.4596 0.6779 0.6166 0.1681 0.4774 -0.6681 -0.0828
325.000 18.4308 0.4894 0.6878 0.6343 0.1666 0.4964 -0.6357 -0.1072
330.000 18.1347 0.5193 0.6944 0.6491 0.1642 0.5133 -0.6025 -0.1266
335.000 17.7351 0.5489 0.6979 0.6608 0.1608 0.5281 -0.5690 -0.1412
340.000 17.2585 0.5779 0.6983 0.6695 0.1566 0.5406 -0.5357 -0.1512
345.000 16.7306 0.6061 0.6959 0.6751 0.1516 0.5509 -0.5031 -0.1569
350.000 16.1746 0.6331 0.6909 0.6779 0.1459 0.5590 -0.4717 -0.1587
355.000 15.6100 0.6588 0.6834 0.6778 0.1397 0.5651 -0.4416 -0.1568
360.000 15.0518 0.6830 0.6737 0.6752 0.1329 0.5693 -0.4131 -0.1517
365.000 14.5113 0.7057 0.6622 0.6700 0.1258 0.5716 -0.3864 -0.1438
370.000 13.9960 0.7266 0.6489 0.6626 0.1183 0.5724 -0.3615 -0.1333
375.000 13.5107 0.7459 0.6341 0.6532 0.1106 0.5716 -0.3386 -0.1207
380.000 13.0579 0.7634 0.6180 0.6418 0.1027 0.5696 -0.3176 -0.1062
385.000 12.6387 0.7793 0.6009 0.6287 0.0947 0.5664 -0.2984 -0.0903
390.000 12.2526 0.7934 0.5829 0.6142 0.0866 0.5623 -0.2811 -0.0730
395.000 11.8986 0.8059 0.5641 0.5983 0.0785 0.5574 -0.2656 -0.0548
400.000 11.5753 0.8167 0.5447 0.5812 0.0703 0.5518 -0.2517 -0.0359
405.000 11.2808 0.8261 0.5248 0.5631 0.0622 0.5458 -0.2394 -0.0164
410.000 11.0132 0.8340 0.5045 0.5442 0.0541 0.5393 -0.2285 0.0035
415.000 10.7705 0.8406 0.4838 0.5244 0.0460 0.5327 -0.2190 0.0236
420.000 10.5508 0.8459 0.4629 0.5040 0.0380 0.5258 -0.2107 0.0439
425.000 10.3523 0.8499 0.4418 0.4831 0.0300 0.5190 -0.2036 0.0640
430.000 10.1732 0.8529 0.4205 0.4617 0.0220 0.5122 -0.1975 0.0840
435.000 10.0120 0.8548 0.3991 0.4399 0.0141 0.5054 -0.1924 0.1038
440.000 9.8672 0.8558 0.3776 0.4178 0.0061 0.4989 -0.1882 0.1232
445.000 9.7373 0.8560 0.3560 0.3955 -0.0018 0.4925 -0.1847 0.1422
450.000 9.6212 0.8554 0.3344 0.3729 -0.0098 0.4864 -0.1820 0.1607
