155.000 3.3593 0.0000 0.0000 0.0000 0.0000 0.0000 1.0000 0.0000
160.000 5.1059 0.0000 0.0000 0.0000 0.0000 0.0000 1.0000 0.0000
165.000 6.2349 0.0000 0.0000 0.0000 0.0000 0.0000 1.0000 0.0000
170.000 7.0795 0.0000 0.0000 0.0000 0.0000 0.0000 1.0000 0.0000
175.000 7.7556 0.0000 0.0000 0.0000 0.0000 0.0000 1.0000 0.0000
180.000 8.3217 0.0000 0.0000 0.0000 0.0000 0.0000 1.0000 0.0000
185.000 8.8126 0.0000 0.0000 0.0000 0.0000 0.0000 1.0000 0.0000
190.000 9.2508 0.0000 0.0000 0.0000 0.0000 0.0000 1.0000 0.0000
195.000 9.6525 0.0000 0.0000 0.0000 0.0000 0.0000 1.0000 0.0000
200.000 10.0296 0.0000 0.0000 0.0000 0.0000 0.0000 1.0000 0.0000
205.000 10.3946 0.0000 0.0000 0.0000 0.0000 0.0000 1.0000 0.0000
210.000 10.7530 0.0000 0.0000 0.0000 0.0000 0.0000 1.0000 0.0000
215.000 11.1066 0.0000 0.0000 0.0000 0.0000 0.0000 1.0000 0.0000
220.000 11.4597 0.0000 0.0000 0.0000 0.0000 0.0000 1.0000 0.0000
225.000 11.8189 0.0000 0.0000 0.0000 0.0000 0.0000 1.0000 0.0000
230.000 12.1929 0.0000 0.0000 0.0000 0.0000 0.0000 1.0000 0.0000
235.000 12.5831 0.0000 0.0000 0.0000 0.0000 0.0000 1.0000 0.0000
240.000 12.9910 0.0000 0.0000 0.0000 0.0000 0.0000 1.0000 0.0000
245.000 13.4210 0.0000 0.0000 0.0000 0.0000 0.0000 1.0000 0.0000
250.000 13.8623 0.0000 0.0000 0.0000 0.0000 0.0000 1.0000 0.0000
255.000 14.2936 0.0000 0.0000 0.0000 0.0000 0.0000 1.0000 0.0000
260.000 14.7339 0.0000 0.0000 0.0000 0.0000 0.0000 1.0000 0.0000
265.000 15.1575 0.0000 0.0000 0.0000 0.0000 0.0000 1.0000 0.0000
270.000 15.5805 0.0000 0.0000 0.0000 0.0000 0.0000 1.0000 0.0000
275.000 15.9758 0.0000 0.0000 0.0000 0.0000 0.0000 1.0000 0.0000
280.000 16.2962 0.0000 0.0000 0.0000 0.0000 0.0000 1.0000 0.0000
285.000 16.5828 0.0000 0.0000 0.0000 0.0000 0.0000 1.0000 0.0000
290.000 16.7102 0.0000 0.0000 0.0000 0.0000 0.0000 1.0000 0.0000
295.000 16.7223 0.0000 0.0000 0.0000 0.0000 0.0000 1.0000 0.0000
300.000 16.6119 0.0000 0.0000 0.0000 0.0000 0.0000 1.0000 0.0000
305.000 16.3193 0.0000 0.0000 0.0000 0.0000 0.0000 1.0000 0.0000
310.000 15.8907 0.0000 0.0000 0.0000 0.0000 0.0000 1.0000 0.0000
315.000 15.3362 0.0000 0.0000 0.0000 0.0000 0.0000 1.0000 0.0000
320.000 14.6548 0.0000 0.0000 0.0000 0.0000 0.0000 1.0000 0.0000
325.000 13.8683 0.0000 0.0000 0.0000 0.0000 0.0000 1.0000 0.0000
330.000 13.0593 0.0000 0.0000 0.0000 0.0000 0.0000 1.0000 0.0000
335.000 12.1832 0.0000 0.0000 0.0000 0.0000 0.0000 1.0000 0.0000
340.000 11.3113 0.0000 0.0000 0.0000 0.0000 0.0000 1.0000 0.0000
345.000 10.4758 0.0000 0.0000 0.0000 0.0000 0.0000 1.0000 0.0000
350.000 9.6368 0.0000 0.0000 0.0000 0.0000 0.0000 1.0000 0.0000
355.000 8.8886 0.0000 0.0000 0.0000 0.0000 0.0000 1.0000 0.0000
360.000 8.1864 0.0000 0.0000 0.0000 0.0000 0.0000 1.0000 0.0000
365.000 7.5350 0.0000 0.0000 0.0000 0.0000 0.0000 1.0000 0.0000
370.000 6.9670 0.0000 0.0000 0.0000 0.0000 0.0000 1.0000 0.0000
375.000 6.4546 0.0000 0.0000 0.0000 0.0000 0.0000 1.0000 0.0000
380.000 5.9979 0.0000 0.0000 0.0000 0.0000 0.0000 1.0000 0.0000
385.000 5.5945 0.0000 0.0001 0.0001 0.0000 -0.0001 1.0000 0.0000
390.000 5.2386 0.0000 0.0001 0.0001 0.0000 -0.0001 1.0000 0.0000
395.000 4.9213 0.0000 0.0001 0.0001 0.0000 -0.0001 1.0000 0.0000
400.000 4.6419 0.0000 0.0001 0.0001 0.0000 -0.0001 1.0000 0.0000
405.000 4.3971 0.0000 0.0001 0.0001 0.0000 -0.0001 1.0000 0.0000
410.000 4.1786 0.0000 0.0001 0.0001 0.0000 -0.0001 1.0000 0.0000
415.000 3.9880 0.0000 0.0001 0.0001 0.0000 -0.0001 1.0000 0.0000
420.000 3.8217 0.0000 0.0001 0.0001 0.0000 -0.0001 1.0000 0.0000
425.000 3.6758 0.0000 0.0001 0.0001 0.0000 -0.0001 1.0000 0.0000
430.000 3.5508 0.0000 0.0001 0.0001 0.0000 -0.0001 1.0000 0.0000
435.000 3.4428 0.0000 0.0001 0.0001 0.0000 -0.0001 1.0000 0.0000
440.000 3.3506 0.0000 0.0001 0.0001 0.0000 -0.0001 1.0000 0.0000
445.000 3.2746 0.0000 0.0001 0.0001 0.0000 -0.0001 1.0000 0.0000
450.000 3.2007 0.0000 0.0001 0.0001 0.0000 -0.0001 1.0000 0.0000
