155.000 3.2606 0.0070 -0.0022 0.0009 0.0002 -0.0009 0.9791 0.2035
160.000 4.8100 0.0076 -0.0062 0.0027 0.0006 -0.0027 0.9616 0.2743
165.000 5.7720 0.0087 -0.0075 0.0037 0.0010 -0.0036 0.9471 0.3208
170.000 6.4755 0.0095 -0.0080 0.0046 0.0014 -0.0045 0.9325 0.3609
175.000 7.0367 0.0103 -0.0076 0.0056 0.0019 -0.0053 0.9179 0.3965
180.000 7.5136 0.0109 -0.0064 0.0066 0.0025 -0.0062 0.9033 0.4287
185.000 7.9397 0.0116 -0.0042 0.0078 0.0031 -0.0072 0.8888 0.4581
190.000 8.3364 0.0123 -0.0013 0.0092 0.0039 -0.0083 0.8744 0.4850
195.000 8.7182 0.0130 0.0026 0.0108 0.0048 -0.0097 0.8601 0.5099
200.000 9.0957 0.0138 0.0073 0.0127 0.0059 -0.0112 0.8460 0.5329
205.000 9.4767 0.0147 0.0128 0.0150 0.0072 -0.0130 0.8321 0.5543
210.000 9.8673 0.0157 0.0192 0.0177 0.0087 -0.0151 0.8183 0.5742
215.000 10.2723 0.0169 0.0264 0.0208 0.0104 -0.0176 0.8048 0.5928
220.000 10.6955 0.0182 0.0344 0.0244 0.0123 -0.0205 0.7914 0.6101
225.000 11.1402 0.0197 0.0433 0.0286 0.0146 -0.0239 0.7782 0.6262
230.000 11.6084 0.0213 0.0529 0.0333 0.0171 -0.0277 0.7653 0.6412
235.000 12.1016 0.0232 0.0635 0.0388 0.0200 -0.0321 0.7526 0.6551
240.000 12.6203 0.0253 0.0748 0.0449 0.0233 -0.0371 0.7401 0.6679
245.000 13.1634 0.0277 0.0869 0.0519 0.0270 -0.0427 0.7278 0.6797
250.000 13.7284 0.0303 0.0999 0.0596 0.0311 -0.0490 0.7159 0.6905
255.000 14.3102 0.0333 0.1136 0.0682 0.0357 -0.0560 0.7041 0.7003
260.000 14.9014 0.0365 0.1282 0.0777 0.0408 -0.0637 0.6927 0.7090
265.000 15.4907 0.0401 0.1436 0.0883 0.0464 -0.0723 0.6817 0.7166
270.000 16.0631 0.0441 0.1597 0.0998 0.0525 -0.0816 0.6710 0.7231
275.000 16.5984 0.0484 0.1766 0.1124 0.0592 -0.0918 0.6607 0.7284
280.000 17.0697 0.0531 0.1942 0.1260 0.0665 -0.1030 0.6508 0.7326
285.000 17.4391 0.0582 0.2125 0.1409 0.0744 -0.1150 0.6412 0.7358
290.000 17.6561 0.0638 0.2316 0.1570 0.0831 -0.1281 0.6313 0.7383
295.000 17.6964 0.0700 0.2513 0.1744 0.0926 -0.1421 0.6212 0.7400
300.000 17.6063 0.0765 0.2713 0.1929 0.1027 -0.1571 0.6125 0.7399
305.000 17.3925 0.0833 0.2913 0.2123 0.1131 -0.1727 0.6057 0.7374
310.000 17.0229 0.0903 0.3116 0.2325 0.1239 -0.1891 0.6002 0.7331
315.000 16.4912 0.0977 0.3319 0.2537 0.1353 -0.2063 0.5957 0.7273
320.000 15.8151 0.1054 0.3521 0.2757 0.1470 -0.2241 0.5924 0.7198
325.000 15.0247 0.1134 0.3720 0.2986 0.1592 -0.2426 0.5901 0.7109
330.000 14.1565 0.1215 0.3915 0.3220 0.1717 -0.2616 0.5891 0.7005
335.000 13.2474 0.1298 0.4104 0.3458 0.1844 -0.2809 0.5894 0.6885
340.000 12.3306 0.1381 0.4284 0.3698 0.1972 -0.3003 0.5911 0.6750
345.000 11.4334 0.1463 0.4455 0.3937 0.2099 -0.3196 0.5941 0.6603
350.000 10.5766 0.1544 0.4613 0.4173 0.2225 -0.3387 0.5985 0.6442
355.000 9.7742 0.1622 0.4756 0.4404 0.2347 -0.3574 0.6044 0.6271
360.000 9.0345 0.1697 0.4883 0.4626 0.2465 -0.3754 0.6117 0.6091
365.000 8.3611 0.1766 0.4992 0.4837 0.2577 -0.3925 0.6203 0.5903
370.000 7.7544 0.1830 0.5081 0.5035 0.2681 -0.4085 0.6301 0.5710
375.000 7.2120 0.1888 0.5149 0.5217 0.2777 -0.4233 0.6411 0.5515
380.000 6.7302 0.1937 0.5196 0.5381 0.2863 -0.4366 0.6531 0.5319
385.000 6.3046 0.1979 0.5220 0.5525 0.2939 -0.4484 0.6660 0.5125
390.000 5.9303 0.2012 0.5223 0.5648 0.3003 -0.4584 0.6796 0.4936
395.000 5.6023 0.2035 0.5203 0.5748 0.3055 -0.4666 0.6938 0.4753
400.000 5.3159 0.2050 0.5163 0.5825 0.3094 -0.4730 0.7083 0.4578
405.000 5.0667 0.2055 0.5103 0.5879 0.3122 -0.4776 0.7230 0.4414
410.000 4.8505 0.2051 0.5023 0.5911 0.3137 -0.4803 0.7377 0.4262
415.000 4.6636 0.2038 0.4927 0.5920 0.3140 -0.4813 0.7522 0.4124
420.000 4.5028 0.2017 0.4815 0.5907 0.3133 -0.4806 0.7664 0.3999
425.000 4.3648 0.1988 0.4690 0.5875 0.3115 -0.4783 0.7802 0.3888
430.000 4.2471 0.1953 0.4553 0.5825 0.3088 -0.4745 0.7934 0.3793
435.000 4.1471 0.1911 0.4406 0.5759 0.3053 -0.4694 0.8060 0.3713
440.000 4.0628 0.1864 0.4252 0.5678 0.3010 -0.4631 0.8178 0.3647
445.000 3.9920 0.1813 0.4090 0.5584 0.2961 -0.4558 0.8288 0.3596
450.000 3.9331 0.1758 0.3925 0.5480 0.2907 -0.4477 0.8389 0.3559
