155.000 3.1656 0.0598 -0.0040 0.0085 0.0051 -0.0071 0.8555 0.5143
160.000 4.6724 0.0921 -0.0106 0.0096 0.0068 -0.0081 0.7992 0.5938
165.000 5.5664 0.1199 -0.0150 0.0112 0.0091 -0.0093 0.7338 0.6685
170.000 6.1944 0.1433 -0.0172 0.0133 0.0121 -0.0105 0.6605 0.7368
175.000 6.6796 0.1621 -0.0171 0.0162 0.0156 -0.0114 0.5808 0.7975
180.000 7.0835 0.1766 -0.0145 0.0199 0.0197 -0.0116 0.4964 0.8498
185.000 7.4409 0.1873 -0.0095 0.0244 0.0242 -0.0112 0.4090 0.8930
190.000 7.7732 0.1947 -0.0023 0.0298 0.0292 -0.0098 0.3204 0.9270
195.000 8.0938 0.1993 0.0071 0.0359 0.0345 -0.0073 0.2321 0.9520
200.000 8.4122 0.2020 0.0185 0.0430 0.0400 -0.0038 0.1453 0.9685
205.000 8.7416 0.2024 0.0325 0.0516 0.0461 0.0009 0.0590 0.9773
210.000 9.0853 0.2015 0.0484 0.0614 0.0526 0.0067 -0.0248 0.9785
215.000 9.4550 0.1997 0.0669 0.0728 0.0596 0.0139 -0.1061 0.9726
220.000 9.8573 0.1975 0.0875 0.0857 0.0670 0.0223 -0.1843 0.9601
225.000 10.2936 0.1952 0.1099 0.1002 0.0748 0.0320 -0.2586 0.9415
230.000 10.7646 0.1933 0.1347 0.1169 0.0836 0.0431 -0.3288 0.9172
235.000 11.2781 0.1920 0.1607 0.1349 0.0926 0.0554 -0.3945 0.8878
240.000 11.8352 0.1915 0.1891 0.1552 0.1024 0.0692 -0.4554 0.8538
245.000 12.4449 0.1922 0.2186 0.1770 0.1126 0.0843 -0.5115 0.8156
250.000 13.1051 0.1945 0.2492 0.2003 0.1231 0.1005 -0.5622 0.7738
255.000 13.8075 0.1990 0.2817 0.2256 0.1342 0.1181 -0.6068 0.7292
260.000 14.5735 0.2054 0.3142 0.2517 0.1452 0.1365 -0.6463 0.6820
265.000 15.3548 0.2140 0.3482 0.2801 0.1570 0.1562 -0.6791 0.6333
270.000 16.1853 0.2247 0.3823 0.3092 0.1689 0.1768 -0.7067 0.5829
275.000 17.0371 0.2376 0.4160 0.3391 0.1807 0.1979 -0.7285 0.5319
280.000 17.8510 0.2529 0.4503 0.3702 0.1929 0.2198 -0.7436 0.4816
285.000 18.6933 0.2706 0.4835 0.4014 0.2046 0.2421 -0.7540 0.4304
290.000 19.4027 0.2905 0.5161 0.4327 0.2160 0.2643 -0.7576 0.3822
295.000 20.0446 0.3130 0.5479 0.4639 0.2267 0.2864 -0.7560 0.3348
300.000 20.5961 0.3373 0.5780 0.4944 0.2366 0.3082 -0.7498 0.2889
305.000 20.9211 0.3620 0.6062 0.5239 0.2466 0.3296 -0.7383 0.2477
310.000 21.1211 0.3890 0.6332 0.5529 0.2561 0.3509 -0.7223 0.2076
315.000 21.1205 0.4163 0.6570 0.5797 0.2645 0.3708 -0.7029 0.1722
320.000 20.9164 0.4448 0.6788 0.6050 0.2720 0.3898 -0.6796 0.1406
325.000 20.5518 0.4750 0.6987 0.6289 0.2784 0.4077 -0.6523 0.1116
330.000 20.0579 0.5034 0.7146 0.6494 0.2833 0.4240 -0.6244 0.0880
335.000 19.4051 0.5327 0.7286 0.6682 0.2873 0.4392 -0.5931 0.0681
340.000 18.6940 0.5616 0.7393 0.6840 0.2900 0.4527 -0.5604 0.0520
345.000 17.9564 0.5892 0.7468 0.6967 0.2916 0.4640 -0.5277 0.0404
350.000 17.1319 0.6168 0.7524 0.7073 0.2923 0.4739 -0.4926 0.0337
355.000 16.3869 0.6424 0.7541 0.7145 0.2912 0.4819 -0.4595 0.0294
360.000 15.6341 0.6667 0.7535 0.7192 0.2891 0.4886 -0.4265 0.0294
365.000 14.8862 0.6896 0.7506 0.7214 0.2860 0.4938 -0.3934 0.0334
370.000 14.2178 0.7104 0.7450 0.7204 0.2819 0.4970 -0.3622 0.0393
375.000 13.5662 0.7293 0.7376 0.7170 0.2772 0.4989 -0.3318 0.0490
380.000 12.9659 0.7464 0.7282 0.7113 0.2716 0.4995 -0.3029 0.0610
385.000 12.4246 0.7616 0.7167 0.7034 0.2651 0.4990 -0.2760 0.0749
390.000 11.9143 0.7747 0.7040 0.6939 0.2582 0.4978 -0.2508 0.0918
395.000 11.4575 0.7863 0.6896 0.6823 0.2503 0.4953 -0.2275 0.1094
400.000 11.0374 0.7960 0.6742 0.6693 0.2418 0.4921 -0.2063 0.1285
405.000 10.6488 0.8037 0.6581 0.6551 0.2329 0.4884 -0.1872 0.1491
410.000 10.2991 0.8101 0.6405 0.6391 0.2235 0.4840 -0.1700 0.1701
415.000 9.9779 0.8145 0.6222 0.6221 0.2138 0.4794 -0.1548 0.1919
420.000 9.6841 0.8176 0.6034 0.6042 0.2041 0.4742 -0.1415 0.2146
425.000 9.4182 0.8196 0.5839 0.5854 0.1943 0.4679 -0.1297 0.2377
430.000 9.1752 0.8204 0.5641 0.5663 0.1848 0.4612 -0.1197 0.2613
435.000 8.9549 0.8198 0.5439 0.5462 0.1747 0.4545 -0.1113 0.2844
440.000 8.7551 0.8180 0.5234 0.5253 0.1640 0.4481 -0.1044 0.3069
445.000 8.5731 0.8150 0.5028 0.5040 0.1530 0.4422 -0.0991 0.3290
450.000 8.4070 0.8114 0.4818 0.4822 0.1415 0.4359 -0.0956 0.3506
