155.000 3.2807 0.0074 -0.0005 0.0020 0.0004 -0.0019 0.9912 0.1322
160.000 4.8959 0.0132 -0.0022 0.0022 0.0006 -0.0022 0.9882 0.1528
165.000 5.8533 0.0193 -0.0033 0.0026 0.0009 -0.0025 0.9846 0.1735
170.000 6.4882 0.0257 -0.0038 0.0030 0.0013 -0.0030 0.9806 0.1943
175.000 6.9185 0.0325 -0.0036 0.0036 0.0017 -0.0034 0.9760 0.2151
180.000 7.2042 0.0397 -0.0025 0.0042 0.0021 -0.0040 0.9709 0.2361
185.000 7.3814 0.0474 -0.0006 0.0050 0.0027 -0.0045 0.9652 0.2572
190.000 7.4741 0.0556 0.0024 0.0059 0.0032 -0.0051 0.9588 0.2785
195.000 7.4995 0.0643 0.0064 0.0069 0.0037 -0.0057 0.9518 0.2999
200.000 7.4694 0.0737 0.0117 0.0081 0.0043 -0.0062 0.9440 0.3215
205.000 7.3849 0.0837 0.0188 0.0097 0.0048 -0.0069 0.9350 0.3441
210.000 7.2580 0.0943 0.0277 0.0116 0.0052 -0.0076 0.9249 0.3674
215.000 7.1007 0.1055 0.0392 0.0140 0.0055 -0.0084 0.9136 0.3909
220.000 6.9194 0.1172 0.0538 0.0170 0.0055 -0.0093 0.9009 0.4147
225.000 6.7185 0.1296 0.0718 0.0207 0.0053 -0.0102 0.8864 0.4388
230.000 6.5036 0.1425 0.0944 0.0255 0.0046 -0.0114 0.8694 0.4641
235.000 6.2798 0.1561 0.1219 0.0315 0.0035 -0.0126 0.8496 0.4896
240.000 6.0538 0.1705 0.1561 0.0390 0.0014 -0.0141 0.8276 0.5127
245.000 5.8307 0.1858 0.1972 0.0483 -0.0017 -0.0156 0.8030 0.5329
250.000 5.6217 0.2015 0.2460 0.0595 -0.0062 -0.0172 0.7758 0.5479
255.000 5.4425 0.2171 0.3033 0.0730 -0.0125 -0.0189 0.7473 0.5543
260.000 5.2937 0.2325 0.3677 0.0887 -0.0209 -0.0205 0.7170 0.5510
265.000 5.2120 0.2460 0.4374 0.1061 -0.0312 -0.0220 0.6890 0.5322
270.000 5.1950 0.2572 0.5094 0.1247 -0.0435 -0.0230 0.6632 0.4976
275.000 5.2587 0.2657 0.5782 0.1432 -0.0573 -0.0235 0.6425 0.4459
280.000 5.4252 0.2710 0.6374 0.1603 -0.0721 -0.0236 0.6305 0.3778
285.000 5.6943 0.2730 0.6845 0.1754 -0.0871 -0.0232 0.6254 0.2975
290.000 6.0995 0.2717 0.7100 0.1856 -0.1002 -0.0222 0.6330 0.2130
295.000 6.6395 0.2680 0.7173 0.1914 -0.1111 -0.0208 0.6488 0.1286
300.000 7.3010 0.2631 0.7087 0.1932 -0.1198 -0.0190 0.6697 0.0502
305.000 8.0395 0.2586 0.6868 0.1914 -0.1259 -0.0170 0.6940 -0.0158
310.000 8.8846 0.2543 0.6558 0.1870 -0.1301 -0.0150 0.7195 -0.0731
315.000 9.7605 0.2513 0.6198 0.1809 -0.1322 -0.0130 0.7444 -0.1170
320.000 10.6676 0.2496 0.5805 0.1734 -0.1326 -0.0112 0.7684 -0.1504
325.000 11.6039 0.2488 0.5396 0.1650 -0.1318 -0.0095 0.7910 -0.1762
330.000 12.4396 0.2495 0.5025 0.1570 -0.1308 -0.0078 0.8095 -0.1934
335.000 13.2304 0.2511 0.4660 0.1486 -0.1291 -0.0062 0.8266 -0.2048
340.000 13.9371 0.2538 0.4321 0.1406 -0.1273 -0.0047 0.8411 -0.2122
345.000 14.5287 0.2574 0.4015 0.1335 -0.1255 -0.0035 0.8531 -0.2163
350.000 15.0200 0.2620 0.3724 0.1265 -0.1234 -0.0024 0.8639 -0.2172
355.000 15.4269 0.2668 0.3466 0.1202 -0.1216 -0.0015 0.8725 -0.2172
360.000 15.7355 0.2721 0.3228 0.1143 -0.1197 -0.0007 0.8798 -0.2155
365.000 15.9545 0.2780 0.3007 0.1086 -0.1179 0.0000 0.8861 -0.2124
370.000 16.1156 0.2841 0.2809 0.1033 -0.1163 0.0009 0.8910 -0.2090
375.000 16.1949 0.2908 0.2629 0.0983 -0.1149 0.0018 0.8950 -0.2045
380.000 16.2277 0.2976 0.2461 0.0935 -0.1137 0.0027 0.8981 -0.2000
385.000 16.2267 0.3044 0.2305 0.0891 -0.1125 0.0035 0.9006 -0.1960
390.000 16.1737 0.3115 0.2162 0.0848 -0.1114 0.0043 0.9024 -0.1917
395.000 16.1075 0.3186 0.2028 0.0807 -0.1106 0.0052 0.9036 -0.1874
400.000 16.0124 0.3259 0.1904 0.0766 -0.1100 0.0061 0.9043 -0.1829
405.000 15.8895 0.3334 0.1788 0.0727 -0.1095 0.0071 0.9046 -0.1782
410.000 15.7615 0.3409 0.1678 0.0687 -0.1091 0.0082 0.9045 -0.1740
415.000 15.6153 0.3484 0.1575 0.0648 -0.1088 0.0095 0.9040 -0.1698
420.000 15.4578 0.3561 0.1478 0.0610 -0.1086 0.0107 0.9031 -0.1660
425.000 15.2978 0.3638 0.1386 0.0575 -0.1084 0.0117 0.9019 -0.1629
430.000 15.1285 0.3716 0.1298 0.0542 -0.1083 0.0127 0.9002 -0.1602
435.000 14.9611 0.3794 0.1214 0.0506 -0.1085 0.0139 0.8984 -0.1573
440.000 14.7962 0.3871 0.1132 0.0468 -0.1090 0.0154 0.8965 -0.1540
445.000 14.6296 0.3949 0.1053 0.0428 -0.1098 0.0171 0.8943 -0.1504
450.000 14.4744 0.4024 0.0976 0.0387 -0.1105 0.0189 0.8921 -0.1473
