155.000 3.2497 0.0630 -0.0051 0.0021 0.0012 -0.0021 0.8804 0.4701
160.000 4.8379 0.0792 -0.0142 0.0064 0.0046 -0.0060 0.7813 0.6189
165.000 5.7906 0.0960 -0.0174 0.0089 0.0073 -0.0077 0.6952 0.7122
170.000 6.4783 0.1095 -0.0185 0.0116 0.0104 -0.0090 0.6072 0.7867
175.000 7.0225 0.1201 -0.0176 0.0145 0.0137 -0.0097 0.5182 0.8466
180.000 7.4837 0.1281 -0.0147 0.0178 0.0173 -0.0098 0.4289 0.8941
185.000 7.8970 0.1340 -0.0098 0.0216 0.0212 -0.0094 0.3401 0.9307
190.000 8.2849 0.1382 -0.0029 0.0262 0.0256 -0.0084 0.2526 0.9576
195.000 8.6627 0.1412 0.0060 0.0316 0.0304 -0.0068 0.1671 0.9758
200.000 9.0419 0.1433 0.0168 0.0380 0.0357 -0.0045 0.0841 0.9860
205.000 9.4310 0.1449 0.0296 0.0454 0.0415 -0.0016 0.0039 0.9892
210.000 9.8373 0.1463 0.0441 0.0540 0.0480 0.0020 -0.0729 0.9859
215.000 10.2668 0.1479 0.0604 0.0638 0.0553 0.0062 -0.1461 0.9768
220.000 10.7249 0.1498 0.0784 0.0751 0.0632 0.0113 -0.2155 0.9625
225.000 11.2163 0.1524 0.0980 0.0877 0.0720 0.0171 -0.2809 0.9436
230.000 11.7455 0.1558 0.1191 0.1018 0.0816 0.0237 -0.3421 0.9207
235.000 12.3164 0.1603 0.1415 0.1175 0.0921 0.0312 -0.3989 0.8941
240.000 12.9320 0.1659 0.1653 0.1347 0.1035 0.0396 -0.4514 0.8645
245.000 13.5946 0.1728 0.1903 0.1535 0.1157 0.0488 -0.4993 0.8321
250.000 14.3050 0.1812 0.2162 0.1739 0.1288 0.0590 -0.5427 0.7975
255.000 15.0617 0.1911 0.2431 0.1958 0.1427 0.0700 -0.5815 0.7611
260.000 15.8607 0.2026 0.2708 0.2192 0.1574 0.0820 -0.6156 0.7233
265.000 16.6939 0.2158 0.2990 0.2440 0.1728 0.0949 -0.6451 0.6845
270.000 17.5489 0.2305 0.3276 0.2700 0.1888 0.1086 -0.6700 0.6450
275.000 18.4070 0.2470 0.3564 0.2972 0.2052 0.1231 -0.6904 0.6053
280.000 19.2426 0.2649 0.3853 0.3255 0.2221 0.1384 -0.7064 0.5654
285.000 20.0215 0.2844 0.4138 0.3545 0.2393 0.1546 -0.7186 0.5255
290.000 20.7007 0.3049 0.4413 0.3839 0.2566 0.1718 -0.7276 0.4848
295.000 21.2454 0.3266 0.4674 0.4136 0.2738 0.1901 -0.7334 0.4439
300.000 21.6456 0.3497 0.4926 0.4434 0.2909 0.2085 -0.7341 0.4057
305.000 21.8790 0.3742 0.5174 0.4731 0.3075 0.2265 -0.7296 0.3714
310.000 21.9155 0.3997 0.5412 0.5024 0.3236 0.2443 -0.7210 0.3399
315.000 21.7446 0.4259 0.5636 0.5311 0.3390 0.2619 -0.7092 0.3107
320.000 21.3746 0.4526 0.5844 0.5588 0.3536 0.2793 -0.6945 0.2839
325.000 20.8247 0.4794 0.6032 0.5853 0.3672 0.2963 -0.6773 0.2599
330.000 20.1300 0.5061 0.6201 0.6102 0.3798 0.3128 -0.6578 0.2388
335.000 19.3305 0.5327 0.6350 0.6335 0.3912 0.3286 -0.6363 0.2204
340.000 18.4646 0.5587 0.6479 0.6549 0.4012 0.3436 -0.6131 0.2049
345.000 17.5669 0.5841 0.6586 0.6741 0.4098 0.3578 -0.5887 0.1923
350.000 16.6667 0.6086 0.6672 0.6912 0.4171 0.3710 -0.5632 0.1826
355.000 15.7868 0.6321 0.6737 0.7059 0.4229 0.3830 -0.5371 0.1758
360.000 14.9438 0.6544 0.6780 0.7182 0.4273 0.3940 -0.5105 0.1717
365.000 14.1485 0.6753 0.6802 0.7280 0.4302 0.4038 -0.4838 0.1703
370.000 13.4070 0.6947 0.6805 0.7353 0.4319 0.4124 -0.4573 0.1714
375.000 12.7223 0.7126 0.6788 0.7402 0.4322 0.4198 -0.4310 0.1748
380.000 12.0943 0.7289 0.6752 0.7427 0.4313 0.4260 -0.4053 0.1804
385.000 11.5216 0.7435 0.6700 0.7428 0.4292 0.4311 -0.3802 0.1881
390.000 11.0014 0.7565 0.6631 0.7407 0.4261 0.4351 -0.3560 0.1975
395.000 10.5303 0.7677 0.6547 0.7364 0.4221 0.4381 -0.3327 0.2085
400.000 10.1047 0.7773 0.6449 0.7301 0.4171 0.4402 -0.3104 0.2210
405.000 9.7207 0.7853 0.6338 0.7220 0.4114 0.4414 -0.2892 0.2347
410.000 9.3748 0.7917 0.6216 0.7121 0.4049 0.4418 -0.2691 0.2495
415.000 9.0634 0.7966 0.6082 0.7005 0.3979 0.4415 -0.2502 0.2652
420.000 8.7831 0.8001 0.5939 0.6875 0.3903 0.4407 -0.2325 0.2817
425.000 8.5310 0.8021 0.5787 0.6732 0.3822 0.4393 -0.2159 0.2987
430.000 8.3043 0.8029 0.5626 0.6577 0.3738 0.4375 -0.2006 0.3162
435.000 8.1004 0.8025 0.5459 0.6411 0.3650 0.4354 -0.1864 0.3340
440.000 7.9170 0.8009 0.5284 0.6236 0.3559 0.4331 -0.1734 0.3520
445.000 7.7520 0.7983 0.5104 0.6053 0.3465 0.4306 -0.1616 0.3700
450.000 7.6034 0.7948 0.4919 0.5863 0.3369 0.4280 -0.1510 0.3881
