     0.000  0.1000E+01  0.0000E+00    0.00  0.0000E+00
     1.000  0.9987E+00  0.0000E+00    0.76  0.0000E+00
     2.000  0.9946E+00  0.0000E+00    1.52  0.0000E+00
     3.000  0.9880E+00  0.0000E+00    2.27  0.0000E+00
     4.000  0.9787E+00  0.0000E+00    3.03  0.0000E+00
     5.000  0.9669E+00  0.0000E+00    3.79  0.0000E+00
     6.000  0.9526E+00  0.0000E+00    4.55  0.0000E+00
     7.000  0.9359E+00  0.0000E+00    5.31  0.0000E+00
     8.000  0.9170E+00  0.0000E+00    6.07  0.0000E+00
     9.000  0.8959E+00  0.0000E+00    6.82  0.0000E+00
    10.000  0.8728E+00  0.0000E+00    7.58  0.0000E+00
    11.000  0.8478E+00  0.0000E+00    8.34  0.0000E+00
    12.000  0.8211E+00  0.0000E+00    9.11  0.0000E+00
    13.000  0.7927E+00  0.0000E+00    9.87  0.0000E+00
    14.000  0.7629E+00  0.0000E+00   10.63  0.0000E+00
    15.000  0.7318E+00  0.0000E+00   11.39  0.0000E+00
    16.000  0.6996E+00  0.0000E+00   12.15  0.0000E+00
    17.000  0.6663E+00  0.0000E+00   12.92  0.0000E+00
    18.000  0.6321E+00  0.0000E+00   13.68  0.0000E+00
    19.000  0.5972E+00  0.0000E+00   14.45  0.0000E+00
    20.000  0.5617E+00  0.0000E+00   15.21  0.0000E+00
    21.000  0.5257E+00  0.0000E+00   15.98  0.0000E+00
    22.000  0.4894E+00  0.0000E+00   16.75  0.0000E+00
    23.000  0.4527E+00  0.0000E+00   17.51  0.0000E+00
    24.000  0.4159E+00  0.0000E+00   18.28  0.0000E+00
    25.000  0.3791E+00  0.0000E+00   19.05  0.0000E+00
    26.000  0.3423E+00  0.0000E+00   19.83  0.0000E+00
    27.000  0.3056E+00  0.0000E+00   20.60  0.0000E+00
    28.000  0.2690E+00  0.0000E+00   21.37  0.0000E+00
    29.000  0.2327E+00  0.0000E+00   22.15  0.0000E+00
    30.000  0.1968E+00  0.0000E+00   22.92  0.0000E+00
    31.000  0.1612E+00  0.0000E+00   23.70  0.0000E+00
    32.000  0.1259E+00  0.0000E+00   24.48  0.0000E+00
    33.000  0.9119E-01  0.0000E+00   25.26  0.0000E+00
    34.000  0.5692E-01  0.0000E+00   26.04  0.0000E+00
    35.000  0.2317E-01  0.0000E+00   26.83  0.0000E+00
    36.000 -0.1004E-01  0.0000E+00   27.61  0.0000E+00
    37.000 -0.4268E-01  0.0000E+00   28.40  0.0000E+00
    38.000 -0.7472E-01  0.0000E+00   29.19  0.0000E+00
    39.000 -0.1062E+00  0.0000E+00   29.98  0.0000E+00
    40.000 -0.1370E+00  0.0000E+00   30.77  0.0000E+00
    41.000 -0.1672E+00  0.0000E+00   31.56  0.0000E+00
    42.000 -0.1967E+00  0.0000E+00   32.36  0.0000E+00
    43.000 -0.2256E+00  0.0000E+00   33.15  0.0000E+00
    44.000 -0.2539E+00  0.0000E+00   33.95  0.0000E+00
    45.000 -0.2814E+00  0.0000E+00   34.75  0.0000E+00
    46.000 -0.3084E+00  0.0000E+00   35.56  0.0000E+00
    47.000 -0.3347E+00  0.0000E+00   36.36  0.0000E+00
    48.000 -0.3603E+00  0.0000E+00   37.17  0.0000E+00
    49.000 -0.3852E+00  0.0000E+00   37.98  0.0000E+00
    50.000 -0.4095E+00  0.0000E+00   38.79  0.0000E+00
    51.000 -0.4332E+00  0.0000E+00   39.60  0.0000E+00
    52.000 -0.4562E+00  0.0000E+00   40.42  0.0000E+00
    53.000 -0.4785E+00  0.0000E+00   41.23  0.0000E+00
    54.000 -0.5002E+00  0.0000E+00   42.06  0.0000E+00
    55.000 -0.5213E+00  0.0000E+00   42.88  0.0000E+00
    56.000 -0.5417E+00  0.0000E+00   43.70  0.0000E+00
    57.000 -0.5615E+00  0.0000E+00   44.53  0.0000E+00
    58.000 -0.5807E+00  0.0000E+00   45.36  0.0000E+00
    59.000 -0.5992E+00  0.0000E+00   46.20  0.0000E+00
    60.000 -0.6171E+00  0.0000E+00   47.03  0.0000E+00
    61.000 -0.6344E+00  0.0000E+00   47.87  0.0000E+00
    62.000 -0.6511E+00  0.0000E+00   48.71  0.0000E+00
    63.000 -0.6671E+00  0.0000E+00   49.56  0.0000E+00
    64.000 -0.6826E+00  0.0000E+00   50.40  0.0000E+00
    65.000 -0.6974E+00  0.0000E+00   51.25  0.0000E+00
    66.000 -0.7117E+00  0.0000E+00   52.11  0.0000E+00
    67.000 -0.7253E+00  0.0000E+00   52.96  0.0000E+00
    68.000 -0.7384E+00  0.0000E+00   53.82  0.0000E+00
    69.000 -0.7508E+00  0.0000E+00   54.68  0.0000E+00
    70.000 -0.7627E+00  0.0000E+00   55.55  0.0000E+00
    71.000 -0.7739E+00  0.0000E+00   56.42  0.0000E+00
    72.000 -0.7846E+00  0.0000E+00   57.29  0.0000E+00
    73.000 -0.7947E+00  0.0000E+00   58.17  0.0000E+00
    74.000 -0.8042E+00  0.0000E+00   59.05  0.0000E+00
    75.000 -0.8132E+00  0.0000E+00   59.93  0.0000E+00
    76.000 -0.8215E+00  0.0000E+00   60.82  0.0000E+00
    77.000 -0.8293E+00  0.0000E+00   61.71  0.0000E+00
    78.000 -0.8365E+00  0.0000E+00   62.60  0.0000E+00
    79.000 -0.8431E+00  0.0000E+00   63.50  0.0000E+00
    80.000 -0.8492E+00  0.0000E+00   64.40  0.0000E+00
    81.000 -0.8547E+00  0.0000E+00   65.30  0.0000E+00
    82.000 -0.8596E+00  0.0000E+00   66.21  0.0000E+00
    83.000 -0.8639E+00  0.0000E+00   67.12  0.0000E+00
    84.000 -0.8677E+00  0.0000E+00   68.04  0.0000E+00
    85.000 -0.8709E+00  0.0000E+00   68.96  0.0000E+00
    86.000 -0.8736E+00  0.0000E+00   69.89  0.0000E+00
    87.000 -0.8756E+00  0.0000E+00   70.82  0.0000E+00
    88.000 -0.8771E+00  0.0000E+00   71.75  0.0000E+00
    89.000 -0.8781E+00  0.0000E+00   72.69  0.0000E+00
    90.000 -0.8784E+00  0.0000E+00   73.63  0.0000E+00
    91.000 -0.8782E+00  0.0000E+00   74.58  0.0000E+00
    92.000 -0.8775E+00  0.0000E+00   75.53  0.0000E+00
    93.000 -0.8761E+00  0.0000E+00   76.48  0.0000E+00
    94.000 -0.8742E+00  0.0000E+00   77.44  0.0000E+00
    95.000 -0.8717E+00  0.0000E+00   78.41  0.0000E+00
    96.000 -0.8686E+00  0.0000E+00   79.38  0.0000E+00
    97.000 -0.8650E+00  0.0000E+00   80.35  0.0000E+00
    98.000 -0.8608E+00  0.0000E+00   81.33  0.0000E+00
    99.000 -0.8559E+00  0.0000E+00   82.32  0.0000E+00
   100.000 -0.8505E+00  0.0000E+00   83.31  0.0000E+00
   101.000 -0.8445E+00  0.0000E+00   84.30  0.0000E+00
   102.000 -0.8379E+00  0.0000E+00   85.30  0.0000E+00
   103.000 -0.8307E+00  0.0000E+00   86.30  0.0000E+00
   104.000 -0.8229E+00  0.0000E+00   87.31  0.0000E+00
   105.000 -0.8144E+00  0.0000E+00   88.33  0.0000E+00
   106.000 -0.8054E+00  0.0000E+00   89.35  0.0000E+00
   107.000 -0.7957E+00  0.0000E+00   90.37  0.0000E+00
   108.000 -0.7854E+00  0.0000E+00   91.40  0.0000E+00
   109.000 -0.7744E+00  0.0000E+00   92.44  0.0000E+00
   110.000 -0.7629E+00  0.0000E+00   93.48  0.0000E+00
   111.000 -0.7506E+00  0.0000E+00   94.53  0.0000E+00
   112.000 -0.7377E+00  0.0000E+00   95.58  0.0000E+00
   113.000 -0.7241E+00  0.0000E+00   96.64  0.0000E+00
   114.000 -0.7099E+00  0.0000E+00   97.70  0.0000E+00
   115.000 -0.6949E+00  0.0000E+00   98.77  0.0000E+00
   116.000 -0.6793E+00  0.0000E+00   99.85  0.0000E+00
   117.000 -0.6630E+00  0.0000E+00  100.93  0.0000E+00
   118.000 -0.6459E+00  0.0000E+00  102.01  0.0000E+00
   119.000 -0.6282E+00  0.0000E+00  103.11  0.0000E+00
   120.000 -0.6097E+00  0.0000E+00  104.21  0.0000E+00
   121.000 -0.5905E+00  0.0000E+00  105.31  0.0000E+00
   122.000 -0.5706E+00  0.0000E+00  106.42  0.0000E+00
   123.000 -0.5499E+00  0.0000E+00  107.54  0.0000E+00
   124.000 -0.5285E+00  0.0000E+00  108.66  0.0000E+00
   125.000 -0.5063E+00  0.0000E+00  109.79  0.0000E+00
   126.000 -0.4834E+00  0.0000E+00  110.92  0.0000E+00
   127.000 -0.4598E+00  0.0000E+00  112.06  0.0000E+00
   128.000 -0.4353E+00  0.0000E+00  113.21  0.0000E+00
   129.000 -0.4102E+00  0.0000E+00  114.36  0.0000E+00
   130.000 -0.3842E+00  0.0000E+00  115.52  0.0000E+00
   131.000 -0.3575E+00  0.0000E+00  116.69  0.0000E+00
   132.000 -0.3301E+00  0.0000E+00  117.86  0.0000E+00
   133.000 -0.3020E+00  0.0000E+00  119.03  0.0000E+00
   134.000 -0.2731E+00  0.0000E+00  120.22  0.0000E+00
   135.000 -0.2435E+00  0.0000E+00  121.41  0.0000E+00
   136.000 -0.2132E+00  0.0000E+00  122.60  0.0000E+00
   137.000 -0.1823E+00  0.0000E+00  123.80  0.0000E+00
   138.000 -0.1506E+00  0.0000E+00  125.01  0.0000E+00
   139.000 -0.1184E+00  0.0000E+00  126.22  0.0000E+00
   140.000 -0.8551E-01  0.0000E+00  127.44  0.0000E+00
   141.000 -0.5206E-01  0.0000E+00  128.67  0.0000E+00
   142.000 -0.1808E-01  0.0000E+00  129.90  0.0000E+00
   143.000  0.1640E-01  0.0000E+00  131.13  0.0000E+00
   144.000  0.5135E-01  0.0000E+00  132.38  0.0000E+00
   145.000  0.8672E-01  0.0000E+00  133.62  0.0000E+00
   146.000  0.1224E+00  0.0000E+00  134.88  0.0000E+00
   147.000  0.1585E+00  0.0000E+00  136.14  0.0000E+00
   148.000  0.1948E+00  0.0000E+00  137.40  0.0000E+00
   149.000  0.2313E+00  0.0000E+00  138.67  0.0000E+00
   150.000  0.2679E+00  0.0000E+00  139.95  0.0000E+00
   151.000  0.3045E+00  0.0000E+00  141.23  0.0000E+00
   152.000  0.3412E+00  0.0000E+00  142.51  0.0000E+00
   153.000  0.3777E+00  0.0000E+00  143.80  0.0000E+00
   154.000  0.4141E+00  0.0000E+00  145.10  0.0000E+00
   155.000  0.4502E+00  0.0000E+00  146.40  0.0000E+00
   156.000  0.4860E+00  0.0000E+00  147.70  0.0000E+00
   157.000  0.5213E+00  0.0000E+00  149.01  0.0000E+00
   158.000  0.5561E+00  0.0000E+00  150.33  0.0000E+00
   159.000  0.5902E+00  0.0000E+00  151.65  0.0000E+00
   160.000  0.6236E+00  0.0000E+00  152.97  0.0000E+00
   161.000  0.6562E+00  0.0000E+00  154.29  0.0000E+00
   162.000  0.6879E+00  0.0000E+00  155.62  0.0000E+00
   163.000  0.7186E+00  0.0000E+00  156.96  0.0000E+00
   164.000  0.7481E+00  0.0000E+00  158.29  0.0000E+00
   165.000  0.7764E+00  0.0000E+00  159.63  0.0000E+00
   166.000  0.8034E+00  0.0000E+00  160.98  0.0000E+00
   167.000  0.8290E+00  0.0000E+00  162.32  0.0000E+00
   168.000  0.8531E+00  0.0000E+00  163.67  0.0000E+00
   169.000  0.8757E+00  0.0000E+00  165.02  0.0000E+00
   170.000  0.8965E+00  0.0000E+00  166.38  0.0000E+00
   171.000  0.9157E+00  0.0000E+00  167.73  0.0000E+00
   172.000  0.9330E+00  0.0000E+00  169.09  0.0000E+00
   173.000  0.9484E+00  0.0000E+00  170.45  0.0000E+00
   174.000  0.9620E+00  0.0000E+00  171.81  0.0000E+00
   175.000  0.9735E+00  0.0000E+00  173.18  0.0000E+00
   176.000  0.9830E+00  0.0000E+00  174.54  0.0000E+00
   177.000  0.9904E+00  0.0000E+00  175.90  0.0000E+00
   178.000  0.9957E+00  0.0000E+00  177.27  0.0000E+00
   179.000  0.9989E+00  0.0000E+00  178.63  0.0000E+00
   180.000  0.1000E+01  0.0000E+00  180.00  0.0000E+00
