     0.000  0.1000E+01  0.0000E+00    0.00  0.0000E+00
     1.000  0.9986E+00  0.0000E+00    0.75  0.0000E+00
     2.000  0.9945E+00  0.0000E+00    1.51  0.0000E+00
     3.000  0.9878E+00  0.0000E+00    2.26  0.0000E+00
     4.000  0.9783E+00  0.0000E+00    3.02  0.0000E+00
     5.000  0.9663E+00  0.0000E+00    3.77  0.0000E+00
     6.000  0.9518E+00  0.0000E+00    4.53  0.0000E+00
     7.000  0.9349E+00  0.0000E+00    5.29  0.0000E+00
     8.000  0.9157E+00  0.0000E+00    6.04  0.0000E+00
     9.000  0.8943E+00  0.0000E+00    6.80  0.0000E+00
    10.000  0.8708E+00  0.0000E+00    7.56  0.0000E+00
    11.000  0.8455E+00  0.0000E+00    8.31  0.0000E+00
    12.000  0.8184E+00  0.0000E+00    9.07  0.0000E+00
    13.000  0.7897E+00  0.0000E+00    9.83  0.0000E+00
    14.000  0.7596E+00  0.0000E+00   10.59  0.0000E+00
    15.000  0.7282E+00  0.0000E+00   11.35  0.0000E+00
    16.000  0.6956E+00  0.0000E+00   12.11  0.0000E+00
    17.000  0.6620E+00  0.0000E+00   12.87  0.0000E+00
    18.000  0.6275E+00  0.0000E+00   13.63  0.0000E+00
    19.000  0.5923E+00  0.0000E+00   14.39  0.0000E+00
    20.000  0.5566E+00  0.0000E+00   15.15  0.0000E+00
    21.000  0.5204E+00  0.0000E+00   15.92  0.0000E+00
    22.000  0.4838E+00  0.0000E+00   16.68  0.0000E+00
    23.000  0.4470E+00  0.0000E+00   17.45  0.0000E+00
    24.000  0.4101E+00  0.0000E+00   18.21  0.0000E+00
    25.000  0.3732E+00  0.0000E+00   18.98  0.0000E+00
    26.000  0.3363E+00  0.0000E+00   19.75  0.0000E+00
    27.000  0.2996E+00  0.0000E+00   20.52  0.0000E+00
    28.000  0.2630E+00  0.0000E+00   21.29  0.0000E+00
    29.000  0.2268E+00  0.0000E+00   22.06  0.0000E+00
    30.000  0.1909E+00  0.0000E+00   22.84  0.0000E+00
    31.000  0.1554E+00  0.0000E+00   23.61  0.0000E+00
    32.000  0.1204E+00  0.0000E+00   24.39  0.0000E+00
    33.000  0.8581E-01  0.0000E+00   25.17  0.0000E+00
    34.000  0.5176E-01  0.0000E+00   25.95  0.0000E+00
    35.000  0.1826E-01  0.0000E+00   26.73  0.0000E+00
    36.000 -0.1466E-01  0.0000E+00   27.51  0.0000E+00
    37.000 -0.4699E-01  0.0000E+00   28.29  0.0000E+00
    38.000 -0.7870E-01  0.0000E+00   29.08  0.0000E+00
    39.000 -0.1098E+00  0.0000E+00   29.87  0.0000E+00
    40.000 -0.1402E+00  0.0000E+00   30.66  0.0000E+00
    41.000 -0.1700E+00  0.0000E+00   31.45  0.0000E+00
    42.000 -0.1991E+00  0.0000E+00   32.24  0.0000E+00
    43.000 -0.2276E+00  0.0000E+00   33.03  0.0000E+00
    44.000 -0.2554E+00  0.0000E+00   33.83  0.0000E+00
    45.000 -0.2825E+00  0.0000E+00   34.63  0.0000E+00
    46.000 -0.3089E+00  0.0000E+00   35.43  0.0000E+00
    47.000 -0.3347E+00  0.0000E+00   36.23  0.0000E+00
    48.000 -0.3598E+00  0.0000E+00   37.04  0.0000E+00
    49.000 -0.3843E+00  0.0000E+00   37.84  0.0000E+00
    50.000 -0.4081E+00  0.0000E+00   38.65  0.0000E+00
    51.000 -0.4312E+00  0.0000E+00   39.46  0.0000E+00
    52.000 -0.4537E+00  0.0000E+00   40.28  0.0000E+00
    53.000 -0.4755E+00  0.0000E+00   41.09  0.0000E+00
    54.000 -0.4967E+00  0.0000E+00   41.91  0.0000E+00
    55.000 -0.5172E+00  0.0000E+00   42.73  0.0000E+00
    56.000 -0.5371E+00  0.0000E+00   43.56  0.0000E+00
    57.000 -0.5564E+00  0.0000E+00   44.38  0.0000E+00
    58.000 -0.5750E+00  0.0000E+00   45.21  0.0000E+00
    59.000 -0.5931E+00  0.0000E+00   46.04  0.0000E+00
    60.000 -0.6105E+00  0.0000E+00   46.87  0.0000E+00
    61.000 -0.6273E+00  0.0000E+00   47.71  0.0000E+00
    62.000 -0.6435E+00  0.0000E+00   48.55  0.0000E+00
    63.000 -0.6591E+00  0.0000E+00   49.39  0.0000E+00
    64.000 -0.6742E+00  0.0000E+00   50.24  0.0000E+00
    65.000 -0.6886E+00  0.0000E+00   51.09  0.0000E+00
    66.000 -0.7024E+00  0.0000E+00   51.94  0.0000E+00
    67.000 -0.7157E+00  0.0000E+00   52.79  0.0000E+00
    68.000 -0.7284E+00  0.0000E+00   53.65  0.0000E+00
    69.000 -0.7405E+00  0.0000E+00   54.51  0.0000E+00
    70.000 -0.7521E+00  0.0000E+00   55.38  0.0000E+00
    71.000 -0.7631E+00  0.0000E+00   56.25  0.0000E+00
    72.000 -0.7735E+00  0.0000E+00   57.12  0.0000E+00
    73.000 -0.7834E+00  0.0000E+00   57.99  0.0000E+00
    74.000 -0.7927E+00  0.0000E+00   58.87  0.0000E+00
    75.000 -0.8014E+00  0.0000E+00   59.75  0.0000E+00
    76.000 -0.8096E+00  0.0000E+00   60.64  0.0000E+00
    77.000 -0.8173E+00  0.0000E+00   61.52  0.0000E+00
    78.000 -0.8244E+00  0.0000E+00   62.42  0.0000E+00
    79.000 -0.8310E+00  0.0000E+00   63.31  0.0000E+00
    80.000 -0.8371E+00  0.0000E+00   64.21  0.0000E+00
    81.000 -0.8426E+00  0.0000E+00   65.12  0.0000E+00
    82.000 -0.8475E+00  0.0000E+00   66.03  0.0000E+00
    83.000 -0.8520E+00  0.0000E+00   66.94  0.0000E+00
    84.000 -0.8559E+00  0.0000E+00   67.85  0.0000E+00
    85.000 -0.8592E+00  0.0000E+00   68.77  0.0000E+00
    86.000 -0.8621E+00  0.0000E+00   69.70  0.0000E+00
    87.000 -0.8644E+00  0.0000E+00   70.63  0.0000E+00
    88.000 -0.8661E+00  0.0000E+00   71.56  0.0000E+00
    89.000 -0.8674E+00  0.0000E+00   72.50  0.0000E+00
    90.000 -0.8681E+00  0.0000E+00   73.44  0.0000E+00
    91.000 -0.8683E+00  0.0000E+00   74.39  0.0000E+00
    92.000 -0.8679E+00  0.0000E+00   75.34  0.0000E+00
    93.000 -0.8670E+00  0.0000E+00   76.29  0.0000E+00
    94.000 -0.8656E+00  0.0000E+00   77.25  0.0000E+00
    95.000 -0.8636E+00  0.0000E+00   78.22  0.0000E+00
    96.000 -0.8611E+00  0.0000E+00   79.19  0.0000E+00
    97.000 -0.8581E+00  0.0000E+00   80.16  0.0000E+00
    98.000 -0.8545E+00  0.0000E+00   81.14  0.0000E+00
    99.000 -0.8503E+00  0.0000E+00   82.12  0.0000E+00
   100.000 -0.8457E+00  0.0000E+00   83.11  0.0000E+00
   101.000 -0.8404E+00  0.0000E+00   84.11  0.0000E+00
   102.000 -0.8346E+00  0.0000E+00   85.11  0.0000E+00
   103.000 -0.8282E+00  0.0000E+00   86.11  0.0000E+00
   104.000 -0.8212E+00  0.0000E+00   87.12  0.0000E+00
   105.000 -0.8137E+00  0.0000E+00   88.14  0.0000E+00
   106.000 -0.8056E+00  0.0000E+00   89.16  0.0000E+00
   107.000 -0.7969E+00  0.0000E+00   90.18  0.0000E+00
   108.000 -0.7875E+00  0.0000E+00   91.21  0.0000E+00
   109.000 -0.7776E+00  0.0000E+00   92.25  0.0000E+00
   110.000 -0.7671E+00  0.0000E+00   93.29  0.0000E+00
   111.000 -0.7559E+00  0.0000E+00   94.34  0.0000E+00
   112.000 -0.7441E+00  0.0000E+00   95.39  0.0000E+00
   113.000 -0.7317E+00  0.0000E+00   96.45  0.0000E+00
   114.000 -0.7186E+00  0.0000E+00   97.52  0.0000E+00
   115.000 -0.7048E+00  0.0000E+00   98.59  0.0000E+00
   116.000 -0.6904E+00  0.0000E+00   99.66  0.0000E+00
   117.000 -0.6753E+00  0.0000E+00  100.75  0.0000E+00
   118.000 -0.6595E+00  0.0000E+00  101.83  0.0000E+00
   119.000 -0.6430E+00  0.0000E+00  102.93  0.0000E+00
   120.000 -0.6258E+00  0.0000E+00  104.03  0.0000E+00
   121.000 -0.6079E+00  0.0000E+00  105.13  0.0000E+00
   122.000 -0.5893E+00  0.0000E+00  106.25  0.0000E+00
   123.000 -0.5699E+00  0.0000E+00  107.36  0.0000E+00
   124.000 -0.5497E+00  0.0000E+00  108.49  0.0000E+00
   125.000 -0.5288E+00  0.0000E+00  109.62  0.0000E+00
   126.000 -0.5072E+00  0.0000E+00  110.75  0.0000E+00
   127.000 -0.4848E+00  0.0000E+00  111.90  0.0000E+00
   128.000 -0.4616E+00  0.0000E+00  113.05  0.0000E+00
   129.000 -0.4376E+00  0.0000E+00  114.20  0.0000E+00
   130.000 -0.4129E+00  0.0000E+00  115.36  0.0000E+00
   131.000 -0.3873E+00  0.0000E+00  116.53  0.0000E+00
   132.000 -0.3610E+00  0.0000E+00  117.70  0.0000E+00
   133.000 -0.3339E+00  0.0000E+00  118.88  0.0000E+00
   134.000 -0.3061E+00  0.0000E+00  120.06  0.0000E+00
   135.000 -0.2775E+00  0.0000E+00  121.26  0.0000E+00
   136.000 -0.2481E+00  0.0000E+00  122.45  0.0000E+00
   137.000 -0.2179E+00  0.0000E+00  123.66  0.0000E+00
   138.000 -0.1871E+00  0.0000E+00  124.87  0.0000E+00
   139.000 -0.1555E+00  0.0000E+00  126.08  0.0000E+00
   140.000 -0.1232E+00  0.0000E+00  127.30  0.0000E+00
   141.000 -0.9025E-01  0.0000E+00  128.53  0.0000E+00
   142.000 -0.5666E-01  0.0000E+00  129.76  0.0000E+00
   143.000 -0.2247E-01  0.0000E+00  131.00  0.0000E+00
   144.000  0.1229E-01  0.0000E+00  132.25  0.0000E+00
   145.000  0.4759E-01  0.0000E+00  133.50  0.0000E+00
   146.000  0.8336E-01  0.0000E+00  134.76  0.0000E+00
   147.000  0.1196E+00  0.0000E+00  136.02  0.0000E+00
   148.000  0.1562E+00  0.0000E+00  137.29  0.0000E+00
   149.000  0.1931E+00  0.0000E+00  138.56  0.0000E+00
   150.000  0.2302E+00  0.0000E+00  139.84  0.0000E+00
   151.000  0.2675E+00  0.0000E+00  141.12  0.0000E+00
   152.000  0.3050E+00  0.0000E+00  142.41  0.0000E+00
   153.000  0.3424E+00  0.0000E+00  143.70  0.0000E+00
   154.000  0.3799E+00  0.0000E+00  145.00  0.0000E+00
   155.000  0.4171E+00  0.0000E+00  146.31  0.0000E+00
   156.000  0.4541E+00  0.0000E+00  147.62  0.0000E+00
   157.000  0.4908E+00  0.0000E+00  148.93  0.0000E+00
   158.000  0.5271E+00  0.0000E+00  150.25  0.0000E+00
   159.000  0.5628E+00  0.0000E+00  151.57  0.0000E+00
   160.000  0.5978E+00  0.0000E+00  152.89  0.0000E+00
   161.000  0.6321E+00  0.0000E+00  154.22  0.0000E+00
   162.000  0.6655E+00  0.0000E+00  155.56  0.0000E+00
   163.000  0.6979E+00  0.0000E+00  156.89  0.0000E+00
   164.000  0.7293E+00  0.0000E+00  158.23  0.0000E+00
   165.000  0.7594E+00  0.0000E+00  159.58  0.0000E+00
   166.000  0.7882E+00  0.0000E+00  160.92  0.0000E+00
   167.000  0.8156E+00  0.0000E+00  162.27  0.0000E+00
   168.000  0.8414E+00  0.0000E+00  163.63  0.0000E+00
   169.000  0.8656E+00  0.0000E+00  164.98  0.0000E+00
   170.000  0.8880E+00  0.0000E+00  166.34  0.0000E+00
   171.000  0.9087E+00  0.0000E+00  167.70  0.0000E+00
   172.000  0.9274E+00  0.0000E+00  169.06  0.0000E+00
   173.000  0.9441E+00  0.0000E+00  170.42  0.0000E+00
   174.000  0.9587E+00  0.0000E+00  171.79  0.0000E+00
   175.000  0.9712E+00  0.0000E+00  173.16  0.0000E+00
   176.000  0.9815E+00  0.0000E+00  174.52  0.0000E+00
   177.000  0.9896E+00  0.0000E+00  175.89  0.0000E+00
   178.000  0.9954E+00  0.0000E+00  177.26  0.0000E+00
   179.000  0.9988E+00  0.0000E+00  178.63  0.0000E+00
   180.000  0.1000E+01  0.0000E+00  180.00  0.0000E+00
