     0.000  0.1000E+01  0.0000E+00    0.00  0.0000E+00
     1.000  0.9986E+00  0.0000E+00    0.75  0.0000E+00
     2.000  0.9944E+00  0.0000E+00    1.50  0.0000E+00
     3.000  0.9875E+00  0.0000E+00    2.26  0.0000E+00
     4.000  0.9779E+00  0.0000E+00    3.01  0.0000E+00
     5.000  0.9657E+00  0.0000E+00    3.76  0.0000E+00
     6.000  0.9510E+00  0.0000E+00    4.51  0.0000E+00
     7.000  0.9338E+00  0.0000E+00    5.26  0.0000E+00
     8.000  0.9142E+00  0.0000E+00    6.02  0.0000E+00
     9.000  0.8925E+00  0.0000E+00    6.77  0.0000E+00
    10.000  0.8687E+00  0.0000E+00    7.52  0.0000E+00
    11.000  0.8430E+00  0.0000E+00    8.28  0.0000E+00
    12.000  0.8156E+00  0.0000E+00    9.03  0.0000E+00
    13.000  0.7865E+00  0.0000E+00    9.79  0.0000E+00
    14.000  0.7560E+00  0.0000E+00   10.54  0.0000E+00
    15.000  0.7241E+00  0.0000E+00   11.30  0.0000E+00
    16.000  0.6911E+00  0.0000E+00   12.06  0.0000E+00
    17.000  0.6572E+00  0.0000E+00   12.81  0.0000E+00
    18.000  0.6224E+00  0.0000E+00   13.57  0.0000E+00
    19.000  0.5869E+00  0.0000E+00   14.33  0.0000E+00
    20.000  0.5508E+00  0.0000E+00   15.09  0.0000E+00
    21.000  0.5143E+00  0.0000E+00   15.85  0.0000E+00
    22.000  0.4775E+00  0.0000E+00   16.61  0.0000E+00
    23.000  0.4405E+00  0.0000E+00   17.38  0.0000E+00
    24.000  0.4034E+00  0.0000E+00   18.14  0.0000E+00
    25.000  0.3663E+00  0.0000E+00   18.91  0.0000E+00
    26.000  0.3294E+00  0.0000E+00   19.67  0.0000E+00
    27.000  0.2926E+00  0.0000E+00   20.44  0.0000E+00
    28.000  0.2560E+00  0.0000E+00   21.21  0.0000E+00
    29.000  0.2198E+00  0.0000E+00   21.98  0.0000E+00
    30.000  0.1839E+00  0.0000E+00   22.75  0.0000E+00
    31.000  0.1485E+00  0.0000E+00   23.52  0.0000E+00
    32.000  0.1136E+00  0.0000E+00   24.29  0.0000E+00
    33.000  0.7913E-01  0.0000E+00   25.07  0.0000E+00
    34.000  0.4526E-01  0.0000E+00   25.84  0.0000E+00
    35.000  0.1197E-01  0.0000E+00   26.62  0.0000E+00
    36.000 -0.2071E-01  0.0000E+00   27.40  0.0000E+00
    37.000 -0.5277E-01  0.0000E+00   28.18  0.0000E+00
    38.000 -0.8418E-01  0.0000E+00   28.97  0.0000E+00
    39.000 -0.1149E+00  0.0000E+00   29.75  0.0000E+00
    40.000 -0.1450E+00  0.0000E+00   30.54  0.0000E+00
    41.000 -0.1744E+00  0.0000E+00   31.32  0.0000E+00
    42.000 -0.2031E+00  0.0000E+00   32.11  0.0000E+00
    43.000 -0.2312E+00  0.0000E+00   32.91  0.0000E+00
    44.000 -0.2585E+00  0.0000E+00   33.70  0.0000E+00
    45.000 -0.2852E+00  0.0000E+00   34.50  0.0000E+00
    46.000 -0.3111E+00  0.0000E+00   35.29  0.0000E+00
    47.000 -0.3364E+00  0.0000E+00   36.09  0.0000E+00
    48.000 -0.3610E+00  0.0000E+00   36.90  0.0000E+00
    49.000 -0.3850E+00  0.0000E+00   37.70  0.0000E+00
    50.000 -0.4082E+00  0.0000E+00   38.51  0.0000E+00
    51.000 -0.4308E+00  0.0000E+00   39.32  0.0000E+00
    52.000 -0.4528E+00  0.0000E+00   40.13  0.0000E+00
    53.000 -0.4740E+00  0.0000E+00   40.94  0.0000E+00
    54.000 -0.4947E+00  0.0000E+00   41.76  0.0000E+00
    55.000 -0.5147E+00  0.0000E+00   42.58  0.0000E+00
    56.000 -0.5340E+00  0.0000E+00   43.40  0.0000E+00
    57.000 -0.5528E+00  0.0000E+00   44.22  0.0000E+00
    58.000 -0.5709E+00  0.0000E+00   45.05  0.0000E+00
    59.000 -0.5884E+00  0.0000E+00   45.88  0.0000E+00
    60.000 -0.6053E+00  0.0000E+00   46.71  0.0000E+00
    61.000 -0.6216E+00  0.0000E+00   47.54  0.0000E+00
    62.000 -0.6373E+00  0.0000E+00   48.38  0.0000E+00
    63.000 -0.6524E+00  0.0000E+00   49.22  0.0000E+00
    64.000 -0.6669E+00  0.0000E+00   50.07  0.0000E+00
    65.000 -0.6809E+00  0.0000E+00   50.91  0.0000E+00
    66.000 -0.6943E+00  0.0000E+00   51.76  0.0000E+00
    67.000 -0.7071E+00  0.0000E+00   52.61  0.0000E+00
    68.000 -0.7194E+00  0.0000E+00   53.47  0.0000E+00
    69.000 -0.7311E+00  0.0000E+00   54.33  0.0000E+00
    70.000 -0.7423E+00  0.0000E+00   55.19  0.0000E+00
    71.000 -0.7530E+00  0.0000E+00   56.06  0.0000E+00
    72.000 -0.7631E+00  0.0000E+00   56.93  0.0000E+00
    73.000 -0.7726E+00  0.0000E+00   57.80  0.0000E+00
    74.000 -0.7817E+00  0.0000E+00   58.68  0.0000E+00
    75.000 -0.7902E+00  0.0000E+00   59.56  0.0000E+00
    76.000 -0.7982E+00  0.0000E+00   60.44  0.0000E+00
    77.000 -0.8056E+00  0.0000E+00   61.33  0.0000E+00
    78.000 -0.8126E+00  0.0000E+00   62.22  0.0000E+00
    79.000 -0.8190E+00  0.0000E+00   63.12  0.0000E+00
    80.000 -0.8250E+00  0.0000E+00   64.01  0.0000E+00
    81.000 -0.8304E+00  0.0000E+00   64.92  0.0000E+00
    82.000 -0.8353E+00  0.0000E+00   65.82  0.0000E+00
    83.000 -0.8397E+00  0.0000E+00   66.74  0.0000E+00
    84.000 -0.8436E+00  0.0000E+00   67.65  0.0000E+00
    85.000 -0.8471E+00  0.0000E+00   68.57  0.0000E+00
    86.000 -0.8500E+00  0.0000E+00   69.49  0.0000E+00
    87.000 -0.8524E+00  0.0000E+00   70.42  0.0000E+00
    88.000 -0.8543E+00  0.0000E+00   71.35  0.0000E+00
    89.000 -0.8558E+00  0.0000E+00   72.29  0.0000E+00
    90.000 -0.8567E+00  0.0000E+00   73.23  0.0000E+00
    91.000 -0.8571E+00  0.0000E+00   74.18  0.0000E+00
    92.000 -0.8571E+00  0.0000E+00   75.13  0.0000E+00
    93.000 -0.8565E+00  0.0000E+00   76.08  0.0000E+00
    94.000 -0.8555E+00  0.0000E+00   77.04  0.0000E+00
    95.000 -0.8539E+00  0.0000E+00   78.01  0.0000E+00
    96.000 -0.8518E+00  0.0000E+00   78.98  0.0000E+00
    97.000 -0.8493E+00  0.0000E+00   79.95  0.0000E+00
    98.000 -0.8462E+00  0.0000E+00   80.93  0.0000E+00
    99.000 -0.8426E+00  0.0000E+00   81.91  0.0000E+00
   100.000 -0.8385E+00  0.0000E+00   82.90  0.0000E+00
   101.000 -0.8338E+00  0.0000E+00   83.90  0.0000E+00
   102.000 -0.8287E+00  0.0000E+00   84.90  0.0000E+00
   103.000 -0.8230E+00  0.0000E+00   85.90  0.0000E+00
   104.000 -0.8167E+00  0.0000E+00   86.91  0.0000E+00
   105.000 -0.8099E+00  0.0000E+00   87.93  0.0000E+00
   106.000 -0.8026E+00  0.0000E+00   88.95  0.0000E+00
   107.000 -0.7947E+00  0.0000E+00   89.97  0.0000E+00
   108.000 -0.7862E+00  0.0000E+00   91.01  0.0000E+00
   109.000 -0.7772E+00  0.0000E+00   92.04  0.0000E+00
   110.000 -0.7676E+00  0.0000E+00   93.09  0.0000E+00
   111.000 -0.7574E+00  0.0000E+00   94.13  0.0000E+00
   112.000 -0.7465E+00  0.0000E+00   95.19  0.0000E+00
   113.000 -0.7351E+00  0.0000E+00   96.25  0.0000E+00
   114.000 -0.7230E+00  0.0000E+00   97.31  0.0000E+00
   115.000 -0.7103E+00  0.0000E+00   98.39  0.0000E+00
   116.000 -0.6970E+00  0.0000E+00   99.46  0.0000E+00
   117.000 -0.6830E+00  0.0000E+00  100.55  0.0000E+00
   118.000 -0.6683E+00  0.0000E+00  101.64  0.0000E+00
   119.000 -0.6530E+00  0.0000E+00  102.73  0.0000E+00
   120.000 -0.6369E+00  0.0000E+00  103.83  0.0000E+00
   121.000 -0.6202E+00  0.0000E+00  104.94  0.0000E+00
   122.000 -0.6027E+00  0.0000E+00  106.05  0.0000E+00
   123.000 -0.5845E+00  0.0000E+00  107.17  0.0000E+00
   124.000 -0.5656E+00  0.0000E+00  108.30  0.0000E+00
   125.000 -0.5459E+00  0.0000E+00  109.43  0.0000E+00
   126.000 -0.5255E+00  0.0000E+00  110.57  0.0000E+00
   127.000 -0.5043E+00  0.0000E+00  111.71  0.0000E+00
   128.000 -0.4823E+00  0.0000E+00  112.86  0.0000E+00
   129.000 -0.4595E+00  0.0000E+00  114.02  0.0000E+00
   130.000 -0.4360E+00  0.0000E+00  115.18  0.0000E+00
   131.000 -0.4116E+00  0.0000E+00  116.35  0.0000E+00
   132.000 -0.3864E+00  0.0000E+00  117.53  0.0000E+00
   133.000 -0.3604E+00  0.0000E+00  118.71  0.0000E+00
   134.000 -0.3336E+00  0.0000E+00  119.89  0.0000E+00
   135.000 -0.3060E+00  0.0000E+00  121.09  0.0000E+00
   136.000 -0.2776E+00  0.0000E+00  122.29  0.0000E+00
   137.000 -0.2484E+00  0.0000E+00  123.49  0.0000E+00
   138.000 -0.2184E+00  0.0000E+00  124.71  0.0000E+00
   139.000 -0.1876E+00  0.0000E+00  125.93  0.0000E+00
   140.000 -0.1560E+00  0.0000E+00  127.15  0.0000E+00
   141.000 -0.1237E+00  0.0000E+00  128.38  0.0000E+00
   142.000 -0.9071E-01  0.0000E+00  129.62  0.0000E+00
   143.000 -0.5699E-01  0.0000E+00  130.86  0.0000E+00
   144.000 -0.2260E-01  0.0000E+00  132.11  0.0000E+00
   145.000  0.1242E-01  0.0000E+00  133.36  0.0000E+00
   146.000  0.4803E-01  0.0000E+00  134.62  0.0000E+00
   147.000  0.8418E-01  0.0000E+00  135.89  0.0000E+00
   148.000  0.1208E+00  0.0000E+00  137.16  0.0000E+00
   149.000  0.1579E+00  0.0000E+00  138.43  0.0000E+00
   150.000  0.1954E+00  0.0000E+00  139.72  0.0000E+00
   151.000  0.2331E+00  0.0000E+00  141.00  0.0000E+00
   152.000  0.2711E+00  0.0000E+00  142.29  0.0000E+00
   153.000  0.3093E+00  0.0000E+00  143.59  0.0000E+00
   154.000  0.3475E+00  0.0000E+00  144.89  0.0000E+00
   155.000  0.3857E+00  0.0000E+00  146.20  0.0000E+00
   156.000  0.4238E+00  0.0000E+00  147.51  0.0000E+00
   157.000  0.4616E+00  0.0000E+00  148.83  0.0000E+00
   158.000  0.4991E+00  0.0000E+00  150.15  0.0000E+00
   159.000  0.5362E+00  0.0000E+00  151.48  0.0000E+00
   160.000  0.5727E+00  0.0000E+00  152.81  0.0000E+00
   161.000  0.6086E+00  0.0000E+00  154.14  0.0000E+00
   162.000  0.6436E+00  0.0000E+00  155.48  0.0000E+00
   163.000  0.6777E+00  0.0000E+00  156.82  0.0000E+00
   164.000  0.7107E+00  0.0000E+00  158.16  0.0000E+00
   165.000  0.7425E+00  0.0000E+00  159.51  0.0000E+00
   166.000  0.7731E+00  0.0000E+00  160.86  0.0000E+00
   167.000  0.8021E+00  0.0000E+00  162.22  0.0000E+00
   168.000  0.8297E+00  0.0000E+00  163.57  0.0000E+00
   169.000  0.8555E+00  0.0000E+00  164.93  0.0000E+00
   170.000  0.8795E+00  0.0000E+00  166.30  0.0000E+00
   171.000  0.9016E+00  0.0000E+00  167.66  0.0000E+00
   172.000  0.9217E+00  0.0000E+00  169.03  0.0000E+00
   173.000  0.9397E+00  0.0000E+00  170.39  0.0000E+00
   174.000  0.9554E+00  0.0000E+00  171.76  0.0000E+00
   175.000  0.9689E+00  0.0000E+00  173.13  0.0000E+00
   176.000  0.9800E+00  0.0000E+00  174.51  0.0000E+00
   177.000  0.9887E+00  0.0000E+00  175.88  0.0000E+00
   178.000  0.9950E+00  0.0000E+00  177.25  0.0000E+00
   179.000  0.9987E+00  0.0000E+00  178.63  0.0000E+00
   180.000  0.1000E+01  0.0000E+00  180.00  0.0000E+00
