     0.000  0.0000E+00  0.0000E+00    0.00  0.0000E+00
     1.000 -0.5167E-01  0.0000E+00    0.76  0.0000E+00
     2.000 -0.1031E+00  0.0000E+00    1.52  0.0000E+00
     3.000 -0.1542E+00  0.0000E+00    2.27  0.0000E+00
     4.000 -0.2047E+00  0.0000E+00    3.03  0.0000E+00
     5.000 -0.2544E+00  0.0000E+00    3.79  0.0000E+00
     6.000 -0.3031E+00  0.0000E+00    4.55  0.0000E+00
     7.000 -0.3508E+00  0.0000E+00    5.31  0.0000E+00
     8.000 -0.3971E+00  0.0000E+00    6.07  0.0000E+00
     9.000 -0.4420E+00  0.0000E+00    6.82  0.0000E+00
    10.000 -0.4854E+00  0.0000E+00    7.58  0.0000E+00
    11.000 -0.5270E+00  0.0000E+00    8.34  0.0000E+00
    12.000 -0.5670E+00  0.0000E+00    9.11  0.0000E+00
    13.000 -0.6051E+00  0.0000E+00    9.87  0.0000E+00
    14.000 -0.6412E+00  0.0000E+00   10.63  0.0000E+00
    15.000 -0.6754E+00  0.0000E+00   11.39  0.0000E+00
    16.000 -0.7077E+00  0.0000E+00   12.15  0.0000E+00
    17.000 -0.7378E+00  0.0000E+00   12.92  0.0000E+00
    18.000 -0.7660E+00  0.0000E+00   13.68  0.0000E+00
    19.000 -0.7921E+00  0.0000E+00   14.45  0.0000E+00
    20.000 -0.8162E+00  0.0000E+00   15.21  0.0000E+00
    21.000 -0.8383E+00  0.0000E+00   15.98  0.0000E+00
    22.000 -0.8584E+00  0.0000E+00   16.75  0.0000E+00
    23.000 -0.8766E+00  0.0000E+00   17.51  0.0000E+00
    24.000 -0.8930E+00  0.0000E+00   18.28  0.0000E+00
    25.000 -0.9074E+00  0.0000E+00   19.05  0.0000E+00
    26.000 -0.9201E+00  0.0000E+00   19.83  0.0000E+00
    27.000 -0.9311E+00  0.0000E+00   20.60  0.0000E+00
    28.000 -0.9404E+00  0.0000E+00   21.37  0.0000E+00
    29.000 -0.9480E+00  0.0000E+00   22.15  0.0000E+00
    30.000 -0.9542E+00  0.0000E+00   22.92  0.0000E+00
    31.000 -0.9588E+00  0.0000E+00   23.70  0.0000E+00
    32.000 -0.9620E+00  0.0000E+00   24.48  0.0000E+00
    33.000 -0.9639E+00  0.0000E+00   25.26  0.0000E+00
    34.000 -0.9644E+00  0.0000E+00   26.04  0.0000E+00
    35.000 -0.9638E+00  0.0000E+00   26.83  0.0000E+00
    36.000 -0.9619E+00  0.0000E+00   27.61  0.0000E+00
    37.000 -0.9589E+00  0.0000E+00   28.40  0.0000E+00
    38.000 -0.9548E+00  0.0000E+00   29.19  0.0000E+00
    39.000 -0.9497E+00  0.0000E+00   29.98  0.0000E+00
    40.000 -0.9437E+00  0.0000E+00   30.77  0.0000E+00
    41.000 -0.9367E+00  0.0000E+00   31.56  0.0000E+00
    42.000 -0.9288E+00  0.0000E+00   32.36  0.0000E+00
    43.000 -0.9202E+00  0.0000E+00   33.15  0.0000E+00
    44.000 -0.9107E+00  0.0000E+00   33.95  0.0000E+00
    45.000 -0.9005E+00  0.0000E+00   34.75  0.0000E+00
    46.000 -0.8895E+00  0.0000E+00   35.56  0.0000E+00
    47.000 -0.8779E+00  0.0000E+00   36.36  0.0000E+00
    48.000 -0.8657E+00  0.0000E+00   37.17  0.0000E+00
    49.000 -0.8528E+00  0.0000E+00   37.98  0.0000E+00
    50.000 -0.8394E+00  0.0000E+00   38.79  0.0000E+00
    51.000 -0.8254E+00  0.0000E+00   39.60  0.0000E+00
    52.000 -0.8109E+00  0.0000E+00   40.42  0.0000E+00
    53.000 -0.7958E+00  0.0000E+00   41.23  0.0000E+00
    54.000 -0.7804E+00  0.0000E+00   42.06  0.0000E+00
    55.000 -0.7644E+00  0.0000E+00   42.88  0.0000E+00
    56.000 -0.7481E+00  0.0000E+00   43.70  0.0000E+00
    57.000 -0.7313E+00  0.0000E+00   44.53  0.0000E+00
    58.000 -0.7141E+00  0.0000E+00   45.36  0.0000E+00
    59.000 -0.6966E+00  0.0000E+00   46.20  0.0000E+00
    60.000 -0.6788E+00  0.0000E+00   47.03  0.0000E+00
    61.000 -0.6606E+00  0.0000E+00   47.87  0.0000E+00
    62.000 -0.6420E+00  0.0000E+00   48.71  0.0000E+00
    63.000 -0.6232E+00  0.0000E+00   49.56  0.0000E+00
    64.000 -0.6041E+00  0.0000E+00   50.40  0.0000E+00
    65.000 -0.5847E+00  0.0000E+00   51.25  0.0000E+00
    66.000 -0.5651E+00  0.0000E+00   52.11  0.0000E+00
    67.000 -0.5452E+00  0.0000E+00   52.96  0.0000E+00
    68.000 -0.5251E+00  0.0000E+00   53.82  0.0000E+00
    69.000 -0.5048E+00  0.0000E+00   54.68  0.0000E+00
    70.000 -0.4842E+00  0.0000E+00   55.55  0.0000E+00
    71.000 -0.4635E+00  0.0000E+00   56.42  0.0000E+00
    72.000 -0.4426E+00  0.0000E+00   57.29  0.0000E+00
    73.000 -0.4215E+00  0.0000E+00   58.17  0.0000E+00
    74.000 -0.4002E+00  0.0000E+00   59.05  0.0000E+00
    75.000 -0.3788E+00  0.0000E+00   59.93  0.0000E+00
    76.000 -0.3573E+00  0.0000E+00   60.82  0.0000E+00
    77.000 -0.3356E+00  0.0000E+00   61.71  0.0000E+00
    78.000 -0.3138E+00  0.0000E+00   62.60  0.0000E+00
    79.000 -0.2918E+00  0.0000E+00   63.50  0.0000E+00
    80.000 -0.2698E+00  0.0000E+00   64.40  0.0000E+00
    81.000 -0.2477E+00  0.0000E+00   65.30  0.0000E+00
    82.000 -0.2255E+00  0.0000E+00   66.21  0.0000E+00
    83.000 -0.2032E+00  0.0000E+00   67.12  0.0000E+00
    84.000 -0.1808E+00  0.0000E+00   68.04  0.0000E+00
    85.000 -0.1584E+00  0.0000E+00   68.96  0.0000E+00
    86.000 -0.1359E+00  0.0000E+00   69.89  0.0000E+00
    87.000 -0.1134E+00  0.0000E+00   70.82  0.0000E+00
    88.000 -0.9078E-01  0.0000E+00   71.75  0.0000E+00
    89.000 -0.6818E-01  0.0000E+00   72.69  0.0000E+00
    90.000 -0.4555E-01  0.0000E+00   73.63  0.0000E+00
    91.000 -0.2290E-01  0.0000E+00   74.58  0.0000E+00
    92.000 -0.2427E-03  0.0000E+00   75.53  0.0000E+00
    93.000  0.2242E-01  0.0000E+00   76.48  0.0000E+00
    94.000  0.4507E-01  0.0000E+00   77.44  0.0000E+00
    95.000  0.6771E-01  0.0000E+00   78.41  0.0000E+00
    96.000  0.9033E-01  0.0000E+00   79.38  0.0000E+00
    97.000  0.1129E+00  0.0000E+00   80.35  0.0000E+00
    98.000  0.1355E+00  0.0000E+00   81.33  0.0000E+00
    99.000  0.1580E+00  0.0000E+00   82.32  0.0000E+00
   100.000  0.1805E+00  0.0000E+00   83.31  0.0000E+00
   101.000  0.2029E+00  0.0000E+00   84.30  0.0000E+00
   102.000  0.2252E+00  0.0000E+00   85.30  0.0000E+00
   103.000  0.2474E+00  0.0000E+00   86.30  0.0000E+00
   104.000  0.2696E+00  0.0000E+00   87.31  0.0000E+00
   105.000  0.2917E+00  0.0000E+00   88.33  0.0000E+00
   106.000  0.3136E+00  0.0000E+00   89.35  0.0000E+00
   107.000  0.3355E+00  0.0000E+00   90.37  0.0000E+00
   108.000  0.3572E+00  0.0000E+00   91.40  0.0000E+00
   109.000  0.3788E+00  0.0000E+00   92.44  0.0000E+00
   110.000  0.4002E+00  0.0000E+00   93.48  0.0000E+00
   111.000  0.4215E+00  0.0000E+00   94.53  0.0000E+00
   112.000  0.4425E+00  0.0000E+00   95.58  0.0000E+00
   113.000  0.4634E+00  0.0000E+00   96.64  0.0000E+00
   114.000  0.4841E+00  0.0000E+00   97.70  0.0000E+00
   115.000  0.5045E+00  0.0000E+00   98.77  0.0000E+00
   116.000  0.5247E+00  0.0000E+00   99.85  0.0000E+00
   117.000  0.5446E+00  0.0000E+00  100.93  0.0000E+00
   118.000  0.5643E+00  0.0000E+00  102.01  0.0000E+00
   119.000  0.5836E+00  0.0000E+00  103.11  0.0000E+00
   120.000  0.6026E+00  0.0000E+00  104.21  0.0000E+00
   121.000  0.6213E+00  0.0000E+00  105.31  0.0000E+00
   122.000  0.6396E+00  0.0000E+00  106.42  0.0000E+00
   123.000  0.6575E+00  0.0000E+00  107.54  0.0000E+00
   124.000  0.6749E+00  0.0000E+00  108.66  0.0000E+00
   125.000  0.6919E+00  0.0000E+00  109.79  0.0000E+00
   126.000  0.7085E+00  0.0000E+00  110.92  0.0000E+00
   127.000  0.7245E+00  0.0000E+00  112.06  0.0000E+00
   128.000  0.7399E+00  0.0000E+00  113.21  0.0000E+00
   129.000  0.7548E+00  0.0000E+00  114.36  0.0000E+00
   130.000  0.7691E+00  0.0000E+00  115.52  0.0000E+00
   131.000  0.7827E+00  0.0000E+00  116.69  0.0000E+00
   132.000  0.7956E+00  0.0000E+00  117.86  0.0000E+00
   133.000  0.8077E+00  0.0000E+00  119.03  0.0000E+00
   134.000  0.8191E+00  0.0000E+00  120.22  0.0000E+00
   135.000  0.8297E+00  0.0000E+00  121.41  0.0000E+00
   136.000  0.8394E+00  0.0000E+00  122.60  0.0000E+00
   137.000  0.8483E+00  0.0000E+00  123.80  0.0000E+00
   138.000  0.8562E+00  0.0000E+00  125.01  0.0000E+00
   139.000  0.8631E+00  0.0000E+00  126.22  0.0000E+00
   140.000  0.8689E+00  0.0000E+00  127.44  0.0000E+00
   141.000  0.8737E+00  0.0000E+00  128.67  0.0000E+00
   142.000  0.8774E+00  0.0000E+00  129.90  0.0000E+00
   143.000  0.8798E+00  0.0000E+00  131.13  0.0000E+00
   144.000  0.8811E+00  0.0000E+00  132.38  0.0000E+00
   145.000  0.8811E+00  0.0000E+00  133.62  0.0000E+00
   146.000  0.8799E+00  0.0000E+00  134.88  0.0000E+00
   147.000  0.8773E+00  0.0000E+00  136.14  0.0000E+00
   148.000  0.8733E+00  0.0000E+00  137.40  0.0000E+00
   149.000  0.8679E+00  0.0000E+00  138.67  0.0000E+00
   150.000  0.8610E+00  0.0000E+00  139.95  0.0000E+00
   151.000  0.8527E+00  0.0000E+00  141.23  0.0000E+00
   152.000  0.8428E+00  0.0000E+00  142.51  0.0000E+00
   153.000  0.8315E+00  0.0000E+00  143.80  0.0000E+00
   154.000  0.8185E+00  0.0000E+00  145.10  0.0000E+00
   155.000  0.8040E+00  0.0000E+00  146.40  0.0000E+00
   156.000  0.7879E+00  0.0000E+00  147.70  0.0000E+00
   157.000  0.7703E+00  0.0000E+00  149.01  0.0000E+00
   158.000  0.7510E+00  0.0000E+00  150.33  0.0000E+00
   159.000  0.7302E+00  0.0000E+00  151.65  0.0000E+00
   160.000  0.7077E+00  0.0000E+00  152.97  0.0000E+00
   161.000  0.6838E+00  0.0000E+00  154.29  0.0000E+00
   162.000  0.6582E+00  0.0000E+00  155.62  0.0000E+00
   163.000  0.6312E+00  0.0000E+00  156.96  0.0000E+00
   164.000  0.6027E+00  0.0000E+00  158.29  0.0000E+00
   165.000  0.5728E+00  0.0000E+00  159.63  0.0000E+00
   166.000  0.5415E+00  0.0000E+00  160.98  0.0000E+00
   167.000  0.5088E+00  0.0000E+00  162.32  0.0000E+00
   168.000  0.4749E+00  0.0000E+00  163.67  0.0000E+00
   169.000  0.4398E+00  0.0000E+00  165.02  0.0000E+00
   170.000  0.4036E+00  0.0000E+00  166.38  0.0000E+00
   171.000  0.3663E+00  0.0000E+00  167.73  0.0000E+00
   172.000  0.3281E+00  0.0000E+00  169.09  0.0000E+00
   173.000  0.2891E+00  0.0000E+00  170.45  0.0000E+00
   174.000  0.2492E+00  0.0000E+00  171.81  0.0000E+00
   175.000  0.2087E+00  0.0000E+00  173.18  0.0000E+00
   176.000  0.1677E+00  0.0000E+00  174.54  0.0000E+00
   177.000  0.1262E+00  0.0000E+00  175.90  0.0000E+00
   178.000  0.8431E-01  0.0000E+00  177.27  0.0000E+00
   179.000  0.4223E-01  0.0000E+00  178.63  0.0000E+00
   180.000  0.2989E-04  0.0000E+00  180.00  0.0000E+00
