     0.000  0.0000E+00  0.0000E+00    0.00  0.0000E+00
     1.000 -0.5203E-01  0.0000E+00    0.75  0.0000E+00
     2.000 -0.1039E+00  0.0000E+00    1.51  0.0000E+00
     3.000 -0.1553E+00  0.0000E+00    2.26  0.0000E+00
     4.000 -0.2061E+00  0.0000E+00    3.02  0.0000E+00
     5.000 -0.2561E+00  0.0000E+00    3.77  0.0000E+00
     6.000 -0.3051E+00  0.0000E+00    4.53  0.0000E+00
     7.000 -0.3529E+00  0.0000E+00    5.29  0.0000E+00
     8.000 -0.3994E+00  0.0000E+00    6.04  0.0000E+00
     9.000 -0.4445E+00  0.0000E+00    6.80  0.0000E+00
    10.000 -0.4880E+00  0.0000E+00    7.56  0.0000E+00
    11.000 -0.5297E+00  0.0000E+00    8.31  0.0000E+00
    12.000 -0.5697E+00  0.0000E+00    9.07  0.0000E+00
    13.000 -0.6077E+00  0.0000E+00    9.83  0.0000E+00
    14.000 -0.6438E+00  0.0000E+00   10.59  0.0000E+00
    15.000 -0.6779E+00  0.0000E+00   11.35  0.0000E+00
    16.000 -0.7100E+00  0.0000E+00   12.11  0.0000E+00
    17.000 -0.7400E+00  0.0000E+00   12.87  0.0000E+00
    18.000 -0.7679E+00  0.0000E+00   13.63  0.0000E+00
    19.000 -0.7937E+00  0.0000E+00   14.39  0.0000E+00
    20.000 -0.8175E+00  0.0000E+00   15.15  0.0000E+00
    21.000 -0.8393E+00  0.0000E+00   15.92  0.0000E+00
    22.000 -0.8591E+00  0.0000E+00   16.68  0.0000E+00
    23.000 -0.8769E+00  0.0000E+00   17.45  0.0000E+00
    24.000 -0.8928E+00  0.0000E+00   18.21  0.0000E+00
    25.000 -0.9068E+00  0.0000E+00   18.98  0.0000E+00
    26.000 -0.9191E+00  0.0000E+00   19.75  0.0000E+00
    27.000 -0.9296E+00  0.0000E+00   20.52  0.0000E+00
    28.000 -0.9384E+00  0.0000E+00   21.29  0.0000E+00
    29.000 -0.9456E+00  0.0000E+00   22.06  0.0000E+00
    30.000 -0.9513E+00  0.0000E+00   22.84  0.0000E+00
    31.000 -0.9555E+00  0.0000E+00   23.61  0.0000E+00
    32.000 -0.9583E+00  0.0000E+00   24.39  0.0000E+00
    33.000 -0.9597E+00  0.0000E+00   25.17  0.0000E+00
    34.000 -0.9599E+00  0.0000E+00   25.95  0.0000E+00
    35.000 -0.9588E+00  0.0000E+00   26.73  0.0000E+00
    36.000 -0.9565E+00  0.0000E+00   27.51  0.0000E+00
    37.000 -0.9532E+00  0.0000E+00   28.29  0.0000E+00
    38.000 -0.9488E+00  0.0000E+00   29.08  0.0000E+00
    39.000 -0.9434E+00  0.0000E+00   29.87  0.0000E+00
    40.000 -0.9370E+00  0.0000E+00   30.66  0.0000E+00
    41.000 -0.9298E+00  0.0000E+00   31.45  0.0000E+00
    42.000 -0.9217E+00  0.0000E+00   32.24  0.0000E+00
    43.000 -0.9128E+00  0.0000E+00   33.03  0.0000E+00
    44.000 -0.9031E+00  0.0000E+00   33.83  0.0000E+00
    45.000 -0.8927E+00  0.0000E+00   34.63  0.0000E+00
    46.000 -0.8817E+00  0.0000E+00   35.43  0.0000E+00
    47.000 -0.8700E+00  0.0000E+00   36.23  0.0000E+00
    48.000 -0.8577E+00  0.0000E+00   37.04  0.0000E+00
    49.000 -0.8448E+00  0.0000E+00   37.84  0.0000E+00
    50.000 -0.8314E+00  0.0000E+00   38.65  0.0000E+00
    51.000 -0.8174E+00  0.0000E+00   39.46  0.0000E+00
    52.000 -0.8030E+00  0.0000E+00   40.28  0.0000E+00
    53.000 -0.7881E+00  0.0000E+00   41.09  0.0000E+00
    54.000 -0.7727E+00  0.0000E+00   41.91  0.0000E+00
    55.000 -0.7570E+00  0.0000E+00   42.73  0.0000E+00
    56.000 -0.7408E+00  0.0000E+00   43.56  0.0000E+00
    57.000 -0.7243E+00  0.0000E+00   44.38  0.0000E+00
    58.000 -0.7074E+00  0.0000E+00   45.21  0.0000E+00
    59.000 -0.6902E+00  0.0000E+00   46.04  0.0000E+00
    60.000 -0.6726E+00  0.0000E+00   46.87  0.0000E+00
    61.000 -0.6548E+00  0.0000E+00   47.71  0.0000E+00
    62.000 -0.6367E+00  0.0000E+00   48.55  0.0000E+00
    63.000 -0.6183E+00  0.0000E+00   49.39  0.0000E+00
    64.000 -0.5996E+00  0.0000E+00   50.24  0.0000E+00
    65.000 -0.5808E+00  0.0000E+00   51.09  0.0000E+00
    66.000 -0.5616E+00  0.0000E+00   51.94  0.0000E+00
    67.000 -0.5423E+00  0.0000E+00   52.79  0.0000E+00
    68.000 -0.5228E+00  0.0000E+00   53.65  0.0000E+00
    69.000 -0.5030E+00  0.0000E+00   54.51  0.0000E+00
    70.000 -0.4831E+00  0.0000E+00   55.38  0.0000E+00
    71.000 -0.4630E+00  0.0000E+00   56.25  0.0000E+00
    72.000 -0.4428E+00  0.0000E+00   57.12  0.0000E+00
    73.000 -0.4224E+00  0.0000E+00   57.99  0.0000E+00
    74.000 -0.4018E+00  0.0000E+00   58.87  0.0000E+00
    75.000 -0.3811E+00  0.0000E+00   59.75  0.0000E+00
    76.000 -0.3603E+00  0.0000E+00   60.64  0.0000E+00
    77.000 -0.3394E+00  0.0000E+00   61.52  0.0000E+00
    78.000 -0.3183E+00  0.0000E+00   62.42  0.0000E+00
    79.000 -0.2972E+00  0.0000E+00   63.31  0.0000E+00
    80.000 -0.2760E+00  0.0000E+00   64.21  0.0000E+00
    81.000 -0.2547E+00  0.0000E+00   65.12  0.0000E+00
    82.000 -0.2333E+00  0.0000E+00   66.03  0.0000E+00
    83.000 -0.2118E+00  0.0000E+00   66.94  0.0000E+00
    84.000 -0.1903E+00  0.0000E+00   67.85  0.0000E+00
    85.000 -0.1687E+00  0.0000E+00   68.77  0.0000E+00
    86.000 -0.1470E+00  0.0000E+00   69.70  0.0000E+00
    87.000 -0.1253E+00  0.0000E+00   70.63  0.0000E+00
    88.000 -0.1036E+00  0.0000E+00   71.56  0.0000E+00
    89.000 -0.8185E-01  0.0000E+00   72.50  0.0000E+00
    90.000 -0.6006E-01  0.0000E+00   73.44  0.0000E+00
    91.000 -0.3825E-01  0.0000E+00   74.39  0.0000E+00
    92.000 -0.1642E-01  0.0000E+00   75.34  0.0000E+00
    93.000  0.5414E-02  0.0000E+00   76.29  0.0000E+00
    94.000  0.2725E-01  0.0000E+00   77.25  0.0000E+00
    95.000  0.4909E-01  0.0000E+00   78.22  0.0000E+00
    96.000  0.7092E-01  0.0000E+00   79.19  0.0000E+00
    97.000  0.9273E-01  0.0000E+00   80.16  0.0000E+00
    98.000  0.1145E+00  0.0000E+00   81.14  0.0000E+00
    99.000  0.1363E+00  0.0000E+00   82.12  0.0000E+00
   100.000  0.1580E+00  0.0000E+00   83.11  0.0000E+00
   101.000  0.1797E+00  0.0000E+00   84.11  0.0000E+00
   102.000  0.2014E+00  0.0000E+00   85.11  0.0000E+00
   103.000  0.2230E+00  0.0000E+00   86.11  0.0000E+00
   104.000  0.2445E+00  0.0000E+00   87.12  0.0000E+00
   105.000  0.2660E+00  0.0000E+00   88.14  0.0000E+00
   106.000  0.2874E+00  0.0000E+00   89.16  0.0000E+00
   107.000  0.3087E+00  0.0000E+00   90.18  0.0000E+00
   108.000  0.3299E+00  0.0000E+00   91.21  0.0000E+00
   109.000  0.3510E+00  0.0000E+00   92.25  0.0000E+00
   110.000  0.3719E+00  0.0000E+00   93.29  0.0000E+00
   111.000  0.3928E+00  0.0000E+00   94.34  0.0000E+00
   112.000  0.4135E+00  0.0000E+00   95.39  0.0000E+00
   113.000  0.4341E+00  0.0000E+00   96.45  0.0000E+00
   114.000  0.4545E+00  0.0000E+00   97.52  0.0000E+00
   115.000  0.4747E+00  0.0000E+00   98.59  0.0000E+00
   116.000  0.4947E+00  0.0000E+00   99.66  0.0000E+00
   117.000  0.5145E+00  0.0000E+00  100.75  0.0000E+00
   118.000  0.5341E+00  0.0000E+00  101.83  0.0000E+00
   119.000  0.5534E+00  0.0000E+00  102.93  0.0000E+00
   120.000  0.5725E+00  0.0000E+00  104.03  0.0000E+00
   121.000  0.5913E+00  0.0000E+00  105.13  0.0000E+00
   122.000  0.6097E+00  0.0000E+00  106.25  0.0000E+00
   123.000  0.6278E+00  0.0000E+00  107.36  0.0000E+00
   124.000  0.6456E+00  0.0000E+00  108.49  0.0000E+00
   125.000  0.6630E+00  0.0000E+00  109.62  0.0000E+00
   126.000  0.6799E+00  0.0000E+00  110.75  0.0000E+00
   127.000  0.6964E+00  0.0000E+00  111.90  0.0000E+00
   128.000  0.7125E+00  0.0000E+00  113.05  0.0000E+00
   129.000  0.7280E+00  0.0000E+00  114.20  0.0000E+00
   130.000  0.7429E+00  0.0000E+00  115.36  0.0000E+00
   131.000  0.7573E+00  0.0000E+00  116.53  0.0000E+00
   132.000  0.7711E+00  0.0000E+00  117.70  0.0000E+00
   133.000  0.7841E+00  0.0000E+00  118.88  0.0000E+00
   134.000  0.7965E+00  0.0000E+00  120.06  0.0000E+00
   135.000  0.8082E+00  0.0000E+00  121.26  0.0000E+00
   136.000  0.8190E+00  0.0000E+00  122.45  0.0000E+00
   137.000  0.8290E+00  0.0000E+00  123.66  0.0000E+00
   138.000  0.8382E+00  0.0000E+00  124.87  0.0000E+00
   139.000  0.8464E+00  0.0000E+00  126.08  0.0000E+00
   140.000  0.8536E+00  0.0000E+00  127.30  0.0000E+00
   141.000  0.8598E+00  0.0000E+00  128.53  0.0000E+00
   142.000  0.8649E+00  0.0000E+00  129.76  0.0000E+00
   143.000  0.8689E+00  0.0000E+00  131.00  0.0000E+00
   144.000  0.8717E+00  0.0000E+00  132.25  0.0000E+00
   145.000  0.8732E+00  0.0000E+00  133.50  0.0000E+00
   146.000  0.8735E+00  0.0000E+00  134.76  0.0000E+00
   147.000  0.8725E+00  0.0000E+00  136.02  0.0000E+00
   148.000  0.8701E+00  0.0000E+00  137.29  0.0000E+00
   149.000  0.8663E+00  0.0000E+00  138.56  0.0000E+00
   150.000  0.8609E+00  0.0000E+00  139.84  0.0000E+00
   151.000  0.8541E+00  0.0000E+00  141.12  0.0000E+00
   152.000  0.8458E+00  0.0000E+00  142.41  0.0000E+00
   153.000  0.8358E+00  0.0000E+00  143.70  0.0000E+00
   154.000  0.8243E+00  0.0000E+00  145.00  0.0000E+00
   155.000  0.8111E+00  0.0000E+00  146.31  0.0000E+00
   156.000  0.7962E+00  0.0000E+00  147.62  0.0000E+00
   157.000  0.7797E+00  0.0000E+00  148.93  0.0000E+00
   158.000  0.7614E+00  0.0000E+00  150.25  0.0000E+00
   159.000  0.7415E+00  0.0000E+00  151.57  0.0000E+00
   160.000  0.7199E+00  0.0000E+00  152.89  0.0000E+00
   161.000  0.6966E+00  0.0000E+00  154.22  0.0000E+00
   162.000  0.6716E+00  0.0000E+00  155.56  0.0000E+00
   163.000  0.6449E+00  0.0000E+00  156.89  0.0000E+00
   164.000  0.6167E+00  0.0000E+00  158.23  0.0000E+00
   165.000  0.5868E+00  0.0000E+00  159.58  0.0000E+00
   166.000  0.5555E+00  0.0000E+00  160.92  0.0000E+00
   167.000  0.5226E+00  0.0000E+00  162.27  0.0000E+00
   168.000  0.4883E+00  0.0000E+00  163.63  0.0000E+00
   169.000  0.4527E+00  0.0000E+00  164.98  0.0000E+00
   170.000  0.4159E+00  0.0000E+00  166.34  0.0000E+00
   171.000  0.3778E+00  0.0000E+00  167.70  0.0000E+00
   172.000  0.3387E+00  0.0000E+00  169.06  0.0000E+00
   173.000  0.2986E+00  0.0000E+00  170.42  0.0000E+00
   174.000  0.2576E+00  0.0000E+00  171.79  0.0000E+00
   175.000  0.2159E+00  0.0000E+00  173.16  0.0000E+00
   176.000  0.1735E+00  0.0000E+00  174.52  0.0000E+00
   177.000  0.1306E+00  0.0000E+00  175.89  0.0000E+00
   178.000  0.8728E-01  0.0000E+00  177.26  0.0000E+00
   179.000  0.4373E-01  0.0000E+00  178.63  0.0000E+00
   180.000  0.3191E-04  0.0000E+00  180.00  0.0000E+00
