     0.000  0.0000E+00  0.0000E+00    0.00  0.0000E+00
     1.000 -0.5243E-01  0.0000E+00    0.75  0.0000E+00
     2.000 -0.1046E+00  0.0000E+00    1.50  0.0000E+00
     3.000 -0.1564E+00  0.0000E+00    2.26  0.0000E+00
     4.000 -0.2076E+00  0.0000E+00    3.01  0.0000E+00
     5.000 -0.2579E+00  0.0000E+00    3.76  0.0000E+00
     6.000 -0.3072E+00  0.0000E+00    4.51  0.0000E+00
     7.000 -0.3554E+00  0.0000E+00    5.26  0.0000E+00
     8.000 -0.4021E+00  0.0000E+00    6.02  0.0000E+00
     9.000 -0.4474E+00  0.0000E+00    6.77  0.0000E+00
    10.000 -0.4910E+00  0.0000E+00    7.52  0.0000E+00
    11.000 -0.5329E+00  0.0000E+00    8.28  0.0000E+00
    12.000 -0.5729E+00  0.0000E+00    9.03  0.0000E+00
    13.000 -0.6109E+00  0.0000E+00    9.79  0.0000E+00
    14.000 -0.6470E+00  0.0000E+00   10.54  0.0000E+00
    15.000 -0.6810E+00  0.0000E+00   11.30  0.0000E+00
    16.000 -0.7129E+00  0.0000E+00   12.06  0.0000E+00
    17.000 -0.7427E+00  0.0000E+00   12.81  0.0000E+00
    18.000 -0.7704E+00  0.0000E+00   13.57  0.0000E+00
    19.000 -0.7960E+00  0.0000E+00   14.33  0.0000E+00
    20.000 -0.8195E+00  0.0000E+00   15.09  0.0000E+00
    21.000 -0.8409E+00  0.0000E+00   15.85  0.0000E+00
    22.000 -0.8603E+00  0.0000E+00   16.61  0.0000E+00
    23.000 -0.8777E+00  0.0000E+00   17.38  0.0000E+00
    24.000 -0.8932E+00  0.0000E+00   18.14  0.0000E+00
    25.000 -0.9068E+00  0.0000E+00   18.91  0.0000E+00
    26.000 -0.9186E+00  0.0000E+00   19.67  0.0000E+00
    27.000 -0.9286E+00  0.0000E+00   20.44  0.0000E+00
    28.000 -0.9370E+00  0.0000E+00   21.21  0.0000E+00
    29.000 -0.9437E+00  0.0000E+00   21.98  0.0000E+00
    30.000 -0.9489E+00  0.0000E+00   22.75  0.0000E+00
    31.000 -0.9526E+00  0.0000E+00   23.52  0.0000E+00
    32.000 -0.9549E+00  0.0000E+00   24.29  0.0000E+00
    33.000 -0.9559E+00  0.0000E+00   25.07  0.0000E+00
    34.000 -0.9556E+00  0.0000E+00   25.84  0.0000E+00
    35.000 -0.9540E+00  0.0000E+00   26.62  0.0000E+00
    36.000 -0.9513E+00  0.0000E+00   27.40  0.0000E+00
    37.000 -0.9476E+00  0.0000E+00   28.18  0.0000E+00
    38.000 -0.9427E+00  0.0000E+00   28.97  0.0000E+00
    39.000 -0.9370E+00  0.0000E+00   29.75  0.0000E+00
    40.000 -0.9302E+00  0.0000E+00   30.54  0.0000E+00
    41.000 -0.9226E+00  0.0000E+00   31.32  0.0000E+00
    42.000 -0.9142E+00  0.0000E+00   32.11  0.0000E+00
    43.000 -0.9051E+00  0.0000E+00   32.91  0.0000E+00
    44.000 -0.8951E+00  0.0000E+00   33.70  0.0000E+00
    45.000 -0.8845E+00  0.0000E+00   34.50  0.0000E+00
    46.000 -0.8733E+00  0.0000E+00   35.29  0.0000E+00
    47.000 -0.8614E+00  0.0000E+00   36.09  0.0000E+00
    48.000 -0.8489E+00  0.0000E+00   36.90  0.0000E+00
    49.000 -0.8359E+00  0.0000E+00   37.70  0.0000E+00
    50.000 -0.8224E+00  0.0000E+00   38.51  0.0000E+00
    51.000 -0.8084E+00  0.0000E+00   39.32  0.0000E+00
    52.000 -0.7940E+00  0.0000E+00   40.13  0.0000E+00
    53.000 -0.7791E+00  0.0000E+00   40.94  0.0000E+00
    54.000 -0.7638E+00  0.0000E+00   41.76  0.0000E+00
    55.000 -0.7481E+00  0.0000E+00   42.58  0.0000E+00
    56.000 -0.7321E+00  0.0000E+00   43.40  0.0000E+00
    57.000 -0.7157E+00  0.0000E+00   44.22  0.0000E+00
    58.000 -0.6990E+00  0.0000E+00   45.05  0.0000E+00
    59.000 -0.6821E+00  0.0000E+00   45.88  0.0000E+00
    60.000 -0.6648E+00  0.0000E+00   46.71  0.0000E+00
    61.000 -0.6472E+00  0.0000E+00   47.54  0.0000E+00
    62.000 -0.6294E+00  0.0000E+00   48.38  0.0000E+00
    63.000 -0.6114E+00  0.0000E+00   49.22  0.0000E+00
    64.000 -0.5931E+00  0.0000E+00   50.07  0.0000E+00
    65.000 -0.5746E+00  0.0000E+00   50.91  0.0000E+00
    66.000 -0.5559E+00  0.0000E+00   51.76  0.0000E+00
    67.000 -0.5371E+00  0.0000E+00   52.61  0.0000E+00
    68.000 -0.5180E+00  0.0000E+00   53.47  0.0000E+00
    69.000 -0.4988E+00  0.0000E+00   54.33  0.0000E+00
    70.000 -0.4794E+00  0.0000E+00   55.19  0.0000E+00
    71.000 -0.4599E+00  0.0000E+00   56.06  0.0000E+00
    72.000 -0.4403E+00  0.0000E+00   56.93  0.0000E+00
    73.000 -0.4205E+00  0.0000E+00   57.80  0.0000E+00
    74.000 -0.4005E+00  0.0000E+00   58.68  0.0000E+00
    75.000 -0.3805E+00  0.0000E+00   59.56  0.0000E+00
    76.000 -0.3604E+00  0.0000E+00   60.44  0.0000E+00
    77.000 -0.3402E+00  0.0000E+00   61.33  0.0000E+00
    78.000 -0.3198E+00  0.0000E+00   62.22  0.0000E+00
    79.000 -0.2994E+00  0.0000E+00   63.12  0.0000E+00
    80.000 -0.2789E+00  0.0000E+00   64.01  0.0000E+00
    81.000 -0.2584E+00  0.0000E+00   64.92  0.0000E+00
    82.000 -0.2377E+00  0.0000E+00   65.82  0.0000E+00
    83.000 -0.2170E+00  0.0000E+00   66.74  0.0000E+00
    84.000 -0.1963E+00  0.0000E+00   67.65  0.0000E+00
    85.000 -0.1755E+00  0.0000E+00   68.57  0.0000E+00
    86.000 -0.1546E+00  0.0000E+00   69.49  0.0000E+00
    87.000 -0.1338E+00  0.0000E+00   70.42  0.0000E+00
    88.000 -0.1128E+00  0.0000E+00   71.35  0.0000E+00
    89.000 -0.9187E-01  0.0000E+00   72.29  0.0000E+00
    90.000 -0.7089E-01  0.0000E+00   73.23  0.0000E+00
    91.000 -0.4989E-01  0.0000E+00   74.18  0.0000E+00
    92.000 -0.2886E-01  0.0000E+00   75.13  0.0000E+00
    93.000 -0.7828E-02  0.0000E+00   76.08  0.0000E+00
    94.000  0.1322E-01  0.0000E+00   77.04  0.0000E+00
    95.000  0.3426E-01  0.0000E+00   78.01  0.0000E+00
    96.000  0.5531E-01  0.0000E+00   78.98  0.0000E+00
    97.000  0.7636E-01  0.0000E+00   79.95  0.0000E+00
    98.000  0.9739E-01  0.0000E+00   80.93  0.0000E+00
    99.000  0.1184E+00  0.0000E+00   81.91  0.0000E+00
   100.000  0.1394E+00  0.0000E+00   82.90  0.0000E+00
   101.000  0.1604E+00  0.0000E+00   83.90  0.0000E+00
   102.000  0.1813E+00  0.0000E+00   84.90  0.0000E+00
   103.000  0.2022E+00  0.0000E+00   85.90  0.0000E+00
   104.000  0.2231E+00  0.0000E+00   86.91  0.0000E+00
   105.000  0.2439E+00  0.0000E+00   87.93  0.0000E+00
   106.000  0.2647E+00  0.0000E+00   88.95  0.0000E+00
   107.000  0.2854E+00  0.0000E+00   89.97  0.0000E+00
   108.000  0.3061E+00  0.0000E+00   91.01  0.0000E+00
   109.000  0.3266E+00  0.0000E+00   92.04  0.0000E+00
   110.000  0.3471E+00  0.0000E+00   93.09  0.0000E+00
   111.000  0.3675E+00  0.0000E+00   94.13  0.0000E+00
   112.000  0.3877E+00  0.0000E+00   95.19  0.0000E+00
   113.000  0.4079E+00  0.0000E+00   96.25  0.0000E+00
   114.000  0.4279E+00  0.0000E+00   97.31  0.0000E+00
   115.000  0.4478E+00  0.0000E+00   98.39  0.0000E+00
   116.000  0.4676E+00  0.0000E+00   99.46  0.0000E+00
   117.000  0.4871E+00  0.0000E+00  100.55  0.0000E+00
   118.000  0.5065E+00  0.0000E+00  101.64  0.0000E+00
   119.000  0.5257E+00  0.0000E+00  102.73  0.0000E+00
   120.000  0.5446E+00  0.0000E+00  103.83  0.0000E+00
   121.000  0.5634E+00  0.0000E+00  104.94  0.0000E+00
   122.000  0.5818E+00  0.0000E+00  106.05  0.0000E+00
   123.000  0.6000E+00  0.0000E+00  107.17  0.0000E+00
   124.000  0.6179E+00  0.0000E+00  108.30  0.0000E+00
   125.000  0.6354E+00  0.0000E+00  109.43  0.0000E+00
   126.000  0.6526E+00  0.0000E+00  110.57  0.0000E+00
   127.000  0.6694E+00  0.0000E+00  111.71  0.0000E+00
   128.000  0.6858E+00  0.0000E+00  112.86  0.0000E+00
   129.000  0.7018E+00  0.0000E+00  114.02  0.0000E+00
   130.000  0.7172E+00  0.0000E+00  115.18  0.0000E+00
   131.000  0.7322E+00  0.0000E+00  116.35  0.0000E+00
   132.000  0.7466E+00  0.0000E+00  117.53  0.0000E+00
   133.000  0.7604E+00  0.0000E+00  118.71  0.0000E+00
   134.000  0.7735E+00  0.0000E+00  119.89  0.0000E+00
   135.000  0.7860E+00  0.0000E+00  121.09  0.0000E+00
   136.000  0.7978E+00  0.0000E+00  122.29  0.0000E+00
   137.000  0.8088E+00  0.0000E+00  123.49  0.0000E+00
   138.000  0.8189E+00  0.0000E+00  124.71  0.0000E+00
   139.000  0.8282E+00  0.0000E+00  125.93  0.0000E+00
   140.000  0.8366E+00  0.0000E+00  127.15  0.0000E+00
   141.000  0.8440E+00  0.0000E+00  128.38  0.0000E+00
   142.000  0.8504E+00  0.0000E+00  129.62  0.0000E+00
   143.000  0.8557E+00  0.0000E+00  130.86  0.0000E+00
   144.000  0.8599E+00  0.0000E+00  132.11  0.0000E+00
   145.000  0.8629E+00  0.0000E+00  133.36  0.0000E+00
   146.000  0.8646E+00  0.0000E+00  134.62  0.0000E+00
   147.000  0.8651E+00  0.0000E+00  135.89  0.0000E+00
   148.000  0.8641E+00  0.0000E+00  137.16  0.0000E+00
   149.000  0.8618E+00  0.0000E+00  138.43  0.0000E+00
   150.000  0.8580E+00  0.0000E+00  139.72  0.0000E+00
   151.000  0.8527E+00  0.0000E+00  141.00  0.0000E+00
   152.000  0.8458E+00  0.0000E+00  142.29  0.0000E+00
   153.000  0.8372E+00  0.0000E+00  143.59  0.0000E+00
   154.000  0.8271E+00  0.0000E+00  144.89  0.0000E+00
   155.000  0.8152E+00  0.0000E+00  146.20  0.0000E+00
   156.000  0.8016E+00  0.0000E+00  147.51  0.0000E+00
   157.000  0.7863E+00  0.0000E+00  148.83  0.0000E+00
   158.000  0.7692E+00  0.0000E+00  150.15  0.0000E+00
   159.000  0.7503E+00  0.0000E+00  151.48  0.0000E+00
   160.000  0.7295E+00  0.0000E+00  152.81  0.0000E+00
   161.000  0.7070E+00  0.0000E+00  154.14  0.0000E+00
   162.000  0.6827E+00  0.0000E+00  155.48  0.0000E+00
   163.000  0.6566E+00  0.0000E+00  156.82  0.0000E+00
   164.000  0.6287E+00  0.0000E+00  158.16  0.0000E+00
   165.000  0.5991E+00  0.0000E+00  159.51  0.0000E+00
   166.000  0.5678E+00  0.0000E+00  160.86  0.0000E+00
   167.000  0.5349E+00  0.0000E+00  162.22  0.0000E+00
   168.000  0.5004E+00  0.0000E+00  163.57  0.0000E+00
   169.000  0.4644E+00  0.0000E+00  164.93  0.0000E+00
   170.000  0.4270E+00  0.0000E+00  166.30  0.0000E+00
   171.000  0.3883E+00  0.0000E+00  167.66  0.0000E+00
   172.000  0.3484E+00  0.0000E+00  169.03  0.0000E+00
   173.000  0.3074E+00  0.0000E+00  170.39  0.0000E+00
   174.000  0.2654E+00  0.0000E+00  171.76  0.0000E+00
   175.000  0.2225E+00  0.0000E+00  173.13  0.0000E+00
   176.000  0.1789E+00  0.0000E+00  174.51  0.0000E+00
   177.000  0.1347E+00  0.0000E+00  175.88  0.0000E+00
   178.000  0.9006E-01  0.0000E+00  177.25  0.0000E+00
   179.000  0.4513E-01  0.0000E+00  178.63  0.0000E+00
   180.000  0.3392E-04  0.0000E+00  180.00  0.0000E+00
