     0.000  0.0000E+00  0.0000E+00    0.00  0.0000E+00
     1.000 -0.4895E-02  0.0000E+00    0.75  0.0000E+00
     2.000 -0.9772E-02  0.0000E+00    1.51  0.0000E+00
     3.000 -0.1462E-01  0.0000E+00    2.26  0.0000E+00
     4.000 -0.1941E-01  0.0000E+00    3.02  0.0000E+00
     5.000 -0.2413E-01  0.0000E+00    3.77  0.0000E+00
     6.000 -0.2877E-01  0.0000E+00    4.53  0.0000E+00
     7.000 -0.3332E-01  0.0000E+00    5.29  0.0000E+00
     8.000 -0.3775E-01  0.0000E+00    6.04  0.0000E+00
     9.000 -0.4205E-01  0.0000E+00    6.80  0.0000E+00
    10.000 -0.4622E-01  0.0000E+00    7.56  0.0000E+00
    11.000 -0.5024E-01  0.0000E+00    8.31  0.0000E+00
    12.000 -0.5410E-01  0.0000E+00    9.07  0.0000E+00
    13.000 -0.5780E-01  0.0000E+00    9.83  0.0000E+00
    14.000 -0.6131E-01  0.0000E+00   10.59  0.0000E+00
    15.000 -0.6465E-01  0.0000E+00   11.35  0.0000E+00
    16.000 -0.6779E-01  0.0000E+00   12.11  0.0000E+00
    17.000 -0.7075E-01  0.0000E+00   12.87  0.0000E+00
    18.000 -0.7351E-01  0.0000E+00   13.63  0.0000E+00
    19.000 -0.7606E-01  0.0000E+00   14.39  0.0000E+00
    20.000 -0.7842E-01  0.0000E+00   15.15  0.0000E+00
    21.000 -0.8057E-01  0.0000E+00   15.92  0.0000E+00
    22.000 -0.8251E-01  0.0000E+00   16.68  0.0000E+00
    23.000 -0.8425E-01  0.0000E+00   17.45  0.0000E+00
    24.000 -0.8579E-01  0.0000E+00   18.21  0.0000E+00
    25.000 -0.8712E-01  0.0000E+00   18.98  0.0000E+00
    26.000 -0.8824E-01  0.0000E+00   19.75  0.0000E+00
    27.000 -0.8917E-01  0.0000E+00   20.52  0.0000E+00
    28.000 -0.8989E-01  0.0000E+00   21.29  0.0000E+00
    29.000 -0.9041E-01  0.0000E+00   22.06  0.0000E+00
    30.000 -0.9074E-01  0.0000E+00   22.84  0.0000E+00
    31.000 -0.9086E-01  0.0000E+00   23.61  0.0000E+00
    32.000 -0.9080E-01  0.0000E+00   24.39  0.0000E+00
    33.000 -0.9054E-01  0.0000E+00   25.17  0.0000E+00
    34.000 -0.9009E-01  0.0000E+00   25.95  0.0000E+00
    35.000 -0.8946E-01  0.0000E+00   26.73  0.0000E+00
    36.000 -0.8864E-01  0.0000E+00   27.51  0.0000E+00
    37.000 -0.8764E-01  0.0000E+00   28.29  0.0000E+00
    38.000 -0.8645E-01  0.0000E+00   29.08  0.0000E+00
    39.000 -0.8509E-01  0.0000E+00   29.87  0.0000E+00
    40.000 -0.8356E-01  0.0000E+00   30.66  0.0000E+00
    41.000 -0.8185E-01  0.0000E+00   31.45  0.0000E+00
    42.000 -0.7996E-01  0.0000E+00   32.24  0.0000E+00
    43.000 -0.7791E-01  0.0000E+00   33.03  0.0000E+00
    44.000 -0.7570E-01  0.0000E+00   33.83  0.0000E+00
    45.000 -0.7331E-01  0.0000E+00   34.63  0.0000E+00
    46.000 -0.7077E-01  0.0000E+00   35.43  0.0000E+00
    47.000 -0.6807E-01  0.0000E+00   36.23  0.0000E+00
    48.000 -0.6521E-01  0.0000E+00   37.04  0.0000E+00
    49.000 -0.6219E-01  0.0000E+00   37.84  0.0000E+00
    50.000 -0.5903E-01  0.0000E+00   38.65  0.0000E+00
    51.000 -0.5571E-01  0.0000E+00   39.46  0.0000E+00
    52.000 -0.5225E-01  0.0000E+00   40.28  0.0000E+00
    53.000 -0.4865E-01  0.0000E+00   41.09  0.0000E+00
    54.000 -0.4490E-01  0.0000E+00   41.91  0.0000E+00
    55.000 -0.4102E-01  0.0000E+00   42.73  0.0000E+00
    56.000 -0.3700E-01  0.0000E+00   43.56  0.0000E+00
    57.000 -0.3285E-01  0.0000E+00   44.38  0.0000E+00
    58.000 -0.2857E-01  0.0000E+00   45.21  0.0000E+00
    59.000 -0.2416E-01  0.0000E+00   46.04  0.0000E+00
    60.000 -0.1963E-01  0.0000E+00   46.87  0.0000E+00
    61.000 -0.1499E-01  0.0000E+00   47.71  0.0000E+00
    62.000 -0.1022E-01  0.0000E+00   48.55  0.0000E+00
    63.000 -0.5349E-02  0.0000E+00   49.39  0.0000E+00
    64.000 -0.3653E-03  0.0000E+00   50.24  0.0000E+00
    65.000  0.4724E-02  0.0000E+00   51.09  0.0000E+00
    66.000  0.9914E-02  0.0000E+00   51.94  0.0000E+00
    67.000  0.1520E-01  0.0000E+00   52.79  0.0000E+00
    68.000  0.2059E-01  0.0000E+00   53.65  0.0000E+00
    69.000  0.2606E-01  0.0000E+00   54.51  0.0000E+00
    70.000  0.3162E-01  0.0000E+00   55.38  0.0000E+00
    71.000  0.3726E-01  0.0000E+00   56.25  0.0000E+00
    72.000  0.4299E-01  0.0000E+00   57.12  0.0000E+00
    73.000  0.4879E-01  0.0000E+00   57.99  0.0000E+00
    74.000  0.5466E-01  0.0000E+00   58.87  0.0000E+00
    75.000  0.6060E-01  0.0000E+00   59.75  0.0000E+00
    76.000  0.6660E-01  0.0000E+00   60.64  0.0000E+00
    77.000  0.7267E-01  0.0000E+00   61.52  0.0000E+00
    78.000  0.7879E-01  0.0000E+00   62.42  0.0000E+00
    79.000  0.8497E-01  0.0000E+00   63.31  0.0000E+00
    80.000  0.9119E-01  0.0000E+00   64.21  0.0000E+00
    81.000  0.9747E-01  0.0000E+00   65.12  0.0000E+00
    82.000  0.1038E+00  0.0000E+00   66.03  0.0000E+00
    83.000  0.1101E+00  0.0000E+00   66.94  0.0000E+00
    84.000  0.1165E+00  0.0000E+00   67.85  0.0000E+00
    85.000  0.1230E+00  0.0000E+00   68.77  0.0000E+00
    86.000  0.1294E+00  0.0000E+00   69.70  0.0000E+00
    87.000  0.1359E+00  0.0000E+00   70.63  0.0000E+00
    88.000  0.1424E+00  0.0000E+00   71.56  0.0000E+00
    89.000  0.1490E+00  0.0000E+00   72.50  0.0000E+00
    90.000  0.1555E+00  0.0000E+00   73.44  0.0000E+00
    91.000  0.1621E+00  0.0000E+00   74.39  0.0000E+00
    92.000  0.1687E+00  0.0000E+00   75.34  0.0000E+00
    93.000  0.1753E+00  0.0000E+00   76.29  0.0000E+00
    94.000  0.1819E+00  0.0000E+00   77.25  0.0000E+00
    95.000  0.1885E+00  0.0000E+00   78.22  0.0000E+00
    96.000  0.1951E+00  0.0000E+00   79.19  0.0000E+00
    97.000  0.2018E+00  0.0000E+00   80.16  0.0000E+00
    98.000  0.2084E+00  0.0000E+00   81.14  0.0000E+00
    99.000  0.2150E+00  0.0000E+00   82.12  0.0000E+00
   100.000  0.2216E+00  0.0000E+00   83.11  0.0000E+00
   101.000  0.2282E+00  0.0000E+00   84.11  0.0000E+00
   102.000  0.2348E+00  0.0000E+00   85.11  0.0000E+00
   103.000  0.2414E+00  0.0000E+00   86.11  0.0000E+00
   104.000  0.2480E+00  0.0000E+00   87.12  0.0000E+00
   105.000  0.2545E+00  0.0000E+00   88.14  0.0000E+00
   106.000  0.2611E+00  0.0000E+00   89.16  0.0000E+00
   107.000  0.2676E+00  0.0000E+00   90.18  0.0000E+00
   108.000  0.2741E+00  0.0000E+00   91.21  0.0000E+00
   109.000  0.2805E+00  0.0000E+00   92.25  0.0000E+00
   110.000  0.2869E+00  0.0000E+00   93.29  0.0000E+00
   111.000  0.2933E+00  0.0000E+00   94.34  0.0000E+00
   112.000  0.2996E+00  0.0000E+00   95.39  0.0000E+00
   113.000  0.3059E+00  0.0000E+00   96.45  0.0000E+00
   114.000  0.3122E+00  0.0000E+00   97.52  0.0000E+00
   115.000  0.3184E+00  0.0000E+00   98.59  0.0000E+00
   116.000  0.3245E+00  0.0000E+00   99.66  0.0000E+00
   117.000  0.3305E+00  0.0000E+00  100.75  0.0000E+00
   118.000  0.3365E+00  0.0000E+00  101.83  0.0000E+00
   119.000  0.3424E+00  0.0000E+00  102.93  0.0000E+00
   120.000  0.3482E+00  0.0000E+00  104.03  0.0000E+00
   121.000  0.3539E+00  0.0000E+00  105.13  0.0000E+00
   122.000  0.3595E+00  0.0000E+00  106.25  0.0000E+00
   123.000  0.3650E+00  0.0000E+00  107.36  0.0000E+00
   124.000  0.3704E+00  0.0000E+00  108.49  0.0000E+00
   125.000  0.3756E+00  0.0000E+00  109.62  0.0000E+00
   126.000  0.3807E+00  0.0000E+00  110.75  0.0000E+00
   127.000  0.3856E+00  0.0000E+00  111.90  0.0000E+00
   128.000  0.3903E+00  0.0000E+00  113.05  0.0000E+00
   129.000  0.3948E+00  0.0000E+00  114.20  0.0000E+00
   130.000  0.3992E+00  0.0000E+00  115.36  0.0000E+00
   131.000  0.4033E+00  0.0000E+00  116.53  0.0000E+00
   132.000  0.4072E+00  0.0000E+00  117.70  0.0000E+00
   133.000  0.4109E+00  0.0000E+00  118.88  0.0000E+00
   134.000  0.4142E+00  0.0000E+00  120.06  0.0000E+00
   135.000  0.4173E+00  0.0000E+00  121.26  0.0000E+00
   136.000  0.4201E+00  0.0000E+00  122.45  0.0000E+00
   137.000  0.4225E+00  0.0000E+00  123.66  0.0000E+00
   138.000  0.4246E+00  0.0000E+00  124.87  0.0000E+00
   139.000  0.4264E+00  0.0000E+00  126.08  0.0000E+00
   140.000  0.4277E+00  0.0000E+00  127.30  0.0000E+00
   141.000  0.4287E+00  0.0000E+00  128.53  0.0000E+00
   142.000  0.4292E+00  0.0000E+00  129.76  0.0000E+00
   143.000  0.4292E+00  0.0000E+00  131.00  0.0000E+00
   144.000  0.4288E+00  0.0000E+00  132.25  0.0000E+00
   145.000  0.4278E+00  0.0000E+00  133.50  0.0000E+00
   146.000  0.4264E+00  0.0000E+00  134.76  0.0000E+00
   147.000  0.4243E+00  0.0000E+00  136.02  0.0000E+00
   148.000  0.4218E+00  0.0000E+00  137.29  0.0000E+00
   149.000  0.4186E+00  0.0000E+00  138.56  0.0000E+00
   150.000  0.4148E+00  0.0000E+00  139.84  0.0000E+00
   151.000  0.4104E+00  0.0000E+00  141.12  0.0000E+00
   152.000  0.4053E+00  0.0000E+00  142.41  0.0000E+00
   153.000  0.3995E+00  0.0000E+00  143.70  0.0000E+00
   154.000  0.3931E+00  0.0000E+00  145.00  0.0000E+00
   155.000  0.3860E+00  0.0000E+00  146.31  0.0000E+00
   156.000  0.3782E+00  0.0000E+00  147.62  0.0000E+00
   157.000  0.3696E+00  0.0000E+00  148.93  0.0000E+00
   158.000  0.3603E+00  0.0000E+00  150.25  0.0000E+00
   159.000  0.3503E+00  0.0000E+00  151.57  0.0000E+00
   160.000  0.3396E+00  0.0000E+00  152.89  0.0000E+00
   161.000  0.3281E+00  0.0000E+00  154.22  0.0000E+00
   162.000  0.3160E+00  0.0000E+00  155.56  0.0000E+00
   163.000  0.3031E+00  0.0000E+00  156.89  0.0000E+00
   164.000  0.2895E+00  0.0000E+00  158.23  0.0000E+00
   165.000  0.2752E+00  0.0000E+00  159.58  0.0000E+00
   166.000  0.2602E+00  0.0000E+00  160.92  0.0000E+00
   167.000  0.2446E+00  0.0000E+00  162.27  0.0000E+00
   168.000  0.2284E+00  0.0000E+00  163.63  0.0000E+00
   169.000  0.2116E+00  0.0000E+00  164.98  0.0000E+00
   170.000  0.1942E+00  0.0000E+00  166.34  0.0000E+00
   171.000  0.1764E+00  0.0000E+00  167.70  0.0000E+00
   172.000  0.1580E+00  0.0000E+00  169.06  0.0000E+00
   173.000  0.1393E+00  0.0000E+00  170.42  0.0000E+00
   174.000  0.1201E+00  0.0000E+00  171.79  0.0000E+00
   175.000  0.1006E+00  0.0000E+00  173.16  0.0000E+00
   176.000  0.8083E-01  0.0000E+00  174.52  0.0000E+00
   177.000  0.6083E-01  0.0000E+00  175.89  0.0000E+00
   178.000  0.4065E-01  0.0000E+00  177.26  0.0000E+00
   179.000  0.2037E-01  0.0000E+00  178.63  0.0000E+00
   180.000  0.2431E-04  0.0000E+00  180.00  0.0000E+00
