     0.000  0.0000E+00  0.0000E+00    0.00  0.0000E+00
     1.000 -0.5504E-02  0.0000E+00    0.75  0.0000E+00
     2.000 -0.1099E-01  0.0000E+00    1.50  0.0000E+00
     3.000 -0.1644E-01  0.0000E+00    2.26  0.0000E+00
     4.000 -0.2183E-01  0.0000E+00    3.01  0.0000E+00
     5.000 -0.2716E-01  0.0000E+00    3.76  0.0000E+00
     6.000 -0.3239E-01  0.0000E+00    4.51  0.0000E+00
     7.000 -0.3752E-01  0.0000E+00    5.26  0.0000E+00
     8.000 -0.4253E-01  0.0000E+00    6.02  0.0000E+00
     9.000 -0.4741E-01  0.0000E+00    6.77  0.0000E+00
    10.000 -0.5214E-01  0.0000E+00    7.52  0.0000E+00
    11.000 -0.5672E-01  0.0000E+00    8.28  0.0000E+00
    12.000 -0.6112E-01  0.0000E+00    9.03  0.0000E+00
    13.000 -0.6535E-01  0.0000E+00    9.79  0.0000E+00
    14.000 -0.6940E-01  0.0000E+00   10.54  0.0000E+00
    15.000 -0.7324E-01  0.0000E+00   11.30  0.0000E+00
    16.000 -0.7689E-01  0.0000E+00   12.06  0.0000E+00
    17.000 -0.8034E-01  0.0000E+00   12.81  0.0000E+00
    18.000 -0.8357E-01  0.0000E+00   13.57  0.0000E+00
    19.000 -0.8659E-01  0.0000E+00   14.33  0.0000E+00
    20.000 -0.8940E-01  0.0000E+00   15.09  0.0000E+00
    21.000 -0.9199E-01  0.0000E+00   15.85  0.0000E+00
    22.000 -0.9436E-01  0.0000E+00   16.61  0.0000E+00
    23.000 -0.9652E-01  0.0000E+00   17.38  0.0000E+00
    24.000 -0.9846E-01  0.0000E+00   18.14  0.0000E+00
    25.000 -0.1002E+00  0.0000E+00   18.91  0.0000E+00
    26.000 -0.1017E+00  0.0000E+00   19.67  0.0000E+00
    27.000 -0.1030E+00  0.0000E+00   20.44  0.0000E+00
    28.000 -0.1040E+00  0.0000E+00   21.21  0.0000E+00
    29.000 -0.1049E+00  0.0000E+00   21.98  0.0000E+00
    30.000 -0.1056E+00  0.0000E+00   22.75  0.0000E+00
    31.000 -0.1060E+00  0.0000E+00   23.52  0.0000E+00
    32.000 -0.1062E+00  0.0000E+00   24.29  0.0000E+00
    33.000 -0.1063E+00  0.0000E+00   25.07  0.0000E+00
    34.000 -0.1061E+00  0.0000E+00   25.84  0.0000E+00
    35.000 -0.1057E+00  0.0000E+00   26.62  0.0000E+00
    36.000 -0.1052E+00  0.0000E+00   27.40  0.0000E+00
    37.000 -0.1044E+00  0.0000E+00   28.18  0.0000E+00
    38.000 -0.1035E+00  0.0000E+00   28.97  0.0000E+00
    39.000 -0.1023E+00  0.0000E+00   29.75  0.0000E+00
    40.000 -0.1010E+00  0.0000E+00   30.54  0.0000E+00
    41.000 -0.9949E-01  0.0000E+00   31.32  0.0000E+00
    42.000 -0.9780E-01  0.0000E+00   32.11  0.0000E+00
    43.000 -0.9593E-01  0.0000E+00   32.91  0.0000E+00
    44.000 -0.9388E-01  0.0000E+00   33.70  0.0000E+00
    45.000 -0.9166E-01  0.0000E+00   34.50  0.0000E+00
    46.000 -0.8926E-01  0.0000E+00   35.29  0.0000E+00
    47.000 -0.8670E-01  0.0000E+00   36.09  0.0000E+00
    48.000 -0.8397E-01  0.0000E+00   36.90  0.0000E+00
    49.000 -0.8108E-01  0.0000E+00   37.70  0.0000E+00
    50.000 -0.7803E-01  0.0000E+00   38.51  0.0000E+00
    51.000 -0.7482E-01  0.0000E+00   39.32  0.0000E+00
    52.000 -0.7145E-01  0.0000E+00   40.13  0.0000E+00
    53.000 -0.6794E-01  0.0000E+00   40.94  0.0000E+00
    54.000 -0.6427E-01  0.0000E+00   41.76  0.0000E+00
    55.000 -0.6046E-01  0.0000E+00   42.58  0.0000E+00
    56.000 -0.5651E-01  0.0000E+00   43.40  0.0000E+00
    57.000 -0.5242E-01  0.0000E+00   44.22  0.0000E+00
    58.000 -0.4819E-01  0.0000E+00   45.05  0.0000E+00
    59.000 -0.4383E-01  0.0000E+00   45.88  0.0000E+00
    60.000 -0.3934E-01  0.0000E+00   46.71  0.0000E+00
    61.000 -0.3473E-01  0.0000E+00   47.54  0.0000E+00
    62.000 -0.2999E-01  0.0000E+00   48.38  0.0000E+00
    63.000 -0.2514E-01  0.0000E+00   49.22  0.0000E+00
    64.000 -0.2017E-01  0.0000E+00   50.07  0.0000E+00
    65.000 -0.1509E-01  0.0000E+00   50.91  0.0000E+00
    66.000 -0.9908E-02  0.0000E+00   51.76  0.0000E+00
    67.000 -0.4620E-02  0.0000E+00   52.61  0.0000E+00
    68.000  0.7675E-03  0.0000E+00   53.47  0.0000E+00
    69.000  0.6251E-02  0.0000E+00   54.33  0.0000E+00
    70.000  0.1183E-01  0.0000E+00   55.19  0.0000E+00
    71.000  0.1749E-01  0.0000E+00   56.06  0.0000E+00
    72.000  0.2323E-01  0.0000E+00   56.93  0.0000E+00
    73.000  0.2906E-01  0.0000E+00   57.80  0.0000E+00
    74.000  0.3496E-01  0.0000E+00   58.68  0.0000E+00
    75.000  0.4094E-01  0.0000E+00   59.56  0.0000E+00
    76.000  0.4698E-01  0.0000E+00   60.44  0.0000E+00
    77.000  0.5309E-01  0.0000E+00   61.33  0.0000E+00
    78.000  0.5926E-01  0.0000E+00   62.22  0.0000E+00
    79.000  0.6549E-01  0.0000E+00   63.12  0.0000E+00
    80.000  0.7177E-01  0.0000E+00   64.01  0.0000E+00
    81.000  0.7811E-01  0.0000E+00   64.92  0.0000E+00
    82.000  0.8449E-01  0.0000E+00   65.82  0.0000E+00
    83.000  0.9092E-01  0.0000E+00   66.74  0.0000E+00
    84.000  0.9738E-01  0.0000E+00   67.65  0.0000E+00
    85.000  0.1039E+00  0.0000E+00   68.57  0.0000E+00
    86.000  0.1104E+00  0.0000E+00   69.49  0.0000E+00
    87.000  0.1170E+00  0.0000E+00   70.42  0.0000E+00
    88.000  0.1236E+00  0.0000E+00   71.35  0.0000E+00
    89.000  0.1302E+00  0.0000E+00   72.29  0.0000E+00
    90.000  0.1369E+00  0.0000E+00   73.23  0.0000E+00
    91.000  0.1436E+00  0.0000E+00   74.18  0.0000E+00
    92.000  0.1503E+00  0.0000E+00   75.13  0.0000E+00
    93.000  0.1570E+00  0.0000E+00   76.08  0.0000E+00
    94.000  0.1637E+00  0.0000E+00   77.04  0.0000E+00
    95.000  0.1705E+00  0.0000E+00   78.01  0.0000E+00
    96.000  0.1773E+00  0.0000E+00   78.98  0.0000E+00
    97.000  0.1840E+00  0.0000E+00   79.95  0.0000E+00
    98.000  0.1908E+00  0.0000E+00   80.93  0.0000E+00
    99.000  0.1976E+00  0.0000E+00   81.91  0.0000E+00
   100.000  0.2044E+00  0.0000E+00   82.90  0.0000E+00
   101.000  0.2112E+00  0.0000E+00   83.90  0.0000E+00
   102.000  0.2180E+00  0.0000E+00   84.90  0.0000E+00
   103.000  0.2247E+00  0.0000E+00   85.90  0.0000E+00
   104.000  0.2315E+00  0.0000E+00   86.91  0.0000E+00
   105.000  0.2383E+00  0.0000E+00   87.93  0.0000E+00
   106.000  0.2451E+00  0.0000E+00   88.95  0.0000E+00
   107.000  0.2518E+00  0.0000E+00   89.97  0.0000E+00
   108.000  0.2586E+00  0.0000E+00   91.01  0.0000E+00
   109.000  0.2653E+00  0.0000E+00   92.04  0.0000E+00
   110.000  0.2720E+00  0.0000E+00   93.09  0.0000E+00
   111.000  0.2787E+00  0.0000E+00   94.13  0.0000E+00
   112.000  0.2854E+00  0.0000E+00   95.19  0.0000E+00
   113.000  0.2920E+00  0.0000E+00   96.25  0.0000E+00
   114.000  0.2986E+00  0.0000E+00   97.31  0.0000E+00
   115.000  0.3052E+00  0.0000E+00   98.39  0.0000E+00
   116.000  0.3117E+00  0.0000E+00   99.46  0.0000E+00
   117.000  0.3182E+00  0.0000E+00  100.55  0.0000E+00
   118.000  0.3246E+00  0.0000E+00  101.64  0.0000E+00
   119.000  0.3309E+00  0.0000E+00  102.73  0.0000E+00
   120.000  0.3372E+00  0.0000E+00  103.83  0.0000E+00
   121.000  0.3434E+00  0.0000E+00  104.94  0.0000E+00
   122.000  0.3496E+00  0.0000E+00  106.05  0.0000E+00
   123.000  0.3556E+00  0.0000E+00  107.17  0.0000E+00
   124.000  0.3615E+00  0.0000E+00  108.30  0.0000E+00
   125.000  0.3674E+00  0.0000E+00  109.43  0.0000E+00
   126.000  0.3731E+00  0.0000E+00  110.57  0.0000E+00
   127.000  0.3786E+00  0.0000E+00  111.71  0.0000E+00
   128.000  0.3840E+00  0.0000E+00  112.86  0.0000E+00
   129.000  0.3893E+00  0.0000E+00  114.02  0.0000E+00
   130.000  0.3944E+00  0.0000E+00  115.18  0.0000E+00
   131.000  0.3993E+00  0.0000E+00  116.35  0.0000E+00
   132.000  0.4039E+00  0.0000E+00  117.53  0.0000E+00
   133.000  0.4084E+00  0.0000E+00  118.71  0.0000E+00
   134.000  0.4126E+00  0.0000E+00  119.89  0.0000E+00
   135.000  0.4165E+00  0.0000E+00  121.09  0.0000E+00
   136.000  0.4201E+00  0.0000E+00  122.29  0.0000E+00
   137.000  0.4235E+00  0.0000E+00  123.49  0.0000E+00
   138.000  0.4265E+00  0.0000E+00  124.71  0.0000E+00
   139.000  0.4291E+00  0.0000E+00  125.93  0.0000E+00
   140.000  0.4314E+00  0.0000E+00  127.15  0.0000E+00
   141.000  0.4333E+00  0.0000E+00  128.38  0.0000E+00
   142.000  0.4347E+00  0.0000E+00  129.62  0.0000E+00
   143.000  0.4357E+00  0.0000E+00  130.86  0.0000E+00
   144.000  0.4362E+00  0.0000E+00  132.11  0.0000E+00
   145.000  0.4362E+00  0.0000E+00  133.36  0.0000E+00
   146.000  0.4357E+00  0.0000E+00  134.62  0.0000E+00
   147.000  0.4346E+00  0.0000E+00  135.89  0.0000E+00
   148.000  0.4329E+00  0.0000E+00  137.16  0.0000E+00
   149.000  0.4306E+00  0.0000E+00  138.43  0.0000E+00
   150.000  0.4276E+00  0.0000E+00  139.72  0.0000E+00
   151.000  0.4240E+00  0.0000E+00  141.00  0.0000E+00
   152.000  0.4196E+00  0.0000E+00  142.29  0.0000E+00
   153.000  0.4146E+00  0.0000E+00  143.59  0.0000E+00
   154.000  0.4088E+00  0.0000E+00  144.89  0.0000E+00
   155.000  0.4022E+00  0.0000E+00  146.20  0.0000E+00
   156.000  0.3949E+00  0.0000E+00  147.51  0.0000E+00
   157.000  0.3868E+00  0.0000E+00  148.83  0.0000E+00
   158.000  0.3778E+00  0.0000E+00  150.15  0.0000E+00
   159.000  0.3681E+00  0.0000E+00  151.48  0.0000E+00
   160.000  0.3575E+00  0.0000E+00  152.81  0.0000E+00
   161.000  0.3461E+00  0.0000E+00  154.14  0.0000E+00
   162.000  0.3339E+00  0.0000E+00  155.48  0.0000E+00
   163.000  0.3208E+00  0.0000E+00  156.82  0.0000E+00
   164.000  0.3069E+00  0.0000E+00  158.16  0.0000E+00
   165.000  0.2923E+00  0.0000E+00  159.51  0.0000E+00
   166.000  0.2768E+00  0.0000E+00  160.86  0.0000E+00
   167.000  0.2606E+00  0.0000E+00  162.22  0.0000E+00
   168.000  0.2437E+00  0.0000E+00  163.57  0.0000E+00
   169.000  0.2260E+00  0.0000E+00  164.93  0.0000E+00
   170.000  0.2078E+00  0.0000E+00  166.30  0.0000E+00
   171.000  0.1888E+00  0.0000E+00  167.66  0.0000E+00
   172.000  0.1694E+00  0.0000E+00  169.03  0.0000E+00
   173.000  0.1494E+00  0.0000E+00  170.39  0.0000E+00
   174.000  0.1289E+00  0.0000E+00  171.76  0.0000E+00
   175.000  0.1081E+00  0.0000E+00  173.13  0.0000E+00
   176.000  0.8689E-01  0.0000E+00  174.51  0.0000E+00
   177.000  0.6542E-01  0.0000E+00  175.88  0.0000E+00
   178.000  0.4373E-01  0.0000E+00  177.25  0.0000E+00
   179.000  0.2191E-01  0.0000E+00  178.63  0.0000E+00
   180.000  0.2711E-04  0.0000E+00  180.00  0.0000E+00
